 -0.00229378320505997  0.00954555585156429  0.01970724876428341  0.03022340679988055
  0.04076720341130328  0.05130997439814301  0.06185088417057527  0.07239683881494482
  0.08294047052706034  0.09348787790386311  0.10403009218031921  0.11456943027966518
  0.12511190749851572  0.13565476516038352  0.14620369278155543  0.15674873565940647
  0.16729906176128517  0.17783920450533228  0.18838465375848124  0.19893132083036408
  0.20947510646715997  0.22000139015404299  0.23052610995558784  0.24106267563215797
  0.25161194336643861  0.26215569873141847  0.27269875976224134  0.28324419192864342
  0.29378942101281602  0.30433249491284420  0.31486410075993548  0.32539279407842597
  0.33592376121222561  0.34646947810698908  0.35702039929682861  0.36756933249269547
  0.37810985790937401  0.38864607822909464  0.39918675382469404  0.40972603229429239
  0.42027089502803755  0.43080885882919323  0.44135624415117292  0.45190586127715809
  0.46246143421391528  0.47301512346198427  0.48356839897574827  0.49411735413692293
  0.50466881598893432  0.51519689533667956  0.52571802974007020  0.53623331503413074
  0.54676642146064425  0.55730722522419751  0.56784969541441299  0.57838811471955476
  0.58892409325971273  0.59946231291999419  0.61000370621671740  0.62054613456411556
  0.63107204964496699  0.64159918568555263  0.65212539789837709  0.66266881552420975
  0.67321957966901225  0.68375027592817450  0.69427812947856160  0.70479630928424786
  0.71533467150853791  0.72586849608363280  0.73640435671374893  0.74694703789923445
  0.75749762241651231  0.76804697724046400  0.77859515663219847  0.78914407646637019
  0.79969080595000719  0.81023847010037919  0.82078286639743858  0.83132852408746949
  0.84186827145015930  0.85241132139426279  0.86295573810968540  0.87349744069772239
  0.88403102324971428  0.89456811969396433  0.90510975342015620  0.91565906556000853
  0.92620151207364865  0.93673783372198915  0.94727433396602556  0.95781939688613071
  0.96837156192067475  0.97891859209027765  0.98946084291676140  1.00000000000000000
 -0.00246029465982647  0.00949240326617375  0.01964648259840727  0.03016293908114591
  0.04070659007863169  0.05124312580518810  0.06177704556016191  0.07230222584658003
  0.08282437607187272  0.09335088671855230  0.10388838637863079  0.11443517115187521
  0.12497702075771407  0.13551996189153803  0.14606810675378865  0.15661403708688823
  0.16715987831994705  0.17769425187524523  0.18823460215599291  0.19877306512631951
  0.20931761155226211  0.21985596053734716  0.23038318884256648  0.24090636094991844
  0.25143129091216415  0.26196781938692254  0.27251123846508285  0.28306006481261203
  0.29360866510116890  0.30415589564286166  0.31469699757896896  0.32523864357907761
  0.33577597745597676  0.34632121671280397  0.35686787848792589  0.36742084316923290
  0.37797384620817404  0.38852328428311955  0.39906976653408288  0.40961635721693646
  0.42016287909166655  0.43071184323496015  0.44125572111546874  0.45179473260873387
  0.46233534724572822  0.47287937990739948  0.48342648812393463  0.49397374081591477
  0.50452159750869974  0.51506821709899653  0.52560572003079842  0.53613991695498020
  0.54668065523546561  0.55722055799422965  0.56776286892866301  0.57830514404606848
  0.58885499176066214  0.59940122950508523  0.60994702705949488  0.62048581566918160
  0.63101449913152730  0.64154261254885059  0.65207371139034220  0.66261872830080548
  0.67316607599113654  0.68370701794174860  0.69425099373100474  0.70478180306856542
  0.71531465342298384  0.72584366694911695  0.73638364575692539  0.74692739364053817
  0.75746829314730191  0.76800384511025754  0.77854689638671248  0.78909532569569441
  0.79964567908203954  0.81018573896392654  0.82071592740198118  0.83125122451962474
  0.84179296667045356  0.85234467357116739  0.86289230346957035  0.87344241522420307
  0.88398878119399193  0.89453882959084385  0.90509011529083927  0.91564538467766632
  0.92619870898840195  0.93674862891742527  0.94729878923064126  0.95784498987747047
  0.96839533143971179  0.97893408840599538  0.98947194632829205  1.00000000000000000
   2.5660890563450805E-008  -1.0000000000000000     
 F F F F F F F F
  <DiscreteSampler_grid>
  grouped_processes
  1 # 1 for a reference and 2 for a running grid.
  10 # Attribute 'min_bin_probing_points' of the grid.
  1 # Attribute 'grid_mode' of the grid. 1=='default',2=='initialization'
  0.0000000000000000 # Attribute 'small_contrib_threshold' of the grid.
  0.5000000000000000 # Attribute 'damping_power' of the grid.
 # binID   n_entries weight   weight_sqr   abs_weight
    10   10   1.322623097372511E+010   1.749331857703255E+020   1.322623097372511E+010
  </DiscreteSampler_grid>
