 -0.00251327526801952  0.00961393252579329  0.01981280024661840  0.03032812403904175
  0.04087134037397247  0.05140972385698208  0.06195530419763975  0.07249525696877773
  0.08303834764074904  0.09357184294618313  0.10410579700530183  0.11464221672709232
  0.12518609342048900  0.13573655502031928  0.14628528351728290  0.15683555252080367
  0.16738616794565450  0.17793834527115043  0.18848710589079587  0.19902937516205527
  0.20956594900152598  0.22010115993377907  0.23064239030765574  0.24118968462297452
  0.25173327421538627  0.26227207511834233  0.27281010953650048  0.28334568782840192
  0.29388663950827282  0.30442790681486565  0.31496257916697101  0.32549199577658172
  0.33601995137784335  0.34655947670046033  0.35709441785138046  0.36763110048295117
  0.37816790823384527  0.38871431184847460  0.39925390081687623  0.40979562707823441
  0.42033581519957625  0.43087833393213965  0.44141092808395060  0.45193622329790062
  0.46246607313433080  0.47300718968830835  0.48355114068900956  0.49409321255764743
  0.50463552315571714  0.51517666870151746  0.52571447968410867  0.53625062704438320
  0.54679430347674818  0.55733556350590185  0.56786422641567258  0.57838347447218907
  0.58890437989680222  0.59944098814775970  0.60998194364354696  0.62051864928964973
  0.63105734679373626  0.64159898661008352  0.65215074327157130  0.66269777792052720
  0.67324303020927689  0.68378226147191978  0.69432057772835543  0.70485518045406514
  0.71538853572163608  0.72592651402361108  0.73647037497412804  0.74701964493655171
  0.75756638430612644  0.76811233326254102  0.77864328958499651  0.78917786456346561
  0.79971261150720852  0.81026405427204407  0.82080141246038441  0.83134160024991799
  0.84188218851165997  0.85242804786679838  0.86296129275797262  0.87349452164859342
  0.88402692078670542  0.89457134277686690  0.90511539024935539  0.91566781693189192
  0.92621975228700815  0.93677398652829391  0.94730990853142394  0.95784601131767899
  0.96837745033702360  0.97892645907057896  0.98946486242065046  1.00000000000000000
 -0.00242105510806394  0.00952670476766172  0.01968791917002850  0.03019980529681788
  0.04074825607638025  0.05128627477215821  0.06182744591126390  0.07235716623756128
  0.08289569916408154  0.09343438905283295  0.10397945447320774  0.11452503607581158
  0.12507123905943571  0.13562032168619925  0.14616909446262646  0.15671860173987540
  0.16726589368680270  0.17780877262633032  0.18834904359592800  0.19889199340832547
  0.20944163393117238  0.21998543834730930  0.23053055825293181  0.24106737644256460
  0.25160786621744241  0.26214216272103663  0.27267625173997129  0.28321111450503139
  0.29375174030547835  0.30429722873219173  0.31484650081576920  0.32538652576695654
  0.33592664591805116  0.34646601897257834  0.35701091128917534  0.36755794066514413
  0.37809769786611519  0.38864127338650850  0.39918412620294652  0.40973074297991646
  0.42026318693446763  0.43079807978311141  0.44133749149605211  0.45188620840449717
  0.46243005731026865  0.47297157242303695  0.48351625385214908  0.49406489406019832
  0.50461499378874475  0.51516768791053313  0.52571455572376713  0.53626223437240350
  0.54680327134958395  0.55734252403071050  0.56787616821976650  0.57841129847022243
  0.58895266455691309  0.59949611343468423  0.61003816490890983  0.62057872842123285
  0.63111137015431940  0.64164459015777442  0.65217336211335031  0.66271383743137757
  0.67325038686649485  0.68378890988552388  0.69432400184308685  0.70486415516518441
  0.71540549089245697  0.72594818945625783  0.73649418365880248  0.74703986146329748
  0.75758097276298808  0.76811646387580290  0.77865404151629591  0.78919730528426180
  0.79974287487996143  0.81028587673197650  0.82082985500085304  0.83137364503939548
  0.84192110519915508  0.85246859501380590  0.86301161937007587  0.87355708099923746
  0.88409793347314269  0.89464404104345452  0.90519128498693546  0.91572302948137618
  0.92626079192461497  0.93679107011472562  0.94734078928273024  0.95788553317274039
  0.96841528217183448  0.97894430556466050  0.98947106322596456  1.00000000000000000
   2.5637978610824963E-008  -1.0000000000000000     
 F F F F F F F F
  <DiscreteSampler_grid>
  grouped_processes
  1 # 1 for a reference and 2 for a running grid.
  10 # Attribute 'min_bin_probing_points' of the grid.
  1 # Attribute 'grid_mode' of the grid. 1=='default',2=='initialization'
  0.0000000000000000 # Attribute 'small_contrib_threshold' of the grid.
  0.5000000000000000 # Attribute 'damping_power' of the grid.
 # binID   n_entries weight   weight_sqr   abs_weight
    10   10   1.322623097372511E+010   1.749331857703254E+020   1.322623097372511E+010
  </DiscreteSampler_grid>
