 -0.00243701770503313  0.00955470788068814  0.01972529083261686  0.03025028036087425
  0.04080201743371457  0.05134781493859161  0.06188373238078992  0.07241555162927608
  0.08295102929274979  0.09348997804594382  0.10402747632493825  0.11456218819862930
  0.12509383607788654  0.13563341442027849  0.14617007526149367  0.15671295364839963
  0.16725526729916207  0.17780098149382312  0.18834984234121932  0.19889679735459007
  0.20944540465807124  0.21999431696899624  0.23054191922921974  0.24108897738736323
  0.25162744829958805  0.26216141444367580  0.27269630156056468  0.28323210315310238
  0.29377252569188855  0.30431124685292521  0.31484753697332729  0.32538576205664455
  0.33592175659974494  0.34645615460141876  0.35698313317936348  0.36751243656926758
  0.37804506688410883  0.38858049540010120  0.39911088297018049  0.40964911878519650
  0.42019098142661582  0.43073970883702056  0.44128909376387415  0.45183568699214471
  0.46237695682052637  0.47291790259992261  0.48346050136570706  0.49400668306279827
  0.50454648799337831  0.51508987145061302  0.52563294905732727  0.53618047982879946
  0.54672787070577089  0.55726724246244697  0.56780414027256598  0.57834095330164492
  0.58888734269818210  0.59943814996039924  0.60998409640596785  0.62052868232464198
  0.63106809508168804  0.64161070937823683  0.65215442643849630  0.66270430116750811
  0.67324946673709773  0.68379198342793235  0.69433392815041484  0.70487684723305122
  0.71539748984101392  0.72591951298135959  0.73644388353671508  0.74699146830202046
  0.75753704144909140  0.76808629495802139  0.77863261515137028  0.78916451807263888
  0.79969472266725228  0.81023005538352588  0.82077653326242206  0.83132271925905132
  0.84186315570389270  0.85240162244509377  0.86293851924071097  0.87347512738598632
  0.88401805391897670  0.89455711507977198  0.90510303521911306  0.91564147792739325
  0.92618769812027446  0.93672652596061590  0.94727324499096444  0.95781333829762172
  0.96835797589306227  0.97890113167310433  0.98944965570201193  1.00000000000000000
 -0.00242281372172759  0.00957334638356003  0.01975460662784090  0.03026475492341918
  0.04081032683815669  0.05135448852737982  0.06190390186326055  0.07244921371234331
  0.08299357082970314  0.09353300488028450  0.10407891802980966  0.11462234680918977
  0.12516080938822016  0.13569008607895833  0.14622390285373513  0.15675827317446206
  0.16730032726469121  0.17783205141868852  0.18837495598832329  0.19891949365690187
  0.20946287892307899  0.22000511240290460  0.23053782886192201  0.24108082175916359
  0.25160905218041879  0.26214301147199592  0.27267302561939688  0.28321041467963454
  0.29374285740394962  0.30427725884132950  0.31481262562846579  0.32535288418521646
  0.33589532091911434  0.34644393542094154  0.35699517616937221  0.36753638655889931
  0.37807401064033741  0.38860383332335136  0.39914436818092008  0.40968301990369171
  0.42022456374621764  0.43075919742659863  0.44128715019117265  0.45182124637163878
  0.46235862457161864  0.47290593787583746  0.48343941604601509  0.49397491363432694
  0.50451244363862202  0.51506133209024274  0.52560946974636125  0.53614524747287595
  0.54668133656590301  0.55721815881576309  0.56776307549070815  0.57830967769677633
  0.58885775728237366  0.59940373457868379  0.60994989109657849  0.62047997242821940
  0.63101543504465774  0.64155051982935696  0.65210015428207713  0.66264401235014514
  0.67318633737196620  0.68373022393223881  0.69428319377554182  0.70482921052969583
  0.71537583795525916  0.72591855798950344  0.73647043261258049  0.74701533891023697
  0.75756391865887485  0.76810099449013158  0.77864129014674321  0.78918053221469320
  0.79971714001725058  0.81025753566454828  0.82079728286190690  0.83134192950774077
  0.84188437487823564  0.85242266042144188  0.86296683344611325  0.87350810757944797
  0.88404849626267701  0.89458392832551481  0.90512087121648488  0.91566301198231559
  0.92620455235449772  0.93674551522648986  0.94727961933404459  0.95782124651035994
  0.96836413733902282  0.97891370096866437  0.98945788935550461  1.00000000000000000
   2.5513829228765042E-008  -1.0000000000000000     
 F F F F F F F F
  <DiscreteSampler_grid>
  grouped_processes
  1 # 1 for a reference and 2 for a running grid.
  10 # Attribute 'min_bin_probing_points' of the grid.
  1 # Attribute 'grid_mode' of the grid. 1=='default',2=='initialization'
  0.0000000000000000 # Attribute 'small_contrib_threshold' of the grid.
  0.5000000000000000 # Attribute 'damping_power' of the grid.
 # binID   n_entries weight   weight_sqr   abs_weight
    10   10   1.322623097372511E+010   1.749331857703255E+020   1.322623097372511E+010
  </DiscreteSampler_grid>
