  0.00000554885808313  0.00000570666264750  0.00000582209209208  0.00000593470377026
  0.00000606010754334  0.00000622182090215  0.00000642420562842  0.00000662753544760
  0.00000682602461606  0.00000702177034262  0.00000720418917330  0.00000739793433446
  0.00000761321844123  0.00000784085615069  0.00000807068843245  0.00000830207113242
  0.00000853838185604  0.00000879772112253  0.00000907527092809  0.00000936453065183
  0.00000969523094866  0.00001005470030907  0.00001040320280759  0.00001075555553626
  0.00001112540403093  0.00001150459813632  0.00001188508068543  0.00001226523086819
  0.00001266994112803  0.00001308939725658  0.00001351470751981  0.00001396301216053
  0.00001446851809583  0.00001500316114867  0.00001556610166322  0.00001615401432890
  0.00001675273273967  0.00001739500134506  0.00001804025656785  0.00001871060797589
  0.00001942276572179  0.00002018405211138  0.00002100398527986  0.00002181816039384
  0.00002269602105278  0.00002359466220363  0.00002451829803921  0.00002552080374634
  0.00002665630874522  0.00002786247489104  0.00002909270041431  0.00003036690661503
  0.00003167526519242  0.00003304154060013  0.00003451560282237  0.00003609222559910
  0.00003773929252624  0.00003947181550093  0.00004130773641755  0.00004323118980583
  0.00004529275521863  0.00004753170077319  0.00004987541397530  0.00005235984053385
  0.00005506917632745  0.00005793891598489  0.00006100621097846  0.00006443649995238
  0.00006803872991801  0.00007203377871594  0.00007596873760006  0.00008027309160741
  0.00008490207666351  0.00009028115709409  0.00009652393166746  0.00010363893088469
  0.00011153684857055  0.00012037078519879  0.00013016468137321  0.00014141112426427
  0.00015411558073347  0.00016896253734273  0.00018675546594024  0.00020875514549999
  0.00023641023067575  0.00026830129699328  0.00030492330371227  0.00035215953861864
  0.00041540391154853  0.00050791623385295  0.00064689238598001  0.00086260813919155
  0.00132712781904954  0.00260279883620020  0.31064559955534221  1.00000000000000000
  0.00000496521130156  0.00000510962508631  0.00000524362211505  0.00000538449759375
  0.00000552547459533  0.00000565036170294  0.00000575969188306  0.00000585905611147
  0.00000595412993646  0.00000607069113738  0.00000621352217572  0.00000637595873235
  0.00000656264119192  0.00000673799308757  0.00000693322081202  0.00000713576315056
  0.00000735297881862  0.00000758088033700  0.00000780896288050  0.00000804940884500
  0.00000831499251322  0.00000860191777515  0.00000888832121252  0.00000917077090599
  0.00000946257121331  0.00000978609050954  0.00001016631597562  0.00001056593197395
  0.00001099035815709  0.00001142579178251  0.00001186179555363  0.00001231221166315
  0.00001278730633147  0.00001330296395279  0.00001385047326453  0.00001443372228509
  0.00001506279917511  0.00001570534455203  0.00001636118758255  0.00001706521173409
  0.00001785256770457  0.00001868903875586  0.00001955350790559  0.00002047197892124
  0.00002138600429366  0.00002235626172221  0.00002339310602121  0.00002449108731821
  0.00002564535554795  0.00002686767349187  0.00002812318675824  0.00002946759999056
  0.00003094103908405  0.00003252203966007  0.00003421750204571  0.00003602392102250
  0.00003791668294104  0.00003990642192406  0.00004202250319261  0.00004427428142847
  0.00004670092170267  0.00004936524372655  0.00005220267519762  0.00005529736011432
  0.00005865331507562  0.00006227260918842  0.00006622340577836  0.00007029986031397
  0.00007460735074254  0.00007934435954793  0.00008454993443648  0.00009030533431792
  0.00009676981099312  0.00010385604183924  0.00011201568567507  0.00012112372664502
  0.00013081117252480  0.00014194053815380  0.00015452997189935  0.00016914408517451
  0.00018560139873650  0.00020587262867830  0.00022953407373822  0.00025819160174810
  0.00029665330146510  0.00034562051288317  0.00040336362885999  0.00047611833426009
  0.00057644628453359  0.00072489085955677  0.00096748103889563  0.00135525775249220
  0.00203853221206519  0.00463251474408070  0.26693884001986379  1.00000000000000000
  0.00000474640778632  0.00000552061251113  0.00000620984294916  0.00000692757216651
  0.00000768896422404  0.00000876438878664  0.00000990177610756  0.00001089454843705
  0.00001185544673825  0.00001285494462599  0.00001392509236444  0.00001505456666091
  0.00001617943465062  0.00001735000510800  0.00001855723676803  0.00001985020235937
  0.00002114440498931  0.00002246592386082  0.00002381371851955  0.00002511380197590
  0.00002651532915299  0.00002797802831543  0.00002951889916297  0.00003113869024854
  0.00003275939755189  0.00003445089484127  0.00003635064955604  0.00003817716852812
  0.00004019848778842  0.00004224290178436  0.00004438534959229  0.00004664903343999
  0.00004902347087417  0.00005146982113184  0.00005405046277332  0.00005676762137363
  0.00005960008486464  0.00006259296121031  0.00006576089452491  0.00006912747498554
  0.00007274809048110  0.00007653787502881  0.00008040645021216  0.00008444661955564
  0.00008870113584996  0.00009326159975298  0.00009826069299386  0.00010381183889534
  0.00010977826956651  0.00011604685321457  0.00012270997689801  0.00012981066683380
  0.00013744831806678  0.00014598137068983  0.00015530726819428  0.00016549914638742
  0.00017664813936523  0.00018896178856502  0.00020253110628366  0.00021746271665621
  0.00023396239726146  0.00025251268624904  0.00027364456355865  0.00029714770340957
  0.00032210805078937  0.00034902106026178  0.00037826327058561  0.00041107904118492
  0.00044544616766032  0.00047872915941946  0.00051391491711248  0.00055587271868431
  0.00060444630904077  0.00066307868718591  0.00072972744740254  0.00080374401142313
  0.00088541909835863  0.00097738151308979  0.00107668335991576  0.00118496379405130
  0.00130271417375047  0.00143325424209173  0.00157340977758008  0.00173722785183086
  0.00192524660908936  0.00213938505791976  0.00241138678199850  0.00278866690471517
  0.00321729688805441  0.00364157228635844  0.00414273718252165  0.00491306554061073
  0.00615010323238609  0.00799566296921877  0.19158086526720375  1.00000000000000000
 -0.00230783098617389  0.00904743756244176  0.01914158982394380  0.02899484621635596
  0.03925350059065905  0.04927770348780040  0.05972398869503934  0.07016250846248351
  0.08019717026297168  0.09030486981063765  0.10085885320991321  0.11162594925306731
  0.12290910177856683  0.13427423185394782  0.14530190698710937  0.15605506382519777
  0.16656499802371877  0.17742661867824966  0.18836616517549254  0.19901718467236823
  0.20952935187671914  0.21984428773152465  0.23005276190062324  0.24020661094450474
  0.25047576223549878  0.26074306155563803  0.27107595199865236  0.28137866216909141
  0.29185938380759657  0.30279768662282353  0.31322306266363797  0.32291706587945274
  0.33272579242147510  0.34284978534574262  0.35293560265684509  0.36260975182595023
  0.37246952584624116  0.38328654790674471  0.39451294288250671  0.40553321134453713
  0.41636652198703245  0.42706983135807552  0.43751923012979299  0.44756498161837877
  0.45748705369675019  0.46775997785484996  0.47864108071546302  0.48959809902399792
  0.50051894378015072  0.51162301008306865  0.52282579959009412  0.53394725204613469
  0.54494351690680753  0.55580406871236265  0.56651320586735465  0.57723431438579331
  0.58797550795175446  0.59891241853324584  0.60986985755559786  0.62034186325786100
  0.63051393365282948  0.64087032221862994  0.65178265118817236  0.66297790064936024
  0.67403157008842252  0.68496078846700659  0.69578279243684027  0.70683640162862960
  0.71756732786277455  0.72789839044860682  0.73789029310701093  0.74819451763025513
  0.75931851793915361  0.77111387669012910  0.78292164850043811  0.79437268414225126
  0.80552460869931741  0.81637427664824647  0.82711893806959758  0.83782405078913047
  0.84849125639198408  0.85837743239352138  0.86724205335353921  0.87611840424591381
  0.88562693924573932  0.89600702351736250  0.90615728929440009  0.91606783898440369
  0.92632995124327333  0.93698862039415820  0.94794598561913035  0.95829827656921251
  0.96860000403096813  0.97854619224949657  0.98929669438404977  1.00000000000000000
 -0.00009666557502668  0.00034141063017402  0.00073984136327646  0.00109255107720217
  0.00139733034024005  0.00166344656000887  0.00193693661145289  0.00222089364012832
  0.00251150400749823  0.00280535181550509  0.00309977245490692  0.00339294288846332
  0.00368093197804731  0.00396660659914999  0.00424172727977869  0.00451724208971883
  0.00479090253901807  0.00505558627493196  0.00533474827160207  0.00562510996341665
  0.00590847168693712  0.00619443592758564  0.00649083955144624  0.00679836358183960
  0.00711491282454961  0.00744698570890876  0.00777956571713648  0.00810411830901906
  0.00842395512651648  0.00873828870282317  0.00903414147012833  0.00935011688968554
  0.00966849460138506  0.00997291526199880  0.01031067885254554  0.01066325253674279
  0.01101875452126283  0.01137001691443630  0.01171493192824442  0.01207601691812297
  0.01250504590935548  0.01296772344729150  0.01341682124349896  0.01383677317017638
  0.01425209820594601  0.01466601952004917  0.01507952882783122  0.01554317215148135
  0.01601829320314374  0.01644232849394244  0.01683679709735888  0.01724071408371037
  0.01767817693414435  0.01811560700887524  0.01852391981685339  0.01888371478351440
  0.01926769272208265  0.01976684233261496  0.02030661750910992  0.02074893318603482
  0.02132908606212600  0.02191036073236984  0.02242773328898118  0.02315739597697188
  0.02399310508029573  0.02481178849961305  0.02576918492580582  0.02683151767671224
  0.02773791732269264  0.02863672530935752  0.02946496170484044  0.03033722432270039
  0.03109833969326401  0.03177465974171135  0.03230799590555266  0.03264672399440484
  0.03302003131907790  0.03405076935871846  0.03544088062183912  0.03779569129041453
  0.03920123646316111  0.04018874439023160  0.04118684845314058  0.04266183197148268
  0.04498938917248899  0.04923442790851018  0.05312342424066835  0.05546862019319967
  0.05740859256592518  0.05948569495253542  0.06405039084777274  0.07396531245054144
  0.08401213355432222  0.09417535537226869  0.11458799143105498  1.00000000000000000
 -0.00204337514736395  0.00807703360517928  0.01833838213179945  0.02850607756032621
  0.03905564633097016  0.04983605892115065  0.06051391220629015  0.07148346648625049
  0.08310902497687404  0.09455990754928376  0.10604820215823484  0.11763562640047044
  0.12917247410507179  0.14061204480645323  0.15204400137009605  0.16369285231101438
  0.17454815263753704  0.18495138568767819  0.19511421696709327  0.20544570911482990
  0.21644185021782114  0.22762811955464954  0.23917657370352091  0.25062899055144128
  0.26189508226078012  0.27299275886619168  0.28382117973240611  0.29443252814576759
  0.30505321822234083  0.31554389274837064  0.32600188247583300  0.33618038754259971
  0.34654314851904366  0.35656551178335660  0.36614480953619222  0.37459881529295991
  0.38317623202990614  0.39230146859255727  0.40255564939663446  0.41291078816395738
  0.42263621486761876  0.43194463477693068  0.44139488325857196  0.45112998457813069
  0.46112516464833031  0.47102431130351607  0.48114759202650625  0.49147615968150810
  0.50161675223398139  0.51072453004165796  0.51990317476215708  0.52926676196551070
  0.53927365115134251  0.54927479487755948  0.55901800536532786  0.56823003562178331
  0.57727293598895746  0.58669938387795439  0.59681188678146135  0.60728124167230635
  0.61777353492211917  0.62816048080651488  0.63878420558176108  0.64932841736756097
  0.66005218175794500  0.67085574723644970  0.68210235232698146  0.69350974044303260
  0.70467198646480267  0.71596121175236227  0.72740872703270898  0.73872419309437332
  0.74980766144380584  0.76070524112801396  0.77202980103213126  0.78366138045782374
  0.79538273127929981  0.80643884439368563  0.81707230763070215  0.82739193033934366
  0.83758701001896962  0.84827667151427033  0.85951478952957061  0.87084841752697462
  0.88171969352077140  0.89205666788347626  0.90259373877580829  0.91317277162124111
  0.92393503682894029  0.93561145708812865  0.94649884294751452  0.95752823706576196
  0.96782446039592185  0.97876998387108405  0.98918122244596862  1.00000000000000000
 -0.00008217310264219  0.00022262799368806  0.00053697955336306  0.00082062966852910
  0.00106761072913985  0.00130532770595113  0.00155399546293388  0.00180775516002659
  0.00205823947187973  0.00230601981689441  0.00255287212836502  0.00280673479309283
  0.00305613374144286  0.00330388508350053  0.00355457738558643  0.00380883279003123
  0.00405938179649766  0.00431743281698296  0.00458502784113975  0.00484694269831828
  0.00509653011822836  0.00534493263013167  0.00560789167737430  0.00589343723740455
  0.00617041007375068  0.00643882568993900  0.00671262573140353  0.00699180399006695
  0.00730415036699800  0.00764331989966338  0.00797809104496762  0.00830940043610418
  0.00864704405298079  0.00897677494542297  0.00930899339913066  0.00962355151666518
  0.00990302821679118  0.01016306671745419  0.01040140489571101  0.01064994325930933
  0.01091264371883034  0.01121265771093139  0.01153611512901547  0.01185650338841369
  0.01213667902241697  0.01246235296482667  0.01275119505236173  0.01301110221017996
  0.01324020721893140  0.01348712249970260  0.01380168053256074  0.01418429266955860
  0.01464956647421990  0.01522902521747909  0.01560729868503094  0.01586780254305716
  0.01613382256247096  0.01641338636721612  0.01668639050214654  0.01695394192735516
  0.01739224715522314  0.01787807440027349  0.01842304385415009  0.01912904353682404
  0.01956827065249382  0.01978642791700572  0.01998806015236919  0.02015034873680432
  0.02031673824388731  0.02051512216566422  0.02072398133909278  0.02136659640368059
  0.02189628789242416  0.02239259787811016  0.02296354980556477  0.02348302816435089
  0.02399635909908169  0.02455864991480142  0.02531234155422188  0.02624669106317203
  0.02710568173792308  0.02756936600164133  0.02785709383102501  0.02814889492033710
  0.02844733868845016  0.02871936612933717  0.02905593374015302  0.03015041086979165
  0.03132150390749101  0.03222539393735376  0.03370204629334389  0.03458601186166235
  0.03569680121865075  0.03735887146374300  0.04089345132399735  1.00000000000000000
 -0.00120053624414621  0.00494055487179769  0.01210426656322885  0.01929600895618157
  0.02752797991081081  0.03573079087612811  0.04463321762085296  0.05362143045196376
  0.06265767296005879  0.07146988866071255  0.07984689752046391  0.08873047697225120
  0.09814106644391883  0.10791385078990845  0.11742600398028098  0.12723170493539004
  0.13732996893903585  0.14687644624200694  0.15658693829767562  0.16649043857563176
  0.17691818137846557  0.18786956143203046  0.19876605269534911  0.20943535741120947
  0.22004971874559462  0.23062853654101892  0.24165387610588474  0.25267501954181193
  0.26367004984888320  0.27479981172979079  0.28636286711699160  0.29788401860517133
  0.30935033687047292  0.32064439835714503  0.33240117062583430  0.34460139484252406
  0.35670444048740496  0.36851001731784594  0.37982609800930184  0.39097362045987027
  0.40259457383703612  0.41404736640104850  0.42728686498554941  0.43961266822067641
  0.45256099458403776  0.46439328447827821  0.47695734402191470  0.48939578700271275
  0.50230541351648428  0.51457528923279716  0.52674941358971061  0.53886682813130982
  0.55165560876027409  0.56483219979517718  0.57855712402904436  0.59192380029619329
  0.60483743627127695  0.61754025527185574  0.62992443107174267  0.64167013192016575
  0.65344793470086704  0.66517257542609398  0.67712769108211024  0.68903975715860166
  0.70097859701599730  0.71251199614303395  0.72270856425781749  0.73293826942452567
  0.74293719593092888  0.75380274983516415  0.76455641961129428  0.77522495661823909
  0.78633115634293471  0.79716943018060815  0.80785576570996365  0.81842652360754942
  0.82891449309874965  0.83926827740621934  0.84941907951425055  0.85942867100360454
  0.86932434720679586  0.87898676663393105  0.88852433272715448  0.89793918581824150
  0.90710593787442162  0.91612231916369502  0.92494766524127914  0.93359215274137020
  0.94212242600535567  0.95008687375284051  0.95842286759263329  0.96682674852809980
  0.97546859366079941  0.98383890539229135  0.99197137808975522  1.00000000000000000
  0.07449956068297112  0.08542019947879280  0.09877992983227650  0.11266404703502787
  0.12728988572390462  0.14300254986193162  0.15810230201553224  0.17217242179775180
  0.18597272345238017  0.19945981638141247  0.21238419652727647  0.22561163246551197
  0.23916173545595629  0.25250305871216627  0.26537566187045752  0.27797859148494053
  0.29016899624443965  0.30213608778282020  0.31392888390667084  0.32577104617622732
  0.33765821362558668  0.34938668658118138  0.36130170923874333  0.37277411791786480
  0.38466331223987393  0.39584607968377733  0.40736655582980913  0.41870586641446561
  0.43004051425833995  0.44117652453739703  0.45240920158919695  0.46356219235105589
  0.47465870709419211  0.48563608284613274  0.49667661095494808  0.50770389810900285
  0.51870598148332359  0.52930311013309617  0.53969405309949503  0.55002941431011987
  0.56040166632186073  0.57061184678337462  0.58075967658078731  0.59089968611054533
  0.60113080947681885  0.61119636529202703  0.62109754814549667  0.63096380919915951
  0.64069309376785921  0.65036034068208270  0.65984839140092222  0.66930178728183909
  0.67870493229567608  0.68798482142157902  0.69689007887795285  0.70549748185874728
  0.71376992973893849  0.72213469157293242  0.73037539376028304  0.73847951018846891
  0.74630747648976348  0.75385894568807055  0.76131174038853733  0.76856348303841904
  0.77589181770184601  0.78297076496774520  0.78994395066756307  0.79703004478994754
  0.80416393655724827  0.81157677879434287  0.81891385654777660  0.82605554224121103
  0.83314140578835205  0.84023035280661384  0.84735946810057572  0.85463625880824445
  0.86207030885204450  0.86947281443809088  0.87684481749268595  0.88414711175840521
  0.89127349904448738  0.89840864946544086  0.90548962476965389  0.91246385862883783
  0.91934122094669757  0.92599932789724049  0.93248932092829273  0.93881541856319195
  0.94519667415938247  0.95151160617084785  0.95821483920547557  0.96508952318241581
  0.97202678072174942  0.97922033771206241  0.98834878451909058  1.00000000000000000
 -0.02483999582935522  0.11964233869230127  0.15255093678012838  0.17458286120199579
  0.19134065486009311  0.20516218695898786  0.21743847966660834  0.22943390954172352
  0.24136023161671599  0.25233465519576648  0.26210299942536236  0.27118324602292992
  0.27971567355181992  0.28764322870244130  0.29509123220028471  0.30236243976802435
  0.30950830951217251  0.31664149310331641  0.32358504803249144  0.33036337236245722
  0.33700968542162502  0.34362623741336717  0.35021244258959716  0.35648889345267626
  0.36241218391467928  0.36823285504811609  0.37415122222492375  0.38031821282279510
  0.38627175171160122  0.39181924019768988  0.39731963752465044  0.40276947358026510
  0.40851892087598596  0.41463891227362842  0.42071874361242573  0.42683667030736677
  0.43277654280253125  0.43876990802288435  0.44472802769398739  0.45056973664043865
  0.45629491652497778  0.46196784734779989  0.46771458810432065  0.47345940962897681
  0.47906130127370056  0.48437587141415456  0.48944630919791421  0.49442181418164249
  0.49937356515365083  0.50439641241346966  0.50945539847124843  0.51453042323790343
  0.51972197254193309  0.52503192313179425  0.53043897859987343  0.53582981992362622
  0.54124879142297377  0.54683900504232585  0.55234510089233246  0.55777896383778225
  0.56331461842505393  0.56911939972166259  0.57508201064117936  0.58083417858454689
  0.58647292446509547  0.59209077126387077  0.59791234308139851  0.60379053210971090
  0.60946136002269113  0.61508995574958725  0.62084247122779423  0.62679397952337546
  0.63294941063166266  0.63916615469934468  0.64563822216929079  0.65256927623564687
  0.65967961257481311  0.66686935101215383  0.67407908562340324  0.68132021636027351
  0.68871320931686364  0.69647912223956077  0.70479148616590503  0.71365295606915036
  0.72299195254843340  0.73254730776308186  0.74255412102276663  0.75294150707137464
  0.76412274141536918  0.77600447652881588  0.78899520104087584  0.80384565347153525
  0.82151720025179975  0.84356187320283094  0.87995562951932171  1.00000000000000000
  0.15874146236360701       -1.0000000000000000     
 F F F F F F F F F F F F F F F F F F F F F F F F F F F F F F F F F F F F F F F F F F F F F F F F F F F F F F F F F F F F F F F F F F F F F F F F F F F F F F F F F F F F F F F F F F F F F F F F F F F F F F F F F F F F F F F F F F F F F F F F F F F F F F F F
  <DiscreteSampler_grid>
  grouped_processes
  1 # 1 for a reference and 2 for a running grid.
  10 # Attribute 'min_bin_probing_points' of the grid.
  1 # Attribute 'grid_mode' of the grid. 1=='default',2=='initialization'
  0.0000000000000000 # Attribute 'small_contrib_threshold' of the grid.
  0.5000000000000000 # Attribute 'damping_power' of the grid.
 # binID   n_entries weight   weight_sqr   abs_weight
    10   10   2.936941299663953E+004   2.581436470571837E+009   2.936941299663953E+004
    16   10   2.936941299663953E+004   2.581436470571837E+009   2.936941299663953E+004
    22   10   2.936941299663953E+004   2.581436470571838E+009   2.936941299663953E+004
    28   10   2.936941299663953E+004   2.581436470571838E+009   2.936941299663953E+004
    34   10   2.936941299663953E+004   2.581436470571838E+009   2.936941299663953E+004
    40   10   2.936941299663953E+004   2.581436470571838E+009   2.936941299663953E+004
    46   10   2.936941299663953E+004   2.581436470571837E+009   2.936941299663953E+004
    52   10   2.936941299663953E+004   2.581436470571839E+009   2.936941299663953E+004
    58   10   2.936941299663953E+004   2.581436470571838E+009   2.936941299663953E+004
    64   10   2.936941299663953E+004   2.581436470571838E+009   2.936941299663953E+004
    70   10   2.936941299663953E+004   2.581436470571838E+009   2.936941299663953E+004
    76   10   2.936941299663954E+004   2.581436470571839E+009   2.936941299663954E+004
    82   10   2.936941299663953E+004   2.581436470571838E+009   2.936941299663953E+004
    88   10   2.936941299663953E+004   2.581436470571838E+009   2.936941299663953E+004
    94   10   2.936941299663952E+004   2.581436470571837E+009   2.936941299663952E+004
    100   10   2.936941299663953E+004   2.581436470571839E+009   2.936941299663953E+004
    106   10   2.936941299663953E+004   2.581436470571838E+009   2.936941299663953E+004
    112   10   2.936941299663953E+004   2.581436470571838E+009   2.936941299663953E+004
    118   10   2.936941299663953E+004   2.581436470571837E+009   2.936941299663953E+004
    124   10   2.936941299663953E+004   2.581436470571838E+009   2.936941299663953E+004
    130   10   2.936941299663953E+004   2.581436470571837E+009   2.936941299663953E+004
    136   10   2.936941299663953E+004   2.581436470571839E+009   2.936941299663953E+004
    142   10   2.936941299663953E+004   2.581436470571838E+009   2.936941299663953E+004
    148   10   2.936941299663953E+004   2.581436470571837E+009   2.936941299663953E+004
  </DiscreteSampler_grid>
