 -0.00244689677707224  0.00959130725730516  0.01977282397613617  0.03029714661762970
  0.04084320989155465  0.05137858760002378  0.06191992667053664  0.07246360780021695
  0.08300629413751462  0.09353515754812686  0.10406012283768473  0.11459318659760230
  0.12513177479009527  0.13567317157577904  0.14621406038692122  0.15676062986606829
  0.16729284311737264  0.17782635739627953  0.18835927392301113  0.19890543178100226
  0.20945028796008053  0.21999095020922260  0.23052910409957222  0.24106869393145239
  0.25161352903879863  0.26215700155108262  0.27269816564691524  0.28323988932863636
  0.29378740764063926  0.30433078825646082  0.31486939495937716  0.32540776093199170
  0.33595244715748340  0.34650350935026858  0.35705263280100424  0.36760266231173416
  0.37813975375612813  0.38866919343065853  0.39919103431055147  0.40971462393878938
  0.42024688849569503  0.43077956098133874  0.44131951199398611  0.45185712696442665
  0.46240054693856397  0.47294622946752940  0.48349502737753081  0.49404194881668567
  0.50458862187282116  0.51513313561267982  0.52568064022511352  0.53621681426469225
  0.54674793540336453  0.55726245956521125  0.56778893943686359  0.57832363671026987
  0.58886669441632622  0.59941113065075058  0.60995275004382166  0.62048844982857487
  0.63101968571806100  0.64154390534227523  0.65207526108446923  0.66261177320120745
  0.67315739045859113  0.68370998263379124  0.69425380086507804  0.70479809271771854
  0.71533940271852015  0.72588829250999554  0.73643468571078030  0.74698462809991373
  0.75752311750583312  0.76806434637638199  0.77860235009543233  0.78914879729449827
  0.79968404560968143  0.81022006108643996  0.82075231868688581  0.83129507273630820
  0.84183921631106562  0.85238545244420127  0.86292934822106249  0.87346964037050168
  0.88400945618723870  0.89454476162091867  0.90508418447671524  0.91562433320213599
  0.92617140662185349  0.93671802535334125  0.94726954867305690  0.95781884369926518
  0.96836570386634135  0.97891330919508746  0.98945682367877286  1.00000000000000000
 -0.00232178820590113  0.00955667025724347  0.01972614915162682  0.03024649073835672
  0.04079165603211671  0.05133036293767933  0.06186946573624529  0.07240692460768088
  0.08294869317275989  0.09348312492926159  0.10401703439937213  0.11454765865164260
  0.12508514526151923  0.13562142438345484  0.14615416759687350  0.15669177421743405
  0.16723264577657215  0.17777734965620917  0.18832026279368072  0.19886703297954353
  0.20940376666315283  0.21994416393799496  0.23048019494501595  0.24102529821750363
  0.25155657551414123  0.26208344121759658  0.27260793775689357  0.28314580484534191
  0.29369160169390029  0.30424171649228304  0.31478986560226263  0.32533554092619649
  0.33587924506250022  0.34641314802501566  0.35694164554718172  0.36747461542463705
  0.37801644427350367  0.38856452187026730  0.39910988577688788  0.40965207597279613
  0.42019290949382571  0.43073648806153814  0.44128312260773711  0.45182733380773654
  0.46236969097599756  0.47291500037968448  0.48346707263450811  0.49401265492591323
  0.50455138466906491  0.51508783511794887  0.52562356796618892  0.53616020388462649
  0.54669167512067551  0.55722967146708458  0.56777055106139829  0.57831608788127309
  0.58886451486965752  0.59941239155841308  0.60995438167387372  0.62049007708661019
  0.63102237946956163  0.64156102061730702  0.65210611977487498  0.66265355167455542
  0.67319726721445783  0.68373883437610383  0.69428343882901389  0.70483138920002408
  0.71538049586450814  0.72592482527278046  0.73646883695315046  0.74701112061239561
  0.75755637180228175  0.76810232673324663  0.77864570670327471  0.78917920691740018
  0.79971141254031952  0.81024655398649204  0.82078962254231058  0.83133367805016445
  0.84187529397369698  0.85242152623114209  0.86296111882304549  0.87349568904816055
  0.88402036146010066  0.89455083880779995  0.90508415387495578  0.91562903788422023
  0.92617429193643463  0.93672309040660373  0.94726955830822501  0.95781614671285009
  0.96836568969759462  0.97891133183522550  0.98945751558885764  1.00000000000000000
   2.5516415532802162E-008  -1.0000000000000000     
 F F F F F F F F
  <DiscreteSampler_grid>
  grouped_processes
  1 # 1 for a reference and 2 for a running grid.
  10 # Attribute 'min_bin_probing_points' of the grid.
  1 # Attribute 'grid_mode' of the grid. 1=='default',2=='initialization'
  0.0000000000000000 # Attribute 'small_contrib_threshold' of the grid.
  0.5000000000000000 # Attribute 'damping_power' of the grid.
 # binID   n_entries weight   weight_sqr   abs_weight
    10   10   1.322623097372510E+010   1.749331857703253E+020   1.322623097372510E+010
  </DiscreteSampler_grid>
