  0.00000478378184438  0.00000498395963821  0.00000507938352265  0.00000515854051553
  0.00000524814222121  0.00000534524910920  0.00000544226770474  0.00000552956273824
  0.00000561415049029  0.00000575015666971  0.00000590046376766  0.00000605677338820
  0.00000621862340727  0.00000639666749746  0.00000661357785223  0.00000681439959434
  0.00000700013682206  0.00000718490502447  0.00000739122324624  0.00000758456628479
  0.00000776853098873  0.00000799051580638  0.00000823275231982  0.00000848054799383
  0.00000875373173485  0.00000906390420702  0.00000939675033208  0.00000972344462307
  0.00001006566386686  0.00001041628698943  0.00001077003726921  0.00001115128216451
  0.00001156226961812  0.00001199500177695  0.00001244760239105  0.00001291659653170
  0.00001341125324482  0.00001395092246629  0.00001451466430779  0.00001506584366092
  0.00001561197826238  0.00001617943616895  0.00001682800207849  0.00001751762284337
  0.00001819723002050  0.00001888651613910  0.00001962147824554  0.00002039249027805
  0.00002118495450727  0.00002203998797230  0.00002301907459673  0.00002409336655984
  0.00002520791405539  0.00002635128164530  0.00002751559178854  0.00002875150046415
  0.00003011539962643  0.00003161038582679  0.00003319372615112  0.00003487427985611
  0.00003662127032566  0.00003846032379319  0.00004044391620714  0.00004257501422782
  0.00004484306865339  0.00004722454986301  0.00004967970499016  0.00005224530232528
  0.00005497935635660  0.00005797638868938  0.00006141583617557  0.00006537155563408
  0.00006977371324636  0.00007464452629622  0.00007992816924285  0.00008613196396898
  0.00009292296021226  0.00010063031248939  0.00010896595561004  0.00011875188692609
  0.00013047201372733  0.00014423787031915  0.00016048865265988  0.00018063659477809
  0.00020658899372883  0.00023962256411136  0.00028265048814255  0.00033973175681154
  0.00041827112661515  0.00056205984267193  0.00092969211888815  0.00227967831454185
  0.07792852678687023  0.39412584821428365  0.54401866310720315  1.00000000000000000
  0.00000470105142489  0.00000485438187102  0.00000500771231716  0.00000513039723946
  0.00000524401981436  0.00000527223409986  0.00000533124904643  0.00000538148536262
  0.00000543127094528  0.00000548418201440  0.00000554072480404  0.00000560063750904
  0.00000565731793732  0.00000572501162536  0.00000580659891722  0.00000589479667966
  0.00000598431517180  0.00000607315202500  0.00000616102456203  0.00000624922426350
  0.00000634319156347  0.00000644319982165  0.00000655205097024  0.00000667609240315
  0.00000683394468701  0.00000699663207789  0.00000718252596523  0.00000737404026721
  0.00000755812909210  0.00000773202820794  0.00000789732703983  0.00000807675637433
  0.00000827373942984  0.00000848416030680  0.00000871566852440  0.00000896893373614
  0.00000923630500637  0.00000951444567334  0.00000980347136663  0.00001010562857529
  0.00001042319347707  0.00001074391348214  0.00001107396937575  0.00001143169516871
  0.00001181441348312  0.00001222683322963  0.00001269082697481  0.00001317725639398
  0.00001368290182576  0.00001421272286770  0.00001479379675868  0.00001540201113646
  0.00001605408301121  0.00001673309554011  0.00001748870448835  0.00001824683548085
  0.00001904675779234  0.00001987605535148  0.00002072700753023  0.00002160445974363
  0.00002259334107076  0.00002372518531290  0.00002491798953988  0.00002626633468984
  0.00002779625731135  0.00002940217695116  0.00003117483544786  0.00003312648292598
  0.00003522066584817  0.00003738481177036  0.00003954858398768  0.00004187846077719
  0.00004446102174369  0.00004740573997165  0.00005076277141925  0.00005444625394916
  0.00005846797698900  0.00006282093640646  0.00006774323250078  0.00007350142162839
  0.00008034302819388  0.00008873228806962  0.00009884541592809  0.00011037404775742
  0.00012394006643726  0.00014118435827750  0.00016522206315872  0.00019571054889660
  0.00023771928727624  0.00030028001644789  0.00040674833339336  0.00061556969719145
  0.00115262050066475  0.00365538013146074  0.27486101516791589  1.00000000000000000
  0.00000449392200747  0.00000626583089643  0.00000767679320408  0.00000900586173761
  0.00001025454859281  0.00001150307264825  0.00001278107118734  0.00001411711573038
  0.00001558391860262  0.00001710804328547  0.00001866111797874  0.00002024195476522
  0.00002188362234478  0.00002364775809324  0.00002536495140333  0.00002712991704050
  0.00002893924369405  0.00003085608339600  0.00003288966167746  0.00003504111735046
  0.00003730232638262  0.00003964326502390  0.00004201799564266  0.00004442852368910
  0.00004694884565919  0.00004967078863586  0.00005259869423880  0.00005566943483599
  0.00005888619568794  0.00006227569783351  0.00006583369392467  0.00006958326013915
  0.00007354508042461  0.00007770802930258  0.00008213576299133  0.00008695081105883
  0.00009218681565506  0.00009779309730556  0.00010375042489782  0.00011025714094259
  0.00011723236608272  0.00012478563865724  0.00013299193127935  0.00014181183430433
  0.00015125750431940  0.00016136975986017  0.00017227929720423  0.00018384140406746
  0.00019607412929029  0.00020930702290533  0.00022361711386577  0.00023908663602568
  0.00025620484046782  0.00027566794754160  0.00029764918435794  0.00032106303507960
  0.00034512440237606  0.00037248123068041  0.00040384429277215  0.00044096922747490
  0.00048105612644031  0.00051948777569918  0.00055958534615273  0.00060240679608790
  0.00064881577597573  0.00070159211667104  0.00076176933339781  0.00082581684411731
  0.00089356349510865  0.00096694287377877  0.00105037412171342  0.00114677682267528
  0.00124918595215475  0.00134582920390620  0.00145163723632883  0.00157091611095254
  0.00169460194341380  0.00183353441314620  0.00200345130670449  0.00218069595381519
  0.00236890252124136  0.00257394705672557  0.00280568335246533  0.00308814527841012
  0.00348163232055861  0.00404804767540599  0.00478365606534226  0.00548647959108588
  0.00610490527241652  0.00684826401128647  0.00779396448620773  0.00930627643556393
  0.01101618257439125  0.05782786542999857  0.24284654199115677  1.00000000000000000
 -0.00168070494032905  0.00766733155900158  0.01591768302276673  0.02501149642937117
  0.03474237191163544  0.04471896782889228  0.05432359219816583  0.06388918402632787
  0.07409098029591914  0.08432009196219291  0.09410496101400664  0.10395772914605375
  0.11445077166958871  0.12576144336017292  0.13731850402080276  0.14858804192560476
  0.15948282865325927  0.17007391723995682  0.18045668127015113  0.19087366724300259
  0.20140733336541566  0.21191320470362221  0.22223844992610123  0.23268016058792310
  0.24347400302461239  0.25438706199113204  0.26551475492228221  0.27704984748962180
  0.28905868795342193  0.30138603921768409  0.31356006609150844  0.32515375145447412
  0.33644095473408669  0.34746476264365522  0.35882032030870936  0.37014947810047116
  0.38062271145532806  0.39125350073256671  0.40245680401603845  0.41404250995092828
  0.42499682106895686  0.43558652710932261  0.44646554488419776  0.45764543238578986
  0.46887134934840002  0.47961682688089036  0.49019750129327549  0.50035844346207936
  0.51078251490566517  0.52149660869878967  0.53171143598491899  0.54201037755518122
  0.55141109861947490  0.56119252867195779  0.57051891851103143  0.58096410722085612
  0.59182823060785372  0.60260290321767684  0.61293365481576378  0.62331183638467291
  0.63349592432871826  0.64394683498888750  0.65423409700416302  0.66508705471452145
  0.67587456270604263  0.68661620683559310  0.69624382537049245  0.70600509875039708
  0.71568440605018846  0.72627159872643998  0.73726443476123660  0.74779249494108524
  0.75815069768386001  0.76866566023712524  0.77958384584403406  0.79046433457210796
  0.80075407518107578  0.81085805855667592  0.82086284539284282  0.83083725873692604
  0.84083196573595309  0.85046382475919047  0.86007542164671480  0.86985445136612505
  0.88004760226305856  0.89003064312228841  0.90026829771030148  0.90996741702849970
  0.92050991874679811  0.93203628136902583  0.94377541466002512  0.95614223878553217
  0.96746031333914562  0.97866308589138029  0.98927982100155676  1.00000000000000000
 -0.00005148949285186  0.00027909608639685  0.00108214824689387  0.00178256928109936
  0.00239025486711478  0.00297062257908256  0.00355156023423531  0.00413383707720053
  0.00471391521779130  0.00528858811715274  0.00585511211323038  0.00641920670290116
  0.00698937760367705  0.00751074374286063  0.00800822019596228  0.00848373870082028
  0.00896348398721497  0.00943472937725033  0.00989596647734955  0.01037172328407524
  0.01088165077864993  0.01142536118881056  0.01197443746986126  0.01250376619177567
  0.01306940231690141  0.01365972367185012  0.01427510621406224  0.01489244327377808
  0.01552885107449809  0.01614808933264968  0.01680865426473664  0.01747471520041381
  0.01811741654003308  0.01872211256086802  0.01935950672366629  0.02004185756743437
  0.02065945814529846  0.02118717126980177  0.02174942021561592  0.02232302788366174
  0.02296849013536411  0.02364340047139309  0.02427610305243194  0.02486221963978045
  0.02540177936493036  0.02595379868386406  0.02662243375329956  0.02732917781065956
  0.02814422658821715  0.02881284264395709  0.02941028572997762  0.03000711897842016
  0.03062802984484984  0.03139965589095577  0.03261433769463486  0.03356261465762436
  0.03430296948068844  0.03514602855711154  0.03585924235368265  0.03686675909517671
  0.03796261682824570  0.03901987484123658  0.03997748525376591  0.04099455941596881
  0.04228053714449566  0.04352985533556081  0.04442302013864997  0.04531699102439873
  0.04643927175065754  0.04797699346376334  0.04944846851870732  0.05103484718103152
  0.05258845115704228  0.05410585293404818  0.05647907741089413  0.05833092945583134
  0.05914591080160722  0.06023378024096012  0.06156137496677009  0.06288000910061474
  0.06403213876403667  0.06502787109507779  0.06659000196209473  0.06880343226496767
  0.07139842490476961  0.07421699202244494  0.07820872570804335  0.08220134144879344
  0.09166653318323204  0.09739247341110473  0.10413321274765742  0.11527702859993250
  0.13111808420846888  0.14886741565339442  0.69187871657545841  1.00000000000000000
 -0.00251181117096455  0.00937505931759399  0.01988616608156277  0.02957768561810867
  0.03921041183085528  0.04929719541858191  0.05975839771851618  0.07052193728610714
  0.08168935776647807  0.09267102671723362  0.10311704659354821  0.11298592655703464
  0.12232548723348179  0.13210536753040281  0.14238023880519637  0.15240612301752668
  0.16234013286039370  0.17231750199183724  0.18259079632959865  0.19270146244511852
  0.20286922399223375  0.21364944189519403  0.22516947678763452  0.23671350594406126
  0.24775177045271929  0.25830387028974738  0.26863462410980160  0.27951757512989112
  0.29168456609997523  0.30463535316733586  0.31697328954090614  0.32887828913773376
  0.34070883112398526  0.35246635948264143  0.36357889120108849  0.37422431874104300
  0.38446335374766155  0.39433703346087878  0.40462058248033705  0.41545501948994651
  0.42684212899931157  0.43817577689961751  0.44881530688394988  0.45907290367116160
  0.46927395517483600  0.47958531437806934  0.49030675542927271  0.50156041667461815
  0.51363427440476739  0.52562245330918989  0.53679367395681110  0.54727756469883770
  0.55770046936244522  0.56825040664195325  0.57882548326735073  0.58906611423539312
  0.59925867299150126  0.61010261270861721  0.62132320160617671  0.63322946505105471
  0.64531293420094171  0.65721200576476158  0.66860140867534301  0.67970765164312408
  0.69051083855739281  0.70079914575596924  0.71107148075151871  0.72101324904288766
  0.73113871425812771  0.74148109091718850  0.75231069516049898  0.76241250602381816
  0.77137949457002464  0.78043182981970882  0.78994881146463947  0.80043210231732531
  0.81063805045082038  0.82055176303697186  0.83035180140556930  0.84045995993220057
  0.85082755474194904  0.86155540389770635  0.87203382159871856  0.88261750735147038
  0.89264180727720399  0.90219543308863104  0.91143665152800746  0.92079632507362008
  0.93099479723235234  0.94163083935111580  0.95193397891554443  0.96191887080021343
  0.97156078758061259  0.98093703168852342  0.99009800762436606  1.00000000000000000
 -0.00002789459330568  0.00004885638333138  0.00012909406787821  0.00022090895090581
  0.00031268110853447  0.00040441140049749  0.00049655165162419  0.00059131983453639
  0.00069078946654833  0.00079709952891563  0.00089222296635412  0.00098412016756373
  0.00108452072372261  0.00119000856620791  0.00129711950366897  0.00140558831766074
  0.00152102429099421  0.00164825377081649  0.00178578732820216  0.00192522942679025
  0.00206453849001491  0.00222424772208743  0.00238951091725803  0.00255964516107205
  0.00273533049708807  0.00291664715279555  0.00310185161828021  0.00328589902872434
  0.00347751266434885  0.00367367837405010  0.00388490289321726  0.00409922839135368
  0.00431978600567392  0.00454138198195293  0.00476505151412549  0.00499357976577606
  0.00523000788343745  0.00548329951767025  0.00574852508909815  0.00603937702423454
  0.00631963297147942  0.00658048453704928  0.00683371942827419  0.00709937326928241
  0.00740033798043270  0.00773132725802451  0.00808016786446320  0.00842383021239045
  0.00879823048281472  0.00919987870702194  0.00963539159472064  0.01008092836078795
  0.01050256238335788  0.01091273696546420  0.01133418265394446  0.01168957097833666
  0.01195705704280940  0.01219702926325920  0.01246280570162968  0.01290003214188137
  0.01349245596036856  0.01415199875097906  0.01472011396293381  0.01527816391448653
  0.01586126018076514  0.01653976726638135  0.01730606876604716  0.01794897245700406
  0.01857847723889638  0.01924812040496088  0.01984055746230988  0.02037818840688643
  0.02102931912135164  0.02176659632872223  0.02238067989689778  0.02290997981532229
  0.02338656441649578  0.02401965749775602  0.02499767935345550  0.02664917211930489
  0.02842514443185455  0.03005612598158067  0.03141970006662659  0.03230474707949917
  0.03344123715686211  0.03486280044075679  0.03620662131182561  0.03709654472088728
  0.03832639409317836  0.04015072253519726  0.04164614105931438  0.04348692250742169
  0.04572721829109647  0.05027689807451474  0.37434151321962988  1.00000000000000000
 -0.00186706266757695  0.00623722578176731  0.01462799250966625  0.02310564321820030
  0.03147622774882034  0.03952293523702819  0.04730663025068529  0.05513760400739669
  0.06271671832406182  0.06983458626610740  0.07689105668870468  0.08420833069515185
  0.09283213969741379  0.10197452878789434  0.11165437861545437  0.12110617636131314
  0.13020256902428146  0.13914726992830539  0.14842125583332885  0.15852066540425114
  0.16927615729528905  0.18017539036675650  0.19081549837473694  0.20131895834801608
  0.21209692694009963  0.22335472049927899  0.23504000119196128  0.24666004139150738
  0.25800943754810379  0.26924217390073474  0.28080463599482453  0.29212694627141744
  0.30304438574263437  0.31398099175230748  0.32575378226452750  0.33780364553282416
  0.34917726630692086  0.36036464263540885  0.37235294861634244  0.38548050451959126
  0.39856458656195826  0.41147214637114721  0.42430706620444575  0.43694962279511246
  0.44923323550331440  0.46141743330414281  0.47415558886216280  0.48726241378056429
  0.50148059133030765  0.51623451912304164  0.53035992011303401  0.54440340183501013
  0.55802905446021689  0.57181258654170453  0.58512723580645043  0.59768647318700907
  0.60915366923999625  0.62070554137764467  0.63287799661473698  0.64503973777293022
  0.65703871515493495  0.66905305468782872  0.68127495728771592  0.69333272607000529
  0.70479134917458319  0.71630369692180251  0.72809328376874771  0.74009307168874561
  0.75175914132651156  0.76330117829081845  0.77455530384720284  0.78576973801795669
  0.79710258914581711  0.80867232583761617  0.81982856041415741  0.83048548266111533
  0.84105575997224369  0.85141736173490923  0.86181195104065900  0.87204570394926861
  0.88209165951129154  0.89147850765410286  0.90018064576911505  0.90817376105586034
  0.91639261765632685  0.92406552177671375  0.93174490106914865  0.93965881885876523
  0.94730216113441634  0.95396709840121752  0.96034020017973276  0.96777163396050547
  0.97560979994824626  0.98336249183500912  0.99171438750740026  1.00000000000000000
  0.01066961066048166  0.12849536395388761  0.16087964310878769  0.19339677881184725
  0.22199393525631564  0.24690744540061438  0.26920095875568145  0.29042915549987641
  0.31067026700924705  0.33056727960144705  0.35003777433587052  0.36897604702997622
  0.38645178615660264  0.40300576622771445  0.41922467797588076  0.43586799749619726
  0.45265407783396888  0.46843263691694637  0.48289010592543019  0.49711616214875842
  0.51135972787001549  0.52467452292971162  0.53739324717543802  0.54961941567746919
  0.56223683319145135  0.57457724029707491  0.58652144017712693  0.59786656548762929
  0.60910315266554904  0.62019312310505170  0.63138239924744366  0.64259139290402723
  0.65312541240498012  0.66319950130263172  0.67301340166940904  0.68259433737129716
  0.69182261461789218  0.70096609542726995  0.71011306427384580  0.71925601802824135
  0.72760985787774446  0.73547866416402274  0.74311470304538896  0.75091317771917032
  0.75859212143855437  0.76610705894529307  0.77342327257636290  0.78051852046614700
  0.78743068376157610  0.79413595394805769  0.80076311545502232  0.80741735070709164
  0.81406037695533096  0.82047406189493921  0.82658483721840159  0.83241893829697367
  0.83811089027939911  0.84371920577269233  0.84922148702256761  0.85454907576361916
  0.85967601718946063  0.86475383418511265  0.86983108381347052  0.87476188127802856
  0.87959088311055988  0.88438115161656261  0.88917029330406627  0.89397114735608907
  0.89863017097150011  0.90311944063010741  0.90748230016416376  0.91195124280299011
  0.91649748867224967  0.92086816298074925  0.92505226229099924  0.92909199501554574
  0.93297946646786145  0.93681356094799872  0.94056358288194963  0.94413418891927192
  0.94750304872035873  0.95074420000989224  0.95397991458440468  0.95729419611120126
  0.96075158165600472  0.96414521366655193  0.96735840290037878  0.97059764081822886
  0.97385907133684380  0.97708137247599203  0.98023954039705541  0.98338460794716442
  0.98657384141622972  0.98993516233747880  0.99415832816859862  1.00000000000000000
 -0.01592138394052769  0.07146119906920809  0.09896104594380462  0.11607479082570646
  0.12892238411273976  0.13935801213065471  0.14829030884428443  0.15629279201524204
  0.16388405820791663  0.17099569260063921  0.17774976536616338  0.18433372672184314
  0.19085242754465997  0.19716121224333544  0.20303053172112276  0.20845500618838705
  0.21376555576372083  0.21921041878912623  0.22470664809766694  0.23028722293115278
  0.23597088242628089  0.24154386463477198  0.24702374642657052  0.25236948942216381
  0.25779104199739056  0.26313144025597446  0.26832348962181674  0.27337505557153902
  0.27831011292562502  0.28330197083928610  0.28820984759264900  0.29311857700937005
  0.29789485658949261  0.30267371721721159  0.30750748968849578  0.31250503339036201
  0.31760105701185232  0.32267546289402282  0.32769354476743667  0.33276938572861897
  0.33803362344296167  0.34351067389018547  0.34915153505684032  0.35489393611404946
  0.36070286857543854  0.36660369051348490  0.37253507136464120  0.37822421508169596
  0.38355408896273036  0.38880049103679137  0.39362840189210113  0.39860628385375779
  0.40370031123162126  0.40883798150591011  0.41446697044507369  0.42001960891005519
  0.42542551184306970  0.43080110359433677  0.43619617841994507  0.44182932066431707
  0.44782775169935496  0.45382194846915969  0.46001413114894435  0.46658342041047318
  0.47347658497748646  0.48048497346175911  0.48748791781324879  0.49459111474740142
  0.50153055156342141  0.50823639457728964  0.51471163392224872  0.52121567302512761
  0.52811298471518764  0.53538473677564047  0.54277051345925487  0.55023258368170469
  0.55730370257881856  0.56500742014844973  0.57375063994941089  0.58316562051145804
  0.59268594722020862  0.60242173657456766  0.61271934349693447  0.62361023651436776
  0.63440898875593965  0.64566319626185498  0.65756914562322821  0.67020756746490551
  0.68333537071069528  0.69823657348576562  0.71562029637568303  0.73432000703280065
  0.75569380762930338  0.78419172718395536  0.83162832008177068  1.00000000000000000
   4.9052704574996726E-002  -1.0000000000000000     
 F F F F F F F F F F F F F F F F F F F F F F F F F F F F F F F F F F F F F F F F F F F F F F F F F F F F F F F F F F F F F F F F F F F F F F F F F F F F F F F F F F F F F F F F F F F F F F F F F F F F F F F F F F F F F F F F F F F F F F F F F F F F F F F F
  <DiscreteSampler_grid>
  grouped_processes
  1 # 1 for a reference and 2 for a running grid.
  10 # Attribute 'min_bin_probing_points' of the grid.
  1 # Attribute 'grid_mode' of the grid. 1=='default',2=='initialization'
  0.0000000000000000 # Attribute 'small_contrib_threshold' of the grid.
  0.5000000000000000 # Attribute 'damping_power' of the grid.
 # binID   n_entries weight   weight_sqr   abs_weight
    13   10   1.733364519354730E+004   1.190448107273938E+009   1.733364519354730E+004
    14   10   1.733364519354730E+004   1.190448107273937E+009   1.733364519354730E+004
    16   10   1.733364519354730E+004   1.190448107273938E+009   1.733364519354730E+004
    17   10   1.733364519354730E+004   1.190448107273937E+009   1.733364519354730E+004
    22   10   1.733364519354730E+004   1.190448107273938E+009   1.733364519354730E+004
    23   10   1.733364519354730E+004   1.190448107273938E+009   1.733364519354730E+004
    25   10   1.733364519354731E+004   1.190448107273939E+009   1.733364519354731E+004
    26   10   1.733364519354731E+004   1.190448107273938E+009   1.733364519354731E+004
    31   10   1.733364519354730E+004   1.190448107273937E+009   1.733364519354730E+004
    32   10   1.733364519354730E+004   1.190448107273937E+009   1.733364519354730E+004
    34   10   1.733364519354731E+004   1.190448107273938E+009   1.733364519354731E+004
    35   10   1.733364519354729E+004   1.190448107273937E+009   1.733364519354729E+004
    40   10   1.733364519354731E+004   1.190448107273939E+009   1.733364519354731E+004
    41   10   1.733364519354730E+004   1.190448107273938E+009   1.733364519354730E+004
    43   10   1.733364519354731E+004   1.190448107273939E+009   1.733364519354731E+004
    44   10   1.733364519354730E+004   1.190448107273938E+009   1.733364519354730E+004
    49   10   1.733364519354731E+004   1.190448107273938E+009   1.733364519354731E+004
    50   10   1.733364519354730E+004   1.190448107273937E+009   1.733364519354730E+004
    52   10   1.733364519354731E+004   1.190448107273939E+009   1.733364519354731E+004
    53   10   1.733364519354730E+004   1.190448107273937E+009   1.733364519354730E+004
    58   10   1.733364519354730E+004   1.190448107273938E+009   1.733364519354730E+004
    59   10   1.733364519354729E+004   1.190448107273937E+009   1.733364519354729E+004
    61   10   1.733364519354730E+004   1.190448107273938E+009   1.733364519354730E+004
    62   10   1.733364519354729E+004   1.190448107273937E+009   1.733364519354729E+004
  </DiscreteSampler_grid>
