  0.00000475709422305  0.00000539534363840  0.00000564194104487  0.00000585603606657
  0.00000605805871331  0.00000625330516960  0.00000647851126658  0.00000675575905016
  0.00000709639329500  0.00000742499977139  0.00000775571996124  0.00000811126676019
  0.00000850199535987  0.00000892423273584  0.00000930952054750  0.00000969497384565
  0.00001007848310114  0.00001045767667081  0.00001089861603623  0.00001135656114097
  0.00001181617319625  0.00001227109545026  0.00001272870488767  0.00001320162283869
  0.00001364712437260  0.00001405933187460  0.00001448864350573  0.00001494755676635
  0.00001546383147826  0.00001606750203697  0.00001671776736162  0.00001739319256868
  0.00001808406335143  0.00001878084476152  0.00001964504621432  0.00002065864994456
  0.00002168084472190  0.00002274037939622  0.00002364680572810  0.00002448203820023
  0.00002531922910014  0.00002627766441992  0.00002729634025722  0.00002843028869971
  0.00002961244311474  0.00003074999749942  0.00003183133796003  0.00003291574452953
  0.00003407410166629  0.00003539882096930  0.00003691728489603  0.00003889085259204
  0.00004089145204627  0.00004286664416953  0.00004478067454226  0.00004685827831829
  0.00004912358338156  0.00005133417319478  0.00005385977848773  0.00005658901858719
  0.00005960467787016  0.00006297995124578  0.00006654798149516  0.00007016207732276
  0.00007396512489429  0.00007793078366408  0.00008217473852136  0.00008704375862035
  0.00009155787508610  0.00009624667663190  0.00010146560824056  0.00010693930365628
  0.00011346618543860  0.00012080656047186  0.00012931360459695  0.00013901480023200
  0.00015019210431507  0.00016249016719210  0.00017793368217574  0.00019534707877817
  0.00021578127770368  0.00023905961136164  0.00026663624939987  0.00030005817383565
  0.00033822549713137  0.00038754387549374  0.00045252837509022  0.00053741119173759
  0.00066285971476123  0.00085655714811858  0.00110765914468913  0.00151848267576541
  0.00234813765987564  0.00502500638291163  0.05287151049552956  1.00000000000000000
  0.00000484523650319  0.00000528560353570  0.00000545357760720  0.00000556260292495
  0.00000568976935373  0.00000582831819839  0.00000594194324817  0.00000605165865202
  0.00000619383420596  0.00000633791680450  0.00000654634216732  0.00000676295212422
  0.00000698915369760  0.00000720769585654  0.00000741143246713  0.00000762188203015
  0.00000782089430920  0.00000804556609444  0.00000827329779511  0.00000855996154202
  0.00000889203874737  0.00000924842278866  0.00000960742612816  0.00000995143257903
  0.00001029380417833  0.00001064320660875  0.00001095599648928  0.00001132004901526
  0.00001168562202629  0.00001210202809715  0.00001255119825295  0.00001302902095238
  0.00001350868555854  0.00001395782044918  0.00001447351732045  0.00001505863021676
  0.00001573106325033  0.00001648254360558  0.00001721721715879  0.00001796929629725
  0.00001880930176167  0.00001974149740930  0.00002072632573705  0.00002172726079532
  0.00002274274689833  0.00002378145006710  0.00002485118840886  0.00002596078598187
  0.00002724853574363  0.00002861414526409  0.00002997206357704  0.00003129331733449
  0.00003270544047381  0.00003419981872403  0.00003587941113062  0.00003788141685330
  0.00003990657795446  0.00004220870628054  0.00004443444847820  0.00004684868581961
  0.00004934266334338  0.00005200058534708  0.00005464963550541  0.00005719663880420
  0.00005981541320828  0.00006281678681006  0.00006650400542533  0.00007093457807401
  0.00007593737688062  0.00008130425309258  0.00008695947618123  0.00009277764937738
  0.00009874111258099  0.00010543347038429  0.00011364479390535  0.00012295112373986
  0.00013278499172790  0.00014329366594003  0.00015495466691312  0.00016982628942331
  0.00018521944508390  0.00020228713274833  0.00022202639009247  0.00024977940795148
  0.00028079194153236  0.00031810147766431  0.00036478445550619  0.00042711653430596
  0.00050074283375396  0.00059613107108939  0.00075205138916053  0.00103208675868569
  0.00158687662571480  0.00298174739511624  0.34770889685307538  1.00000000000000000
  0.00000835027912584  0.00000888873522293  0.00000962984554223  0.00001056319539440
  0.00001158240116830  0.00001256365845324  0.00001349191786080  0.00001443174308985
  0.00001563764217294  0.00001697307880746  0.00001814434284997  0.00001927806580401
  0.00002045951428096  0.00002148728802138  0.00002264052596071  0.00002380905016037
  0.00002504522402838  0.00002640134041222  0.00002783230128987  0.00002940602810509
  0.00003103880122863  0.00003280572255308  0.00003474475205552  0.00003664141638542
  0.00003870302599336  0.00004109934907143  0.00004359268381936  0.00004623091049940
  0.00004887409837754  0.00005096614039486  0.00005317825994045  0.00005539506407683
  0.00005782822579972  0.00006092097411220  0.00006470073728001  0.00006820075959832
  0.00007237885552699  0.00007664639619586  0.00008110993398099  0.00008635989829518
  0.00009158360146109  0.00009729319894423  0.00010327084459946  0.00010972807808794
  0.00011641635826192  0.00012353150781754  0.00013087405347139  0.00013860634477160
  0.00014686395016407  0.00015564948418413  0.00016507699574423  0.00017511483065135
  0.00018452294040440  0.00019324793848467  0.00020228091261043  0.00021164881592620
  0.00022318296498557  0.00023693871605592  0.00025098626948436  0.00026604961337586
  0.00028069081016589  0.00029742258355705  0.00031747686564301  0.00034046677505890
  0.00036158674490602  0.00038368870540670  0.00040734285258077  0.00043318618489738
  0.00046210128316581  0.00049292972870988  0.00052833066379365  0.00056740599593421
  0.00060495477739667  0.00064302316862072  0.00068868562103232  0.00074405631812499
  0.00080411425802320  0.00086954909422173  0.00095262419808123  0.00105268478071137
  0.00115652225179346  0.00126000503092792  0.00137808454729117  0.00151942580542966
  0.00172744102839966  0.00200079320946775  0.00230300275082896  0.00267916791899233
  0.00320591777466128  0.00392703413451604  0.00456393423426975  0.00507410646211524
  0.00587477877722200  0.00689005849955302  0.29292618617817973  1.00000000000000000
 -0.00008096655801325  0.00704130942600082  0.01236282892557109  0.01829029768038992
  0.02602877054078683  0.03348082369134590  0.03993335064399627  0.04567451885252152
  0.05149084298588400  0.05764785018752674  0.06444317341171658  0.07311828306914643
  0.08254604659928699  0.09102214744087002  0.09865556368078356  0.10552406007823088
  0.11130928862287828  0.11806245330258432  0.12476097958264679  0.13200802916049484
  0.14057014940326509  0.14902968062968666  0.15797647633433182  0.16730471813317463
  0.17684434719555661  0.18680121088488158  0.19640879996501176  0.20478111571929195
  0.21313178023399215  0.22119674737602318  0.22943754280157350  0.23989757234395795
  0.25030077454318816  0.26060562962946687  0.27028140845681459  0.27957967366703240
  0.28974760924589710  0.29958065574806819  0.30925385951788692  0.31887930380779111
  0.32860304652124855  0.33858582120390313  0.34889058598827632  0.35966150467232183
  0.37103624123589124  0.38114693968685337  0.38905157908249444  0.39609685041029902
  0.40305043150643260  0.41110844879724501  0.41999393036441568  0.43028465145719752
  0.44091530432562448  0.45143741097539741  0.46231391596647592  0.47414243053344240
  0.48690624867331894  0.49967369629839470  0.51138303128674112  0.52287813445628317
  0.53438631774556578  0.54541666438945213  0.55575153194193294  0.56603289268188184
  0.57662303276468874  0.58809163681342813  0.60194749056298058  0.61785708009495466
  0.63278975442374985  0.64644755421408051  0.65841787471018898  0.66930687114389575
  0.68052074820320241  0.69326919937792642  0.70753349821498634  0.72117141495242121
  0.73320864304545597  0.74653559285882887  0.75959756252667177  0.77354753241104868
  0.78736512237065492  0.80245897600875749  0.81815521669449842  0.83436628955527170
  0.84945615553477027  0.86535725763166449  0.88002651782881647  0.89254906711460047
  0.90519654304961916  0.91921433356035598  0.93453504571526924  0.94939040551957665
  0.96284121219025642  0.97548050310629808  0.98746240943293406  1.00000000000000000
 -0.00269681831751244  0.01064577063353186  0.02018714939566033  0.03025942878414447
  0.04051457291657642  0.05097743574592401  0.06152257388683125  0.07187448853264530
  0.08257410929727599  0.09392476916852927  0.10531997316575550  0.11573337504405573
  0.12527292597186496  0.13508102049013923  0.14565740383759682  0.15810705826533261
  0.17049082632688772  0.18234658542644810  0.19362137933713119  0.20560115556489597
  0.21807754196456794  0.22973422943285399  0.24040294622902528  0.25110017494196879
  0.26263489005240270  0.27525811602027933  0.28693850953378841  0.29803291985943109
  0.30863190766360660  0.31934334808917192  0.33026542459229635  0.34125000875344558
  0.35286230695142584  0.36462749304876568  0.37596671160992906  0.38755641834719035
  0.39914383755938843  0.40956308636359412  0.41954863366205791  0.42901040069962920
  0.43770821170169044  0.44565871161315473  0.45334771320687345  0.46100997474185829
  0.46900953785967919  0.47864043054239769  0.49002713637894962  0.50100770314170584
  0.51301012683245772  0.52470504524157835  0.53651868247162648  0.54624126549502050
  0.55520109301014930  0.56477308209592447  0.57431985724859935  0.58408947260912769
  0.59440924992917810  0.60453326256938511  0.61648836525122763  0.62810021650049952
  0.63860882361151328  0.64860359564038350  0.65822433783074763  0.66840362476504644
  0.67877081666692507  0.68953475116286755  0.70083547146333336  0.71252715726633575
  0.72449001366398980  0.73686606263469234  0.74917559598037498  0.76082415355361621
  0.77224188738093102  0.78359467392088833  0.79475899946582051  0.80636912444446640
  0.81741605072174428  0.82780260684259155  0.83813496888509476  0.84908503134811686
  0.85876943959547869  0.86728530363163148  0.87536252780257107  0.88351730215038837
  0.89164327200117777  0.89976376606584663  0.90911516682951121  0.92017143583123306
  0.93067397871908120  0.93999530409108345  0.95033101183371760  0.95951472021939688
  0.96920286090041929  0.97856223845247681  0.98882525825459511  1.00000000000000000
 -0.00185043045349106  0.00787944291385723  0.01656189054050224  0.02641878989670896
  0.03790619967314995  0.04947308767605087  0.06091595099512171  0.07303821934688877
  0.08572979814438043  0.09744423869305759  0.10780184127804032  0.11580433194673991
  0.12402792983164644  0.13301681548330430  0.14321364265275452  0.15300601642301317
  0.16264363234101084  0.17246891134390011  0.18335612612969682  0.19491293251328495
  0.20676889026892734  0.21886826488017672  0.23033123788822496  0.24086158778556957
  0.25045400116509708  0.25817227160668371  0.26707038098955388  0.27680746264386091
  0.28577117762530202  0.29961941675633252  0.31274881332397869  0.32328517944892743
  0.33338313058030983  0.34404156781814466  0.35615188217035432  0.36863374588296355
  0.38186955613034573  0.39351531411228691  0.40339274510228262  0.41361767121895043
  0.42321686564643773  0.43395215445834628  0.44527301981867456  0.45693695225904762
  0.46974396264495422  0.48222019165161972  0.49456850444326844  0.50677917711188769
  0.51877919469469136  0.52975303818096253  0.54078010535752596  0.55163442521171513
  0.56165972996337366  0.57128039731672109  0.58098198184774275  0.59126961841034109
  0.60194246065474633  0.61138287662545943  0.61891981809824848  0.62730598977896657
  0.63677937168833543  0.64718788613619016  0.65605799205607729  0.66358049916514650
  0.67226235652665600  0.68075995282543433  0.68840421838738131  0.69787331723815327
  0.70728073608632469  0.71771190694354126  0.72867732851370137  0.73990978075639013
  0.75215814965237537  0.76581196132786489  0.77884629971419050  0.79003507487328162
  0.80039229109805576  0.81019343167255986  0.82066365367010952  0.83153010945633465
  0.84199254497579246  0.85261359148758742  0.86378162223239574  0.87460175925268369
  0.88535226196300032  0.89560135428990140  0.90581050646481098  0.91594528045746471
  0.92548123918402547  0.93561584824971777  0.94648398109956544  0.95814998841985477
  0.96988448367088365  0.98122607529544625  0.99094938381258502  1.00000000000000000
 -0.00002059162814939  0.00008511274972058  0.00019081712759055  0.00030890248926147
  0.00043591377489139  0.00055211016527190  0.00064630090234446  0.00073386352624628
  0.00081128345943470  0.00089196788907435  0.00097415682814402  0.00105629744550541
  0.00113937513753529  0.00122355627495759  0.00133592117377666  0.00145320272280572
  0.00157079604905605  0.00169072339106687  0.00181253238394224  0.00194448906458171
  0.00207969648813529  0.00221910460197077  0.00235905339326448  0.00250353719662991
  0.00265399579937110  0.00280388728352602  0.00295335410576206  0.00310204249876355
  0.00324773869438667  0.00339311061390608  0.00353806305031164  0.00368120677428285
  0.00383281072346138  0.00399201487767917  0.00415683769763934  0.00432062477687596
  0.00448485900004588  0.00465071150576692  0.00482151239218865  0.00501412759848360
  0.00521323530787757  0.00540546306314490  0.00558700435096086  0.00576552447640761
  0.00593648754720531  0.00610457372574201  0.00627906997648290  0.00646070065165263
  0.00664973470100538  0.00684871819410593  0.00705315391924398  0.00726737633000346
  0.00749595345679701  0.00773736526597407  0.00797775371419135  0.00824635190287182
  0.00854569345464412  0.00887787811157985  0.00918981727074946  0.00948635933594660
  0.00978935130445948  0.01010326944428780  0.01050161391723415  0.01093696348349568
  0.01136325858796842  0.01182810881536307  0.01244714872239523  0.01300283949507969
  0.01337921900005998  0.01369817940575582  0.01402050525525520  0.01438518072967321
  0.01485338199755437  0.01540287684067469  0.01586785923924241  0.01631296208932119
  0.01683125901000113  0.01749663864419202  0.01830008182662810  0.01891133553818837
  0.01937525218355464  0.01984510511192309  0.02033751253874695  0.02105419640549913
  0.02202403592675149  0.02303622290289773  0.02441574951859361  0.02670573438274413
  0.02830416293054028  0.03003151937861542  0.03313417770054610  0.03869833977484466
  0.04673984788089590  0.06221592946740689  0.41816894176791458  1.00000000000000000
 -0.00291749913436317  0.00998651917912833  0.02049955744159731  0.03053111640935992
  0.04031969974663318  0.04970433288224413  0.05902938584310415  0.06933832086017781
  0.08105642416153368  0.09207753666874433  0.10276157428816950  0.11213530074181638
  0.11869231193380203  0.12492901524921990  0.13164256857869611  0.13870946723498201
  0.14713266549535711  0.15707645807980422  0.16654515977981513  0.17521610113595631
  0.18408615267092746  0.19272281652633869  0.20145822549375611  0.21031890942800757
  0.21933320341568444  0.22881520948368803  0.23911103495539088  0.25051183404475647
  0.26281714186359856  0.27499380724960082  0.28713919032133334  0.29867589838346659
  0.30906602858892318  0.31947354455310273  0.33056502623116757  0.34272460012669337
  0.35557304443252408  0.36937402582940249  0.38336604561984389  0.39738129954623230
  0.41287785750073314  0.42897316842730915  0.44463079439207154  0.45738562237553715
  0.46864325963054526  0.47930858650376806  0.49072585567227039  0.50293522484896402
  0.51597252899492640  0.52918373618988312  0.54207832135229916  0.55356763038138423
  0.56392124762863838  0.57396608450780739  0.58441586388623945  0.59673158743837662
  0.60962864794654570  0.62350176861826179  0.63626722744974762  0.64781477188300596
  0.65890788838440906  0.67060666143744563  0.68285394939493838  0.69548198312762322
  0.70789366491221961  0.72059578209375552  0.73240901814145487  0.74432758342009553
  0.75511712234169348  0.76404331535350334  0.77235244187611274  0.78024214871415787
  0.78775293125536439  0.79564021141346697  0.80397526562001498  0.81209954697742015
  0.81988892324391460  0.82781453410558559  0.83586517624730627  0.84468344970838505
  0.85445136823236634  0.86422153583954386  0.87356752878803379  0.88333337471543438
  0.89181091058895667  0.90070596915539936  0.90956800968238882  0.91961010391384412
  0.93118337097839210  0.94306476423188290  0.95409603655090036  0.96475898293137907
  0.97372557074271626  0.98278618673714180  0.99169601849822930  1.00000000000000000
  0.07519097110805585  0.08430304593038175  0.10536733739172230  0.12230379447851474
  0.13890108012600438  0.15220809618862163  0.16329573509180675  0.17446123743426814
  0.18613599006205261  0.19892212588227023  0.21297007374058380  0.22695605009847583
  0.24000951369022444  0.25110018525018318  0.26174280007871664  0.27355428644718033
  0.28690853433789965  0.30101814957816569  0.31438582253746500  0.32686368104116464
  0.34053917523024513  0.35544666094320815  0.36904917038749047  0.38116418502217381
  0.39234056675909129  0.40271104721349010  0.41267356892725698  0.42207015795537212
  0.43125722203534672  0.44046360472532264  0.44968009427171157  0.45914057116154544
  0.46841261174558313  0.47817627228988324  0.48856647322300134  0.49947303351081479
  0.50890064806143975  0.51742145075087720  0.52608688538449966  0.53514555185818735
  0.54384986587212059  0.55242836097222059  0.56056282597245199  0.56861120231321272
  0.57632686209827355  0.58394883060275027  0.59154972581099441  0.59962787988476762
  0.60722279694134129  0.61429522799748670  0.62143716682221051  0.62782317363422546
  0.63480935387669091  0.64252173192078355  0.64974861540203266  0.65741605597286512
  0.66599066503602866  0.67438297658379354  0.68225897650036982  0.69026824535370213
  0.69827295972352565  0.70638205776274832  0.71449005676838540  0.72236677411975059
  0.73018453663058014  0.73791486088412106  0.74518961038134968  0.75162993481024587
  0.75838848107706136  0.76536125834500701  0.77226250624049464  0.78048379507100918
  0.78886416928892655  0.79699590713757329  0.80548519925041606  0.81410199430189389
  0.82306126238178889  0.83264911628214322  0.84163070822938024  0.84907180373508129
  0.85631725635751821  0.86343851855795573  0.87119044578475391  0.88031634142610249
  0.88907185986513193  0.89654160264157523  0.90400726244642982  0.91089802800638964
  0.91827199455433628  0.92671543296354819  0.93580506099632943  0.94600376374565998
  0.95701973039802357  0.96925576058002005  0.98343883461952608  1.00000000000000000
 -0.01843922727878861  0.10722350341584708  0.14204608845545713  0.16301929727065242
  0.18031683106012397  0.19465901899068175  0.20787243240005510  0.22029865435047394
  0.23115736049204522  0.24103025443000489  0.25002169843792943  0.25864622371862223
  0.26762702701661117  0.27676839831911171  0.28621851067146203  0.29503040976635270
  0.30284572761616130  0.31022026398160252  0.31763685259415464  0.32542238761213965
  0.33364126236700675  0.34124671806710871  0.34828719400338770  0.35529276692118356
  0.36205875343248167  0.36867320238378942  0.37501936764892552  0.38156039978852085
  0.38719720303511734  0.39307493635616303  0.39918461525758675  0.40558717270090450
  0.41226921358567004  0.41777990348803856  0.42227375808287443  0.42691070989807478
  0.43210728296413908  0.43810400683076073  0.44351927060101737  0.44844292644827799
  0.45274457797832096  0.45698338764139063  0.46123917586870894  0.46537919048086623
  0.47019914974689775  0.47526071028834665  0.47993381402782381  0.48552713935772701
  0.49120300905619646  0.49704220561109785  0.50322991504112613  0.50926906684187734
  0.51529791254869750  0.52171456812021366  0.52854421990274980  0.53593626615183165
  0.54359126985065698  0.55056613608655747  0.55659887815450582  0.56240228402475134
  0.56821796213410725  0.57465380278065192  0.58169965984047656  0.58850755061633353
  0.59514352114420277  0.60167345609910750  0.60863138428458829  0.61512343730583496
  0.62042852945338323  0.62570358907427825  0.63114326805753751  0.63698746516107296
  0.64425208825880875  0.65165520610588512  0.65848570135338491  0.66510230466947928
  0.67169700548850875  0.67853653810309755  0.68522522817999842  0.69239956813915682
  0.70022198937996749  0.70924683491999962  0.71889264375802586  0.72832010357655141
  0.73728364019336801  0.74624686342696256  0.75563852014234723  0.76541985095732945
  0.77613032777193280  0.78844527685112364  0.80237600952542987  0.81830788350730410
  0.83638011864285333  0.85643711323605798  0.88938856476064543  1.00000000000000000
   2.3382436017650117E-002  -1.0000000000000000     
 F F F F F F F F F F F F F F F F F F F F F F F F F F F F F F F F F F F F F F F F F F F F F F F F F F F F F F F F F F F F F F F F F F F F F F F F F F F F F F F F F F F F F F F F F F F F F F F F F F F F F F F F F F F F F F F F F F F F F F F F F F F F F F F F
  <DiscreteSampler_grid>
  grouped_processes
  1 # 1 for a reference and 2 for a running grid.
  10 # Attribute 'min_bin_probing_points' of the grid.
  1 # Attribute 'grid_mode' of the grid. 1=='default',2=='initialization'
  0.0000000000000000 # Attribute 'small_contrib_threshold' of the grid.
  0.5000000000000000 # Attribute 'damping_power' of the grid.
 # binID   n_entries weight   weight_sqr   abs_weight
    10   10   5.126662877889603E+002   6.474515516528676E+005   5.126662877889603E+002
    16   10   5.126662877889603E+002   6.474515516528673E+005   5.126662877889603E+002
    22   10   5.126662877889603E+002   6.474515516528676E+005   5.126662877889603E+002
    28   10   5.126662877889602E+002   6.474515516528673E+005   5.126662877889602E+002
  </DiscreteSampler_grid>
