  0.00000012766712712  0.00000017248498107  0.00000021978051451  0.00000027346887729
  0.00000033435513802  0.00000040205759949  0.00000049529636552  0.00000059116598766
  0.00000069542905045  0.00000080722849125  0.00000092829416664  0.00000107295071669
  0.00000125345830179  0.00000147613385160  0.00000170157184702  0.00000193904098808
  0.00000219372912232  0.00000246807327076  0.00000275090620327  0.00000305126007588
  0.00000338558754256  0.00000374124762461  0.00000407027362250  0.00000438153770183
  0.00000469773391313  0.00000505818179948  0.00000543325909176  0.00000571944999704
  0.00000604203659309  0.00000644132394885  0.00000685852865934  0.00000735567179453
  0.00000798707610127  0.00000866231142766  0.00000935486178634  0.00001010282893406
  0.00001090530157743  0.00001181170072888  0.00001281434672378  0.00001387990128599
  0.00001501325196014  0.00001625375598460  0.00001771241044628  0.00001933185611299
  0.00002087724882870  0.00002245978663578  0.00002410386415059  0.00002581771849525
  0.00002759109894475  0.00002959327198549  0.00003193955818174  0.00003447115727044
  0.00003693424993167  0.00003946621986326  0.00004208164078744  0.00004463551461255
  0.00004719224430097  0.00004982599475410  0.00005322413873947  0.00005806734648636
  0.00006326781965754  0.00006884128624765  0.00007462017901515  0.00008096113751456
  0.00008747325293489  0.00009427914444146  0.00010186758822182  0.00011011844502865
  0.00011969005300255  0.00013153426402666  0.00014365703249711  0.00015718910261516
  0.00017024292062181  0.00018381444116278  0.00019983694175229  0.00021963806954427
  0.00024035156554899  0.00026358930677347  0.00029160347762117  0.00032307398592450
  0.00035739171586507  0.00038983507847067  0.00041890642853341  0.00045675126136868
  0.00050767420526050  0.00056996975399434  0.00064373055778883  0.00072413598708056
  0.00082522754557354  0.00101128792841826  0.00134456372206295  0.00176181112925606
  0.00243135267749257  0.00422674355231132  0.23234682985550209  1.00000000000000000
  0.00000013031930819  0.00000013953434236  0.00000015059278803  0.00000019684004307
  0.00000024448975745  0.00000029764211482  0.00000038007130390  0.00000048231825473
  0.00000060227456617  0.00000072542524674  0.00000085241669521  0.00000104920024359
  0.00000126622519909  0.00000148275362823  0.00000170207441338  0.00000194186288775
  0.00000219159625270  0.00000245460010039  0.00000273044141580  0.00000301562707206
  0.00000330349934315  0.00000361213090449  0.00000395994548291  0.00000432344581841
  0.00000472311827218  0.00000514295463325  0.00000558653518578  0.00000600488802877
  0.00000644368595606  0.00000687700760592  0.00000734769157396  0.00000787127933083
  0.00000848685148716  0.00000922741372791  0.00001006431466791  0.00001099918535587
  0.00001199538268611  0.00001300702825054  0.00001400552444521  0.00001507904220612
  0.00001628264401902  0.00001770354117012  0.00001923556391136  0.00002085312478919
  0.00002259724031726  0.00002434198070983  0.00002622998810069  0.00002826972942781
  0.00003046378130488  0.00003241481116016  0.00003441723085615  0.00003643761801784
  0.00003840914594722  0.00004037425976834  0.00004260665189690  0.00004554663673733
  0.00004889973221016  0.00005228585027232  0.00005589819520043  0.00005959211578924
  0.00006395491641734  0.00006837879132495  0.00007369102955206  0.00008010012068023
  0.00008759034240680  0.00009449630318797  0.00010121955283277  0.00010749085579919
  0.00011435121487463  0.00012213869513969  0.00013186423759348  0.00014180549210758
  0.00015304322073446  0.00016397925383868  0.00017866658079570  0.00019226894345613
  0.00020790856578914  0.00022487903933979  0.00024400186780337  0.00027519063888495
  0.00031192737807048  0.00035501850091754  0.00040192195228480  0.00044948325024567
  0.00050451383266411  0.00057582057586615  0.00066164590747993  0.00075893366342911
  0.00088004527598418  0.00103284885876279  0.00126077823868522  0.00167933580806520
  0.00246351391029480  0.00500529618131433  0.04915344590374558  1.00000000000000000
 -0.00000721325015093  0.00023226317150631  0.00105265103841686  0.00266898901851591
  0.00506755899654860  0.00819373842230215  0.01199204300220439  0.01684293998744407
  0.02224075184736982  0.02693683835116076  0.03181140288932899  0.03697668334123770
  0.04324185601084669  0.04969541406735796  0.05572817614596455  0.06227105747412365
  0.06949338162084398  0.07775436494832090  0.08684163077958894  0.09605243729569145
  0.10523675793151437  0.11450023626606154  0.12320128404327962  0.13233733218786223
  0.14172987513029103  0.15042370706111818  0.15818991101772092  0.16573812981003749
  0.17392066989874366  0.18370895051404446  0.19382934859014966  0.20442070919094601
  0.21488625084461901  0.22475433727761782  0.23474655933417701  0.24368082329082966
  0.25471254687896566  0.26607472723366005  0.27729388936001959  0.28819250109855044
  0.29831001190260942  0.30770890130889050  0.31702442546572934  0.32647414276657399
  0.33625878414593857  0.34664357909463916  0.35811688536770386  0.37096981983413169
  0.38468945689077860  0.39446801658293595  0.40384941662356688  0.41438035170132498
  0.42524189981732219  0.43538364019751730  0.44522129131189120  0.45665232107563114
  0.46980932176360662  0.48194032470275400  0.49356527554104979  0.50579406388738990
  0.51895504222642364  0.53330000210471940  0.54785178279606006  0.56270661785853526
  0.57712683729322833  0.59020570047987841  0.60189215617342340  0.61259859981678744
  0.62315517162989453  0.63311607332122566  0.64266547564003107  0.65321116271011281
  0.66372049058734395  0.67384497982128999  0.68383844822435258  0.69505665142235706
  0.70964782177062502  0.72381904084226978  0.73676413914122296  0.74929621261237578
  0.76185928328566177  0.77399996414287131  0.78610527237870442  0.79853691414813732
  0.81125302475201244  0.82564017482099050  0.84054269376214674  0.85684100234306115
  0.87463662177156998  0.89331701275707831  0.91200362546963654  0.92954809107588843
  0.94693783406750132  0.96441126146247436  0.98206426842138705  1.00000000000000000
 -0.00235619782329741  0.00957460679600578  0.01895040426398007  0.02784668949251862
  0.03660582789014535  0.04521107937117832  0.05405230071347966  0.06364083396230365
  0.07383535627858973  0.08350686652170441  0.09255321736626941  0.10154199343257998
  0.11169903442881457  0.12419917573688000  0.13404242039275199  0.14456977887348976
  0.15553265361663784  0.16681207114887919  0.17949552206079919  0.19326237301352489
  0.20801975825169647  0.22243870681540068  0.23526393020115072  0.24706964486907684
  0.25852301551827928  0.26870669606953862  0.27787677006078404  0.28688980652329427
  0.29546647267687154  0.30605184037392458  0.31748378290940393  0.33023289536933942
  0.34300364223179713  0.35554864207717790  0.36981005942377465  0.37900146526333661
  0.38715898340845084  0.39502241345102912  0.40464000157648689  0.41488625979013710
  0.42475052700400534  0.43437150696760124  0.44419596312725684  0.45528882824343386
  0.46418202941852277  0.47279809336078971  0.48241681137223175  0.49256539892891166
  0.50308648722260263  0.51458870388676214  0.52992305837504927  0.54421731724178402
  0.55535021066085832  0.56587324702779429  0.57704022028073865  0.58706893897292534
  0.59555807415128681  0.60433030810586386  0.61496926325807477  0.62637829304539139
  0.63715549635087776  0.64894508161898723  0.66150005706712223  0.67438628878694240
  0.68695354988157831  0.69912941311410559  0.71073918902543809  0.72163025931133817
  0.73295291472429269  0.74359853391968789  0.75268263895563914  0.76164289207832780
  0.77033326600185337  0.78139322255223664  0.79586808538489140  0.80979594319228776
  0.82083039119580903  0.83039781210308383  0.84021007770736067  0.84991591851599724
  0.85944694454936044  0.86865588247729675  0.87842831763928997  0.88891048231153269
  0.90027820009996451  0.91171972281577218  0.92237807160174123  0.93167914935149276
  0.94088255670397547  0.94888591249436149  0.95636245330535496  0.96380181171657142
  0.97095904955389101  0.97984451133311312  0.98996848943690630  1.00000000000000000
 -0.00242943655747438  0.01324683362765930  0.02380419986926543  0.03400579583076593
  0.04545874091184876  0.05852666341604008  0.07145363016151307  0.08281244056013091
  0.09294951972031541  0.09956043474058038  0.10677331062694220  0.11528909016552016
  0.12429778222298883  0.13650490166696197  0.15092940419686834  0.16255345867965462
  0.17193772570954974  0.17978560010602418  0.18867571345347781  0.19822293311126932
  0.20657295460273811  0.21454223514512069  0.22274364957632453  0.23293489393162409
  0.24565582990731116  0.25954425754717425  0.27346439144454682  0.28614474911401899
  0.29792058669220695  0.30935202693886127  0.31969161156422904  0.32941309338944430
  0.33844300099998109  0.34815300088953993  0.35740075728660470  0.36886333921299380
  0.38132630226818548  0.39523217581931930  0.40761837083766950  0.41867332925112205
  0.42859884071589172  0.43796255556126340  0.44733727538179463  0.45702626267031238
  0.46672026527213661  0.47610931262120626  0.48520946055473679  0.49549678984538126
  0.50528941675406547  0.51429437528485533  0.52276344533723940  0.53160793198367340
  0.54277261364189766  0.55487643709727119  0.56530571558507026  0.57374846679773928
  0.58209415693767175  0.59135756029908793  0.60189550304341866  0.61302113097022137
  0.62430106277646147  0.63466765054754315  0.64578570199120677  0.65611786390622717
  0.66592885358539888  0.67564094756354898  0.68520639878291911  0.69372418531604008
  0.70175300519389849  0.70997913729079865  0.71867078507085158  0.72831843607109070
  0.73776317723221763  0.74880984768002545  0.76149420252192535  0.77516232912726379
  0.78863530318934094  0.80118504650330147  0.81274439502934703  0.82310756279179009
  0.83355503882338766  0.84324360327721126  0.85270914695204347  0.86281078047028337
  0.87288053581010960  0.88536199911545865  0.89799522618662120  0.90948555662932551
  0.92053496215398922  0.93174909854800458  0.94254495591260568  0.95236052893278400
  0.96267941241260258  0.97438304618887162  0.98719878926648341  1.00000000000000000
 -0.00240019208101472  0.01051105372008074  0.02149059000325965  0.03173333491867050
  0.04229795862012024  0.05336788817030196  0.06330367461892476  0.07292356962552207
  0.08269622536574754  0.09305238963582137  0.10403547604520048  0.11427333505172117
  0.12385146638162178  0.13281276771871561  0.14073654001797511  0.14859469882767987
  0.15711369944701545  0.16745843609175257  0.17917230342681059  0.18972103144493599
  0.19855353184819075  0.20705330366303565  0.21663245896939204  0.22760975247257009
  0.23988802378753485  0.25236972013502812  0.26497334416715873  0.27573146554404881
  0.28482837064019090  0.29445743076062730  0.30504788581696096  0.31475977966020491
  0.32307549298546201  0.33168276932845020  0.34108446530770453  0.34935965290294030
  0.35770406488764084  0.36473907744955814  0.37201264808418200  0.38077521540707987
  0.39289625007144680  0.40812490941491114  0.42176115502098421  0.43306338987685233
  0.44277034784437785  0.45179632449151885  0.46161396609259137  0.47234884402081284
  0.48203837771443808  0.48929158951792373  0.49618977487024546  0.50336281860343768
  0.51237923211303738  0.52391396699179249  0.53532016577173636  0.54776063732102742
  0.55967813063398264  0.57085400109152229  0.58212055016918529  0.59269931578267332
  0.60600720794834695  0.61934463184521171  0.63020022203278758  0.64042759114991488
  0.65122989175342172  0.66318539352727379  0.67495676179384723  0.68367711528667330
  0.69121570595329473  0.69930836491047776  0.70746042798331366  0.71610753434394270
  0.72593055620351921  0.73630879992996323  0.74585732565813667  0.75403364849715493
  0.76233969150920156  0.77182145920377165  0.78481546393864388  0.79815884100771184
  0.81076988472280365  0.82315640652958888  0.83501732312475363  0.84617498667917068
  0.85755376661089255  0.86967447185458102  0.88470129603724057  0.89981967659967632
  0.91349649365102670  0.92670657025735259  0.93985356352042893  0.95284344632953755
  0.96478506093774641  0.97655118951128750  0.98782043011600407  1.00000000000000000
 -0.00025078916821341  0.04320046445522339  0.07910064661589827  0.10149399522475855
  0.11865882159837779  0.13054275584068317  0.14006984597580754  0.14975944071824773
  0.15952735573283708  0.16908479423500899  0.17800354076042946  0.18825227018481100
  0.19779778724428257  0.20692751301081652  0.21563408540922366  0.22551235515121623
  0.23781761332807716  0.25044685342436362  0.26130373687102276  0.27017683635336315
  0.27833971914331346  0.28626365535272991  0.29436948105369304  0.30278782517353486
  0.31034986801295189  0.31806025576735580  0.32614772040117584  0.33362773330670054
  0.34058255477421456  0.34753916648906230  0.35421844537641756  0.35983664880694161
  0.36549339425651867  0.37229863702854399  0.37827407251647960  0.38386409896967694
  0.38987602892405576  0.39722374510652697  0.40577927099283806  0.41370914133804898
  0.42143003093002313  0.42969061547671045  0.43741230411188176  0.44339530161967966
  0.44870079422967207  0.45378771968312737  0.45871487803844396  0.46350198214292310
  0.46956580304584317  0.47746181531609116  0.48435950922573107  0.49079398627763776
  0.49703904856855385  0.50415318305093015  0.51291139054984491  0.52153552289207206
  0.53035665290423606  0.53897572869910892  0.54735975980799845  0.55474049476300791
  0.56245329740098760  0.57005586975996581  0.57793157735292078  0.58604436027816709
  0.59365104185978490  0.60129143358437598  0.60883272444316960  0.61648847649572114
  0.62460980403624189  0.63265224342329629  0.64055083740119878  0.64850540558703051
  0.65792231696275272  0.66956647534372626  0.68306089897706190  0.69559968967529784
  0.70639448218105516  0.71770879051253111  0.72790157729825389  0.73697235539683636
  0.74533775519106071  0.75327381383734326  0.76107988399958959  0.76909840101573046
  0.77809191087663865  0.78739061156266210  0.79688437199367790  0.80692094459382246
  0.82113622079321402  0.83820901167018769  0.85514041929727658  0.87267629615158337
  0.89261704444498258  0.91812764438696592  0.94933549626580105  1.00000000000000000
 -0.00331372893922791  0.01357204594503908  0.02723523936040976  0.04030034373853550
  0.05126445169444042  0.06047245160008368  0.06892381834139681  0.07729030055032039
  0.08652003813348437  0.09645526571994173  0.10703466158555175  0.12009286250142187
  0.13212770639951230  0.14176088353716876  0.15084632582609353  0.15966495638242945
  0.16919252134333504  0.17958816163286503  0.18972917539574974  0.19999998475774394
  0.21044329165101217  0.22073418436448869  0.22979686419579917  0.23864044134348930
  0.24932163666471890  0.26197570722216823  0.27482714491359089  0.28718353286924381
  0.29862822688447466  0.31194143648921285  0.32653767108384241  0.34178314532004278
  0.35605304845239732  0.36915268851120780  0.38096299930756372  0.39333899989036597
  0.40674039130607287  0.41884324039801490  0.42930837799629956  0.43854593501347422
  0.44549643937278666  0.45199574228971245  0.45790622348321447  0.46322741900123116
  0.47021733521990283  0.47818918236086932  0.48838017923225624  0.49811382675531340
  0.50711564326890157  0.51594194251733227  0.52496633639033286  0.53450912937771611
  0.54497910397605331  0.55608821436290046  0.56571558229803320  0.57429599061002923
  0.58396051708240926  0.59564122240590223  0.60805783057027574  0.61993626616661024
  0.63199583173873541  0.64390253810886289  0.65534979389103198  0.66733412912238421
  0.68046041967920368  0.69318238989429204  0.70518591804529163  0.71650132528731092
  0.72740131467207392  0.73794231151441925  0.74845663387093220  0.75963042694596827
  0.77049596329887926  0.77977250646745777  0.78816732284513336  0.79645321875118269
  0.80618491467953302  0.81649867113404395  0.82591023267240871  0.83540909568973631
  0.84567920382172823  0.85661240848554532  0.86810954447071154  0.88030772113175937
  0.89170131897432148  0.90162385085202967  0.91085404781348212  0.91917946899290970
  0.92670220379372858  0.93585258187253384  0.94395263658596129  0.95261418056665859
  0.96182415943989408  0.97269886716213205  0.98564401044671057  1.00000000000000000
  0.24475691980380776  0.31849583479780580  0.32936770449647823  0.33944715107193774
  0.35163519902868901  0.36278690963683835  0.37314169344121234  0.38258185055062133
  0.39140388712765556  0.39820723633374633  0.40504763140675165  0.41204869414490414
  0.41919338079994034  0.42688788164896224  0.43482159669190307  0.44310627101014333
  0.45050032006520196  0.45743333438385458  0.46376881992536922  0.46828130418018937
  0.47167467761334086  0.47499483513479163  0.47834732409111830  0.48218879239909551
  0.48655289064315277  0.49112667527703735  0.49569712832127816  0.49982635633543704
  0.50376545790334026  0.50772491030159983  0.51209991567102542  0.51659026178065492
  0.52091715081352064  0.52532046445035974  0.52976305184475747  0.53435791230499452
  0.53967023684461601  0.54601274970679237  0.55263250518722573  0.55868523202419851
  0.56446297690481761  0.57058991940255699  0.57701623055894347  0.58338021180522026
  0.58884626700358400  0.59340119651222767  0.59792810524801498  0.60260425894373215
  0.60705194177162802  0.61131308553274366  0.61564381322755257  0.62047551470473350
  0.62534976979324497  0.63020390784846203  0.63509734213516778  0.64010713955283394
  0.64526368547159607  0.65107160038957268  0.65747351419750488  0.66353243059229250
  0.66966015730414119  0.67622497273830451  0.68264749272667691  0.68841392080213681
  0.69382663391888055  0.69948345782005983  0.70484485320948720  0.71020243189928489
  0.71605625771044412  0.72276992102662896  0.72990880197703389  0.73689725832730102
  0.74312956043439049  0.74887844420097582  0.75522110467412540  0.76193835604098648
  0.76872974977309361  0.77544437832800661  0.78294605738777856  0.78993100898513979
  0.79603865065974677  0.80204766499075408  0.80977479201755009  0.81924928955416110
  0.82932461218958919  0.83958680115427320  0.85009112157544697  0.86162415037265383
  0.87409729548048198  0.88675065848100321  0.89926980749080787  0.91182285459379953
  0.92673589411354129  0.94231993825028959  0.96284267928022360  1.00000000000000000
 -0.01569265144716416  0.09932152987236068  0.13452592382707507  0.15429125593288676
  0.16584352309277889  0.17644068770135429  0.18689984799610873  0.19792435466656141
  0.21305569814939207  0.22493346951301577  0.23584315095248440  0.24655804433263953
  0.25747364833725972  0.27074873307574254  0.28291508679504718  0.29372914766531716
  0.30301738845199006  0.31167491309253581  0.31975417747136914  0.32726077750358773
  0.33413858089683057  0.34045410373238549  0.34664152323371844  0.35281310761403123
  0.35909782550295133  0.36550185124621937  0.37171233761044742  0.37823757720715828
  0.38473646864787620  0.39125129471698705  0.39732954659951542  0.40268075811655313
  0.40769028566086979  0.41294021621533866  0.41883506785702029  0.42489904897170938
  0.43066201853015196  0.43626420442502173  0.44197764856315597  0.44786492817697887
  0.45348707943186850  0.45919141468755259  0.46529233853152940  0.47134168176909430
  0.47727792840280986  0.48304544791962456  0.48859436814511326  0.49395755961617810
  0.49974886136852620  0.50595530327809402  0.51224870139515932  0.51817780135850477
  0.52346677431656918  0.52896323448065063  0.53471187167365630  0.54013911460317698
  0.54521835715064804  0.55000643323011522  0.55477539772041273  0.55932836371895589
  0.56358443273383663  0.56791228721861009  0.57348094793643367  0.57991202044366796
  0.58608562889947846  0.59208296158029217  0.59767362844543570  0.60312791254893516
  0.60878814085522237  0.61475128997645168  0.62139036860190999  0.62958891810168682
  0.63878348032888010  0.64752503589822974  0.65562097198095581  0.66366350742893765
  0.67171661163943852  0.68022845016283229  0.68851585405612636  0.69701637172120445
  0.70508982759559624  0.71375242158048002  0.72299165903250617  0.73245488743147102
  0.74220545334216836  0.75290828701760015  0.76460315164828319  0.77661526758963140
  0.78932905593189362  0.80167408649476468  0.81331929753122967  0.82657310389035099
  0.84272182512696969  0.86442708119375722  0.90011786647931558  1.00000000000000000
   1.5781138099870789E-004  -1.0000000000000000     
 F F F F F F F F F F F F F F F F F F F F F F F F F F F F F F F F F F F F F F F F F F F F F F F F F F F F F F F F F F F F F F F F F F F F F F F F F F F F F F F F F F F F F F F F F F F F F F F F F F F F F F F F F F F F F F F F F F F F F F F F F F F F F F F F
  <DiscreteSampler_grid>
  grouped_processes
  1 # 1 for a reference and 2 for a running grid.
  10 # Attribute 'min_bin_probing_points' of the grid.
  1 # Attribute 'grid_mode' of the grid. 1=='default',2=='initialization'
  0.0000000000000000 # Attribute 'small_contrib_threshold' of the grid.
  0.5000000000000000 # Attribute 'damping_power' of the grid.
 # binID   n_entries weight   weight_sqr   abs_weight
    10   10   7.978401711986480E+003   6.345702161390305E+008   7.978401711986480E+003
    16   10   7.978401711986477E+003   6.345702161390300E+008   7.978401711986477E+003
  </DiscreteSampler_grid>
