  0.00000474529774293  0.00000479438876424  0.00000487482058231  0.00000497300891860
  0.00000508348125457  0.00000520996040477  0.00000534078327725  0.00000547315855863
  0.00000561149893076  0.00000575065572116  0.00000591150971293  0.00000606851465493
  0.00000622490151001  0.00000639113513927  0.00000657679480544  0.00000674393258188
  0.00000692332404508  0.00000710467582179  0.00000729299897544  0.00000748983745701
  0.00000769508209829  0.00000790592830993  0.00000811663414605  0.00000832422379881
  0.00000853372265532  0.00000874259504780  0.00000896267264235  0.00000919644206044
  0.00000944515204907  0.00000969345204735  0.00000993621660323  0.00001017939409702
  0.00001042548243538  0.00001067814332746  0.00001094444080324  0.00001123884782913
  0.00001153349116391  0.00001182911243548  0.00001213441866233  0.00001244865680089
  0.00001278143616362  0.00001313002450982  0.00001347482070631  0.00001382614371417
  0.00001421010941712  0.00001460689540035  0.00001507740806403  0.00001554913020229
  0.00001602655986788  0.00001651942869501  0.00001701609056442  0.00001755855732386
  0.00001807181621050  0.00001862888896738  0.00001922859097029  0.00001990301858213
  0.00002064593571205  0.00002141371324290  0.00002222725006305  0.00002307955758458
  0.00002397669298751  0.00002487985254940  0.00002589583672931  0.00002692909790680
  0.00002800316742116  0.00002914470548493  0.00003040915882379  0.00003187315541923
  0.00003344152520241  0.00003528910208313  0.00003720716397326  0.00003924213598787
  0.00004149198423918  0.00004390712146508  0.00004663890077741  0.00004971114161893
  0.00005314112548086  0.00005702929106937  0.00006136360741659  0.00006634922956193
  0.00007232267906089  0.00007963377991975  0.00008840943926040  0.00009855011015506
  0.00011100888934650  0.00012655048609534  0.00014787551459902  0.00017572208400239
  0.00021541357252073  0.00028045604448260  0.00038101419742385  0.00056645078054368
  0.00099177113742364  0.00258291437340088  0.11704486157129265  1.00000000000000000
  0.00002704176146331  0.00002939276864504  0.00003040769190755  0.00003153751785103
  0.00003258441595666  0.00003371290679671  0.00003534603253652  0.00003741994741784
  0.00003901401418056  0.00004039953902388  0.00004192098112671  0.00004358615923286
  0.00004520517835936  0.00004676713305577  0.00004827596014382  0.00004978201647475
  0.00005139436419047  0.00005317352075655  0.00005503437164154  0.00005692143019406
  0.00005888045884298  0.00006093350114412  0.00006305963355138  0.00006516208227644
  0.00006719025564938  0.00006918756645350  0.00007139458701921  0.00007361830486609
  0.00007591508782351  0.00007827940488358  0.00008083278140332  0.00008365073063428
  0.00008653186363885  0.00008924122486859  0.00009202197339365  0.00009554363600753
  0.00009964697286273  0.00010378425432295  0.00010850958718788  0.00011387014853771
  0.00011957512746641  0.00012574256711696  0.00013225561701565  0.00013916198636230
  0.00014673753693317  0.00015462631700354  0.00016281709872979  0.00017182313579953
  0.00018193115553602  0.00019392456522295  0.00020897250410906  0.00022655131896175
  0.00024582241536503  0.00026624772772108  0.00028781047212618  0.00031092367323065
  0.00033668537466083  0.00036685814159220  0.00040089669689391  0.00043735699614494
  0.00047736366601575  0.00052197485125389  0.00057216800837742  0.00062779076853081
  0.00068953980043110  0.00075979529366129  0.00083682584527472  0.00092355197636662
  0.00101950060036251  0.00112694716168352  0.00124482508111128  0.00136676173509858
  0.00150556784168941  0.00166812331658758  0.00184990980709691  0.00209471420146135
  0.00230419471801462  0.00254388794630223  0.00282637097724531  0.00307773196144549
  0.00334359009117814  0.00361339102994527  0.00393774149455850  0.00435345120722286
  0.00479708242696513  0.00541398267543810  0.00615671953578711  0.00702468556915691
  0.00825437065544437  0.00983736897832650  0.01265565061935519  0.01664857049031757
  0.01948539265208356  0.02249005644505896  0.64440466348703829  1.00000000000000000
  0.00000496042415189  0.00000642142041092  0.00000704600786474  0.00000781228312030
  0.00000853671290606  0.00000921334311467  0.00000989745305417  0.00001054173902267
  0.00001123919930912  0.00001202798814119  0.00001293398741693  0.00001402396468749
  0.00001518082847832  0.00001637875485865  0.00001772282767976  0.00001926238303296
  0.00002095186689969  0.00002270852970952  0.00002439932476122  0.00002621709989769
  0.00002806239787286  0.00003022311724207  0.00003238383023590  0.00003475440609780
  0.00003729006576341  0.00003998696069644  0.00004293699949605  0.00004606154273628
  0.00004934824311868  0.00005293159489904  0.00005662918648592  0.00006030295582885
  0.00006408099586508  0.00006800411863679  0.00007253756012298  0.00007774644981849
  0.00008319804078021  0.00008887270531306  0.00009456176214199  0.00010021273348582
  0.00010618755445657  0.00011278415748694  0.00011994123944670  0.00012797525808568
  0.00013624405438282  0.00014527618716237  0.00015591712815103  0.00016780073150654
  0.00018108034093262  0.00019538907767986  0.00021118961808312  0.00022832742156541
  0.00024647477309875  0.00026648256718561  0.00028849297585598  0.00031165989856539
  0.00033699238740788  0.00036560263727165  0.00039585975218187  0.00042823400143269
  0.00046541831679173  0.00050662889660831  0.00055157269754929  0.00060116975125466
  0.00065937300220885  0.00072427437565561  0.00079369115880343  0.00086744309120353
  0.00094824961841092  0.00103524929205164  0.00112678310037208  0.00122540171383838
  0.00133843537028749  0.00146061698868326  0.00158873771469075  0.00171761595152614
  0.00184752489402675  0.00201167412675893  0.00220527790818376  0.00243444087085540
  0.00273252154214231  0.00299753065821284  0.00326325944000144  0.00358189705771025
  0.00390508417268954  0.00420698857843774  0.00456196423222852  0.00494922667305590
  0.00534664770619038  0.00586636724767046  0.00671574000982390  0.00789366312590659
  0.01010262032233597  0.01376482711952961  0.06183248311060051  1.00000000000000000
 -0.00299715952638110  0.00999064231007274  0.02143510904661476  0.03190462632087676
  0.04175140640008496  0.05121708786473678  0.06036632680604688  0.06926076014027151
  0.07790232429833520  0.08622049892571861  0.09482399304708275  0.10379069554050258
  0.11300770054147481  0.12249920521242151  0.13215855539378318  0.14216276633374736
  0.15257231456130063  0.16394843265441150  0.17564896440719965  0.18675923868738908
  0.19727583478535715  0.20766642027921331  0.21861804114142908  0.23006488022988617
  0.24121893674102088  0.25205386327626861  0.26274098070056884  0.27340063102589485
  0.28450097799061780  0.29633532554754072  0.30906684343232255  0.32109153210394731
  0.33244972749408819  0.34297824543608180  0.35336595627992823  0.36371995219130765
  0.37408126808173203  0.38457182943913137  0.39524191151147609  0.40697043367570074
  0.41904709952179781  0.43088664646151548  0.44277215497067784  0.45467284316626710
  0.46637789859614465  0.47727444440284483  0.48794334937265882  0.49893231596345367
  0.51134849207549071  0.52413903436040743  0.53577881207228595  0.54704481318805653
  0.55861728095855401  0.56986275341681003  0.58060123627437510  0.59129995062879503
  0.60286307803781303  0.61455939542993165  0.62701365795383401  0.63905499236663754
  0.65063225150446846  0.66192822865712753  0.67352003960391815  0.68527028811414992
  0.69707624680604507  0.70784509640772075  0.71832456886279183  0.72831600973580701
  0.73872461523594490  0.74893788176915876  0.75928814015965185  0.76913767832081925
  0.77851707495925238  0.78763016556202026  0.79690956216342179  0.80635287658466615
  0.81574417310367364  0.82524999417850020  0.83545394698303166  0.84617360686930831
  0.85699039155086920  0.86795771745510930  0.87888104441128490  0.88943522328551539
  0.89946727942852001  0.90906852363329338  0.91824024798180570  0.92716714518421628
  0.93609915654829035  0.94543862429787850  0.95454733020097859  0.96362305194816822
  0.97257289778781464  0.98153758486970255  0.99066049907853715  1.00000000000000000
 -0.00172167163396889  0.00941559289374664  0.01869483701092493  0.02871332866276048
  0.03797573152969702  0.04742805255326061  0.05657634401629088  0.06584837714097874
  0.07487954848143051  0.08441137379766597  0.09446212546197251  0.10496360155936107
  0.11558028862808008  0.12625408653604273  0.13629685081072473  0.14591355259776681
  0.15564405919239524  0.16501579298390168  0.17526408317991191  0.18572177659678002
  0.19675929999474578  0.20842709655174110  0.22011683112480532  0.23137631499523634
  0.24201820793868717  0.25234528111537580  0.26391642930492576  0.27615700759440953
  0.28926587597128706  0.30092168039222844  0.31134420056958567  0.32056105338722324
  0.32951630051610492  0.33875980791386634  0.34863883565013870  0.35901941571352786
  0.36945051477879015  0.37941217676720873  0.38939258537650545  0.39929004776325089
  0.40942152462923043  0.41975814748446377  0.43082132587290611  0.44233230323221240
  0.45402864910734958  0.46611811075507287  0.47795434048770097  0.48906129088701389
  0.49921728076288346  0.50872165052005924  0.51867142728937032  0.52926176891460130
  0.54009037900276735  0.55042448471853000  0.56025200219439164  0.57045022200090212
  0.58119007368781861  0.59267829034175656  0.60423839233939725  0.61546443922428629
  0.62669675682323622  0.63849483205867563  0.65048600458273753  0.66140405133786606
  0.67236462694388266  0.68279102875549258  0.69336317331778163  0.70401036484627633
  0.71500941067066881  0.72587437005588584  0.73648390076921721  0.74713024911757309
  0.75725680472851853  0.76653635973781198  0.77572828621960621  0.78517749593391062
  0.79556281379534688  0.80691104656132606  0.81825534517189213  0.82898979539613371
  0.83959716078967106  0.85052531054495106  0.86090286207051603  0.87142041452761465
  0.88216986764877747  0.89318560284254334  0.90333974075261725  0.91288295385526008
  0.92315969962768496  0.93312802139823137  0.94360816842058282  0.95426432705931374
  0.96519852473976397  0.97751252867004967  0.98867257572297929  1.00000000000000000
 -0.00108721268990733  0.00469696221045448  0.01023114588309429  0.01631665126415212
  0.02339306171726144  0.03115982609896411  0.03883949930305041  0.04705083276524946
  0.05511596619695976  0.06317710683295079  0.07141067813701581  0.07945957817890444
  0.08722722365831818  0.09501557489202940  0.10284575673221459  0.11129585498196538
  0.11988298878039001  0.12846738133520860  0.13739722050338890  0.14613105599935788
  0.15499266523657015  0.16355628916198517  0.17183192261229563  0.18025741880105639
  0.18824539215357236  0.19661667617292269  0.20555427407324156  0.21576899918536921
  0.22590551029009545  0.23579567195156820  0.24546636833918303  0.25525059202676248
  0.26539894420745319  0.27517521749095658  0.28433279448029092  0.29347105700293430
  0.30289459835681942  0.31269568352445865  0.32239285739444606  0.33215207994477791
  0.34218615096890420  0.35248073851898032  0.36284951573236296  0.37325523861009957
  0.38394146527249690  0.39470021657416676  0.40535029337803458  0.41581668731182791
  0.42634881670508012  0.43735698833688585  0.44797392283493481  0.45799148947332396
  0.46747358785560827  0.47711602248648699  0.48725441020755544  0.49747373898247599
  0.50762152675989292  0.51768631064487824  0.52801228116071286  0.53843901376452086
  0.54902818870459835  0.55992952983586419  0.57117191703224113  0.58283110768833768
  0.59483918109602285  0.60686984423410462  0.61864356706351520  0.63058014574768273
  0.64295960386380813  0.65566162568571551  0.66810526555558758  0.67985853790028739
  0.69109137714877589  0.70242534779073140  0.71440881596846939  0.72658248922959723
  0.73872265104496515  0.75056663683242131  0.76230970999793868  0.77446934228778808
  0.78694271607051947  0.79901844969140101  0.81088537704127872  0.82321633062094879
  0.83595357029232009  0.84876776635433893  0.86242206806905075  0.87737348651184566
  0.89276371853655978  0.90845113137923639  0.92316338857933045  0.93623862771962441
  0.94910471341530367  0.96430942925753094  0.98223675800977617  1.00000000000000000
 -0.00277832067492850  0.00990284039588085  0.02108777084891991  0.03277101483392608
  0.04368978475713616  0.05438526510867673  0.06492813933275300  0.07620947951214666
  0.08766464117258291  0.09902889622507713  0.11054255939436831  0.12205764838890808
  0.13392975743381805  0.14604047917821361  0.15846848182197759  0.17071133275545691
  0.18235712549086375  0.19331598959481669  0.20403592826412412  0.21409991022850658
  0.22405263813211340  0.23381904018856048  0.24346877519055107  0.25354621530498478
  0.26419790700381413  0.27584844408888926  0.28748401953324187  0.29921373042727367
  0.31120193442971489  0.32298012929508879  0.33488219792552881  0.34613880616077602
  0.35746609124471573  0.36860289495259962  0.37917980768900328  0.38907989968271894
  0.39879542699256032  0.40904156016014370  0.41924017353463267  0.42903003021557257
  0.43921010217759993  0.44948238155698617  0.46008547264783167  0.46976414621622442
  0.47857928473983746  0.48730825480913320  0.49665067129955331  0.50762498903254871
  0.51900916414212073  0.52935926729843519  0.53928163524457118  0.54935288319258269
  0.55929701249631769  0.56901973592736521  0.57855728379290849  0.58808365393891793
  0.59786267486121092  0.60791914324981489  0.61807688299705787  0.62747934805036565
  0.63609060924058047  0.64515798554183179  0.65505233316638078  0.66487185079869837
  0.67460495213660476  0.68442596225277597  0.69495715279835268  0.70617137760708959
  0.71659124063821722  0.72659598598765063  0.73656112352598069  0.74657119142731687
  0.75712274746257757  0.76823999087358497  0.78008062601267780  0.79195545096716269
  0.80319838305024527  0.81440154579693935  0.82472955641665713  0.83502710971202976
  0.84513955996200840  0.85466119046815314  0.86525765554614742  0.87576937416878353
  0.88742617760563902  0.89818199101813623  0.90818818373223498  0.91835703129282797
  0.92940826546056587  0.93938859815639830  0.94852459282554424  0.95759307292381057
  0.96740498650023332  0.97898822165456101  0.98964550162972154  1.00000000000000000
 -0.00342949382688197  0.01092021862884054  0.02347569033209211  0.03565181866385515
  0.04733337848161764  0.05854890978968478  0.06954449871364571  0.07996442337214978
  0.08987499735671481  0.09915832543358695  0.10904123545866769  0.11908235166830206
  0.12891140614445812  0.13860920455074741  0.14861325962371327  0.15921916403456110
  0.16984529644397298  0.17993698663480096  0.18945984358311982  0.19894288270939714
  0.20873924984361722  0.21889409504902629  0.22916286262442204  0.23939225442640449
  0.24994308691535128  0.26127064870092837  0.27377952023149954  0.28686796344544319
  0.29973570673416638  0.31169738646690964  0.32333411845413401  0.33396092318758636
  0.34363019353140051  0.35318812967491287  0.36337279406347928  0.37390659439437784
  0.38437182797767100  0.39472980111252381  0.40587314401781155  0.41810008940781473
  0.43106833441599479  0.44282470491291337  0.45288341953097960  0.46251741521968437
  0.47223244918633767  0.48227709746932557  0.49182117120227609  0.50185499591248528
  0.51303820282195700  0.52473925829208035  0.53682188051143309  0.54821972067606273
  0.55878758274387452  0.56920446384449974  0.57976804978945906  0.59075156759174352
  0.60229570357684525  0.61397498730825839  0.62505693176782606  0.63516925696970383
  0.64495645006920987  0.65535099941814212  0.66561868465865226  0.67524453096127368
  0.68488201054358022  0.69520086518318980  0.70677822287646619  0.71792683650267908
  0.72829085158529638  0.73850362266503367  0.74869647244302751  0.75886724836639130
  0.76893662983560995  0.77932397281971977  0.78967928944472432  0.80020295136781960
  0.81065049722257432  0.82058647329322287  0.82961220254764889  0.83914375471270763
  0.84851572816360921  0.85931677915617111  0.86975095676289627  0.88025523277823436
  0.89037726352793289  0.90037576076601433  0.91090047233917404  0.92196986458316221
  0.93330119841826831  0.94391367333836962  0.95328800595071617  0.96194449730205411
  0.97040826567990701  0.97995750453494457  0.98975541486382868  1.00000000000000000
  0.14425552112109347  0.15950572609077240  0.17341231546416416  0.18576497745824730
  0.19667530353208762  0.20674994774132163  0.21623455727605018  0.22580431299180656
  0.23469838796900591  0.24456799766281964  0.25474079600723976  0.26452933789056732
  0.27460873046951029  0.28622067207678120  0.29846262283567981  0.31081973102579180
  0.32131874796463367  0.33202033185479557  0.34232604361267793  0.35125398948040037
  0.35932595641800419  0.36747844386482403  0.37697444359630100  0.38731413247132668
  0.39723132637134723  0.40662999543325007  0.41644426532492157  0.42638258622031056
  0.43551505004872038  0.44423841578173545  0.45314454491227985  0.46209101615268938
  0.47175138150917184  0.48177064681576259  0.49262928896534336  0.50251064158917103
  0.51133715546541647  0.51987112186183759  0.52862781146549565  0.53806991327912179
  0.54759623896302845  0.55721620980052555  0.56652184312496601  0.57571626849519209
  0.58518628323459965  0.59464285052701948  0.60389243371451073  0.61280445228604008
  0.62185525873458358  0.63126386765133380  0.64006519802621753  0.64837557856985406
  0.65645288426089854  0.66485064887455270  0.67382344065529121  0.68279854987834843
  0.69177985849504220  0.70081581574451357  0.70950037550531286  0.71768149556346139
  0.72574905130519352  0.73335737270932844  0.74071079795178851  0.74842373651473892
  0.75598159201642501  0.76299986836987777  0.77007455587088147  0.77710614685574575
  0.78408387976311844  0.79080943187617425  0.79799513386124277  0.80549595497375281
  0.81275065176018879  0.82014162304364857  0.82748294689390822  0.83519142148921555
  0.84311825874901425  0.85094681422905138  0.85848865322037116  0.86566190159287493
  0.87281967248360226  0.88000229108920702  0.88732586304841121  0.89473998403507726
  0.90180992819695216  0.90893207138030985  0.91597440495637361  0.92304525568503348
  0.93054803174264478  0.93805138087756046  0.94577100380027523  0.95350838403287264
  0.96221778213864106  0.97211472206610550  0.98449468903591264  1.00000000000000000
 -0.02030490523674174  0.13018306601992632  0.18138471145921106  0.21101172485694478
  0.23396828356942651  0.25564417827042274  0.27485984846368938  0.29229077853765595
  0.30809866657798696  0.32326106157093959  0.33767269115518267  0.35078471358496777
  0.36239432994218035  0.37368911458015541  0.38465507124326520  0.39505546792861662
  0.40544056148240493  0.41558078465307158  0.42514468851915282  0.43387848549198454
  0.44249227463399349  0.45108921419169412  0.45938964385291381  0.46741753953977977
  0.47533172152545633  0.48345121350120507  0.49180134526230468  0.49963215823570295
  0.50695879670870980  0.51402009340306254  0.52098668214541766  0.52813268141644565
  0.53504833649384431  0.54189957310017345  0.54857376779756040  0.55519116730085816
  0.56194753198935621  0.56889936448590595  0.57589442537771307  0.58269604196367653
  0.58923954188180894  0.59574820778228443  0.60233902843772125  0.60820578748398579
  0.61356675519203197  0.61881523292300677  0.62401491449785929  0.62914200567176592
  0.63480716834878970  0.64035782115232731  0.64581682495737558  0.65121107380871568
  0.65669080038005045  0.66241294780281756  0.66802607596304697  0.67323168490040430
  0.67819465243307542  0.68309069523772770  0.68820457976364802  0.69343213339212251
  0.69872312066192932  0.70397137645907082  0.70924979083818374  0.71436197503754828
  0.71943917579468353  0.72452172296912531  0.72975167606969282  0.73524406174188062
  0.74088189840750185  0.74645777344989628  0.75188398870765261  0.75722110691809574
  0.76257908690750809  0.76749365019164451  0.77267359017709791  0.77784092320208187
  0.78317932242234600  0.78855679174703153  0.79388707034671135  0.79939750178242219
  0.80525234933608525  0.81167114364183202  0.81826601118230591  0.82477436755951272
  0.83143670215993759  0.83789746499510920  0.84530781577905056  0.85282544113072134
  0.86129939027000579  0.87037137884408722  0.88020969799080961  0.89087532082694154
  0.90339665439416694  0.91928732483527820  0.94232856483520633  1.00000000000000000
   3.1739807768189156E-004  -1.0000000000000000     
 F F F F F F F F F F F F F F F F F F F F F F F F F F F F F F F F F F F F F F F F F F F F F F F F F F F F F F F F F F F F F F F F F F F F F F F F F F F F F F F F F F F F F F F F F F F F F F F F F F F F F F F F F F F F F F F F F F F F F F F F F F F F F F F F
  <DiscreteSampler_grid>
  grouped_processes
  1 # 1 for a reference and 2 for a running grid.
  10 # Attribute 'min_bin_probing_points' of the grid.
  1 # Attribute 'grid_mode' of the grid. 1=='default',2=='initialization'
  0.0000000000000000 # Attribute 'small_contrib_threshold' of the grid.
  0.5000000000000000 # Attribute 'damping_power' of the grid.
 # binID   n_entries weight   weight_sqr   abs_weight
    10   10   5.334171019055384E+002   2.689047421219890E+006   5.334171019055384E+002
    11   10   5.334171019055384E+002   2.689047421219890E+006   5.334171019055384E+002
    16   10   5.334171019055384E+002   2.689047421219890E+006   5.334171019055384E+002
    17   10   5.334171019055384E+002   2.689047421219890E+006   5.334171019055384E+002
    22   10   5.334171019055386E+002   2.689047421219892E+006   5.334171019055386E+002
    23   10   5.334171019055386E+002   2.689047421219892E+006   5.334171019055386E+002
    28   10   5.334171019055384E+002   2.689047421219890E+006   5.334171019055384E+002
    29   10   5.334171019055384E+002   2.689047421219890E+006   5.334171019055384E+002
    34   10   5.334171019055386E+002   2.689047421219892E+006   5.334171019055386E+002
    35   10   5.334171019055386E+002   2.689047421219892E+006   5.334171019055386E+002
    40   10   5.334171019055384E+002   2.689047421219890E+006   5.334171019055384E+002
    41   10   5.334171019055384E+002   2.689047421219890E+006   5.334171019055384E+002
    46   10   5.334171019055384E+002   2.689047421219890E+006   5.334171019055384E+002
    47   10   5.334171019055384E+002   2.689047421219890E+006   5.334171019055384E+002
    52   10   5.334171019055384E+002   2.689047421219890E+006   5.334171019055384E+002
    53   10   5.334171019055384E+002   2.689047421219890E+006   5.334171019055384E+002
    58   10   5.334171019055384E+002   2.689047421219890E+006   5.334171019055384E+002
    59   10   5.334171019055384E+002   2.689047421219890E+006   5.334171019055384E+002
  </DiscreteSampler_grid>
