 -0.00246752761066773  0.00948865363791774  0.01964682347844519  0.03017224357322979
  0.04072874834695215  0.05127295643588328  0.06181698404697248  0.07235608566531861
  0.08289178171970500  0.09342080788547504  0.10394722935220056  0.11448646798406424
  0.12502754097568219  0.13557539217318587  0.14611614210249085  0.15666308512890353
  0.16720598915471785  0.17775758164355707  0.18830117920328612  0.19884823899899148
  0.20939305404985700  0.21994347576184714  0.23048495008010422  0.24101934708313891
  0.25155557055896777  0.26208960838675155  0.27262582150799419  0.28316215603351913
  0.29369701990361152  0.30423301109743112  0.31476144097151104  0.32530214811322317
  0.33583583612519491  0.34636429530657731  0.35688974665248008  0.36742597750210831
  0.37797192019724785  0.38851872814894645  0.39905603576830750  0.40959197604482639
  0.42012871833526522  0.43067313900548004  0.44121085187880771  0.45175069352851471
  0.46229430593117593  0.47284540937665615  0.48339480732154344  0.49394076068437065
  0.50448540590591628  0.51502242808616838  0.52556048797095878  0.53610337275374553
  0.54665053118304530  0.55719472580231733  0.56772907699888864  0.57825781766712558
  0.58878576855614173  0.59932080002168220  0.60985870810378107  0.62039992539972688
  0.63093440345012353  0.64147717256287307  0.65201650228868924  0.66255978610744048
  0.67309913396778209  0.68364468915811716  0.69419233051227203  0.70474317389833119
  0.71528629746109706  0.72583231809759141  0.73637892949989892  0.74692208260933735
  0.75746561827466907  0.76800897264331303  0.77855784938959416  0.78910296666897894
  0.79964776776149027  0.81019808204676802  0.82075354390011035  0.83130914550125445
  0.84186311116243973  0.85241700442769530  0.86296948636700643  0.87351732718623132
  0.88406414406486655  0.89461187232092720  0.90516620327840058  0.91571212343858643
  0.92625671087126893  0.93679929421244146  0.94734897195460532  0.95790467697784298
  0.96844340434040588  0.97897602840945963  0.98949260326506006  1.00000000000000000
 -0.00253001720536168  0.00951150084072660  0.01967351740053709  0.03018854738337139
  0.04073089560944844  0.05128000315197545  0.06183257482891679  0.07238157624666323
  0.08293005365087611  0.09347665909141256  0.10402795400315980  0.11457883263070717
  0.12512308683923121  0.13566213985546993  0.14620225757995908  0.15674683112872545
  0.16729510759741165  0.17784211040573261  0.18838473902540348  0.19892185319982089
  0.20945289346805235  0.21999018396227604  0.23053590690131817  0.24108319417725499
  0.25162413281606039  0.26216169380701060  0.27270057205719228  0.28324072112110615
  0.29377483519521835  0.30430555951524718  0.31484154526232305  0.32538628659319280
  0.33593562604684396  0.34648773586672182  0.35702805645059443  0.36756543438903228
  0.37809793489789673  0.38863398246829001  0.39916967611320581  0.40970811767827936
  0.42024703696812776  0.43078920005327953  0.44133211352251306  0.45187727218395568
  0.46242541728644293  0.47296461293304504  0.48350735594334160  0.49404826566606985
  0.50459692374576548  0.51513921480812830  0.52568220083532191  0.53622591184064716
  0.54677000143186683  0.55730753451986581  0.56784432740191904  0.57838132565860767
  0.58892353906819495  0.59945942776958649  0.60999949988306412  0.62054085561497629
  0.63108783901211396  0.64163646587091239  0.65218555245240184  0.66273073270864935
  0.67326105838749017  0.68379219128819912  0.69430724179645742  0.70483303802101671
  0.71535786163050641  0.72590428775999671  0.73644623760786820  0.74698979092286433
  0.75753181327921515  0.76808447534428104  0.77862909189692420  0.78917628704069320
  0.79972033984064839  0.81026675051097397  0.82080998534132898  0.83134998448854769
  0.84189418552415751  0.85243775246049247  0.86297863195644264  0.87352004853905152
  0.88405513724863749  0.89459068540682152  0.90512508329547159  0.91566729335922548
  0.92621306603605447  0.93675522680758561  0.94729367439138723  0.95782907471674994
  0.96836794870870135  0.97890601483475148  0.98945328679230538  1.00000000000000000
   2.5653827220408009E-008  -1.0000000000000000     
 F F F F F F F F
  <DiscreteSampler_grid>
  grouped_processes
  1 # 1 for a reference and 2 for a running grid.
  10 # Attribute 'min_bin_probing_points' of the grid.
  1 # Attribute 'grid_mode' of the grid. 1=='default',2=='initialization'
  0.0000000000000000 # Attribute 'small_contrib_threshold' of the grid.
  0.5000000000000000 # Attribute 'damping_power' of the grid.
 # binID   n_entries weight   weight_sqr   abs_weight
    10   10   1.322623097372511E+010   1.749331857703254E+020   1.322623097372511E+010
  </DiscreteSampler_grid>
