  0.00000459373178118  0.00000522102543085  0.00000539292886782  0.00000558306948853
  0.00000574162846902  0.00000589584067899  0.00000609137145186  0.00000631434264652
  0.00000654173823773  0.00000679663592641  0.00000708999068065  0.00000742652454282
  0.00000781029849574  0.00000817676270052  0.00000850947364524  0.00000882117456806
  0.00000913396226715  0.00000946659482346  0.00000981976029022  0.00001019634106931
  0.00001056995692611  0.00001093799201170  0.00001134389414969  0.00001176816437592
  0.00001220793478978  0.00001267427380875  0.00001316620474763  0.00001368360047478
  0.00001419108095975  0.00001474214893857  0.00001530889468728  0.00001589032412100
  0.00001644982175064  0.00001699304938519  0.00001755600069103  0.00001815557291091
  0.00001880765559122  0.00001953622660717  0.00002029749143277  0.00002106192892702
  0.00002178074637038  0.00002261253805412  0.00002351225642628  0.00002440678924594
  0.00002535685029742  0.00002650773157631  0.00002780609422172  0.00002915295308692
  0.00003051640218100  0.00003192013194992  0.00003341512975782  0.00003491945882534
  0.00003647277186299  0.00003808446028497  0.00003984764827733  0.00004183247271282
  0.00004395200838801  0.00004613749938199  0.00004841896697677  0.00005077730595763
  0.00005344924606978  0.00005657502797396  0.00005963171867519  0.00006307866337105
  0.00006674920169260  0.00007046511863034  0.00007476922367511  0.00007898561582356
  0.00008377317130019  0.00008893426375025  0.00009455340135000  0.00010095255485199
  0.00010816685386495  0.00011653344336301  0.00012579286122808  0.00013618605079872
  0.00014850930137181  0.00016274626633020  0.00017838060412863  0.00019494487440849
  0.00021285221292941  0.00023587826288287  0.00026528799800930  0.00030413055482072
  0.00034903236152700  0.00040429343207375  0.00046987322831643  0.00055647965572180
  0.00068936449524279  0.00088758511092717  0.00126210769865822  0.00201828091401905
  0.00343817939603001  0.00844813303816116  0.19166738661957122  1.00000000000000000
  0.00000526369004891  0.00000537526327714  0.00000550033816893  0.00000569227792847
  0.00000585125293805  0.00000598993684842  0.00000613206494937  0.00000628339634050
  0.00000643720837706  0.00000660578447526  0.00000678062356955  0.00000697687467541
  0.00000718095779682  0.00000737330890990  0.00000756938727655  0.00000778623090836
  0.00000802803882922  0.00000826150039102  0.00000850447979921  0.00000876620450622
  0.00000903185516282  0.00000929931894425  0.00000958817122019  0.00000990227673692
  0.00001021772412653  0.00001055832036678  0.00001086832248025  0.00001117933578258
  0.00001151632625088  0.00001182575822378  0.00001212169272766  0.00001241797566234
  0.00001285550541975  0.00001337670053241  0.00001396016099725  0.00001459223736404
  0.00001525647394362  0.00001592505071107  0.00001662511685270  0.00001733326861665
  0.00001806374084705  0.00001881255244892  0.00001963445611872  0.00002053509340405
  0.00002143083466880  0.00002241124277341  0.00002348119248239  0.00002465945614910
  0.00002590102598090  0.00002728992638144  0.00002877432063813  0.00003032956106128
  0.00003201113815440  0.00003379664186983  0.00003591145679895  0.00003824106150184
  0.00004062843155660  0.00004305326351944  0.00004572690050970  0.00004866230236306
  0.00005187868207656  0.00005546573580911  0.00005945691458084  0.00006419257583620
  0.00006945553467444  0.00007521760897539  0.00008148800192964  0.00008845593108516
  0.00009677904961668  0.00010620673001089  0.00011619652784533  0.00012733878135561
  0.00013981424302931  0.00015336028987812  0.00016903363855276  0.00018692501816303
  0.00020734166513144  0.00023167216051725  0.00025984288319363  0.00029129893776992
  0.00032988776919061  0.00038001275115555  0.00044415246945726  0.00052381530153789
  0.00061953149078314  0.00073177047335619  0.00087371327469324  0.00110177437245245
  0.00145323761053704  0.00162669051844286  0.00180784991676218  0.00200159320573251
  0.00272571354761923  0.00551473337330667  0.15180580964911855  1.00000000000000000
  0.00000510517025753  0.00000612130017382  0.00000663588410350  0.00000754819256924
  0.00000928619609888  0.00001052354137535  0.00001153306468968  0.00001231292383504
  0.00001296901954361  0.00001359103154363  0.00001413208062499  0.00001478797043319
  0.00001547434136282  0.00001624925858754  0.00001719000945909  0.00001820823051610
  0.00001921831708372  0.00002022231830605  0.00002121170978482  0.00002227973170603
  0.00002336469550886  0.00002452621781757  0.00002575961666624  0.00002695919355853
  0.00002807920773962  0.00002913201502407  0.00003017667408286  0.00003131376860173
  0.00003249647010980  0.00003379583805060  0.00003529875196610  0.00003687117447451
  0.00003854520592026  0.00004032513823468  0.00004212761305345  0.00004392130452582
  0.00004571518845995  0.00004751042216906  0.00004920761376562  0.00005099192797429
  0.00005289967352672  0.00005497393891061  0.00005721203021385  0.00005956002513421
  0.00006193616203337  0.00006428919428049  0.00006659931991424  0.00006900699791174
  0.00007155528576671  0.00007422018027334  0.00007693464357312  0.00007966500795177
  0.00008253470596666  0.00008552717552377  0.00008848840028850  0.00009138465545693
  0.00009470105028071  0.00009814690245540  0.00010159818536327  0.00010532641144564
  0.00010955335596679  0.00011416904277188  0.00011919473104701  0.00012448098174126
  0.00013013192151827  0.00013569676331211  0.00014158653551401  0.00014817865915218
  0.00015546422295199  0.00016261229617758  0.00017083437799339  0.00017912469060393
  0.00018834005956542  0.00019938489389678  0.00021165457755439  0.00022524360455928
  0.00024043651129124  0.00025816550869049  0.00027906805757488  0.00030335575853972
  0.00033049032384929  0.00036223406374027  0.00039723762379912  0.00043792736673252
  0.00048815650959465  0.00055121897441752  0.00063610578390929  0.00075002295026225
  0.00089430805201981  0.00109470470067694  0.00139001625144517  0.00185219998116063
  0.00256987809001106  0.00410320978648159  0.05987693399849285  1.00000000000000000
 -0.00151742235662963  0.00783391428689344  0.01554461464028112  0.02270050331443840
  0.02957136777200388  0.03588346693156814  0.04232174169147025  0.04943454854074645
  0.05723708366787361  0.06645549045273617  0.07518305179774600  0.08432226632738216
  0.09452164654788064  0.10571430806650513  0.11519543631904464  0.12477834085628743
  0.13431736236016104  0.14351804520891098  0.15228931007741528  0.16079533576509686
  0.16939544799040152  0.17800453671142305  0.18655484770187081  0.19544588381779826
  0.20433574446219391  0.21399273864515339  0.22430550918013761  0.23526632964016236
  0.24635469300667140  0.25691725383936059  0.26764173755903953  0.27925336752923330
  0.29114150574789877  0.30270934750907896  0.31437207694023767  0.32633013092841157
  0.33852702381040628  0.35053456067332006  0.36285486307925813  0.37545193374768232
  0.38846242277361887  0.40170764458041708  0.41495696240565871  0.42830964512379349
  0.44232549101486679  0.45712498411227620  0.47141806976239564  0.48352189078993324
  0.49401014193706455  0.50507483246029317  0.51835584706239290  0.53107832206538541
  0.54377827546900914  0.55722919307555285  0.57102216253849924  0.58451019719236130
  0.59732294694239063  0.61011516373881003  0.62321387926532057  0.63649380464151983
  0.64979844225825889  0.66305785012106744  0.67539968892604985  0.68747484538927539
  0.69951815873621059  0.71187666490808443  0.72387044764539499  0.73580405033442631
  0.74738666191623115  0.75912555169724194  0.77108485162223306  0.78401615199968444
  0.79636874488223564  0.80752030773943295  0.81830617737566080  0.82919485114833824
  0.84012464657200991  0.85066955935055344  0.85965608342306787  0.86729054309353160
  0.87457841291360905  0.88176696988426173  0.88898670135685776  0.89618258466202272
  0.90359382862907256  0.91132999819251914  0.91974501484401028  0.92939990488087143
  0.93832028965705416  0.94671869094906236  0.95504375980569822  0.96357647960906034
  0.97244680993355903  0.98132155532761967  0.99089458930631047  1.00000000000000000
 -0.00246872354390722  0.00911174299914253  0.01979608416627236  0.02823138309555000
  0.03743231051047945  0.04597439945765273  0.05418229227770767  0.06271363359685982
  0.07140087432970230  0.08031568324103198  0.09001518896323424  0.10109348354932600
  0.11255440552501585  0.12398306896938822  0.13434620605694214  0.14416346094882609
  0.15455086038684626  0.16516887540815095  0.17559355228294038  0.18627775041051506
  0.19836427812422333  0.20975581921207298  0.22034921743625688  0.23037295957489951
  0.24057163953122557  0.25134824898498220  0.26173289532557364  0.27313990024267432
  0.28621570813736291  0.30022414244752726  0.31350713902782046  0.32552141809953417
  0.33630560720224889  0.34660202311849586  0.35709417281020261  0.36809979239973906
  0.37986046328987944  0.39181781674700017  0.40263351433439815  0.41208304239325139
  0.42156282046212584  0.43103820879716670  0.44050560506999731  0.44967978701743450
  0.45886533585498718  0.46803246199464538  0.47726181782766741  0.48716128432079642
  0.49807377439396228  0.50996881249824921  0.52272905533748626  0.53621000353974246
  0.54903649154987610  0.56044354883623426  0.57118214526925648  0.58201163684886525
  0.59247898445994984  0.60289619192469945  0.61363359051088229  0.62483005646520406
  0.63550293928670776  0.64564014084668175  0.65605605840257497  0.66567605906052330
  0.67476434600275614  0.68369717212545889  0.69242474388022623  0.70147228481827406
  0.71102451568086500  0.72172343190160226  0.73324760373308151  0.74271785196238782
  0.75205486887133177  0.76173749305626604  0.77221466329994548  0.78290557524808457
  0.79327666226776761  0.80488256416813231  0.81702462437334022  0.83007532487176461
  0.84254463347231090  0.85349884633618001  0.86363942718562947  0.87341759290759013
  0.88354094644906389  0.89379187916355540  0.90334831301307050  0.91293090510593977
  0.92324779897529430  0.93462803338521128  0.94706349678528234  0.95965386551232945
  0.97086850564762972  0.98099264402662323  0.99068161611620609  1.00000000000000000
 -0.00292055074073649  0.01200064850649681  0.02328912525671875  0.03437869693485081
  0.04391705555248451  0.05365828287687152  0.06340884217382019  0.07298008669739212
  0.08436991732204790  0.09506655111829901  0.10715994970600135  0.11724401101718762
  0.12695956586862547  0.13674489004180551  0.14660142366367546  0.15699016657649650
  0.16765719434743687  0.17834659303852066  0.18840741498315966  0.19777086330756344
  0.20687715517668195  0.21608280422573239  0.22537473703164096  0.23442993316816624
  0.24371301561305492  0.25386080629100238  0.26431734480525509  0.27445084863263186
  0.28423576536064865  0.29379700433358419  0.30376947068735266  0.31346198662102770
  0.32248888972185846  0.33192458581225093  0.34195648773217585  0.35204151626099467
  0.36259297163635568  0.37253350835783677  0.38283219655737677  0.39387323216361403
  0.40498435311819092  0.41671923444821601  0.42753825151116692  0.43736118216154812
  0.44644604209272387  0.45586104335966693  0.46625884789414035  0.47760120115649712
  0.48838249894663882  0.49852821335290698  0.50888497498308560  0.51915828455874347
  0.52905237025995344  0.53895498954202048  0.54952683933239932  0.55988805998616487
  0.56966266437512025  0.57957407628471969  0.59065211257917971  0.60302572643872399
  0.61546905431333299  0.62792891032296194  0.64071109930981673  0.65268853899640433
  0.66393915687786353  0.67492658824534413  0.68568015919535463  0.69471012339881710
  0.70292067165306649  0.71082472242542649  0.71950832496607386  0.72862165404232071
  0.73857001207707063  0.74884316608287915  0.75987647351506782  0.77070814509448260
  0.78122204860806999  0.79188595138313500  0.80332878244144124  0.81481057104622268
  0.82507911855441796  0.83507632340209514  0.84593971209849472  0.85781452001173142
  0.86969366401569748  0.88131335709003567  0.89274444769188976  0.90386019628395020
  0.91481513926223101  0.92567993292264283  0.93619362664688321  0.94670667645840012
  0.95791822161890949  0.96977597013825856  0.98426289271071876  1.00000000000000000
 -0.00012219735383665  0.00054347806490142  0.00089830860145577  0.00119431922212938
  0.00148137843787682  0.00176713785123877  0.00205107140730965  0.00232838271049428
  0.00259714634965350  0.00287105001146245  0.00313785921587504  0.00339979406372134
  0.00366034314693690  0.00391691661387064  0.00417516088107760  0.00443904854980615
  0.00470693646992184  0.00496485523853122  0.00524403685807692  0.00552388858443134
  0.00581273211179754  0.00607916673598028  0.00633160584873867  0.00657687466736433
  0.00682557068815047  0.00709555251936310  0.00737993566318057  0.00760420065783422
  0.00782291421008341  0.00803292793414151  0.00826636048701957  0.00850683991842732
  0.00874139066778915  0.00897263725738804  0.00921727125587546  0.00947061706425318
  0.00973161567461143  0.01000203587947062  0.01033804434875148  0.01065050322026194
  0.01095164535416137  0.01126325408454766  0.01169850518176627  0.01211411401538092
  0.01236998885320871  0.01258962493450663  0.01279202973093907  0.01299836860742324
  0.01324431372509354  0.01347857407765755  0.01366879440074550  0.01385051025896825
  0.01409920878503630  0.01439589116915328  0.01473812278853048  0.01512550167973557
  0.01562953900765562  0.01624956496388038  0.01675323395096824  0.01723596760016206
  0.01758664218988306  0.01794820577460835  0.01836339379483598  0.01884046178093309
  0.01935710537459180  0.01997761721777366  0.02056146642314293  0.02120830875480991
  0.02194064898374709  0.02366291224479782  0.02691729367989959  0.02880981131805005
  0.03033320453506764  0.03133819276060815  0.03192023129322311  0.03254404955749102
  0.03338174368927960  0.03495221778033329  0.03689358804670023  0.03764825573432139
  0.03804701724138812  0.03844595488850903  0.03884570067646053  0.03925817763199892
  0.03984463013800084  0.04043108264400275  0.04200309680069524  0.04371408753305445
  0.04580064783918576  0.04748986994982477  0.04879453937256274  0.05253486437427205
  0.05711965504489285  0.09704827348622380  0.15343692097433548  1.00000000000000000
 -0.00275841449251490  0.01367867019629284  0.02934444954109204  0.04628247007772862
  0.06144950308576169  0.07505061771901428  0.08765947407236259  0.10031707631128192
  0.11596934885277890  0.13418168904174224  0.15363098311490414  0.17309228622133552
  0.18949297925695913  0.20376036018381069  0.21691002476721710  0.22861252181507882
  0.23931820235535509  0.24949097699265868  0.25960882777743749  0.27025148415892203
  0.28154687561128822  0.29261433383675328  0.30267702258295631  0.31232947721673082
  0.32153311805495344  0.33135640152999962  0.34112341706326987  0.35029477938136810
  0.35863874348141506  0.36649747904910723  0.37442736328584564  0.38253063354879602
  0.39091011117877972  0.39937839443273759  0.40702748054919385  0.41513311652744400
  0.42143950228629706  0.42812387976634342  0.43467305475860435  0.44133851202807489
  0.44766825926151438  0.45383391850419363  0.45978689355471458  0.46555648058458665
  0.47123074846086199  0.47713870369929079  0.48372500708948413  0.49054650508122249
  0.49714402979133482  0.50381035810395314  0.51006895343597070  0.51694960944354040
  0.52374411077974004  0.53036418054616641  0.53660647375528348  0.54244622861879654
  0.54821537884755156  0.55427243265113291  0.56061421713854276  0.56713567371949891
  0.57376600813821732  0.58053558376441583  0.58758808767598880  0.59490262408515426
  0.60223990631145430  0.60920192962119268  0.61632024270629959  0.62333686284992518
  0.63207737812813047  0.64092067674388220  0.64991411831720025  0.65879258084951575
  0.66794492259884819  0.67787250180052616  0.68873517754844693  0.70047840878669398
  0.71236894116215843  0.72396765681106801  0.73560406427196257  0.74751408704719602
  0.75990324751384442  0.77251122096359404  0.78504431253853946  0.79844731599227825
  0.81323292914118339  0.82916862624991261  0.84586243751894397  0.86298546958836919
  0.87985569543476494  0.89569238515292593  0.91119617404453523  0.92828899363380335
  0.94672606685591565  0.96449262592016938  0.98210833176502887  1.00000000000000000
  0.00374493576245026  0.13878148279350516  0.15462212997442676  0.16898679848947343
  0.18662858380215977  0.20365397679801739  0.22134062179920280  0.24080435562045879
  0.26260084163225900  0.28561030697981415  0.30800471145276043  0.32917594844176423
  0.34548291886166510  0.36043329132522878  0.37388315686985646  0.38628179831143172
  0.39711073968722904  0.40707843472222155  0.41746473358768721  0.42784443195743987
  0.43811698820195483  0.44891777630700302  0.46014313692426423  0.47057452870384869
  0.48073629537318546  0.49083619370487430  0.50190087623569046  0.51211587878442832
  0.52178352650600368  0.53088695530651109  0.53979947548140816  0.54850080661329281
  0.55696119576443781  0.56470305910004370  0.57200884206956149  0.57934533242424646
  0.58706779219971761  0.59524763941451952  0.60283757189462006  0.61100677046180274
  0.61887448809237910  0.62687043692301803  0.63457669800931993  0.64204818076501569
  0.64883996110146291  0.65632237798737225  0.66416502525258048  0.67136912072279309
  0.67913063382690764  0.68627428964592374  0.69343331996173729  0.70069492160603364
  0.70831937173894532  0.71620914612766984  0.72438996133509448  0.73323557138463380
  0.74215806406529095  0.75039945343117542  0.75798178579120268  0.76537181325245396
  0.77304929995505567  0.78162324278726825  0.79044433489400223  0.79887146512275320
  0.80686858984656851  0.81453895170523360  0.82211272279240077  0.82978986809529220
  0.83725917181838005  0.84372555790080062  0.85006082415259709  0.85603076678810031
  0.86181335573034989  0.86752440976895784  0.87329111169120954  0.87885807438310115
  0.88427991025962749  0.88964679234161603  0.89508274095282581  0.90056537867939368
  0.90594074078503761  0.91123661954133683  0.91648615819196011  0.92197729636712156
  0.92775237179388681  0.93341574498016100  0.93924155008860022  0.94517211997523642
  0.95109127956600092  0.95695848512279047  0.96291359129835186  0.96878330095572907
  0.97477380557966287  0.98155067931265916  0.98957857602442800  1.00000000000000000
 -0.01879844425796686  0.11090126376231248  0.14743253520477689  0.17043358144949317
  0.18869532437561648  0.20555283220898357  0.22125558672462536  0.23443867365464749
  0.24594335531229858  0.25615437683461717  0.26479246094033476  0.27286801812627087
  0.28102866918508262  0.28947451366721100  0.29790995142294846  0.30610460916918081
  0.31389312259622670  0.32125497512499812  0.32823090673370103  0.33493863568762489
  0.34143771829904429  0.34836820275939018  0.35573494336620448  0.36278185656227580
  0.36956171311533015  0.37571825731692343  0.38179890001672290  0.38797359374482293
  0.39414203450140189  0.40016027071679722  0.40607476128320186  0.41198767971544753
  0.41778949327620540  0.42303949650872691  0.42763362939358407  0.43225867048428318
  0.43711945628513804  0.44247555222989460  0.44839580094850945  0.45398593028590239
  0.45940703464668459  0.46482244074145884  0.47047571655714082  0.47624393100291307
  0.48209185447090636  0.48807575752025423  0.49421135375654507  0.50040610770730720
  0.50663283973521933  0.51284792662316925  0.51895493922616986  0.52482712249710095
  0.53078369411382287  0.53697478984906954  0.54276471035297846  0.54825473791840817
  0.55357196519688934  0.55885975073371286  0.56400355140807035  0.56898511392413076
  0.57394994942023192  0.57959253415663303  0.58539337796395630  0.59119828184811585
  0.59718697942320853  0.60341349368420205  0.60990514265589091  0.61591483129170088
  0.62151631064607016  0.62712471344939813  0.63291292649423248  0.63890940848374644
  0.64530637150352399  0.65227806778906616  0.65918185576933008  0.66595554005695135
  0.67281372655315819  0.67970220843012508  0.68706474786467220  0.69514558860600251
  0.70354085593159310  0.71197751682441190  0.72039698444657418  0.72904430735824310
  0.73807948038558957  0.74722029484935248  0.75658298049629724  0.76648811403674755
  0.77759694772267862  0.78994845115436318  0.80324537209454216  0.81888585296351490
  0.83672532511286013  0.85762962215546235  0.88852713547697149  1.00000000000000000
   5.1591628938751299E-002  -1.0000000000000000     
 F F F F F F F F F F F F F F F F F F F F F F F F F F F F F F F F F F F F F F F F F F F F F F F F F F F F F F F F F F F F F F F F F F F F F F F F F F F F F F F F F F F F F F F F F F F F F F F F F F F F F F F F F F F F F F F F F F F F F F F F F F F F F F F F
  <DiscreteSampler_grid>
  grouped_processes
  1 # 1 for a reference and 2 for a running grid.
  10 # Attribute 'min_bin_probing_points' of the grid.
  1 # Attribute 'grid_mode' of the grid. 1=='default',2=='initialization'
  0.0000000000000000 # Attribute 'small_contrib_threshold' of the grid.
  0.5000000000000000 # Attribute 'damping_power' of the grid.
 # binID   n_entries weight   weight_sqr   abs_weight
    10   10   1.161652140125657E+003   6.172235650405204E+006   1.161652140125657E+003
    16   10   1.161652140125657E+003   6.172235650405206E+006   1.161652140125657E+003
  </DiscreteSampler_grid>
