  0.00000011960265693  0.00000013604455716  0.00000015511430193  0.00000017600169042
  0.00000019661597563  0.00000021869831907  0.00000024695284094  0.00000027560863558
  0.00000030984235789  0.00000035226963857  0.00000039601093108  0.00000045133955037
  0.00000051594511612  0.00000058890282763  0.00000066390076685  0.00000073540990382
  0.00000083370899986  0.00000094109448062  0.00000105031856579  0.00000117625260915
  0.00000130518462910  0.00000144095583046  0.00000158166601362  0.00000172931083724
  0.00000189043734214  0.00000207189069028  0.00000227079318890  0.00000248398868003
  0.00000272112498200  0.00000297249480639  0.00000322116298758  0.00000345562936958
  0.00000371211369392  0.00000397344653293  0.00000426653322107  0.00000467410910479
  0.00000515934135925  0.00000564020706377  0.00000608997889331  0.00000656910647400
  0.00000705180157306  0.00000763706209450  0.00000822796865222  0.00000877464632122
  0.00000931166818075  0.00000982083475655  0.00001037971998688  0.00001096546093419
  0.00001158656381584  0.00001236165785308  0.00001325712093523  0.00001413904297360
  0.00001500150799455  0.00001590127134377  0.00001696855926482  0.00001819005178287
  0.00001940695265529  0.00002062035737647  0.00002182450848646  0.00002311345143757
  0.00002445086366225  0.00002636758245678  0.00002862143124840  0.00003099108432333
  0.00003355553794394  0.00003625915391759  0.00003924238303203  0.00004232234717358
  0.00004529613559554  0.00004858402760280  0.00005210028022695  0.00005618744396041
  0.00006075491929162  0.00006636961917611  0.00007280648412180  0.00007900016517761
  0.00008609922291609  0.00009502602049422  0.00010568560968720  0.00011947049005653
  0.00013366351509319  0.00014971260313851  0.00016822908388120  0.00018994062502640
  0.00021606523626902  0.00024914149909194  0.00029298226667891  0.00034815092754275
  0.00040814331563447  0.00049328058079994  0.00065475908480810  0.00095216599538739
  0.00160888107766451  0.00387977039849693  0.19197552940943935  1.00000000000000000
  0.00000721873367870  0.00000771228309502  0.00000804571651911  0.00000838337116807
  0.00000877915053373  0.00000911942695629  0.00000947865371211  0.00000986507245862
  0.00001043791151418  0.00001127179414720  0.00001219807327257  0.00001306639553031
  0.00001389389562139  0.00001488654785120  0.00001636907327703  0.00001787338006215
  0.00001917018124192  0.00002042770138611  0.00002174179225764  0.00002294568156176
  0.00002433440050263  0.00002589057357896  0.00002776780685982  0.00003011217530785
  0.00003245836115944  0.00003417679963229  0.00003605025430303  0.00003803570530842
  0.00004003188053346  0.00004296097376267  0.00004689251520367  0.00005127473349034
  0.00005641743846200  0.00006165682244228  0.00006666323968393  0.00007086202535075
  0.00007551155822394  0.00008091604156525  0.00008647147343357  0.00009088303190575
  0.00009504114494652  0.00009935912888328  0.00010433884655389  0.00011023156324840
  0.00011579051378779  0.00012160989170198  0.00012753729693720  0.00013385888718767
  0.00014068732520383  0.00014789256640479  0.00015546638872570  0.00016419686594179
  0.00017366862639168  0.00018257388920459  0.00019112279893991  0.00020015345331401
  0.00020879767093380  0.00021739341774451  0.00022645586094183  0.00023541304500589
  0.00024526825391532  0.00025573492805889  0.00026739903241726  0.00028109190194576
  0.00029665913126959  0.00031241665273373  0.00032683668502639  0.00034061585688734
  0.00035596374106289  0.00037101265131184  0.00038753620077091  0.00040681329677751
  0.00042858579016369  0.00045291840243814  0.00047861383378043  0.00050723591019041
  0.00053828075305755  0.00057485819078457  0.00061896222667823  0.00067113343400806
  0.00073306190249873  0.00080476012374540  0.00089044599587514  0.00097900786952332
  0.00107939641831332  0.00120360622425234  0.00139075361924145  0.00162052547259992
  0.00184691823272104  0.00214367310693202  0.00265572250036257  0.00343835143828961
  0.00565384277355203  0.01317727081295836  0.37267230988110250  1.00000000000000000
  0.00000364928817384  0.00001055277083496  0.00001410125336729  0.00001605290890272
  0.00001816786969039  0.00002010176438081  0.00002202595022041  0.00002427399910659
  0.00002676669674690  0.00002914839826239  0.00003164408768802  0.00003454021576630
  0.00003784875478235  0.00004175886615162  0.00004619473946721  0.00005046127745507
  0.00005415218942239  0.00005725726990246  0.00006041140120594  0.00006368443990190
  0.00006726309234965  0.00007112389306894  0.00007523069229848  0.00007887040535233
  0.00008295362221202  0.00008701905799082  0.00009125785129307  0.00009610575267824
  0.00010163844510214  0.00010755934623758  0.00011360202433471  0.00011939282244804
  0.00012508046649420  0.00013093495422735  0.00013721435905935  0.00014415027278209
  0.00015081902586857  0.00015726157601292  0.00016427731292419  0.00017290763556214
  0.00018157210028227  0.00019030572707695  0.00019985852604123  0.00020979127397048
  0.00022054003066690  0.00023418635937711  0.00024842518978679  0.00026490320261009
  0.00028137164821721  0.00029825236355824  0.00031592088923257  0.00033480278013914
  0.00035527545219969  0.00037728336923479  0.00040110344521928  0.00042979962787115
  0.00046351942097401  0.00050047241034367  0.00054019589477601  0.00058230011596480
  0.00062471762620283  0.00066791030689017  0.00070981558502563  0.00075617545475270
  0.00080943235828284  0.00087330699524858  0.00095193467522190  0.00103782019296971
  0.00112131122533834  0.00119663402443887  0.00127909509225749  0.00137788585638857
  0.00149915627311743  0.00163744422751934  0.00178674802349028  0.00195900252573108
  0.00214793443989704  0.00238643133881153  0.00264975582477442  0.00291687732902923
  0.00329320795509144  0.00377762280175271  0.00424891937356897  0.00484621630833303
  0.00525573243293173  0.00582568399481282  0.00632729781177054  0.00692376920456957
  0.00745412464034310  0.00832925437661307  0.01006845831812278  0.01322723527028055
  0.01797357557906035  0.05715984068583357  0.25806960210017571  1.00000000000000000
 -0.00290205372480360  0.01306738698712541  0.02249637793012559  0.03257509354278065
  0.04325876238646860  0.05645276885022082  0.07108454240404539  0.08525906554748340
  0.09900458622205446  0.11339784851710319  0.12794596284864301  0.14254264841525638
  0.15622233341075337  0.16969484092013745  0.18316283052753685  0.19523533774113991
  0.20733153094386658  0.22222593239560290  0.23966695425812284  0.25680616128663297
  0.27213787875888246  0.28587885860727774  0.29900347633116225  0.31194559213154432
  0.32542585611756086  0.33892709923325043  0.35164996085041500  0.36345494816431073
  0.37394303020404340  0.38360148608542444  0.39508447202194186  0.40770664574585985
  0.41944387019986606  0.43111437664448404  0.44357013704700260  0.45917421718353957
  0.47499955289253054  0.49035719628969077  0.50429420333414909  0.51643790407439050
  0.52677571152487745  0.53556703821971419  0.54428599791697085  0.55471917320661945
  0.56653179872916271  0.57915128025014173  0.59058267852090984  0.60311490039479965
  0.61138567646387365  0.61923486880684175  0.62818966100622409  0.63825830338206291
  0.64824810825173373  0.65802454845429392  0.66779121796938778  0.67817945303891336
  0.69044856038499913  0.70317557156900579  0.71635036737006297  0.73003749522240069
  0.74329697018270957  0.75478538006703977  0.76530630369386421  0.77469735805508755
  0.78311824603544411  0.79152661644909816  0.80018023654520365  0.80897764315833942
  0.81793129740518322  0.82640541646798238  0.83350317927509165  0.83990688815178993
  0.84702401527159465  0.85388936919478242  0.86103692803650056  0.86774314824057408
  0.87446754299542895  0.88082316744503286  0.88758921740271324  0.89354552756424144
  0.90012049374390446  0.90658926233638348  0.91217773116484036  0.92100699731195601
  0.92880488912807646  0.93666514041959648  0.94434024568900010  0.95058567373271052
  0.95481272719559851  0.95938719575933118  0.96407776520873190  0.96889464058787556
  0.97494938148928934  0.98263836970972418  0.99100149081864475  1.00000000000000000
 -0.00278221699630271  0.01034443542815761  0.02075878538764597  0.03127085555564941
  0.04200734033164587  0.05246780773778205  0.06188591122785515  0.07097047947260422
  0.08024399302542318  0.09037858228494375  0.10146449448835523  0.11263752661389947
  0.12319252624212333  0.13333735036081679  0.14261762358467661  0.15240293068387634
  0.16358294866451897  0.17448565434659408  0.18351269509895390  0.19195281736193517
  0.20060955672552680  0.21160022679474322  0.22456250072539621  0.23893230516694003
  0.25476816751329495  0.27076630672756302  0.28564115840382220  0.29918774253008018
  0.31226865552597100  0.32563539404616093  0.33810396246303803  0.35015487959618141
  0.36107469023228256  0.37134251196925772  0.38147598009346656  0.39255753969440776
  0.40274274175434555  0.41232712573042046  0.42098904375716845  0.42952084982323080
  0.43955560382268660  0.44971236402428633  0.45953688023923811  0.46982361284333757
  0.48131886323696965  0.49284204275254501  0.50379004787353643  0.51467157790181817
  0.52638781871348128  0.53970884437015576  0.55348960798386959  0.56626841813818729
  0.57870463660316773  0.58972233527543017  0.59912199524852161  0.60787162822175356
  0.61742231055454599  0.62756983285192414  0.63757817244643911  0.64675121467668040
  0.65609958504167265  0.66589507865294562  0.67486059500035622  0.68407731344564804
  0.69170540520312285  0.69952311045199711  0.70912903704002694  0.72124654806941169
  0.73528654493908940  0.74799536756978335  0.75830574538995199  0.76754860766210864
  0.77620470800631602  0.78689558186152619  0.79714782406548235  0.80647210711243822
  0.81546029979407597  0.82401655410183705  0.83317188943837805  0.84477814056558653
  0.85588193316418837  0.86600859491697513  0.87509650700207287  0.88215032091054790
  0.88963473431673157  0.89742890657827279  0.90571325015739657  0.91462849212827713
  0.92436591657527223  0.93500807280529341  0.94619480255001664  0.95711329505766340
  0.96758079117132723  0.97795805792022850  0.98873622613952938  1.00000000000000000
 -0.00177872128231464  0.00814044512946096  0.01688286740169644  0.02796724037856505
  0.04032015235891015  0.05260748077914190  0.06387478813241718  0.07476146634099372
  0.08609317963046310  0.09678357582133156  0.10788448932675816  0.11902557797364405
  0.13202827327497391  0.14655341829127300  0.15854213229851707  0.16896508086891177
  0.17780217932597744  0.18616984458891325  0.19571479272434758  0.20624305955605018
  0.21696588164454128  0.22764384115077341  0.23724581921165863  0.24697250612730395
  0.25730128639120997  0.26763832092140200  0.27748031180129923  0.28696183986372775
  0.29624022801368449  0.30516860746315089  0.31324112963792661  0.32080045567700816
  0.32973545671924209  0.33994002284016389  0.34896154484296193  0.35783033051021218
  0.36701406317037866  0.37658603058950679  0.38655316111283572  0.39655034496853336
  0.40701531780410716  0.41878146922078946  0.43029096662938826  0.44046671973922147
  0.45021980538330386  0.45981845040889474  0.46985072727609040  0.48088177092813705
  0.49214852936205722  0.50370942901284099  0.51586747629949536  0.52945713446335174
  0.54322152553301462  0.55543255417893744  0.56743361812081539  0.57867897612090879
  0.58903833018704266  0.59885563139335041  0.60838264394829278  0.62016098665654396
  0.63212996685974410  0.64390801386710261  0.65530643590197257  0.66630645889767226
  0.67711326011035666  0.68805585011682391  0.69934748717983197  0.71095561801592422
  0.72293856019452729  0.73541877481663365  0.74768860656690816  0.75840067476137973
  0.76875025838974531  0.77946391697088147  0.79012794177843759  0.80043752450577277
  0.81066686598961313  0.82124380410764908  0.83267224324750544  0.84390840736182715
  0.85490068550278719  0.86539268109656653  0.87569061344526611  0.88561439142539289
  0.89496376152567692  0.90500434874349833  0.91573450567798531  0.92693349440417816
  0.93653691582841747  0.94591990476851728  0.95438329230821906  0.96253728690545304
  0.97186693397395507  0.98060720415543112  0.99011184540101449  1.00000000000000000
 -0.00000615781512658  0.00001047474926340  0.00003218051015248  0.00005771597260485
  0.00012170474573529  0.00018675486453896  0.00024903307240573  0.00031242383702472
  0.00037805467268200  0.00045369971438036  0.00053808951773034  0.00062826530794423
  0.00071131947999784  0.00077965884008061  0.00084231594444169  0.00091331510087968
  0.00099095772002936  0.00107263117409216  0.00114983015699036  0.00123034503426688
  0.00131386913442372  0.00140048818102698  0.00152453132111829  0.00165244733691692
  0.00178444317213065  0.00192089486230675  0.00206143078348945  0.00220704349916983
  0.00235934537345241  0.00252025133617568  0.00269037447364403  0.00288118977487796
  0.00308680149806728  0.00330406126422648  0.00351664997250322  0.00371668522458748
  0.00390768015601018  0.00410052790020649  0.00429455815582328  0.00450083439789749
  0.00470421583070115  0.00487766340058008  0.00506521727530473  0.00526177920619421
  0.00548835454551814  0.00572979190546770  0.00588800639605804  0.00605541137596910
  0.00622314002143050  0.00639855068984381  0.00658262985849090  0.00674659553640800
  0.00697193709805135  0.00728391970939337  0.00768665385989337  0.00809096222622955
  0.00849715200585356  0.00882487311314242  0.00916995907751573  0.00952234792458783
  0.00984721348348698  0.01017248905112386  0.01049333606276590  0.01081287607814206
  0.01117102281583942  0.01165183613945206  0.01219942259309140  0.01290627567511645
  0.01361517808329820  0.01421834425257590  0.01475615439797381  0.01534763492386350
  0.01607401377470803  0.01658605144396933  0.01696571098726904  0.01735641321543538
  0.01792713264104119  0.01873774435895120  0.01952926609507904  0.02016930599085060
  0.02075718462638917  0.02141994502972234  0.02247374319555618  0.02386925345843770
  0.02557025763918418  0.02723439728676804  0.02919497682354224  0.03160025767990125
  0.03389502233339829  0.03692751679060811  0.04028448249912702  0.04379410894236235
  0.04782894224063021  0.05413126922652988  0.06766811593051386  1.00000000000000000
 -0.00414466499439329  0.01849838161502359  0.03523669485387350  0.05172295446487783
  0.06668874564245224  0.08105441144986181  0.09351224085903728  0.10551999213514993
  0.11850068761631549  0.13215425394912539  0.14551820329963672  0.15827784161889008
  0.17064107816376592  0.18344950174760422  0.19519939169327660  0.20646110289087077
  0.21620422503396935  0.22539101929376359  0.23384244735359311  0.24227331360764931
  0.25087043523355818  0.25927627661021652  0.26783749909001298  0.27626076282818945
  0.28422874222133049  0.29192882783444585  0.30078644724084441  0.31103254760979115
  0.32089313720730733  0.33067499256082172  0.34051718773150530  0.35090675400172266
  0.36142437593203686  0.37161882357407094  0.38158675086295141  0.39156896748258696
  0.40062269770638015  0.40920644926017702  0.41667572360553845  0.42269174311328894
  0.42932168096391293  0.43675872287055501  0.44442318922005619  0.45420244295887963
  0.46727341941304845  0.47950210370852975  0.48849150620157988  0.49676161094716637
  0.50517818086617183  0.51406779595059393  0.52241008036269498  0.53037312257398062
  0.53892941270368466  0.54688435655721968  0.55564128926579259  0.56476953888163495
  0.57481668231445349  0.58597324745808077  0.59518751761003807  0.60395003932073565
  0.61232096003503800  0.62203046970242504  0.63271755408853481  0.64323242850307771
  0.65367655508184541  0.66422964662864525  0.67278431978505771  0.67982214549161191
  0.68713661561242989  0.69549519093927481  0.70417820922645569  0.71371549185823135
  0.72323091577483667  0.73258292537537695  0.74265425025207088  0.75346271149973243
  0.76317308799959793  0.77122012175869126  0.77900914163449497  0.78728940588110385
  0.79775513560644939  0.80960161218141136  0.82178753267800286  0.83384015217763097
  0.84631464230309350  0.85820556783821622  0.87045987033062033  0.88119018859714970
  0.89400559271805380  0.90608089335896891  0.91957600145070639  0.93531026510649606
  0.95090715053956820  0.96586216050803009  0.98162514948739310  1.00000000000000000
  0.29633855194133196  0.42439928210249583  0.45083829814750709  0.49349100628003378
  0.51545723166761681  0.52538330965767321  0.53731022456787425  0.54957805523722236
  0.55791413587296446  0.56688765983188760  0.57778348441863170  0.58924626086850973
  0.60094340408670976  0.61283214708391676  0.62390785489280487  0.63308851289587253
  0.63904237933349584  0.64528846841912246  0.65224628351953351  0.65969176852652311
  0.66804019720518337  0.67549856148313026  0.68152073678487912  0.68697409632974371
  0.69264699016707942  0.69850332244733504  0.70421829031946792  0.70958133889120256
  0.71497844665572108  0.72099902053100084  0.72746471885794894  0.73376058088546603
  0.73905308353332133  0.74422035195892244  0.74980548080970100  0.75541905969075562
  0.76114076293668476  0.76648255728850434  0.77177407539068099  0.77726741075986228
  0.78270197439235079  0.78715900466077626  0.79172562436516947  0.79613288292553031
  0.80038699021041537  0.80487434497085664  0.80969343311751862  0.81499929235470747
  0.82044198923467615  0.82520448203499364  0.82888434402149813  0.83240176681265099
  0.83598038609318726  0.83971859675196947  0.84400452634094569  0.84814603186940729
  0.85207688500450662  0.85606682687467039  0.85991400552167330  0.86368721921680169
  0.86733802824168427  0.87120525424201267  0.87499899402393588  0.87886574666730466
  0.88302612847716500  0.88731019656091892  0.89162138224316423  0.89558681133211326
  0.89929866261926750  0.90300274837227801  0.90672651798621706  0.91041715003514245
  0.91418115296923574  0.91810712291012120  0.92201992363870056  0.92567811453441307
  0.92949662726027704  0.93293963769733812  0.93689577942313762  0.94077949029069619
  0.94450880825875660  0.94810589844145721  0.95153486932783427  0.95461966573234691
  0.95756384427372576  0.96084579484033494  0.96438128399781042  0.96770789183616202
  0.97111998347880413  0.97447068437815842  0.97778100732961093  0.98117037408775232
  0.98480735747766990  0.98888675242514867  0.99402255969630293  1.00000000000000000
 -0.01307061478252413  0.06489768568598563  0.09104947499792813  0.10808700779555203
  0.12326999172240069  0.13572563642271834  0.14549609496623120  0.15290960204800375
  0.15892758227713416  0.16468696552631093  0.17031151142995421  0.17614388335735837
  0.18304554081991919  0.19003265130263669  0.19635713872523161  0.20240566575730962
  0.20857296714831941  0.21411795357621258  0.21924771357413897  0.22502028533746646
  0.23114145783467238  0.23747010946165001  0.24383244665612019  0.24942689994259756
  0.25472210205620399  0.25956254822620606  0.26505632399690332  0.27036175488754199
  0.27590633589060481  0.28097833259609839  0.28562038687266367  0.29002363162689276
  0.29497957527990443  0.30106305412083323  0.30669120830471752  0.31199065034283724
  0.31727281582197386  0.32304710642881634  0.32919244528053931  0.33569414360476146
  0.34210986366648960  0.34808450351647413  0.35372303935326216  0.35899757492021356
  0.36413340411186396  0.36980832853845030  0.37547552272601548  0.38147867332819962
  0.38777845995526861  0.39422233081145663  0.40055452672056729  0.40645483295268492
  0.41209787217755056  0.41805953099467391  0.42444764099042503  0.43129676004580952
  0.43810663220129709  0.44505625140785365  0.45186180987084962  0.45898865454675719
  0.46562707638270384  0.47110618706959095  0.47642730382321546  0.48204244606292296
  0.48859947214982224  0.49445230437203397  0.49856288884548838  0.50239754380428336
  0.50645600593684792  0.51138623940453676  0.51661309749667816  0.52286637373008948
  0.53017327681321536  0.53753029279986542  0.54514568860879964  0.55275902628620188
  0.56029207146930449  0.56878091590556401  0.57803334040860321  0.58844847159616420
  0.59879257283924925  0.60852964391216668  0.61835235780000253  0.62897977422222784
  0.64065924171215860  0.65384354556215651  0.66936982071479656  0.68591640726545455
  0.70208446390884438  0.71600899362261583  0.72951571774884072  0.74521139311756979
  0.76632501128503561  0.79340248184173501  0.84326954271795684  1.00000000000000000
   5.9289210627209131E-004  -1.0000000000000000     
 F F F F F F F F F F F F F F F F F F F F F F F F F F F F F F F F F F F F F F F F F F F F F F F F F F F F F F F F F F F F F F F F F F F F F F F F F F F F F F F F F F F F F F F F F F F F F F F F F F F F F F F F F F F F F F F F F F F F F F F F F F F F F F F F
  <DiscreteSampler_grid>
  grouped_processes
  1 # 1 for a reference and 2 for a running grid.
  10 # Attribute 'min_bin_probing_points' of the grid.
  1 # Attribute 'grid_mode' of the grid. 1=='default',2=='initialization'
  0.0000000000000000 # Attribute 'small_contrib_threshold' of the grid.
  0.5000000000000000 # Attribute 'damping_power' of the grid.
 # binID   n_entries weight   weight_sqr   abs_weight
    13   10   7.448515150666485E+002   4.945461179663932E+006   7.448515150666485E+002
    14   10   7.448515150666492E+002   4.945461179663945E+006   7.448515150666492E+002
    16   10   6.944555584185420E+002   4.273943864287737E+006   6.944555584185420E+002
    17   10   6.944555584185426E+002   4.273943864287748E+006   6.944555584185426E+002
    22   10   6.944555584185420E+002   4.273943864287739E+006   6.944555584185420E+002
    23   10   6.944555584185429E+002   4.273943864287752E+006   6.944555584185429E+002
    25   10   7.448515150666483E+002   4.945461179663931E+006   7.448515150666483E+002
    26   10   7.448515150666492E+002   4.945461179663945E+006   7.448515150666492E+002
  </DiscreteSampler_grid>
