  0.00000044438425342  0.00000046596491012  0.00000048821780013  0.00000050937512146
  0.00000053026555401  0.00000055645549786  0.00000058367180139  0.00000061220372037
  0.00000063951880403  0.00000066562957431  0.00000069133846612  0.00000071813419399
  0.00000074424299575  0.00000077053689283  0.00000079662392277  0.00000082367859782
  0.00000085139727820  0.00000088207799855  0.00000091853996959  0.00000095498223465
  0.00000099058143578  0.00000102761508561  0.00000106905125417  0.00000111707163548
  0.00000116914891152  0.00000122315984355  0.00000128343191199  0.00000134239215142
  0.00000139770840120  0.00000145050290604  0.00000150649710507  0.00000156873135435
  0.00000163707722796  0.00000170843244585  0.00000178391868091  0.00000187559254269
  0.00000196768036863  0.00000207271127419  0.00000218864409833  0.00000231414961216
  0.00000244249194303  0.00000257650851797  0.00000272478890729  0.00000287622650862
  0.00000303799100512  0.00000319900371524  0.00000336789892363  0.00000354105956985
  0.00000372318554679  0.00000391068271270  0.00000411018064301  0.00000433980900222
  0.00000461225726554  0.00000492118243564  0.00000525260676625  0.00000559107022686
  0.00000595316980303  0.00000636213803407  0.00000682756907811  0.00000737822633137
  0.00000798306520471  0.00000865039174664  0.00000937311268269  0.00001010069548119
  0.00001082861695038  0.00001154119018108  0.00001244443505365  0.00001339843102564
  0.00001456692097317  0.00001584968976635  0.00001736998955104  0.00001908340752587
  0.00002083183274086  0.00002277710566559  0.00002517688674849  0.00002811814431353
  0.00003162484524673  0.00003549869499380  0.00004001910655393  0.00004527855763461
  0.00005132477298803  0.00005882584761286  0.00006877252119430  0.00008183364995398
  0.00009715685005883  0.00011554546348657  0.00013812211528120  0.00016926597336905
  0.00021295333408862  0.00027337349028183  0.00035352534222405  0.00049840998677297
  0.00079677793890511  0.00162325724969085  0.07046433061341364  1.00000000000000000
  0.00000064115786549  0.00000214546567140  0.00000334609055641  0.00000463479067969
  0.00000603729214684  0.00000769256627387  0.00000937708669129  0.00001078424466451
  0.00001218611244703  0.00001374391652294  0.00001589965093269  0.00001802716166958
  0.00002015142277286  0.00002246201520986  0.00002482039923574  0.00002736237229577
  0.00003009251246094  0.00003272063440408  0.00003530910435202  0.00003791159767944
  0.00004058116337992  0.00004329180964363  0.00004609400294335  0.00004871988161720
  0.00005120025011011  0.00005373730651484  0.00005643371784240  0.00005918118386651
  0.00006219125303768  0.00006554260325573  0.00006921243464824  0.00007317352149007
  0.00007794331420230  0.00008292055704701  0.00008817016526081  0.00009399584246972
  0.00010005277261072  0.00010653189126286  0.00011384939489613  0.00012194557196458
  0.00013060270476176  0.00014019767186785  0.00015068305993408  0.00016144510951717
  0.00017272117487391  0.00018506788085575  0.00019783637936997  0.00021347491372082
  0.00023184042768173  0.00025007735523368  0.00026742385436600  0.00028516608254959
  0.00030395796412396  0.00032435659833142  0.00034799425276390  0.00037319001164122
  0.00039872563510889  0.00042824472058383  0.00046044321328907  0.00049387956991588
  0.00053461311949735  0.00057654144799913  0.00062305061723618  0.00067357672932945
  0.00072883670412541  0.00078641645272223  0.00084678236650244  0.00090937930494527
  0.00097635206686967  0.00105155946687329  0.00113306574040579  0.00121850373534307
  0.00130448263145284  0.00139251239887455  0.00149001011747579  0.00159549813587796
  0.00171769668701590  0.00185063043046705  0.00199800796405194  0.00216195449353614
  0.00235608656875044  0.00255266810203551  0.00272810839962017  0.00290218976760970
  0.00309221418538767  0.00332020943039867  0.00366533552006891  0.00410129848336863
  0.00460577768871503  0.00523772158151408  0.00599635163364704  0.00716738056784602
  0.00906308875511847  0.01266444569951977  0.16842136203103050  1.00000000000000000
  0.00000623241991492  0.00000761318962730  0.00000790517101061  0.00000817554508812
  0.00000844661733678  0.00000876452884261  0.00000918135862311  0.00000964806658570
  0.00001014272639687  0.00001068669488039  0.00001124527058896  0.00001186674088643
  0.00001249644990711  0.00001318802357323  0.00001394542899841  0.00001473954067113
  0.00001556647361855  0.00001642465073508  0.00001731857208266  0.00001845746112896
  0.00001963460990758  0.00002067691107207  0.00002162756025220  0.00002269386695013
  0.00002397760144693  0.00002537516675157  0.00002683944750386  0.00002830962424164
  0.00002966515170636  0.00003120432369115  0.00003286000853546  0.00003461392369986
  0.00003662851175849  0.00003849361840400  0.00004061888822565  0.00004287408104672
  0.00004536977396277  0.00004824653529173  0.00005138938471255  0.00005471815801115
  0.00005824529521515  0.00006180289343475  0.00006562459970304  0.00006948342733697
  0.00007353948271407  0.00007780703315244  0.00008207972096483  0.00008610000327232
  0.00008982838729559  0.00009376113600350  0.00009762789137238  0.00010142149893754
  0.00010560286024143  0.00011012963060102  0.00011483056727885  0.00011986264403494
  0.00012515119386293  0.00013075606506282  0.00013670139733257  0.00014283060853714
  0.00014942707272860  0.00015635220386367  0.00016415576088474  0.00017356099848640
  0.00018333056615588  0.00019424392594993  0.00020659225520563  0.00021988167006384
  0.00023547831603974  0.00025298072761378  0.00027245151438587  0.00029335787876376
  0.00031561184043353  0.00034228786650258  0.00037554577853204  0.00041428710015857
  0.00045748101365237  0.00050427888446081  0.00055785885669225  0.00061831530425648
  0.00068350010468793  0.00076348258796322  0.00086139394006965  0.00099695890856760
  0.00119487614447263  0.00149051170352793  0.00190269085445005  0.00220453073453346
  0.00252202693091888  0.00291847860457294  0.00339581112973348  0.00411090928819202
  0.00548912243383252  0.00861781041902188  0.11142631590077262  1.00000000000000000
 -0.00288295449442362  0.01241476820368271  0.02488468307200064  0.03763725360178003
  0.04993060931217665  0.06185519022306619  0.07490150647669992  0.08684915100270969
  0.09804072022583482  0.10971225573134333  0.12238202219531229  0.13452480038876249
  0.14547259097301032  0.15626610443816485  0.16700560459577965  0.17766350808268913
  0.18853322713952592  0.20004116265999786  0.21100507858145620  0.22205256978816995
  0.23299938697827943  0.24330669053250079  0.25292199312185193  0.26097676249515922
  0.26837449165047550  0.27579585239400206  0.28347124616679159  0.29315027036711178
  0.30324817187991393  0.31395172334858606  0.32386912498654652  0.33375570391641568
  0.34366180881144315  0.35323444817111871  0.36426886750087939  0.37591335742587356
  0.38829941985581851  0.40118798381216503  0.41333969983222052  0.42393377509444519
  0.43379363091403100  0.44376991548002542  0.45416460903767925  0.46462953674378238
  0.47529504240523279  0.48531453462933216  0.49451977475383391  0.50364766005559303
  0.51270736537199446  0.52120225795902031  0.52889377415901040  0.53671820771768297
  0.54529448945972392  0.55456020690830743  0.56377704125723993  0.57275283122031662
  0.58165215453613106  0.59074266723318758  0.60028190592292963  0.60975061197060054
  0.61898948941863030  0.62754601488933071  0.63750281755020277  0.64743678892900802
  0.65776437537190291  0.66797690586277514  0.67806702603075542  0.68850302813370434
  0.69870924800858303  0.70827139699787234  0.71710493342099679  0.72611503128528443
  0.73558648647682234  0.74454625812957431  0.75319896706738310  0.76205515714241678
  0.77159305742939610  0.78137357024515330  0.79119154774228406  0.80190297287692891
  0.81358407269602262  0.82632303122850015  0.83827352538803390  0.84959951106689635
  0.85990135541611878  0.87032098452723849  0.88003643396850351  0.88999586298065281
  0.90156725130368975  0.91452829406658298  0.92757873033391125  0.94104313425457486
  0.95587725321331785  0.97141286869341203  0.98565868674616341  1.00000000000000000
 -0.00203511219953336  0.00918631971964693  0.01875820131674655  0.02855227564616718
  0.03786892141482449  0.04824585322959579  0.05996408519761818  0.07166535081542666
  0.08299196183925782  0.09344903696581743  0.10296630926881885  0.11163599442613326
  0.12044895757228948  0.13042495256845471  0.14052154627119359  0.14988741200711958
  0.15873486347847546  0.16823922601014837  0.17841362869780639  0.18865439212224230
  0.19908243940182169  0.21001889536724505  0.22185025687609972  0.23245217864687240
  0.24261120652354531  0.25304373930115109  0.26473556019502859  0.27502406847669092
  0.28509733061861064  0.29545457375179657  0.30726867782528733  0.31906009896633264
  0.33028628558317058  0.34014688890087230  0.34986084319909294  0.35979839435815592
  0.37022291858936190  0.38128471194784141  0.39231522245358424  0.40241857944609472
  0.41338865136642305  0.42308951460096794  0.43329062820230135  0.44356209599801105
  0.45494084201083074  0.46676393049340403  0.47840773409019705  0.48897752418096257
  0.49897939741695357  0.50888028737632318  0.51902126390741521  0.52867086810413799
  0.53778925982803416  0.54693551362853643  0.55553748827377158  0.56469858307609810
  0.57554462161289366  0.58849263375909899  0.60112092820627794  0.61226092876237803
  0.62310815845039014  0.63447199247965358  0.64631835218858247  0.65837729820317137
  0.67072196006987950  0.68264324045917357  0.69372438486725885  0.70435658208230834
  0.71518544090971203  0.72624402541202471  0.73644735811756434  0.74630537855183554
  0.75646629637502638  0.76663459998059280  0.77666195728040588  0.78640592882551186
  0.79684417316902922  0.80806647169204870  0.81895616782908887  0.83005734052532698
  0.84149847122715604  0.85317445118320001  0.86524183470670490  0.87765758727023213
  0.88897175655743343  0.89916589859375950  0.90774413609157922  0.91691815358480244
  0.92686922433963892  0.93767854554071450  0.94865163345861880  0.95971660662417346
  0.97035155417604313  0.98029352229024458  0.98981890249725279  1.00000000000000000
 -0.00259869594333895  0.01474697673933974  0.03202265912783234  0.05229008096686871
  0.07173342186995045  0.08830292895764214  0.10329119574473242  0.11773223280511251
  0.13158134108531433  0.14553542833472213  0.15863947654784366  0.17284219068826490
  0.18731979468248292  0.20272740974119136  0.21663495683127496  0.22880007684051018
  0.23986093489077873  0.25084221923767158  0.26125288638934413  0.27173894737175358
  0.28122648824871671  0.29044294208990856  0.30008203785604226  0.31029644439906551
  0.32063814602179230  0.33077759750183788  0.34111789883338395  0.35098942103587344
  0.36060461155662482  0.37051393973251084  0.38044059008683417  0.39060096215020612
  0.40094297154838154  0.41154458057094057  0.42212280056130114  0.43289322179515288
  0.44338669252089419  0.45411822962117443  0.46471568399677327  0.47506545832185715
  0.48507332769057737  0.49494028411036606  0.50499312610908687  0.51486124522739851
  0.52543778726747148  0.53691641209202978  0.54779585924962482  0.55848519613181491
  0.56921068595347390  0.57995804367854187  0.59035651308917680  0.60009349131940204
  0.61084586071630287  0.62249264053922837  0.63390701908159353  0.64424496818431831
  0.65353231157330816  0.66257743835470739  0.67167654881092820  0.68099216951543740
  0.69049545111307065  0.70020850509036825  0.70968186183129400  0.71928276877284258
  0.72933467505855809  0.74050925492613795  0.75159011956067223  0.76072893301520483
  0.76965241527892003  0.77874095344295380  0.78805383737267221  0.79766811622730593
  0.80711252493537833  0.81613238786294307  0.82452812848611512  0.83252652362877611
  0.84034599676967581  0.84804901869116411  0.85577008600666660  0.86359897048610357
  0.87148641538267890  0.87926572811204873  0.88718512385785275  0.89547435987165869
  0.90419746580700855  0.91282499795307082  0.92065470119788551  0.92781153974517694
  0.93479809842136841  0.94187308413469761  0.94975760860809111  0.95889485105591410
  0.97074684190474680  0.98116524026299090  0.99083322062533830  1.00000000000000000
 -0.00226550748892673  0.00902893502494242  0.01839369559965324  0.02879035544654121
  0.03846061010540556  0.04791163779101511  0.05771755440970285  0.06857076739973314
  0.07896330195575230  0.08942220219455134  0.09935443844978020  0.11172656657310118
  0.12365562000050676  0.13395291502312962  0.14401119350567171  0.15470017077964385
  0.16559265915231117  0.17573205629455385  0.18613930729720707  0.19646416308416620
  0.20661188261365598  0.21610205714418876  0.22572729970181324  0.23582350097798274
  0.24641815821798557  0.25720757683856393  0.26805895257157819  0.27842222114411386
  0.28905533324579064  0.29897411665967821  0.30950889872457293  0.32028668329045851
  0.33046080461853200  0.34024258157454151  0.34989646014892273  0.36013822945612539
  0.37055024842594092  0.38091695721748287  0.39084998550573646  0.40059044198021837
  0.41024717699555491  0.41997798473632963  0.42982692278623363  0.43996019317957491
  0.45043935449970074  0.46077222557693415  0.47222482754416595  0.48401455728362186
  0.49559730867042157  0.50699029666375117  0.51783542589494669  0.52899001866247519
  0.54068443952193757  0.55181976415667211  0.56155740269790400  0.57102225110644755
  0.57982055479694483  0.58972818334419919  0.60115300421912099  0.61302913770134770
  0.62431071804553295  0.63477982340346761  0.64487643737654887  0.65512353474218432
  0.66559533676494920  0.67610537061981812  0.68690260163341033  0.69816744920488849
  0.70962237719445731  0.72098609792185608  0.73185083347667823  0.74169991544650715
  0.75200132880867665  0.76317045483617507  0.77457517436204404  0.78507127815186983
  0.79586321519402869  0.80783700417321602  0.82042011488229161  0.83224893310278081
  0.84211962084239256  0.85181898341975448  0.86130841708459616  0.87239288535914739
  0.88309255032867784  0.89377399784218703  0.90610351111219922  0.91831491346047578
  0.92948129433607996  0.93934978372132283  0.94895160572265291  0.95862769271713100
  0.96826783413895579  0.97856024536172914  0.98852459580848062  1.00000000000000000
 -0.00235289713246312  0.01009537070853878  0.01971024771758629  0.02965417627043930
  0.03874434067637827  0.04799780164877223  0.05737507002058803  0.06892781620580492
  0.08200999888702667  0.09439102658115239  0.10555352864023222  0.11629667068715475
  0.12672241006839949  0.13766800999723444  0.14881363291706703  0.15952722964903007
  0.17049090597635974  0.18154937646450880  0.19214675869327280  0.20234291502204255
  0.21317459023462712  0.22312542739982610  0.23271611650490756  0.24260199901044821
  0.25320703349452189  0.26351699614231927  0.27350108537830620  0.28363519764792983
  0.29341311327628172  0.30284012187293924  0.31282242693076989  0.32473229561774597
  0.33677565544986249  0.34782032927799783  0.35820175009263111  0.36817317346222683
  0.37810469219291371  0.38795883111862223  0.39746236395585161  0.40632301456028974
  0.41484666402402487  0.42342583169842440  0.43212599702714227  0.44089288286900885
  0.44983334012482262  0.45650221473670033  0.46362145009213218  0.47146859166448729
  0.47941141702164347  0.48934091444383127  0.50068019210237047  0.51296100700349179
  0.52623421050233987  0.53866923151875101  0.55093368436207635  0.56340940791164007
  0.57597336105623786  0.58885903796617567  0.60095104337023175  0.61236307669408407
  0.62323522038898549  0.63340353587429743  0.64353749685501338  0.65365156177496042
  0.66354295261439367  0.67371833953479965  0.68428353640411133  0.69549582392158404
  0.70684608819682493  0.72047107527372023  0.73432890943778151  0.74736768309783896
  0.75893429521524525  0.76980268193583445  0.78061823331102542  0.79099568985975899
  0.80096573579010777  0.81063599163494038  0.82025172758323006  0.83029335535025317
  0.84081891874078452  0.85216443179566725  0.86337950690998710  0.87425775346369583
  0.88517538337460155  0.89678641718487373  0.90796486842380453  0.91869645581245940
  0.92863516222863618  0.93907172390219928  0.95099362172450397  0.96231169031066743
  0.97134970378009733  0.98055444609973186  0.98955387349289126  1.00000000000000000
  0.16564781001752418  0.18864560486449294  0.19498386504539048  0.20918251715574476
  0.22274303117859900  0.23212524197832621  0.24059784138002957  0.24794040434867370
  0.25584388997551472  0.26443258463478941  0.27395363463644362  0.28396419248915217
  0.29491129840326596  0.30904113857397864  0.32204696863729404  0.33285659245142896
  0.33861675527620444  0.34540081799490041  0.35268769423943158  0.35954242329424502
  0.36522490881082564  0.37034213398239318  0.37492656541920621  0.37954735283169866
  0.38449947150253305  0.38949933687949650  0.39406175836765411  0.39872265566758469
  0.40374296164767914  0.40866195961727120  0.41355406404623291  0.41906529697336409
  0.42657952300447149  0.43510030828298202  0.44174343631537810  0.44783074506458409
  0.45367520381246140  0.45993278572351287  0.46622265095229876  0.47216591416001125
  0.47790994000719872  0.48324013935222521  0.48856781093567153  0.49432520495105714
  0.50052115759140203  0.50735342434240671  0.51427610398755763  0.52119011585007957
  0.52839376547740546  0.53538314824795319  0.54203167332309410  0.54913394331573073
  0.55677326292488083  0.56431544404651601  0.57184860728896891  0.57926363053766439
  0.58670419122105355  0.59436463446220578  0.60203072165057980  0.60969857845633546
  0.61771816127917245  0.62613990580428036  0.63424855202693176  0.64188491749517274
  0.64981048429482247  0.65787298448184195  0.66608432341288693  0.67440878085819989
  0.68263537769338012  0.69205678385171099  0.70218004148109203  0.71233176634814388
  0.72183292418793688  0.73112753169662492  0.74050116739138827  0.74990805295696206
  0.75974393246382532  0.76961034202596001  0.77897781423927770  0.78831329028253960
  0.79787301915093400  0.80861403160756451  0.81934736362792604  0.82984181262996348
  0.84003378819466246  0.85001248326276757  0.86023170466704069  0.87093119272919950
  0.88232611134484640  0.89453012036229507  0.90728578001935711  0.92067607239986060
  0.93454753035862681  0.95030095507772561  0.96978039301104391  1.00000000000000000
 -0.01550105885015449  0.10120501592854385  0.14006714276202761  0.16494764820579558
  0.18099410602961996  0.19462504166660216  0.20720398466266290  0.21974840063457013
  0.23147960305212825  0.24213838045761393  0.25205197346963315  0.26138104183545702
  0.26996905399664306  0.27746620924833920  0.28458483637790688  0.29150451448600173
  0.29865340702756005  0.30611255010681881  0.31386823987325674  0.32146805698462683
  0.32779017897281948  0.33403613298011225  0.33998795177355901  0.34617831473071897
  0.35272120062789669  0.35915801475231379  0.36559565977814673  0.37180240145096377
  0.37783663493759928  0.38386107469195302  0.38964761627628597  0.39530382298479250
  0.40101929783223589  0.40693173975129682  0.41315207292177025  0.41948816565327812
  0.42585169229418429  0.43204100340288670  0.43779301807520893  0.44322925616998388
  0.44878934671472992  0.45450846510962689  0.46020651355261466  0.46596249691140257
  0.47177637180709336  0.47771138264854601  0.48367148510257718  0.48915570250020551
  0.49484659619302923  0.50067684697718928  0.50652231229042566  0.51224213975300814
  0.51790273210991844  0.52353066553046013  0.52892369556580099  0.53419078765244088
  0.53938736555741373  0.54478498781868367  0.55046651348654263  0.55602992272321383
  0.56165246155478199  0.56765644540633486  0.57408032011206012  0.58108242723972847
  0.58806213714962841  0.59447619737187951  0.59990866518390507  0.60495211203667598
  0.61022495586963976  0.61620836791730471  0.62328828092452748  0.63064048255407212
  0.63884485821551007  0.64688183327367987  0.65516663980076262  0.66314738224488656
  0.67161973891666282  0.68035515574470140  0.68945281333977260  0.69781307194132791
  0.70614958523394811  0.71472611197774760  0.72357508762801537  0.73283355872120781
  0.74296722445420615  0.75442488107618377  0.76660954868678199  0.77763252915999626
  0.78813765391664714  0.79825266864125577  0.80905616245416045  0.82258391410285647
  0.84222225433544218  0.86693276990729662  0.90275774340630188  1.00000000000000000
   5.3371085770276977E-004  -1.0000000000000000     
 F F F F F F F F F F F F F F F F F F F F F F F F F F F F F F F F F F F F F F F F F F F F F F F F F F F F F F F F F F F F F F F F F F F F F F F F F F F F F F F F F F F F F F F F F F F F F F F F F F F F F F F F F F F F F F F F F F F F F F F F F F F F F F F F
  <DiscreteSampler_grid>
  grouped_processes
  1 # 1 for a reference and 2 for a running grid.
  10 # Attribute 'min_bin_probing_points' of the grid.
  1 # Attribute 'grid_mode' of the grid. 1=='default',2=='initialization'
  0.0000000000000000 # Attribute 'small_contrib_threshold' of the grid.
  0.5000000000000000 # Attribute 'damping_power' of the grid.
 # binID   n_entries weight   weight_sqr   abs_weight
    10   10   1.093637646150578E+002   3.065294444347428E+004   1.093637646150578E+002
    16   10   1.082332778696559E+002   3.026951633555995E+004   1.082332778696559E+002
  </DiscreteSampler_grid>
