  0.00000558341007935  0.00000584924429849  0.00000610915164674  0.00000648837043335
  0.00000699889772978  0.00000749035054721  0.00000821515551954  0.00000888049110700
  0.00000962433889857  0.00001039486186872  0.00001120285426212  0.00001204169817054
  0.00001280252139231  0.00001357588828070  0.00001442221376320  0.00001529136970856
  0.00001644680479901  0.00001789536538021  0.00001941732919353  0.00002098456768177
  0.00002269926764703  0.00002458330857937  0.00002662762542816  0.00002890296341134
  0.00003129700340850  0.00003407347249130  0.00003706205481669  0.00004007883062188
  0.00004363494645455  0.00004717707102267  0.00005130704328880  0.00005573249169278
  0.00006043308483234  0.00006525874739759  0.00007011834706613  0.00007533809712014
  0.00008094680677115  0.00008693450979422  0.00009329191236181  0.00009994267082307
  0.00010706449736129  0.00011461067657882  0.00012271483073834  0.00013180932265295
  0.00014120813578364  0.00015147821374428  0.00016232193711339  0.00017331260762754
  0.00018444815586313  0.00019592737265490  0.00020832224993870  0.00022240509120165
  0.00023803599223167  0.00025472532268601  0.00027221848465888  0.00029093956300313
  0.00031065637157047  0.00033061170458748  0.00035192854930496  0.00037566518714367
  0.00040174180868783  0.00043252915933248  0.00046568874402854  0.00050026246939470
  0.00053966575251099  0.00058236856027520  0.00062924886402982  0.00068261045843861
  0.00073808395937759  0.00079347615062966  0.00085026860027072  0.00090759160686413
  0.00096143479179391  0.00102481762772283  0.00109844085001150  0.00119336535358635
  0.00128989810278064  0.00139451305728533  0.00151315284280080  0.00165459345986401
  0.00182744995653824  0.00204753737767990  0.00225423194811668  0.00246027402849102
  0.00268077599786694  0.00294392960744682  0.00328841427009711  0.00370095337778061
  0.00425390972012699  0.00493869568519021  0.00547514309621227  0.00623215161480468
  0.00751382158380981  0.01052031308551613  0.08431527236743457  1.00000000000000000
  0.00000797352427815  0.00000879882899948  0.00000921818870431  0.00000954509603497
  0.00000991915114485  0.00001032113673433  0.00001071998544374  0.00001113952128739
  0.00001156698390962  0.00001197075815411  0.00001237923590127  0.00001280457833357
  0.00001328978935444  0.00001380615348880  0.00001434606303660  0.00001494918558301
  0.00001547754727754  0.00001601026625200  0.00001654767503104  0.00001713099423191
  0.00001777934416170  0.00001844700121028  0.00001914097404887  0.00001988761576289
  0.00002066901252450  0.00002147508935407  0.00002233531811969  0.00002318275954256
  0.00002403469398590  0.00002483835392006  0.00002566547123654  0.00002652085159546
  0.00002737263503821  0.00002823665964561  0.00002917454704619  0.00003024242456676
  0.00003140865525088  0.00003259229604216  0.00003384209553587  0.00003513011161891
  0.00003644721334686  0.00003778549484819  0.00003916880951695  0.00004069883719869
  0.00004226374304907  0.00004403285158163  0.00004584441927082  0.00004778564793653
  0.00004957311000892  0.00005138973570109  0.00005333541091950  0.00005554223698545
  0.00005793264397539  0.00006041040642444  0.00006306294230785  0.00006579508648889
  0.00006866980101515  0.00007189820502733  0.00007529376762931  0.00007878341591456
  0.00008245852478467  0.00008670807098857  0.00009142766973969  0.00009688744769977
  0.00010254551982931  0.00010871161016967  0.00011546344944862  0.00012302576013983
  0.00013109273137635  0.00013931598024921  0.00014792456334729  0.00015736324724132
  0.00016732593479830  0.00017655611200697  0.00018594959114673  0.00019613279490381
  0.00020760486965371  0.00022579824434007  0.00024614844358794  0.00026730629921251
  0.00029206934997068  0.00032440335967987  0.00036622253012800  0.00041622605498847
  0.00047528795498144  0.00054468396175653  0.00062867812810049  0.00074049479684244
  0.00089995889990304  0.00110814140122945  0.00133652170122961  0.00165431403082938
  0.00239013287977763  0.00405040636341170  0.06525792547442796  1.00000000000000000
  0.00000710373450745  0.00000894960377517  0.00001058178527076  0.00001174967737451
  0.00001290403569690  0.00001427065717737  0.00001581029556321  0.00001703859224357
  0.00001815831125535  0.00001944151422106  0.00002103346453383  0.00002272086459805
  0.00002445148804936  0.00002630755918860  0.00002824037798674  0.00003001581651815
  0.00003177178019399  0.00003349417181410  0.00003544009718794  0.00003737725430310
  0.00003936767959284  0.00004142653891276  0.00004361837506594  0.00004592456010485
  0.00004825441512893  0.00005056518918312  0.00005287710273020  0.00005524102136083
  0.00005776956805083  0.00006042732770569  0.00006318366251396  0.00006608295919287
  0.00006898852836901  0.00007192466610130  0.00007499645607486  0.00007821632154871
  0.00008162243216760  0.00008542144458557  0.00008930692697679  0.00009303608755814
  0.00009728811146744  0.00010130430283732  0.00010560077125210  0.00011028855449640
  0.00011521759921877  0.00012043068372372  0.00012595191490798  0.00013157498774774
  0.00013702165746141  0.00014257315986813  0.00014850624725231  0.00015453995035518
  0.00016090986435418  0.00016804012740416  0.00017554385322175  0.00018349546883305
  0.00019207345989689  0.00020202564644242  0.00021240107517081  0.00022400534038696
  0.00023651951693029  0.00024953204140726  0.00026392817543723  0.00027848681026192
  0.00029395002090458  0.00031134560552272  0.00033011828029735  0.00035302058795425
  0.00037717427179779  0.00040493277000218  0.00043263139011803  0.00046382372493837
  0.00049862286975181  0.00052820294345666  0.00055729531925476  0.00058703471719232
  0.00061860946221876  0.00065503438703033  0.00070230629385706  0.00076369138430803
  0.00083319659855398  0.00090960503549813  0.00099436793134093  0.00109359438338920
  0.00121747223990809  0.00134494082860530  0.00149851303473240  0.00165995118022758
  0.00186841241799530  0.00216729096600896  0.00260259923901091  0.00319536794908307
  0.00387238994216440  0.00507083420305929  0.14725007642473334  1.00000000000000000
 -0.00219906628817396  0.01003369981959811  0.01982407067171684  0.02995878215216410
  0.04020316653122406  0.05089395218381389  0.06185430199115055  0.07296682260820635
  0.08228642272976756  0.09240564108483632  0.10270092941596343  0.11385477791721504
  0.12604893524893199  0.13734973953130161  0.14792772187280318  0.15846551757577551
  0.16826393846554596  0.17841277468238614  0.18826257303841529  0.19897998130008734
  0.21019631277736886  0.22135844060720580  0.23278061795571098  0.24406525518862829
  0.25522457797306497  0.26646156869240450  0.27742150422109724  0.28797114360588816
  0.29843082831516210  0.30901098734797644  0.31942863809356076  0.32948181891239681
  0.33972155771912010  0.35091218926443707  0.36235427855941338  0.37364876898975624
  0.38470204765936522  0.39669059508424681  0.40960444079975983  0.42139470304969584
  0.43221780895013484  0.44262435003914463  0.45300201889672115  0.46331178156030167
  0.47364485494479158  0.48425758408356723  0.49505296909519275  0.50584711750787947
  0.51443158734040662  0.52238749084602476  0.53043286190978456  0.53834522740064839
  0.54825994483046581  0.55969188191905450  0.57141283961101774  0.58221833171324877
  0.59298141072816413  0.60418143744945962  0.61695885727328448  0.62951822221025899
  0.63986982383604529  0.64930963964528898  0.65838625359314884  0.66783335864150484
  0.67771122836656061  0.68770411537921494  0.69758658080199898  0.70770453637851771
  0.71728011272834680  0.72761112891849788  0.73685801227581171  0.74584369549267648
  0.75559558346012923  0.76681531455875351  0.77908931356055722  0.79025672186662388
  0.80151239646852390  0.81274560502412818  0.82530532675256763  0.83716331852322368
  0.84861862353543971  0.85906534981215021  0.86925805854441918  0.87940381089667541
  0.88918189309207407  0.89933921586238053  0.90907091394440120  0.91855297102483979
  0.92768545757815868  0.93740327618171793  0.94752214589460493  0.95799173759971112
  0.96835438591353262  0.97842392851338100  0.98920766591863218  1.00000000000000000
 -0.00004580990022045  0.00006265681007006  0.00017112352036057  0.00032140757587211
  0.00049631527926647  0.00064376804673119  0.00075907039527596  0.00087071343009577
  0.00098033272240931  0.00109333546813545  0.00121014939424267  0.00133244267200415
  0.00147644626366399  0.00162508627941390  0.00177363754535439  0.00193447899914869
  0.00210358013132351  0.00228998520962591  0.00247466962477690  0.00265787621083521
  0.00283674046196265  0.00300543592143639  0.00316506888905330  0.00333379707321525
  0.00350506783852687  0.00367985224555254  0.00387641538654553  0.00408767819966865
  0.00430635076865235  0.00452323370431464  0.00476107981715786  0.00499092107731525
  0.00519929930168587  0.00541300040331777  0.00562669295552386  0.00584006096063411
  0.00607893899109492  0.00632114033876626  0.00656880237999847  0.00682371403710414
  0.00710937964537363  0.00735932348944570  0.00759993149056157  0.00784173083866791
  0.00810100404377059  0.00838139271981072  0.00868909411725612  0.00900177820685283
  0.00929468856150181  0.00959089289769103  0.00982398974099410  0.01006024501219679
  0.01030430751508857  0.01060080758001465  0.01093156219049334  0.01129743812124043
  0.01167124067955414  0.01194794314436193  0.01227483756547225  0.01260927561611122
  0.01295370753416201  0.01332587645970540  0.01366752964959905  0.01405582759641511
  0.01444220281855703  0.01485650005574419  0.01536282626500580  0.01586839184786906
  0.01638125780604361  0.01683523389204205  0.01724662091528265  0.01765661364833654
  0.01820691043577760  0.01896143335245295  0.01982387033939421  0.02044287390833589
  0.02105229622266308  0.02176025137174342  0.02272498434706294  0.02388659616626054
  0.02501995991953927  0.02567212455277378  0.02635477120496875  0.02723684828423756
  0.02867396417408808  0.03019076274873778  0.03132110596207607  0.03242900300588451
  0.03418475545127010  0.03714220279898374  0.04034539452700285  0.05132207937511270
  0.06325770613727161  0.07168159539828117  0.48848867780684230  1.00000000000000000
 -0.00243813528768370  0.01396567484491150  0.02758275557822894  0.03973868337899016
  0.05158229928177432  0.06266712141634567  0.07443808521220070  0.08531098285222465
  0.09728899149414776  0.10872457514075212  0.12188290247468674  0.13403807951194355
  0.14656202837150867  0.15787581809002801  0.16916381842613465  0.18045430693425388
  0.19207534811542404  0.20369594936198354  0.21483184760317456  0.22564030170890395
  0.23642676791148587  0.24722802895106127  0.25768314225362882  0.26755214753184686
  0.27628983212324276  0.28455761843001143  0.29251148775596997  0.30079689137766547
  0.30982033992014502  0.31923217688083527  0.32912115655168500  0.33876507849626492
  0.34809090384661201  0.35732936791097841  0.36613172123195403  0.37571574800438973
  0.38471169881185568  0.39387091943765351  0.40330991102464392  0.41249459042250614
  0.42161780026262941  0.43095320028928741  0.44141443996784296  0.45292315289525348
  0.46373342435134324  0.47356471996124039  0.48167245776135459  0.48880011181103422
  0.49649407330707646  0.50392726156014733  0.51144449666831104  0.52258180992619885
  0.53495762126316893  0.54725148917847799  0.55859691461252758  0.56914099252387862
  0.57914233244215274  0.58864411266183359  0.59800794911215560  0.60720644780114863
  0.61715424563165111  0.62770880986788991  0.63901645519147576  0.64970086423770312
  0.65988417512612296  0.67043348746682396  0.68046248385076391  0.69163443814099934
  0.70237993578260849  0.71230631007429512  0.72126786447206226  0.73017905092431890
  0.73871036718590111  0.74804382413983073  0.75715094200967104  0.76661718467648277
  0.77726400887433100  0.78770626617223494  0.79909013043309218  0.81074718995191708
  0.82192137690667055  0.83301752879674229  0.84462541516744394  0.85627070172983155
  0.86733002347533272  0.87791256505973780  0.88827606326549657  0.89925225876666048
  0.91080278114786550  0.92318967879208946  0.93574829416546290  0.94869956120335408
  0.96129988120694465  0.97345618086908781  0.98647258557440753  1.00000000000000000
 -0.00005223929687340  0.00006880790549129  0.00018985510785599  0.00033006233657429
  0.00047417943846620  0.00057409921059621  0.00066408143880812  0.00074559641685156
  0.00082873723057888  0.00091210357008922  0.00099291064864311  0.00107522856254915
  0.00115937918371726  0.00126793730330527  0.00137531118952384  0.00148005901264242
  0.00158735114333847  0.00169706397988732  0.00180776264283007  0.00191951594395638
  0.00203556831716997  0.00214633961786725  0.00225335668349983  0.00236810155144718
  0.00248403168630679  0.00259776123130892  0.00271225344591960  0.00282803355656617
  0.00294516221424092  0.00306302499270641  0.00318527277713675  0.00331867620951338
  0.00347579798859354  0.00363311542684016  0.00379015182377377  0.00394503151835735
  0.00409255843765840  0.00425283956086928  0.00443365429162268  0.00463436141850740
  0.00481916919636680  0.00497473971861623  0.00510612179427070  0.00523338185557668
  0.00535792463565960  0.00549236569302066  0.00562644214376357  0.00575494885598675
  0.00588718969019259  0.00602768575368882  0.00617922291784533  0.00634009522461119
  0.00657819441953083  0.00679728896469049  0.00698622955987613  0.00719560175296926
  0.00738513130126656  0.00765792839022123  0.00793716507358219  0.00822705084137927
  0.00850734569301795  0.00877017075869176  0.00901819950925282  0.00927521476381904
  0.00952806627924189  0.00975855184314175  0.01000442326862819  0.01032274032149420
  0.01055495638499357  0.01078187590899417  0.01097558711226184  0.01118775629211339
  0.01141557493402695  0.01173535158065677  0.01205203203442063  0.01241642341123488
  0.01275287757715241  0.01310671360269619  0.01353278861066407  0.01404835814918175
  0.01504054905261876  0.01622179955185598  0.01751409485703860  0.01830569008539187
  0.02308268647094659  0.02340390901611829  0.02375676849804265  0.02412618342102852
  0.02448837578859817  0.02528997021366714  0.02623838117756790  0.02690040497157243
  0.03150099418778929  0.03305477285349051  0.27506852078115579  1.00000000000000000
 -0.00126095044742307  0.00472727812199812  0.01199054871773900  0.01918191502648437
  0.02864450268132053  0.03902504682048044  0.04917895729248423  0.05845941407738328
  0.06745607790427820  0.07638478213723748  0.08536997524475637  0.09430786430716717
  0.10390368855251683  0.11420339401334502  0.12455655734875534  0.13461551109728032
  0.14482440549039099  0.15464756187660850  0.16405603001568447  0.17256195189925094
  0.18098079615408347  0.18990880462434168  0.19903259414760047  0.20833680046184705
  0.21821684659155291  0.22925902430292727  0.24093373230128984  0.25218850987747604
  0.26306558981470685  0.27393416994538339  0.28526489984661119  0.29715054458999535
  0.30949487890621791  0.32157232874701147  0.33293290453077318  0.34392862756307568
  0.35463339697175855  0.36565687752927128  0.37690500290011558  0.38707073189580637
  0.39704793243809700  0.40719495418395080  0.41862789184426397  0.43141879969402969
  0.44409372001658354  0.45658400294703555  0.46861236751901120  0.48111520511496181
  0.49411115949936990  0.50642275874193887  0.51776725927555645  0.52899502754740457
  0.54008387590067364  0.55054169821367194  0.56112393320834064  0.57305150445994613
  0.58525102324750300  0.59546571529470904  0.60508997880387472  0.61543081612723871
  0.62595137066985540  0.63660384539702575  0.64736656768653023  0.65813942775390011
  0.66878429076971535  0.67951038960216459  0.68991072125247699  0.69995985278220285
  0.71034666318847794  0.72172163239176823  0.73287194413715695  0.74345043821852219
  0.75318566718419455  0.76298216419171605  0.77281434587871067  0.78311227612902623
  0.79351302415336855  0.80435430461475554  0.81573580310876048  0.82724216948138152
  0.83858933104691435  0.84930061700386361  0.85935943016033689  0.86872012439521384
  0.87772818243933004  0.88660179011240892  0.89635571465071917  0.90704000796554374
  0.91767781144790428  0.92830841285493193  0.93953520259475143  0.95127595684812338
  0.96292193821293448  0.97480178940860451  0.98682626430405529  1.00000000000000000
  0.11693577914643438  0.14470112878011965  0.15361831203039089  0.16399332483860862
  0.17506394500856148  0.18652853634603067  0.19661649395870093  0.20563848588873265
  0.21471551224794738  0.22430620828174622  0.23446403678660727  0.24438125297929297
  0.25468518303761273  0.26522128175468557  0.27518111968296322  0.28418790588379833
  0.29271852010959737  0.30118512986030754  0.30963976475403832  0.31801145950644288
  0.32602282012740064  0.33382203157187712  0.34160143106199742  0.34970193177185122
  0.35827489727935258  0.36694165187143951  0.37562443752482927  0.38446956264446436
  0.39333753429226326  0.40205064130351809  0.41085583462335501  0.41985170428922935
  0.42899881445846139  0.43784684207910413  0.44625341389782758  0.45443689215072941
  0.46280876099084700  0.47146468188215718  0.48027563424607617  0.48901968563156706
  0.49785948438162725  0.50641326624900840  0.51467150737553091  0.52275890297796657
  0.53053889911860230  0.53837658096924879  0.54591233296196773  0.55364790701010791
  0.56193204638356997  0.57098323614916824  0.58006695521850837  0.58813396002142670
  0.59589694899412005  0.60369835447654152  0.61131192431437886  0.61853500565961139
  0.62536131506904535  0.63189005493879846  0.63851729647020772  0.64541102746340928
  0.65314233554978851  0.66072439076281309  0.66819639659144092  0.67584685431794422
  0.68410608900287773  0.69322517731098965  0.70186767384350324  0.71011606180008835
  0.71812394017851888  0.72672805841352373  0.73575583248231369  0.74444372406368609
  0.75285661511389135  0.76125115227465578  0.76951853182519825  0.77813425990012430
  0.78642740346396800  0.79465834608112162  0.80288534569684955  0.81106511553705984
  0.81993869909650674  0.82917263533625685  0.83895986846866877  0.84922657071548957
  0.86013213754494122  0.87100422708612413  0.88186330066746554  0.89286474041433905
  0.90416618303720542  0.91603092022658972  0.92756289423678717  0.93830019930682207
  0.94881855995210618  0.95981534458668794  0.97653755747676951  1.00000000000000000
 -0.00993959737966498  0.05485433355878287  0.07771268499178022  0.09205560087524470
  0.10432363945486697  0.11620284508487400  0.12677314583280966  0.13610142108431092
  0.14468434550240641  0.15221472150351295  0.15903505343346278  0.16565058056514786
  0.17235712668358424  0.17877364329808845  0.18507025936334387  0.19129822495267779
  0.19698743629433688  0.20255798326876606  0.20826381760738633  0.21355829371840793
  0.21960737163133268  0.22596140625438760  0.23224471076299008  0.23834704142334839
  0.24425093416595201  0.25008935803348464  0.25599783231044049  0.26163602053217988
  0.26709315015741480  0.27247230136256473  0.27748058109997187  0.28262268329756346
  0.28794674523852415  0.29322205400640788  0.29872367950973561  0.30408456431794278
  0.30951411746435409  0.31525906194164199  0.32141408028490914  0.32775030784330822
  0.33390478776381716  0.34041592691302675  0.34705313809462951  0.35339664992888742
  0.35929654325444377  0.36475496198965990  0.37049179822227074  0.37668911047273734
  0.38294624908439573  0.38918700827483160  0.39538669729890363  0.40193782991729582
  0.40890363523398732  0.41603053661988032  0.42315408770191815  0.43008997315984793
  0.43640297707955056  0.44156264431061248  0.44644257736564141  0.45143475034694053
  0.45634597017398515  0.46130361197408720  0.46860988410296489  0.47519629159782928
  0.48218379647082321  0.48929015746202648  0.49641538484839604  0.50402689810229484
  0.51147868742457181  0.51881585881261605  0.52653888323980225  0.53434596796739908
  0.54254920836574483  0.55140797850302781  0.56079241239619748  0.57067516653430561
  0.58061417942403515  0.59056236444682320  0.60107106794595744  0.61189230817451956
  0.62252393049754162  0.63343967329902573  0.64542626201589515  0.65862790865360243
  0.67227520707155553  0.68574590774620203  0.69944900431958745  0.71333183895365260
  0.72880841932066098  0.74527336877547301  0.76210421417097762  0.78035421763153179
  0.80298189958719202  0.83286771699893958  0.87798744681048979  1.00000000000000000
   4.0092329980947845E-003  -1.0000000000000000     
 F F F F F F F F F F F F F F F F F F F F F F F F F F F F F F F F F F F F F F F F F F F F F F F F F F F F F F F F F F F F F F F F F F F F F F F F F F F F F F F F F F F F F F F F F F F F F F F F F F F F F F F F F F F F F F F F F F F F F F F F F F F F F F F F
  <DiscreteSampler_grid>
  grouped_processes
  1 # 1 for a reference and 2 for a running grid.
  10 # Attribute 'min_bin_probing_points' of the grid.
  1 # Attribute 'grid_mode' of the grid. 1=='default',2=='initialization'
  0.0000000000000000 # Attribute 'small_contrib_threshold' of the grid.
  0.5000000000000000 # Attribute 'damping_power' of the grid.
 # binID   n_entries weight   weight_sqr   abs_weight
    13   10   3.502668153787971E+002   3.778205806303768E+005   3.502668153787971E+002
    14   10   3.502668153787950E+002   3.778205806303697E+005   3.502668153787950E+002
    16   10   3.502668153787970E+002   3.778205806303768E+005   3.502668153787970E+002
    17   10   3.502668153787950E+002   3.778205806303697E+005   3.502668153787950E+002
    22   10   3.502668153787969E+002   3.778205806303764E+005   3.502668153787969E+002
    23   10   3.502668153787951E+002   3.778205806303697E+005   3.502668153787951E+002
    25   10   3.502668153787970E+002   3.778205806303768E+005   3.502668153787970E+002
    26   10   3.502668153787950E+002   3.778205806303697E+005   3.502668153787950E+002
    31   10   3.502668153787970E+002   3.778205806303766E+005   3.502668153787970E+002
    32   10   3.502668153787950E+002   3.778205806303695E+005   3.502668153787950E+002
    34   10   3.502668153787970E+002   3.778205806303768E+005   3.502668153787970E+002
    35   10   3.502668153787951E+002   3.778205806303697E+005   3.502668153787951E+002
    40   10   3.502668153787969E+002   3.778205806303762E+005   3.502668153787969E+002
    41   10   3.502668153787950E+002   3.778205806303695E+005   3.502668153787950E+002
    43   10   3.502668153787970E+002   3.778205806303766E+005   3.502668153787970E+002
    44   10   3.502668153787950E+002   3.778205806303697E+005   3.502668153787950E+002
    49   10   3.502668153787970E+002   3.778205806303765E+005   3.502668153787970E+002
    50   10   3.502668153787950E+002   3.778205806303697E+005   3.502668153787950E+002
    52   10   3.502668153787970E+002   3.778205806303768E+005   3.502668153787970E+002
    53   10   3.502668153787951E+002   3.778205806303697E+005   3.502668153787951E+002
    58   10   3.502668153787969E+002   3.778205806303761E+005   3.502668153787969E+002
    59   10   3.502668153787950E+002   3.778205806303694E+005   3.502668153787950E+002
    61   10   3.502668153787970E+002   3.778205806303765E+005   3.502668153787970E+002
    62   10   3.502668153787950E+002   3.778205806303697E+005   3.502668153787950E+002
  </DiscreteSampler_grid>
