 -0.00246457741078119  0.00973816764124587  0.01996086076460585  0.03048919520364587
  0.04103534575078548  0.05157748736060428  0.06211690784475166  0.07265024305550760
  0.08319174135717380  0.09373910687252995  0.10428043919843856  0.11482150447009572
  0.12536186058383883  0.13591094225706782  0.14645973330022152  0.15699899865603542
  0.16752997481910470  0.17804985615697699  0.18857730076917434  0.19911371247428852
  0.20965556612060043  0.22019139528021281  0.23072237004839566  0.24125998001585788
  0.25179601323952311  0.26233194514518726  0.27286728050113368  0.28341220028349540
  0.29395965668498736  0.30450784649619145  0.31504937759566926  0.32559101803851859
  0.33612802290244076  0.34667032585261276  0.35721436627047665  0.36776546079368827
  0.37830706527916030  0.38885016989404508  0.39938331951709333  0.40992708099436603
  0.42047196116972813  0.43101601822835511  0.44155688389864362  0.45209046452740415
  0.46262884371752205  0.47316015299186104  0.48368417484586967  0.49420720732500562
  0.50473648256371728  0.51527937099030885  0.52582597244866724  0.53637046014497602
  0.54691400678981872  0.55745424814351918  0.56800103462487750  0.57854794059449932
  0.58909117692845614  0.59963427512583234  0.61017755419931741  0.62072071435005516
  0.63126548419756112  0.64181294729715543  0.65235195852006611  0.66288698656729828
  0.67341115689791986  0.68394255203218857  0.69446769238033756  0.70500156323384877
  0.71553970181274040  0.72608607445353701  0.73663262992296885  0.74718509269266742
  0.75772414727994963  0.76825817414109343  0.77879469716481686  0.78933296027575006
  0.79987546546411448  0.81041469711379888  0.82096250082728406  0.83150462975905215
  0.84204458341947930  0.85258576831101296  0.86313004774267199  0.87366405866237407
  0.88419340829018611  0.89472432987408945  0.90525351099776985  0.91579347492423158
  0.92632934740477701  0.93686623938873714  0.94739672106464767  0.95792791317564430
  0.96844587963004702  0.97896537421323204  0.98948256074837038  1.00000000000000000
 -0.00252276313512371  0.00947173931582488  0.01962936923971131  0.03015148853785121
  0.04070317775416855  0.05124302438025947  0.06177927697659483  0.07231811962501357
  0.08286318222483018  0.09341019960518429  0.10395350477925271  0.11449967832593876
  0.12503910700387413  0.13558219167224694  0.14612116554690024  0.15666521651650508
  0.16720661468833828  0.17775383448522988  0.18829302048990090  0.19883528692266958
  0.20937242995930311  0.21991210637888936  0.23044660343980083  0.24098294731623590
  0.25152471829734740  0.26207112017082357  0.27261892618913403  0.28317046201944635
  0.29371668199085144  0.30425415307930892  0.31478617122286162  0.32532342689403732
  0.33586982017747286  0.34641584492409683  0.35695508199368209  0.36748871540647299
  0.37802276200631091  0.38855913291937316  0.39910048286247624  0.40964726565545256
  0.42019549277624735  0.43074356554409476  0.44129233945570912  0.45183206018921712
  0.46237002870020555  0.47290342572033273  0.48344726010683481  0.49399451133643729
  0.50454349359844874  0.51509285118492310  0.52563742937569891  0.53617853750956534
  0.54671697447735879  0.55725350350861003  0.56779589211838111  0.57832846856786591
  0.58886688778032303  0.59940140936283692  0.60994848962089354  0.62048979300539597
  0.63103182957936710  0.64156676477799934  0.65210884605789077  0.66265179178552058
  0.67320212332168738  0.68374755981949109  0.69429137971507426  0.70483501636003199
  0.71538264662722673  0.72592884308332262  0.73647261881465476  0.74701135458820667
  0.75755376898379079  0.76809587454575967  0.77863848814362724  0.78917960643020502
  0.79972298138275821  0.81026980163739271  0.82081281391766192  0.83135774578191934
  0.84189914294762869  0.85244713039615305  0.86299169605102766  0.87353306889844240
  0.88407237524888149  0.89460465434710668  0.90514354144093734  0.91567531981590689
  0.92621336937766752  0.93675401122564717  0.94729946372672824  0.95784586225404678
  0.96838061916913187  0.97891519680672023  0.98945329418627381  1.00000000000000000
   2.5653335341101838E-008  -1.0000000000000000     
 F F F F F F F F
  <DiscreteSampler_grid>
  grouped_processes
  1 # 1 for a reference and 2 for a running grid.
  10 # Attribute 'min_bin_probing_points' of the grid.
  1 # Attribute 'grid_mode' of the grid. 1=='default',2=='initialization'
  0.0000000000000000 # Attribute 'small_contrib_threshold' of the grid.
  0.5000000000000000 # Attribute 'damping_power' of the grid.
 # binID   n_entries weight   weight_sqr   abs_weight
    10   10   1.322623097372511E+010   1.749331857703254E+020   1.322623097372511E+010
  </DiscreteSampler_grid>
