 -0.00242109525502090  0.00954211982529591  0.01971121462612610  0.03023431601177001
  0.04078395027171022  0.05131031047924146  0.06182996251359967  0.07235279635828600
  0.08289253824183233  0.09343962243339896  0.10398676810980448  0.11453397885654540
  0.12508085709545022  0.13561982111863208  0.14615633096629452  0.15669107249435776
  0.16722886536926748  0.17776786577140388  0.18830154345577033  0.19882640919894479
  0.20935208258816337  0.21988526382304771  0.23042824411628426  0.24097359093779067
  0.25151982590260397  0.26206287978765092  0.27260775074325472  0.28314860643991735
  0.29369447476073313  0.30424001539210421  0.31478060438614719  0.32531827651018985
  0.33584685663852143  0.34638047952782258  0.35691713304569223  0.36745859888667370
  0.37800365863109031  0.38854584301397588  0.39909058866602204  0.40963288627591432
  0.42017663278105732  0.43071984977924072  0.44125911690222452  0.45179856509403427
  0.46233761736881107  0.47288314589411751  0.48342546758575489  0.49396946525353819
  0.50451192474299988  0.51505265719294457  0.52559666409583161  0.53614188573347055
  0.54668070319347128  0.55722097219565436  0.56776119038989659  0.57831407345649410
  0.58885949389432601  0.59940042294802498  0.60993176850832520  0.62046289286598544
  0.63099743845128808  0.64153718436330531  0.65207884378526126  0.66262218689412122
  0.67316546273034461  0.68370718782477191  0.69424624100176691  0.70478796806929223
  0.71533622213582915  0.72587847598514399  0.73641723013404758  0.74694977611369273
  0.75748838725474765  0.76803235585082652  0.77858248948272213  0.78912558278263545
  0.79966858114627426  0.81021241255849319  0.82076537467389410  0.83131340772302864
  0.84184775809418111  0.85238283752092592  0.86292454768952465  0.87347076966780868
  0.88401613598926754  0.89456174689363233  0.90511184043632742  0.91565378287670385
  0.92619481998871922  0.93673276661194682  0.94727866538358330  0.95782525695587073
  0.96837239017548504  0.97891320745117272  0.98945424900465351  1.00000000000000000
 -0.00244846721171433  0.00950270480188122  0.01964741654330363  0.03014366136261902
  0.04067589593844158  0.05121895418059492  0.06176279374661823  0.07230396485530503
  0.08284722159497739  0.09339413631259220  0.10394516445132712  0.11449570882764459
  0.12504567233672886  0.13559664453450831  0.14613909868280137  0.15668235377621392
  0.16721943767451203  0.17776569179818827  0.18830648219078339  0.19885085515132081
  0.20939389907660291  0.21994242380627188  0.23049283254908254  0.24104163564065667
  0.25158651085112566  0.26213030371829454  0.27267349229475413  0.28322022289930865
  0.29376417184459186  0.30430629641280377  0.31484883526333240  0.32538974368417900
  0.33593354239957030  0.34647729842957620  0.35701946641145310  0.36756361055313125
  0.37810377054994887  0.38865096918552655  0.39919941024389299  0.40973976090846126
  0.42027919957075421  0.43081730134147928  0.44136731219511482  0.45191469453800986
  0.46246189273558308  0.47300909090313098  0.48355361347904491  0.49409692967557545
  0.50463377832042600  0.51517147687592890  0.52570040857779399  0.53622732344262292
  0.54675971176969962  0.55729201644868764  0.56782867550226290  0.57836429052945526
  0.58890265496415872  0.59943901178046821  0.60997595926226655  0.62051332739855636
  0.63105199401080514  0.64158743152531050  0.65212837371979016  0.66267272628147167
  0.67321735689769979  0.68376338871914788  0.69431038801435174  0.70485885238251633
  0.71540877233777078  0.72594346215337002  0.73647609557580751  0.74699328761873307
  0.75751949993137624  0.76804738004607331  0.77858318151779393  0.78911632680065391
  0.79965238510436742  0.81019342384520376  0.82074315509643625  0.83129089930134858
  0.84183507904741772  0.85237761622242680  0.86291985641574109  0.87346615323087751
  0.88400838296127060  0.89455278546343742  0.90509687980060860  0.91564076866245925
  0.92618390915272730  0.93672641767355003  0.94727164522012031  0.95781697352856809
  0.96836480269938574  0.97891034011030076  0.98945667314836538  1.00000000000000000
   2.5506945246502701E-008  -1.0000000000000000     
 F F F F F F F F
  <DiscreteSampler_grid>
  grouped_processes
  1 # 1 for a reference and 2 for a running grid.
  10 # Attribute 'min_bin_probing_points' of the grid.
  1 # Attribute 'grid_mode' of the grid. 1=='default',2=='initialization'
  0.0000000000000000 # Attribute 'small_contrib_threshold' of the grid.
  0.5000000000000000 # Attribute 'damping_power' of the grid.
 # binID   n_entries weight   weight_sqr   abs_weight
    10   10   1.322623097372511E+010   1.749331857703254E+020   1.322623097372511E+010
  </DiscreteSampler_grid>
