  0.00000477521785305  0.00000510249809682  0.00000529611152052  0.00000551713281202
  0.00000575767396871  0.00000601281618222  0.00000627720449706  0.00000654531829515
  0.00000681130739529  0.00000708766065917  0.00000738061069776  0.00000768523371934
  0.00000800182479753  0.00000835240386137  0.00000872307515211  0.00000908119724492
  0.00000943978474209  0.00000982920304770  0.00001024609933353  0.00001067770425035
  0.00001112892411318  0.00001159674997416  0.00001206434167737  0.00001253244270539
  0.00001301520974315  0.00001351803467160  0.00001404056270073  0.00001457254550779
  0.00001510895000027  0.00001565035821636  0.00001618582177131  0.00001679417456260
  0.00001741170995855  0.00001802052470768  0.00001866476066076  0.00001934886585825
  0.00002006462211531  0.00002083617211269  0.00002168777283418  0.00002262150193196
  0.00002362700217037  0.00002457411514755  0.00002551715921394  0.00002649432490012
  0.00002759719830875  0.00002867614016773  0.00002984557496998  0.00003110824943241
  0.00003247105877536  0.00003391985154807  0.00003543835179886  0.00003699924577591
  0.00003846138841878  0.00004002480029068  0.00004173405062312  0.00004364869520784
  0.00004574295829683  0.00004795515985607  0.00005032093251661  0.00005288784729178
  0.00005559508808794  0.00005842282448473  0.00006136432384118  0.00006467955930981
  0.00006819668683854  0.00007266642134606  0.00007720100981300  0.00008207097380306
  0.00008738533469070  0.00009328048684041  0.00010005786557011  0.00010785340188088
  0.00011678691338341  0.00012689340865249  0.00013801903727986  0.00015010229668009
  0.00016315856954731  0.00017749799866765  0.00019295665915302  0.00021011293232854
  0.00022918668187274  0.00025451592355982  0.00028609441912767  0.00032749923866830
  0.00037746637481239  0.00043992937601526  0.00051953579617300  0.00062164434114168
  0.00075574876896278  0.00095910329520304  0.00128828533741547  0.00187561684316109
  0.00305936868133489  0.00737661487034830  0.09757581745116860  1.00000000000000000
  0.00002790350708789  0.00003531545488510  0.00003949207225604  0.00004353439608611
  0.00004752154722876  0.00005184328068028  0.00005699293898247  0.00006225685926662
  0.00006740163108927  0.00007302772507508  0.00007909066006724  0.00008634506094334
  0.00009348032587128  0.00010150627845519  0.00010952679875829  0.00011862445237221
  0.00012857655570445  0.00013979771906564  0.00015169159895947  0.00016414259105055
  0.00017739225197525  0.00019169249154054  0.00020730454922927  0.00022472062228652
  0.00024315127639407  0.00026191630624930  0.00028099831803749  0.00030130634737465
  0.00032294571142052  0.00034504436861723  0.00036738399119398  0.00039033253085503
  0.00041461636893218  0.00044034444811777  0.00046838810781819  0.00049909475147525
  0.00053291301815552  0.00056988184979344  0.00060668523356651  0.00064319571517483
  0.00068053594699610  0.00072040971119850  0.00076324365007636  0.00080727278161312
  0.00085593910558241  0.00090934210335318  0.00096754253673867  0.00103223391733182
  0.00109317253025432  0.00115521134054514  0.00122665789201785  0.00131119628560036
  0.00139542568274877  0.00147579238320351  0.00155124243909166  0.00162520378632317
  0.00170715036282750  0.00179495709155071  0.00189287885266961  0.00200876348562293
  0.00211533399985679  0.00222020171743435  0.00232547022417050  0.00243696742949575
  0.00256298690473096  0.00267886603400794  0.00279722353178872  0.00291450470927822
  0.00305236561170988  0.00318724042046180  0.00331058950878302  0.00343556480224278
  0.00360271955594379  0.00375051806954411  0.00389219038491575  0.00408468497066993
  0.00431375920398863  0.00459561153703782  0.00507412764455301  0.00564987136553573
  0.00630355880026868  0.00696794261187597  0.00770680652931333  0.00847643444841247
  0.00943216684432751  0.01062106920968177  0.01195384193529714  0.01356863045344477
  0.01575778771589986  0.01717990883962219  0.02011391206704169  0.02487134114991267
  0.03177887932834184  0.03882257725225779  0.13603070077021812  1.00000000000000000
  0.00000523693293923  0.00000575553763076  0.00000631448267464  0.00000689592400347
  0.00000746928831303  0.00000799478224761  0.00000848654521489  0.00000898897995339
  0.00000955190574380  0.00001016303739709  0.00001074525116710  0.00001138272995949
  0.00001202955101071  0.00001284502097466  0.00001375426063516  0.00001471855750949
  0.00001569174552657  0.00001666087874874  0.00001765934492654  0.00001865182021426
  0.00001969302418999  0.00002082548120778  0.00002194381583294  0.00002317805308355
  0.00002446173015163  0.00002579883013997  0.00002711900163177  0.00002843602115771
  0.00002989191891200  0.00003144333221697  0.00003305706324690  0.00003474610638524
  0.00003651309675745  0.00003839392229475  0.00004042182366449  0.00004264970998670
  0.00004488371299046  0.00004733257852272  0.00005000313546712  0.00005286500944446
  0.00005603198684527  0.00005917994854043  0.00006282953199499  0.00006656169493004
  0.00007050024276453  0.00007467287218955  0.00007900627276020  0.00008365960252485
  0.00008882782634820  0.00009458634236133  0.00010069376796670  0.00010707916761429
  0.00011333677273557  0.00012004353126478  0.00012760692655922  0.00013598158393654
  0.00014539204421409  0.00015589518794216  0.00016780245783565  0.00018222506019744
  0.00019875843313448  0.00021677158241805  0.00023673755073333  0.00025736336249316
  0.00027866748109663  0.00030410360639288  0.00032791393014120  0.00035542277700458
  0.00038324865505075  0.00042218345873433  0.00045923646159892  0.00050093153408232
  0.00054908941435777  0.00060555306055876  0.00067201784943327  0.00074973782008124
  0.00083790201850711  0.00092009084327177  0.00101364093763374  0.00112990386206098
  0.00131910974429524  0.00157059460939369  0.00180720308547652  0.00200797947091280
  0.00220667927351240  0.00243558253776404  0.00271813168921516  0.00312463283283425
  0.00373330756008668  0.00469164261102014  0.00598927096566516  0.00756007099786813
  0.01113840651894465  0.02139194830138715  0.16176062988781253  1.00000000000000000
 -0.00285660824920755  0.01167633907081245  0.02336913388262741  0.03450501400349230
  0.04578299365328090  0.05680737968029018  0.06820874329591327  0.07860613039030336
  0.08912516647830215  0.09944319462456017  0.10923792675560255  0.11918986506808370
  0.13032671328034834  0.14322223448153887  0.15556771366614822  0.16654767930175468
  0.17728333527877838  0.18919557029804332  0.20206335936043335  0.21370887679996467
  0.22452213763510548  0.23548830539013138  0.24695530033741128  0.25805064428347596
  0.26901336419086075  0.28081770623877800  0.29314771560995090  0.30545450402843372
  0.31736713449160131  0.32866567113699574  0.33954052555749192  0.35044380160033362
  0.36164511821505813  0.37277401076549033  0.38365228108168087  0.39482722383331598
  0.40598658430821599  0.41682519514789518  0.42736059636867840  0.43796506868953294
  0.44807773434368908  0.45792831815761126  0.46820351131735854  0.47842664469655094
  0.48776810051521613  0.49669053436151345  0.50596043956285974  0.51495833762400989
  0.52375269259632917  0.53237703922227320  0.54170628889123340  0.55214557661462260
  0.56278508915050707  0.57292379350220257  0.58098265249508296  0.58896438330986856
  0.59680576325251078  0.60534027583358652  0.61540518537166222  0.62553541211194308
  0.63585778447463381  0.64577062071734526  0.65565016759749106  0.66538841222880774
  0.67595103446778459  0.68676268359225179  0.69715918814380939  0.70801936455810821
  0.71942136002916857  0.73056713672022333  0.74154615987337136  0.75256864362127562
  0.76408321916892008  0.77555088487483703  0.78705618636836727  0.79902360886974855
  0.81062444189797689  0.82219663580986990  0.83393098561518963  0.84655178204354242
  0.85799833852592489  0.86845605081436339  0.87815367267645639  0.88784796502678509
  0.89726199055038203  0.90634197267961136  0.91513108996111081  0.92382166591604731
  0.93280759236483468  0.94275732287724245  0.95365561111795161  0.96386334608677304
  0.97315920714284310  0.98209736009533977  0.99080869620749767  1.00000000000000000
 -0.00236412938590580  0.00943527115064726  0.02025010376891725  0.03128911235710583
  0.04291735354482416  0.05417075688909075  0.06563067303530425  0.07717203787831246
  0.08852550224594455  0.10007988138983356  0.11136389274414470  0.12281157575870714
  0.13427623056252308  0.14593388639627858  0.15726374428011453  0.16785851899755186
  0.17791624212656995  0.18747121449507079  0.19828926902654109  0.20865657073591432
  0.21940204464106214  0.23044605234676580  0.24199651516654203  0.25299690171894501
  0.26384579822510212  0.27488885109587335  0.28668119451405621  0.29819730131609712
  0.30975653154057009  0.32155107547382344  0.33314734784562089  0.34458378467804934
  0.35551328494435575  0.36623898262042553  0.37714750176256534  0.38782702967905119
  0.39775276716501573  0.40721026723241222  0.41744564306195014  0.42945238804840924
  0.44148598005786516  0.45225415539437525  0.46251232904623235  0.47300902499690689
  0.48319302957545757  0.49299407358885289  0.50309666525794494  0.51412439910454721
  0.52493259622726007  0.53494507486354614  0.54481860843860286  0.55574258808305266
  0.56698047861849177  0.57708145678522327  0.58613250142839124  0.59425653779936150
  0.60313139372484181  0.61370540930808570  0.62468352943000882  0.63564673318173859
  0.64613175808798851  0.65484805929961865  0.66399497225352777  0.67247411273210067
  0.68194338165311807  0.69194181938032751  0.70103330978537426  0.70968795530135376
  0.71985329490577499  0.72994101817089707  0.74165180437329126  0.75359627850604838
  0.76644936635210148  0.77854297395377192  0.79042972810260492  0.80139394113698992
  0.81308422130818825  0.82418661701002049  0.83481588320804534  0.84477296208210728
  0.85438980368356843  0.86367005637234451  0.87321681745428492  0.88349552446972734
  0.89444350751240587  0.90532649371586571  0.91500125281478162  0.92410018650478876
  0.93351660249807566  0.94332186739188917  0.95319783186466611  0.96342551704209323
  0.97354887902284681  0.98261504689826240  0.99153301982457109  1.00000000000000000
  0.00221968355996206  0.00802727625505299  0.01343840516074668  0.01870884581222436
  0.02440687024733677  0.03095882845497528  0.03691707952417984  0.04337237116963578
  0.05093009604732487  0.05945607521460839  0.06779646221547206  0.07584477632758020
  0.08442107749538189  0.09381974443936228  0.10300746046315695  0.11227335489070973
  0.12118988514918065  0.12960587028590095  0.13849808034614314  0.14821978244832781
  0.15869568161684941  0.16929887269576341  0.18075906351716417  0.19186055368924398
  0.20336034189324920  0.21400025054312130  0.22468579413968043  0.23561139792041372
  0.24698933339777679  0.25955154488924498  0.27157541915486982  0.28391605167045986
  0.29637046707939929  0.30969252430901217  0.32274201180051509  0.33602401056077374
  0.34972055952727926  0.36396371451373294  0.37830529017792364  0.39282064403497080
  0.40715048920884089  0.42089012611990073  0.43383796084463566  0.44734371308066984
  0.46164346653481647  0.47535017512958766  0.48904155152186235  0.50288286233501556
  0.51658852505869202  0.53013605081024506  0.54306437627466431  0.55524926889427551
  0.56752177670075088  0.57998165738825491  0.59223314370772417  0.60449102827802748
  0.61733251214867002  0.63016053695623553  0.64267886308644162  0.65531515252676686
  0.66843334285435563  0.68160543611804847  0.69385985298855590  0.70545764166640756
  0.71723888335455832  0.72937335558458460  0.74143725817489425  0.75334148573116988
  0.76507697034552502  0.77657584980879968  0.78780102616691572  0.79931725940590970
  0.81060280934855888  0.82096944010859108  0.83095447280661017  0.84054932449124375
  0.85068116443546604  0.86067239706845233  0.87081009952485577  0.87996600686692106
  0.88854667820945776  0.89632393832826762  0.90441187061544415  0.91221046572021947
  0.92011007764548391  0.92810577464260202  0.93626770110303159  0.94476436729626567
  0.95307747767029394  0.96110179755395442  0.96896170466741960  0.97664176645612077
  0.98479021226847085  0.99009094931615615  0.99513454354400421  1.00000000000000000
 -0.00256869868054553  0.01052049540064537  0.02179855721718446  0.03457461329531250
  0.04597694061623461  0.05711993661373972  0.06802216328442466  0.07901787761232160
  0.08934436319627526  0.09910950412727150  0.10925283252953817  0.12039605777659050
  0.13212230489566185  0.14325551904086342  0.15392710456699310  0.16431402613509394
  0.17505338177575605  0.18655050126929301  0.19850596143839838  0.21045832347204144
  0.22203855889466487  0.23244494993654113  0.24164106878801281  0.25025891011665241
  0.25941541714011340  0.26866843248929556  0.27897557667408024  0.29022372889995240
  0.30176967040794672  0.31283147280279988  0.32287936193314759  0.33306240973614665
  0.34374801147836043  0.35494079187771077  0.36597636192871075  0.37642658357950831
  0.38619229697846535  0.39648383111851099  0.40666113471644089  0.41660108127133394
  0.42550957656181071  0.43446870318777703  0.44480362020942371  0.45502287053289048
  0.46585230247693887  0.47618711601187691  0.48755205214287528  0.49959533498768943
  0.51186998592452848  0.52386830709973653  0.53457007562210490  0.54525322769745921
  0.55663322007500915  0.56781649581090332  0.57870467794475633  0.58984992226806832
  0.60185795141496901  0.61361998582023958  0.62454113720743154  0.63522944648761726
  0.64478585286933676  0.65349328244966243  0.66176987061441828  0.67030483418841358
  0.67999063730122600  0.69110512066196139  0.70228628817436378  0.71291469465811819
  0.72312154302847609  0.73444499280347020  0.74595087380366254  0.75761103888562698
  0.76917098395604055  0.78090920277166465  0.79218666759205170  0.80272198904979297
  0.81331578141496697  0.82405217138292208  0.83527271455691254  0.84636534911942229
  0.85646101670236374  0.86539785224979959  0.87455785382501805  0.88390882494804113
  0.89321247386206282  0.90194120978892822  0.91006966902663211  0.91885297065010740
  0.92888017859471728  0.93899878247501833  0.94901853305382611  0.95936710691474036
  0.97002078125810043  0.98050795547200620  0.99036113403514014  1.00000000000000000
 -0.00231406939421954  0.00997050766919962  0.01926070996489385  0.02912429631377588
  0.03948308526200583  0.05039410001534639  0.06138073224857510  0.07283280872523994
  0.08432308701118420  0.09533097224772838  0.10625829894122445  0.11697327778039397
  0.12702799100376036  0.13658281220661561  0.14649186860132704  0.15688249917195460
  0.16714013793865815  0.17737378709786947  0.18810104676164352  0.19928047897295378
  0.21083997104251173  0.22206430408557820  0.23319138984865309  0.24435631864441060
  0.25540548618124131  0.26600811691970372  0.27654087455406506  0.28766810112042257
  0.30014221968757016  0.31184537560773856  0.32358732039631416  0.33543835374264741
  0.34790379755007061  0.36001174135614344  0.37095105096263764  0.38016783268911014
  0.38884371126538519  0.39753047808213182  0.40639041828930994  0.41505817360340325
  0.42287952294456188  0.43040371045910913  0.43909990248611480  0.44814805251424822
  0.45720851799009138  0.46602301016705777  0.47483324337579841  0.48471018143740985
  0.49558496496792714  0.50581857078867853  0.51558112321795413  0.52549516345333880
  0.53555055327947065  0.54717717072799665  0.55864841499151885  0.57014147785202030
  0.58080106930283903  0.59104777935622776  0.60103477427819774  0.61043930102586330
  0.61969553915733822  0.62938436551839161  0.63951996251651644  0.65073493664805826
  0.66106246808413593  0.67121206293056690  0.68135684982949329  0.69200571839573843
  0.70252533005481022  0.71315873112061723  0.72434268577324279  0.73597246664988480
  0.74778942256707914  0.75927882746943098  0.77047693960497232  0.78193392754441382
  0.79227792035918176  0.80259340605252816  0.81275321849881343  0.82473327606295221
  0.83723940117947027  0.84928813402252734  0.86090840562342918  0.87201722331041975
  0.88255902606935432  0.89303872751284685  0.90427544180218788  0.91565870647943282
  0.92709543359004831  0.93781823066221237  0.94787631694221652  0.95730307306571572
  0.96745083066524928  0.97756612553589584  0.98897127048186173  1.00000000000000000
  0.04158772077436998  0.12674260917803334  0.14213771670542608  0.15400522945194514
  0.16324915425113476  0.17208779674444286  0.18151209293735018  0.19180810796780795
  0.20209987805420399  0.21261464102684507  0.22439775590820343  0.23804204796461681
  0.25195562608280031  0.26479241853149238  0.27678921198686440  0.28785935355775694
  0.29733695819510614  0.30525172941099032  0.31283535892812914  0.32084579786899348
  0.32952343966784209  0.33839160379846800  0.34706694345315026  0.35555560143941806
  0.36400724312217253  0.37195878252486769  0.37955830321483180  0.38710873752866343
  0.39493934296421884  0.40299455365604991  0.41117609426051305  0.41986735881551251
  0.42924456128521815  0.43887041758058304  0.44825430302716840  0.45769297710170809
  0.46732302482256888  0.47704171224027719  0.48682890074617868  0.49654318654421775
  0.50617576641954576  0.51565793154508677  0.52476236339979465  0.53353918243766962
  0.54252591225730817  0.55135867293331997  0.55978918917351450  0.56853602888251398
  0.57753264834442608  0.58689174075516948  0.59612406563649711  0.60548366478248938
  0.61495879420152477  0.62384384954745531  0.63218430475214149  0.64035214735867096
  0.64849775473957150  0.65680156901110809  0.66558950865015065  0.67410574731330630
  0.68267571848303787  0.69125054380470985  0.69956665948394026  0.70737635291732381
  0.71496496011039101  0.72275956563565891  0.73113688926455755  0.74005363785739409
  0.74858050394225650  0.75642079720959488  0.76400651798649122  0.77185611102663343
  0.78026149226225217  0.78926443800577084  0.79859512596693394  0.80785157356568660
  0.81666342633408118  0.82510314380900529  0.83353173851361606  0.84177053306026484
  0.84971986529160115  0.85753123404722642  0.86514003322360056  0.87312555888602184
  0.88121253944588318  0.88952797304814923  0.89809841106605504  0.90639053546607373
  0.91445338985260038  0.92269319081388468  0.93094542753433174  0.94067418694854066
  0.95202836605093033  0.96486951736808435  0.98046198800335826  1.00000000000000000
 -0.02053193424037584  0.13411091886198631  0.18254739578894036  0.21294163878804151
  0.23827713248435248  0.26017364091041173  0.27580698509709889  0.28920677356294211
  0.30143845892755761  0.31621344579859439  0.33054955965155086  0.34251613912502010
  0.35290566776105547  0.36325573001413064  0.37416623570944346  0.38436771685687537
  0.39424900909052485  0.40428513818239969  0.41327354571091662  0.42232666658710311
  0.43132506376098217  0.44102711293249958  0.45018137983738232  0.45864831679644597
  0.46612404598676938  0.47320222562350839  0.48105008574128355  0.48884804835853030
  0.49721518695691902  0.50514215345525959  0.51313711860595657  0.52053080299521015
  0.52738534731190034  0.53363436549846788  0.53948505268785429  0.54512966603350388
  0.55079999681119718  0.55686552802519651  0.56337135220215429  0.57035673446908430
  0.57720087892935679  0.58374526182435527  0.59023496946483700  0.59650637391529204
  0.60261511693886238  0.60844751677531539  0.61424596010457966  0.62020655505122324
  0.62634259103393264  0.63216132769485112  0.63775765513860816  0.64335171271949965
  0.64884049857475601  0.65429519443828621  0.65990951696780942  0.66546779516224552
  0.67128676984452940  0.67682841357535739  0.68204957656378284  0.68685153378055319
  0.69164388595671888  0.69671912684502213  0.70210436123292808  0.70761787966964007
  0.71312626859164663  0.71852645883032373  0.72390425051763252  0.72959206482769035
  0.73484076627992756  0.73990262618632008  0.74472983231254442  0.74968357219496684
  0.75499709118587133  0.76052693421814044  0.76601910475821755  0.77179474428172190
  0.77765939819291685  0.78386794152308237  0.79003276556958912  0.79689704138065254
  0.80391101447247104  0.81054892455843408  0.81678979884731939  0.82272565927285668
  0.82876324208908658  0.83528203587476946  0.84250379628359240  0.84955868842217730
  0.85727917434511591  0.86537687176508538  0.87438483611182094  0.88617056694750862
  0.89956701367116576  0.91647529909527592  0.94248814889767729  1.00000000000000000
   1.2038093403762453E-004  -1.0000000000000000     
 F F F F F F F F F F F F F F F F F F F F F F F F F F F F F F F F F F F F F F F F F F F F F F F F F F F F F F F F F F F F F F F F F F F F F F F F F F F F F F F F F F F F F F F F F F F F F F F F F F F F F F F F F F F F F F F F F F F F F F F F F F F F F F F F
  <DiscreteSampler_grid>
  grouped_processes
  1 # 1 for a reference and 2 for a running grid.
  10 # Attribute 'min_bin_probing_points' of the grid.
  1 # Attribute 'grid_mode' of the grid. 1=='default',2=='initialization'
  0.0000000000000000 # Attribute 'small_contrib_threshold' of the grid.
  0.5000000000000000 # Attribute 'damping_power' of the grid.
 # binID   n_entries weight   weight_sqr   abs_weight
    31   10   2.462029320197758E+001   1.536834573246291E+003   2.462029320197758E+001
    32   10   2.462029320197757E+001   1.536834573246289E+003   2.462029320197757E+001
    40   10   1.522532686862674E+001   6.272737535370103E+002   1.522532686862674E+001
    41   10   1.522532686862673E+001   6.272737535370093E+002   1.522532686862673E+001
  </DiscreteSampler_grid>
