 -0.00240593022069759  0.00964272292755636  0.01982538316869539  0.03035774849141681
  0.04090821607406685  0.05145591418703757  0.06200049855678461  0.07254341941709683
  0.08308793054501348  0.09363383631773242  0.10418203393815739  0.11471970671637113
  0.12526011492146186  0.13579542899725247  0.14633028803139972  0.15686339346665029
  0.16739396200704276  0.17793460674949788  0.18846572284661889  0.19900212232442557
  0.20953750079247482  0.22008245567411530  0.23062417180850897  0.24116487419344060
  0.25170376345876283  0.26224346750784938  0.27278637086382651  0.28333041966321870
  0.29387836104296461  0.30442439927066767  0.31496848047969611  0.32550563806709304
  0.33604010064899081  0.34657840330975770  0.35711880448190847  0.36765979191486825
  0.37819903791988557  0.38873994600384210  0.39928020238858991  0.40982026502696256
  0.42035227349407772  0.43089002462607728  0.44141976880029149  0.45196130028202613
  0.46249711290531409  0.47304228543025578  0.48358607685964544  0.49412737259623019
  0.50466242634092962  0.51519617739613377  0.52573411794449298  0.53626908798006123
  0.54680684232847210  0.55733580132951921  0.56787045579624973  0.57839948406189534
  0.58893441315166284  0.59946542085428667  0.61000280575382693  0.62054193850646810
  0.63108752804924884  0.64163196694447477  0.65217982817542808  0.66272561102851335
  0.67326714381055752  0.68380395483482304  0.69434574037392427  0.70487741065962872
  0.71541510707435585  0.72595154589870370  0.73649771152993382  0.74703640476688493
  0.75756959016903413  0.76810592470065375  0.77864336344609342  0.78918125132599415
  0.79971933129511308  0.81026087378090605  0.82080724919117209  0.83134850822067630
  0.84188896589810081  0.85242570872439938  0.86296568170286581  0.87350453046329246
  0.88404776750513114  0.89458937543036987  0.90513354897721410  0.91567644304199736
  0.92622083849962433  0.93676175132309314  0.94730404609237162  0.95784336078765120
  0.96838103430982458  0.97891462798200113  0.98945485369417063  1.00000000000000000
 -0.00241918860933734  0.00966816715102275  0.01987632360650799  0.03040211781141603
  0.04094671553090787  0.05148985878123746  0.06203463390687564  0.07257901801059953
  0.08312106330485397  0.09366055298585653  0.10419721773555728  0.11473167760432521
  0.12527056864217148  0.13580792943176920  0.14633751355036306  0.15686928900626937
  0.16740653774476869  0.17795635008675068  0.18849774726718940  0.19903801205550686
  0.20957397399622041  0.22011831666477280  0.23066459317340438  0.24120701385875748
  0.25174085597427054  0.26226602666919024  0.27279969977174401  0.28333646029462511
  0.29388110106950077  0.30442446783602006  0.31496966629453971  0.32550408946209769
  0.33604007836270161  0.34657849854903067  0.35712665467176535  0.36767021094632463
  0.37820614964521876  0.38874090640940218  0.39927799425896360  0.40982604711709958
  0.42036024860462773  0.43088526885873218  0.44140951557424657  0.45194398998899876
  0.46248268412471816  0.47301883409936069  0.48356108572053313  0.49410989602822214
  0.50465907320391390  0.51520377791019745  0.52574394029542471  0.53627609554921596
  0.54681280034940749  0.55734652783418803  0.56788786497993227  0.57842615420476740
  0.58897021122755155  0.59950412055554525  0.61003724525460834  0.62057247455337483
  0.63110431751908846  0.64163072190737069  0.65215792031846942  0.66269914808647845
  0.67324444240813963  0.68378435595918674  0.69432368699209179  0.70486569361100115
  0.71540934780912824  0.72595256926178331  0.73649842318998382  0.74704512145705548
  0.75759348358495604  0.76813992593355207  0.77868655382520779  0.78923281518886057
  0.79977504592983617  0.81031681505578690  0.82085779899300626  0.83139508590315681
  0.84192961599819904  0.85246008998415035  0.86299669200213469  0.87352679934957367
  0.88406069927747311  0.89459715267581752  0.90514294909505111  0.91567861891292612
  0.92621645999876745  0.93675457734969036  0.94730307655336199  0.95784611469580461
  0.96837644440319115  0.97890945373597726  0.98944702265721662  1.00000000000000000
   2.5515700445263329E-008  -1.0000000000000000     
 F F F F F F F F
  <DiscreteSampler_grid>
  grouped_processes
  1 # 1 for a reference and 2 for a running grid.
  10 # Attribute 'min_bin_probing_points' of the grid.
  1 # Attribute 'grid_mode' of the grid. 1=='default',2=='initialization'
  0.0000000000000000 # Attribute 'small_contrib_threshold' of the grid.
  0.5000000000000000 # Attribute 'damping_power' of the grid.
 # binID   n_entries weight   weight_sqr   abs_weight
    10   10   1.322623097372511E+010   1.749331857703255E+020   1.322623097372511E+010
  </DiscreteSampler_grid>
