  0.00000634107216388  0.00000656007564234  0.00000684356311818  0.00000712201080252
  0.00000740206699253  0.00000767606858533  0.00000797445965489  0.00000837661543105
  0.00000888805479891  0.00000939916060114  0.00000985766603553  0.00001027057543506
  0.00001067632720499  0.00001112189730017  0.00001161864551135  0.00001215962021548
  0.00001271305113741  0.00001328130718855  0.00001385689312585  0.00001441566161899
  0.00001493002850743  0.00001540810789441  0.00001591447944471  0.00001646120340739
  0.00001702240300147  0.00001760255061257  0.00001819730357118  0.00001883895517351
  0.00001947245199283  0.00002014615841661  0.00002082266109769  0.00002151658200949
  0.00002226673832533  0.00002305392303745  0.00002382459295894  0.00002460780350770
  0.00002546097751848  0.00002645075748194  0.00002752176793374  0.00002856061528363
  0.00002976739752471  0.00003111939042833  0.00003247367197729  0.00003384161057952
  0.00003551361251092  0.00003749244976687  0.00003955230438760  0.00004167760745370
  0.00004383141833920  0.00004587943917368  0.00004794733083602  0.00005006204954982
  0.00005234408628478  0.00005471867516063  0.00005721573269491  0.00005967014323681
  0.00006226106290366  0.00006489764392074  0.00006752229870419  0.00007048400339292
  0.00007380547408793  0.00007712140482575  0.00008043414564394  0.00008394858124097
  0.00008767315217572  0.00009169750442232  0.00009616706975203  0.00010103745340918
  0.00010610618015854  0.00011109046367715  0.00011619498961642  0.00012146912220085
  0.00012696704334809  0.00013318432503258  0.00013998570966402  0.00014748628602435
  0.00015508454659322  0.00016296894140083  0.00017243981769306  0.00018239704977086
  0.00019338537007279  0.00020619958549262  0.00022153969218576  0.00023924340290932
  0.00025876185527882  0.00028055889564999  0.00030870811682944  0.00034850945430921
  0.00040992568572694  0.00050486142117887  0.00064733443389161  0.00088743496534556
  0.00144913706637627  0.00390238476187600  0.22111305920234381  1.00000000000000000
  0.00000836937787871  0.00004143456817612  0.00006278541981345  0.00008842265970444
  0.00011646639028512  0.00015273722438669  0.00019301034681556  0.00023100409443553
  0.00028077773010555  0.00036970924479988  0.00047383506700519  0.00057879033586975
  0.00067649630819426  0.00075501535444222  0.00081661439135382  0.00087891529933286
  0.00093747446484306  0.00099741698430719  0.00105592951955667  0.00111505512792260
  0.00117029538228171  0.00122235059946847  0.00127276376752416  0.00132068978695146
  0.00136538850752359  0.00140758578760261  0.00144856497114909  0.00149116030918369
  0.00153503300237216  0.00158152587761514  0.00162957942856391  0.00168100789568241
  0.00173263614657130  0.00178306795138852  0.00183342714051929  0.00188469938188599
  0.00193722033158262  0.00199111651666164  0.00204677999277696  0.00210412886290414
  0.00216355761123142  0.00222825551594653  0.00229250901644231  0.00235636372622808
  0.00242073358833361  0.00248507751727723  0.00254814205617948  0.00261156791368074
  0.00267750719340040  0.00274620515592329  0.00281773108398796  0.00289443023671728
  0.00297428172199200  0.00305284207216188  0.00312968475885074  0.00320903501157069
  0.00329733993413927  0.00339602863017272  0.00350436232968889  0.00362475395209029
  0.00375897548322821  0.00390984940081985  0.00405516582544349  0.00419018943290683
  0.00432101294666441  0.00446350488722688  0.00462492247313321  0.00479493442173943
  0.00495638263816532  0.00514269430499572  0.00533004542703169  0.00552591175561777
  0.00574721160241125  0.00601117152651533  0.00629511871641945  0.00660961820157471
  0.00697092971049346  0.00737677773034559  0.00785064697241625  0.00838566140481775
  0.00889197381651012  0.00936477487006943  0.00987341575378394  0.01046376310377835
  0.01132071888454479  0.01236807754691810  0.01352986628336021  0.01467239370386602
  0.01587903542028839  0.01725673774661159  0.01903317455250224  0.02130182927802167
  0.02458032059217791  0.03664001760417513  0.21402988739099679  1.00000000000000000
  0.00000002713252691  0.00000003766406401  0.00000004918363440  0.00000006080948437
  0.00000007485260640  0.00000008686144509  0.00000010300548282  0.00000012252188518
  0.00000014401308969  0.00000016454090055  0.00000018199420751  0.00000019816559378
  0.00000021410463383  0.00000023189902639  0.00000025181553480  0.00000027510017009
  0.00000030039134665  0.00000032949511594  0.00000035856983577  0.00000039049598726
  0.00000042630577437  0.00000046597928879  0.00000051555547907  0.00000057187217343
  0.00000063208030937  0.00000069384557347  0.00000075864505523  0.00000082347472749
  0.00000089274504353  0.00000097076421077  0.00000105581651769  0.00000114650747336
  0.00000124175279048  0.00000134843244893  0.00000147075407310  0.00000160232409382
  0.00000174669625478  0.00000191127159578  0.00000211086454762  0.00000232639772019
  0.00000256230923711  0.00000284482581881  0.00000319485756687  0.00000354144754210
  0.00000394920157572  0.00000440267363401  0.00000487145028257  0.00000536258559271
  0.00000596361148958  0.00000672263462872  0.00000758858004507  0.00000853384405151
  0.00000957330319215  0.00001073988697489  0.00001201040106538  0.00001343297282915
  0.00001510918587840  0.00001698254023068  0.00001904090335522  0.00002131703000075
  0.00002389365478204  0.00002671012452921  0.00002993135286317  0.00003382155779209
  0.00003799540333602  0.00004259686028300  0.00004762838040468  0.00005350173948370
  0.00006018371418228  0.00006844227853945  0.00007784356797304  0.00008781266595540
  0.00009799478139221  0.00010925441322271  0.00012172431132839  0.00013891252469601
  0.00016195706151147  0.00018637898193088  0.00021312669015950  0.00024368312876483
  0.00027967684980208  0.00032467231736175  0.00038045637608476  0.00044873970943827
  0.00052372209780469  0.00061019868406528  0.00071646438086576  0.00087865401955427
  0.00111557621923416  0.00139810920494070  0.00172104218959921  0.00221852491260269
  0.00351775354532277  0.00636619196953990  0.27007822669822951  1.00000000000000000
 -0.00133251533585730  0.00711259748960972  0.01416795413650893  0.02167731911567871
  0.02903952034857221  0.03632938749835529  0.04316426932930739  0.04957533753026975
  0.05586829134422540  0.06246396729108408  0.06990796144080239  0.07737741919087403
  0.08490177799968790  0.09267680556991413  0.10033826607616411  0.10839325879099805
  0.11731856727837385  0.12680404914985785  0.13674359157255572  0.14724671860581373
  0.15748549790703481  0.16773775686446038  0.17774809562604041  0.18837506575311685
  0.19993594400395040  0.21155441968931646  0.22242656951663992  0.23292683565019537
  0.24382284888606057  0.25435703338503196  0.26489134552707905  0.27663405284216225
  0.28940149545643618  0.30315636776475163  0.31507329520893257  0.32626951322934089
  0.33750886848104444  0.34982458158741281  0.36209967953150135  0.37419674575020234
  0.38672004484442574  0.39963663734889759  0.41046916117565235  0.42155489569803251
  0.43310795383159173  0.44558688126976786  0.45873417102947728  0.47119853406009238
  0.48293122361230723  0.49369279101080199  0.50489657794896758  0.51666274484284647
  0.52986913526125301  0.54352987460181834  0.55699284999020870  0.56878142169061663
  0.58106584259232541  0.59442066391792203  0.60877721878734636  0.62187888456830687
  0.63485048150017864  0.64704513970004129  0.65854943509744079  0.67017099471259134
  0.68357387009328319  0.69528962331990118  0.70697530295166100  0.71874447586190138
  0.72936090471364234  0.73812351654304720  0.74722161315474556  0.75759526463951388
  0.76815197868459262  0.77795376673030081  0.78776863524819518  0.79753158325686180
  0.80791323249601954  0.81799166781986998  0.82698328994292203  0.83556969023983563
  0.84462090784917343  0.85556707645718710  0.86917081437687183  0.88360538099231067
  0.89717964195446287  0.90899978386962166  0.91916706975482410  0.92881844067007591
  0.93806055694826140  0.94706433866160100  0.95601893808647909  0.96528683684495764
  0.97492742103490537  0.98317981122006570  0.99161652680740919  1.00000000000000000
 -0.00233490249125811  0.00876028359907597  0.01921883116747407  0.03122854152711424
  0.04249050602844555  0.05255689047597246  0.06219167961104650  0.07251445578138468
  0.08279934765384313  0.09324388114243651  0.10318610775291685  0.11484020415206825
  0.12643368567262014  0.13790223279318597  0.14858327190679266  0.15852083260763547
  0.16850927086405551  0.17869934622995201  0.18814243039026080  0.19681785736685878
  0.20484990954807172  0.21371857625462914  0.22235172991712368  0.23209371769557080
  0.24150797831822096  0.25063629734742915  0.26009412149727751  0.26889909003443113
  0.27830718082377415  0.28804381080498215  0.29763486129014677  0.30620271575163366
  0.31451577219674964  0.32327235371177465  0.33251999848455149  0.34233940592996615
  0.35249980552228999  0.36258284462127427  0.37304542562361498  0.38404871822899272
  0.39565519494619988  0.40737675522081490  0.41860908127203805  0.42930507554510094
  0.44010405190688240  0.45152856051323925  0.46357135715054659  0.47648973631809816
  0.48946274324741984  0.50246212357964859  0.51510248191187546  0.52725157425765357
  0.53937029166512884  0.55144321252646133  0.56349865483660011  0.57417389082662662
  0.58375717808136862  0.59237605359635792  0.60129020986691362  0.61081014417758439
  0.62064192780312710  0.63084561567212349  0.64140985759992097  0.65241946732451017
  0.66375112211489573  0.67460177865893312  0.68503774622673375  0.69512306098880616
  0.70464383462900204  0.71447649814414282  0.72527569264679859  0.73658461581066348
  0.74819135542496107  0.75990450144941735  0.77112078018635100  0.78183699437313536
  0.79238878977653326  0.80308684225553084  0.81350540589415599  0.82406874022396992
  0.83558251593129440  0.84828651514730191  0.86163522174615048  0.87457886279133423
  0.88789287358417956  0.90035504979130354  0.91045182032370131  0.92070233898791132
  0.93029796370441831  0.94017335890840270  0.94973936109243784  0.95893153137213494
  0.96844443361460564  0.97805832577406837  0.98905773061558278  1.00000000000000000
 -0.00286362406980794  0.01615779658252219  0.03337979567448737  0.04674306719363296
  0.06003625393107043  0.07035304119698313  0.08104021070544569  0.09095042321792961
  0.10108955212026531  0.11092291401403417  0.12023669880247856  0.13061722656900029
  0.14184106719670531  0.15278854432272104  0.16352761724850343  0.17433877246559010
  0.18486610666040484  0.19446697133748528  0.20464467422870863  0.21433719824284742
  0.22366551873643417  0.23223642457353993  0.24087471021251325  0.24982626249798306
  0.25906018302497086  0.26848411865423399  0.27787930740598321  0.28727690434185132
  0.29695270852328787  0.30712487449687736  0.31765103620216073  0.32833605316405734
  0.33820627025210998  0.34720328730278444  0.35596332215130960  0.36484777694201048
  0.37396171663323408  0.38434045340645628  0.39547275399603760  0.40590471950636753
  0.41634755133251261  0.42617276262595533  0.43596903117089880  0.44575621132430393
  0.45570302203333352  0.46609746419243575  0.47674480299304917  0.48725079197306215
  0.49722619609568164  0.50556126132778778  0.51286134265106753  0.51990462602399035
  0.52673992661484781  0.53374581460197013  0.54100387573264042  0.54848102015137401
  0.55585611096193333  0.56380596184804199  0.57269956000765621  0.58160134741737357
  0.59001171100869776  0.59848276877734607  0.60737467621044938  0.61621557663618676
  0.62500859409476872  0.63404794439854451  0.64321788594315610  0.65203202930835069
  0.66061074014153554  0.66930673586511025  0.67738897839048473  0.68540579229325926
  0.69384991711750943  0.70201969271806697  0.71004949971537112  0.71673841349651146
  0.72400420403346688  0.73230322658999492  0.74111025190842228  0.74891260189161657
  0.75641952734579287  0.76336556170262182  0.77105297999729427  0.77981902224882527
  0.78977480024588842  0.79904197833048429  0.80807922139383714  0.81713356542991589
  0.82662150350723762  0.83679817028935410  0.84778339921951695  0.86188440847747816
  0.88291777644923553  0.91115483151005172  0.94651517058752144  1.00000000000000000
 -0.00229224088690082  0.00922609694134436  0.02026606759399267  0.03147700619195323
  0.04368710702730388  0.05761541780562519  0.06859564343470034  0.07801201411640686
  0.08788719914618162  0.09700755474559949  0.10621654285750499  0.11524114077311599
  0.12406538613382928  0.13631373606081357  0.14940916354084591  0.16316284353197608
  0.17651989653809047  0.18904456139779161  0.20134946200959278  0.21345873197053544
  0.22549794027364828  0.23800543894555046  0.25046794471744627  0.26265196012800174
  0.27349020494586418  0.28295385586247490  0.29278425362716032  0.30262564730235070
  0.31295102189508939  0.32262280112139474  0.33148662605703771  0.34057937205685462
  0.35003493844118427  0.36051999123765577  0.37114365836116048  0.38279125423734589
  0.39432120762647788  0.40561776314349496  0.41737941388859884  0.42939667954821154
  0.44077068568944716  0.45116014770640722  0.46059615687220756  0.46935429614567437
  0.47801111659270046  0.48704211672056352  0.49639870656452234  0.50553052660733167
  0.51459179961547041  0.52354601150861546  0.53267122597344030  0.54215892773860053
  0.55196577638464228  0.56188390830156321  0.57098904864823485  0.58037494010352364
  0.59065071774777078  0.60106902150088082  0.61141324782182349  0.62195709318511516
  0.63233587245200418  0.64280475645525870  0.65337437709326196  0.66377778117800668
  0.67389620090293423  0.68394886842616409  0.69413003029308296  0.70459593853867708
  0.71494882263396486  0.72520088377239156  0.73513030478079955  0.74470381716820322
  0.75404400392834048  0.76399073678503415  0.77479082217571882  0.78635906152735946
  0.79842078820598061  0.81047690742196088  0.82237111206567559  0.83357127810822729
  0.84401277334492952  0.85420152533206817  0.86485692828146121  0.87618958788696188
  0.88716473224653170  0.89704080631828853  0.90592330478883309  0.91446523831431836
  0.92394329806316189  0.93470699906119159  0.94728818520542568  0.95881573949028753
  0.96943029797094959  0.97950057723937622  0.98940822972651132  1.00000000000000000
 -0.00238522188023950  0.01153307241980549  0.02350195697547946  0.03535305013510255
  0.04636215621639760  0.05685973612711257  0.06758456212419550  0.07864638329128934
  0.08966729171979575  0.10062694394996090  0.11240840402687041  0.12475450215703469
  0.13925951880610077  0.15123082159080278  0.16089892315952992  0.17058219199471755
  0.18010899848248840  0.18957132295121337  0.19881817686974068  0.20835339241499010
  0.22053570619573240  0.23449845352388610  0.24782883168756825  0.25951048935838411
  0.26989673637605721  0.28143411101102978  0.29244457615875907  0.30254276540539082
  0.31197857343463353  0.32533678280791289  0.33789754371075259  0.34837541408733563
  0.35878772815938781  0.36859520872510354  0.37879364560477902  0.38858172393723006
  0.39749209058073143  0.40644692471093019  0.41505256849324240  0.42439898502637713
  0.43424850232876583  0.44359327581563018  0.45227229102691524  0.46184841232896373
  0.47116659782385928  0.48067357342591821  0.49001274367002090  0.49922803226376716
  0.50988506426182612  0.52140853155849798  0.53411037408663431  0.54628274322328241
  0.55748934996403998  0.56780929151567705  0.57775742344656256  0.58684801332919478
  0.59539901790164085  0.60425972062914590  0.61354641285671574  0.62279151183010950
  0.63176724041188237  0.64058673687886614  0.64990184322364375  0.65979399821843843
  0.66965584498830044  0.67917118838565416  0.68912036386745978  0.70020416713879974
  0.71182081615246540  0.72353097055664228  0.73564800540027209  0.74770517460709929
  0.75846594422660585  0.76927707472102769  0.78009922400663567  0.79033722776840287
  0.80036054512151655  0.81061938248312715  0.82312787551623312  0.83505911418502010
  0.84573653664286486  0.85557464221046875  0.86525041557231763  0.87558464854889018
  0.88743441039265569  0.89996213616550258  0.91206839001724882  0.92329358681399609
  0.93341989373702328  0.94316947512666505  0.95242490213723630  0.96214587474849567
  0.97231174793262920  0.98213036920538899  0.99119545657677488  1.00000000000000000
  0.19075482610385414  0.36998132067395040  0.44926107241629554  0.50277437852002338
  0.54253541862679167  0.57656050678216975  0.60394573823175690  0.63270002185595242
  0.65591089947465364  0.67717609071927520  0.69545553854596009  0.71165259762151256
  0.72687802970860449  0.74264417916830994  0.75381411138550269  0.76107832761018934
  0.76757318294076315  0.77303758948122414  0.77783571329974244  0.78268949157981749
  0.78754287026710679  0.79206687370807782  0.79623402982062197  0.80004051730342285
  0.80340073739204343  0.80626597240207110  0.80911670409089154  0.81197550217613668
  0.81467706531621076  0.81748906114214004  0.82032746735927886  0.82318672109819635
  0.82598697529526588  0.82867102436450024  0.83130049172303266  0.83377060619338095
  0.83612606484258745  0.83848715297804932  0.84090286546952764  0.84328041249114527
  0.84556857556736376  0.84787756103890832  0.85020018764968230  0.85246721163764727
  0.85468234165180879  0.85684137824360729  0.85903626856967152  0.86128097692871775
  0.86360248012889751  0.86583924009484781  0.86807741900985935  0.87041508437615056
  0.87261178704407327  0.87477283713228782  0.87696246955456347  0.87910384075812664
  0.88128494420386305  0.88352309686327812  0.88575190678012161  0.88802135493991929
  0.89030788487441603  0.89247725720479643  0.89467471050129888  0.89692942434338851
  0.89938941350016000  0.90180211109097363  0.90419907567580071  0.90666572587141592
  0.90918094720055243  0.91167853682106259  0.91424446813081661  0.91672654334197612
  0.91920535847368701  0.92178682225927266  0.92445300034339617  0.92699393242875339
  0.92962727837783143  0.93230586425952766  0.93492038193417182  0.93751793401740990
  0.94011850901236671  0.94267836092976498  0.94527126496889380  0.94799270456588736
  0.95073310864548988  0.95364088426259364  0.95662213267650276  0.95986052146606293
  0.96321409945593051  0.96664416500996164  0.97021632366117871  0.97410210164099653
  0.97855433910749023  0.98390867724936104  0.99059403972850268  1.00000000000000000
 -0.02009485942204695  0.11934490909970197  0.15813977486861031  0.18172562306553861
  0.19991400670198797  0.21528705376095753  0.22944131823884339  0.24247920641296578
  0.25561898939513750  0.26810257437695895  0.27955103005641380  0.29032281322344106
  0.30121087762072524  0.31265408128814864  0.32227418331720731  0.33160684000368285
  0.34100643477577364  0.34990427962953280  0.35850551947848042  0.36668756981006984
  0.37508771483786663  0.38433262421412256  0.39409991800019095  0.40331178187314159
  0.41203438558821298  0.42009561383050237  0.42681708607621971  0.43323440140192365
  0.43940148484415886  0.44498060305260168  0.45063091972424368  0.45634674619839943
  0.46180274234557223  0.46698368769929149  0.47187339531160255  0.47673197662292804
  0.48166666445349338  0.48669394933077109  0.49170457217802360  0.49657747206480396
  0.50129923689373990  0.50592515967436658  0.51056486473881035  0.51512664783383455
  0.51954882464288255  0.52386290921455825  0.52825936791529948  0.53278153259512417
  0.53744507909908956  0.54240224618045318  0.54774795271581334  0.55329151461365245
  0.55850853232592756  0.56350477041180835  0.56860294304048253  0.57384863521455243
  0.57895250869007464  0.58429790189612718  0.59026628639427636  0.59668870297220922
  0.60301800963544971  0.60854466901722892  0.61356224054109265  0.61856868229007278
  0.62375719902116722  0.62929014299903241  0.63524736151559635  0.64131662410670831
  0.64714132818576386  0.65274648765976495  0.65820641631924648  0.66371037410424882
  0.66921876580262107  0.67553503642373935  0.68172054521249492  0.68758639545303435
  0.69459096367851769  0.70146532497174263  0.70929399076239885  0.71738600431391608
  0.72551155162841796  0.73366272477453454  0.74212018195331475  0.75078340794563503
  0.75962381415491786  0.76759105885519174  0.77688243779895638  0.78700155594188315
  0.79823396210836972  0.81079683371034084  0.82375758348680661  0.83712969306550966
  0.85164243339823353  0.86925122500674534  0.90062480646338838  1.00000000000000000
   6.8722150762435681E-005  -1.0000000000000000     
 F F F F F F F F F F F F F F F F F F F F F F F F F F F F F F F F F F F F F F F F F F F F F F F F F F F F F F F F F F F F F F F F F F F F F F F F F F F F F F F F F F F F F F F F F F F F F F F F F F F F F F F F F F F F F F F F F F F F F F F F F F F F F F F F
  <DiscreteSampler_grid>
  grouped_processes
  1 # 1 for a reference and 2 for a running grid.
  10 # Attribute 'min_bin_probing_points' of the grid.
  1 # Attribute 'grid_mode' of the grid. 1=='default',2=='initialization'
  0.0000000000000000 # Attribute 'small_contrib_threshold' of the grid.
  0.5000000000000000 # Attribute 'damping_power' of the grid.
 # binID   n_entries weight   weight_sqr   abs_weight
    10   10   2.138332560717124E+000   1.672477429881724E+001   2.138332560717124E+000
    16   10   2.230034014103372E+000   1.908528191490070E+001   2.230034014103372E+000
  </DiscreteSampler_grid>
