 -0.00237575135064894  0.00975139910601596  0.01998216433782862  0.03051078540390675
  0.04104191224560742  0.05157817503014821  0.06210465822572883  0.07264290978803407
  0.08317250524668962  0.09371445627047297  0.10424833642774246  0.11478350018233913
  0.12531900362640422  0.13586318586017895  0.14640399591287998  0.15693497000856979
  0.16746057966797606  0.17799340071537803  0.18853711772509807  0.19907191391743728
  0.20960682417799406  0.22013878391097327  0.23068043196167845  0.24122218914435381
  0.25176624158450772  0.26230571215087256  0.27284557397874637  0.28338240163992040
  0.29391686152100338  0.30444939971849660  0.31498743610811736  0.32552725535748755
  0.33606898073650920  0.34660327426291820  0.35714344834674677  0.36768313725995438
  0.37822677316870745  0.38876791494660856  0.39930115035432456  0.40983543225235214
  0.42037376867866422  0.43091189942991676  0.44144576106791389  0.45197929482613330
  0.46252072613590600  0.47306666490383342  0.48360743026923170  0.49414729217217757
  0.50467022564586184  0.51518972634310778  0.52571275728456757  0.53624940587110392
  0.54679167890592084  0.55733332729665575  0.56787916724306542  0.57842985774073385
  0.58897747680642198  0.59951847362850363  0.61005263559097789  0.62059047228507291
  0.63112748816425757  0.64167209919746104  0.65220649691123334  0.66274985323039015
  0.67327841892760132  0.68381664024929378  0.69435098969047060  0.70489901531852184
  0.71543463511163230  0.72597415158224954  0.73650801876723204  0.74705446252241980
  0.75759729189718228  0.76814585337778107  0.77869385023923465  0.78923911344282871
  0.79977706309953700  0.81031312832006852  0.82084683746533016  0.83136832235166724
  0.84188672252281216  0.85240987061495033  0.86295111004707381  0.87349599678375478
  0.88403500283268799  0.89457471521038856  0.90511390267639491  0.91565533399455157
  0.92619760595948653  0.93674225947918743  0.94728646125123439  0.95783144892260252
  0.96837424308689080  0.97891689281399752  0.98945928014451012  1.00000000000000000
 -0.00248672216365872  0.00949121326362040  0.01964524132822755  0.03016037352348867
  0.04070474390236325  0.05125282851046048  0.06180105197432650  0.07234963989586647
  0.08289608660459576  0.09344321829589552  0.10398815269603112  0.11453194783348182
  0.12507464154376266  0.13562019450651241  0.14616363142204850  0.15670926740339994
  0.16725259824991373  0.17780035690024606  0.18834258343403379  0.19888773609495003
  0.20942025089195904  0.21995448831832756  0.23049017160085913  0.24103624786777922
  0.25158792322330109  0.26213237815633694  0.27266516039979710  0.28319516900422687
  0.29373273776373354  0.30428412675492555  0.31483204397072651  0.32538079562463451
  0.33592037074566178  0.34646315627981827  0.35699734215541623  0.36753613445048011
  0.37807548616245396  0.38861485635523646  0.39916059474398147  0.40970192717838971
  0.42025085347549740  0.43079780842950344  0.44134828090970363  0.45189217823275440
  0.46243622908071041  0.47297665350270662  0.48351350364336321  0.49404555431836900
  0.50458489156973452  0.51512642193359526  0.52566585562649737  0.53620444455213412
  0.54674973748136135  0.55729684420899106  0.56784225935465904  0.57838251277144337
  0.58892391963320934  0.59946535784103916  0.61001186938726892  0.62054400665809584
  0.63107147570023781  0.64159234768012363  0.65212840109543124  0.66266424254433842
  0.67320080686454908  0.68373522062620085  0.69427696036275477  0.70481859994688734
  0.71535809216910262  0.72589188018811712  0.73642679293779678  0.74697010340667536
  0.75751851428481454  0.76807107986968692  0.77862106462722880  0.78916768360598633
  0.79971365677024997  0.81026043188519192  0.82081066845397643  0.83135727854884511
  0.84190351548942088  0.85244619111486175  0.86299388100802987  0.87354342034430155
  0.88409012750987104  0.89462698584352740  0.90516326044189710  0.91570581234993009
  0.92626033207769853  0.93681155411569172  0.94734755419389727  0.95788629422287519
  0.96841129159017703  0.97894887361607119  0.98947543371466051  1.00000000000000000
   2.5652966182651108E-008  -1.0000000000000000     
 F F F F F F F F
  <DiscreteSampler_grid>
  grouped_processes
  1 # 1 for a reference and 2 for a running grid.
  10 # Attribute 'min_bin_probing_points' of the grid.
  1 # Attribute 'grid_mode' of the grid. 1=='default',2=='initialization'
  0.0000000000000000 # Attribute 'small_contrib_threshold' of the grid.
  0.5000000000000000 # Attribute 'damping_power' of the grid.
 # binID   n_entries weight   weight_sqr   abs_weight
    10   10   1.322623097372511E+010   1.749331857703255E+020   1.322623097372511E+010
  </DiscreteSampler_grid>
