 -0.00237608139377385  0.00957527383702478  0.01975393927382705  0.03027820449006701
  0.04082803973405597  0.05136870559306731  0.06190118017481806  0.07243692281066495
  0.08297611879431566  0.09351801037577405  0.10406060352597951  0.11459743461994290
  0.12513334074909782  0.13566869765478154  0.14620921501676717  0.15675095222295252
  0.16728386347762864  0.17781569527684418  0.18834843898722053  0.19889195957062308
  0.20943719009860765  0.21998015408799265  0.23052276155260201  0.24106595379697476
  0.25161220182571747  0.26215710853512247  0.27269599360950714  0.28323603688007709
  0.29376782766033405  0.30430777546196203  0.31484888775980624  0.32539890491265244
  0.33594449374440294  0.34648764066113646  0.35702823828996799  0.36757299640833863
  0.37812162160647611  0.38866690444012603  0.39921279009464183  0.40975136458970107
  0.42028863587492865  0.43082764462693740  0.44135544548428107  0.45188899761389656
  0.46241685091965828  0.47295822696120526  0.48348785357001195  0.49402192468780443
  0.50455087294856904  0.51508586651903976  0.52561603850984751  0.53615390031378540
  0.54669212355064845  0.55723370111346737  0.56776993667409115  0.57831060131515100
  0.58884713235766262  0.59938668424955799  0.60991852148127434  0.62045532685595717
  0.63099558005029910  0.64154574274055298  0.65208655750354627  0.66262920639087575
  0.67317373522929980  0.68371739380100860  0.69426087822116855  0.70480245472308500
  0.71534759473201937  0.72588972221737169  0.73642778527907515  0.74697100598506672
  0.75751242087207882  0.76805252146602099  0.77859450743446457  0.78914096189432137
  0.79969194636513330  0.81024181647180904  0.82078051015668307  0.83132029675832342
  0.84185744220460257  0.85239741845158878  0.86293840248901910  0.87348072467139115
  0.88402996930556788  0.89456956305067370  0.90511172079806268  0.91565594607657086
  0.92620785576626741  0.93675846383311800  0.94729440829399381  0.95783372672960587
  0.96836760804863897  0.97891108428436713  0.98945360595687426  1.00000000000000000
 -0.00247535217643051  0.00957326769215959  0.01975441246282749  0.03027685867642858
  0.04082109340957969  0.05136474029934868  0.06190245214448400  0.07244230186723497
  0.08298028696844573  0.09352417174767799  0.10407374350977087  0.11462006835230615
  0.12516045195346776  0.13569742003438237  0.14623804264864701  0.15677862663503642
  0.16732287336863508  0.17786694228457328  0.18841430811603044  0.19895854518514552
  0.20950360036410806  0.22005073709726708  0.23059967175136839  0.24113914818657683
  0.25166943376950646  0.26220104392428994  0.27273647833780729  0.28328397971641162
  0.29382560855220835  0.30436958579250833  0.31491001291576498  0.32545116243041400
  0.33599391688936531  0.34652892210681702  0.35706283598856864  0.36759074461068841
  0.37812825176066395  0.38866389944270879  0.39920664380271548  0.40974553624581739
  0.42028617827865949  0.43081600587873176  0.44134689976301111  0.45188018288230786
  0.46242389202830231  0.47297188034488374  0.48351596072538533  0.49406210546106127
  0.50460143981554362  0.51514827260215101  0.52569436195742403  0.53624527445732761
  0.54679604148290994  0.55734404466737220  0.56788571109908681  0.57842556219876484
  0.58896149636694795  0.59949960254645451  0.61004105869162051  0.62057333944500259
  0.63110337698399355  0.64161532630956353  0.65214294197460165  0.66267856735815023
  0.67322916184238157  0.68377539055744507  0.69432077229788203  0.70485526403250587
  0.71539344129081195  0.72593228167789137  0.73648156985973379  0.74703155831813639
  0.75758068918563604  0.76812443046749657  0.77866685595677876  0.78920981239614130
  0.79975757659252411  0.81030633528551521  0.82085242927659297  0.83139506966533461
  0.84193897287095210  0.85248440136395343  0.86303164059770943  0.87357023835557546
  0.88410695425939567  0.89463792580827162  0.90517232826079075  0.91570870318767750
  0.92625577034693352  0.93680397589892483  0.94734436550557644  0.95787049596442997
  0.96839307538992614  0.97892404111238995  0.98946082530463497  1.00000000000000000
   2.5653159586231393E-008  -1.0000000000000000     
 F F F F F F F F
  <DiscreteSampler_grid>
  grouped_processes
  1 # 1 for a reference and 2 for a running grid.
  10 # Attribute 'min_bin_probing_points' of the grid.
  1 # Attribute 'grid_mode' of the grid. 1=='default',2=='initialization'
  0.0000000000000000 # Attribute 'small_contrib_threshold' of the grid.
  0.5000000000000000 # Attribute 'damping_power' of the grid.
 # binID   n_entries weight   weight_sqr   abs_weight
    10   10   1.322623097372511E+010   1.749331857703254E+020   1.322623097372511E+010
  </DiscreteSampler_grid>
