 -0.00252939296805971  0.00961606853968843  0.01981509535335976  0.03032631170653707
  0.04086219722760837  0.05139719165297947  0.06194066123475735  0.07248741509880050
  0.08303620434988415  0.09358454289720174  0.10412915932288531  0.11467187983065659
  0.12520853087773737  0.13574914667425772  0.14628992702963595  0.15683671659633233
  0.16738158474575257  0.17792358067258929  0.18845657923647785  0.19899002737343180
  0.20952349917607099  0.22006666059910471  0.23060391232904295  0.24114374057016644
  0.25168130147329432  0.26222806315304059  0.27276890741367305  0.28330975408280867
  0.29384932061956937  0.30438530018064153  0.31491991044596035  0.32545370281985081
  0.33599734714206209  0.34654501385108921  0.35709238112977298  0.36763791821724318
  0.37817789161806714  0.38871469842056866  0.39925540660525105  0.40979318315892932
  0.42033725600595440  0.43087332674799611  0.44140978447921414  0.45194339114650195
  0.46248279761191707  0.47302753750715848  0.48357374458433133  0.49410905872574362
  0.50463454489268023  0.51515927306725695  0.52569633140180361  0.53624525316993543
  0.54679388112260119  0.55733735976011145  0.56788130925439051  0.57842454052580561
  0.58896924112587556  0.59951347092667751  0.61005971465083486  0.62060868547113790
  0.63114682934432620  0.64168405217172364  0.65222233041791144  0.66277143329609334
  0.67332003657846340  0.68386331304403747  0.69440771022830872  0.70493989928486722
  0.71547304078804508  0.72600585035555831  0.73655090738375817  0.74708401998809471
  0.75761066957395085  0.76812254870196361  0.77865194684350325  0.78918495913298370
  0.79972205009545494  0.81025675838194755  0.82079211077291925  0.83133840008694559
  0.84188590188876300  0.85243539652815470  0.86298383097701192  0.87352553729665783
  0.88406246197733351  0.89459863375369986  0.90514213410419631  0.91567856412755921
  0.92621873933498922  0.93675380365618521  0.94728953931044724  0.95782473678027846
  0.96836403332759380  0.97891003840929014  0.98945588103894033  1.00000000000000000
 -0.00251897976753496  0.00946217351973701  0.01961718913986649  0.03013362771037363
  0.04067751438898910  0.05121857771975884  0.06175750959109711  0.07230026853552589
  0.08284230912778671  0.09338919095593730  0.10393609033694784  0.11448086863015527
  0.12502735084939176  0.13557556814097538  0.14612167870806922  0.15666645943760257
  0.16720998783625546  0.17775464291821283  0.18830107246362213  0.19884753271862085
  0.20939678075429585  0.21994663741279097  0.23049340205658039  0.24104051917533806
  0.25158579612568099  0.26212806657213461  0.27266478042805908  0.28319830780503619
  0.29373999683477736  0.30428723766983956  0.31484158841001125  0.32538664636645837
  0.33593018765197863  0.34646563717756579  0.35700546628621888  0.36754144481121115
  0.37808004832297820  0.38860593710878205  0.39913721511461508  0.40967145358682489
  0.42021786527905014  0.43075849209283584  0.44129738483063252  0.45183938600781820
  0.46238419802833974  0.47292766320762097  0.48346619553524828  0.49400169140056099
  0.50453598486538132  0.51507674993650321  0.52561832706248679  0.53615707968625514
  0.54669278187313952  0.55722901893801347  0.56776499631744293  0.57830275264418918
  0.58884327953458626  0.59939038141144363  0.60993738469891001  0.62048858086341285
  0.63102632304586925  0.64156528557217352  0.65209332390150732  0.66263742034935114
  0.67318025140897475  0.68373172090155987  0.69428275265287986  0.70483339184936145
  0.71538459384219111  0.72593020035061651  0.73647666846663351  0.74701895831853060
  0.75756399246934947  0.76810117163776304  0.77864262342742208  0.78918060339593521
  0.79972397488254887  0.81025512336077765  0.82079402469033425  0.83133285640716537
  0.84188429739720338  0.85242347285746578  0.86296559040500587  0.87350227018764226
  0.88405030180688926  0.89459654169626857  0.90513807190293327  0.91568066783158852
  0.92622129236308914  0.93676180723662072  0.94730168292844652  0.95784471389392001
  0.96838828671741306  0.97893098035223625  0.98946398112414047  1.00000000000000000
   2.5516177105586126E-008  -1.0000000000000000     
 F F F F F F F F
  <DiscreteSampler_grid>
  grouped_processes
  1 # 1 for a reference and 2 for a running grid.
  10 # Attribute 'min_bin_probing_points' of the grid.
  1 # Attribute 'grid_mode' of the grid. 1=='default',2=='initialization'
  0.0000000000000000 # Attribute 'small_contrib_threshold' of the grid.
  0.5000000000000000 # Attribute 'damping_power' of the grid.
 # binID   n_entries weight   weight_sqr   abs_weight
    10   10   1.322623097372511E+010   1.749331857703255E+020   1.322623097372511E+010
  </DiscreteSampler_grid>
