  0.00000500251312482  0.00000513609809739  0.00000524751420433  0.00000533818417771
  0.00000546337977874  0.00000561104894922  0.00000577732470958  0.00000594312036341
  0.00000609958063808  0.00000625725582560  0.00000641899785212  0.00000659067421438
  0.00000675547228133  0.00000692706194225  0.00000712073335824  0.00000733634388660
  0.00000755841640603  0.00000778326601653  0.00000802314021577  0.00000827789044494
  0.00000855849565677  0.00000885813213714  0.00000915846556794  0.00000946459685400
  0.00000979098068723  0.00001013870206890  0.00001050571126859  0.00001087930513358
  0.00001125878590710  0.00001163983767300  0.00001202676681251  0.00001243834816166
  0.00001287164108936  0.00001332874417692  0.00001378124131824  0.00001426926727849
  0.00001482428017699  0.00001543664035603  0.00001608132619575  0.00001674949156397
  0.00001743178925101  0.00001812912645820  0.00001885722025655  0.00001963760360619
  0.00002047580556122  0.00002132584584671  0.00002221764780060  0.00002315197482911
  0.00002411362704790  0.00002513458410732  0.00002621006923306  0.00002732237200271
  0.00002848180865549  0.00002970569675492  0.00003101413556033  0.00003240056786903
  0.00003385805329136  0.00003542078982778  0.00003705549629226  0.00003872569603395
  0.00004052294497510  0.00004244464607724  0.00004447583278650  0.00004661857812155
  0.00004886038530574  0.00005121995884245  0.00005381959474251  0.00005669480745036
  0.00005971077064153  0.00006300022274040  0.00006660038039437  0.00007047890490278
  0.00007474757684617  0.00007930466199038  0.00008423237368998  0.00008964830951297
  0.00009555901821866  0.00010223394506956  0.00010979306918840  0.00011852563932898
  0.00012872663023073  0.00014059737133829  0.00015413452904828  0.00016989791541440
  0.00018895247270824  0.00021235227840473  0.00024276243860619  0.00028294241969250
  0.00033754874400251  0.00041408222504726  0.00052878393643868  0.00075848022647054
  0.00124562205307844  0.00356838933177594  0.28728740112076934  1.00000000000000000
  0.00000528533086537  0.00000540528887610  0.00000549401335143  0.00000557703482473
  0.00000567295545024  0.00000577203513092  0.00000588057883071  0.00000599316611627
  0.00000612418916944  0.00000626410046785  0.00000641748952679  0.00000657174621722
  0.00000672752814993  0.00000689443883040  0.00000705974211755  0.00000724535012849
  0.00000745820146535  0.00000770250571283  0.00000797652991509  0.00000827403822918
  0.00000857425327001  0.00000885932416662  0.00000914943457201  0.00000944377405011
  0.00000976716008187  0.00001012133763526  0.00001048348512957  0.00001085626286733
  0.00001126976924592  0.00001170539784059  0.00001215075485182  0.00001260024847236
  0.00001310177210126  0.00001360270597272  0.00001413089840774  0.00001472656420372
  0.00001538728345895  0.00001606619262750  0.00001674976828509  0.00001750858630599
  0.00001828451542660  0.00001907322132930  0.00001991715390258  0.00002079811570991
  0.00002171548553680  0.00002269380230422  0.00002371488602103  0.00002477111601234
  0.00002588035623900  0.00002704578522456  0.00002827528002838  0.00002960283021128
  0.00003106756332678  0.00003262752116503  0.00003427969086052  0.00003601474369348
  0.00003781560487265  0.00003973163985367  0.00004176112749657  0.00004401717053948
  0.00004649446134644  0.00004917996198993  0.00005202569261986  0.00005497150566093
  0.00005806089045860  0.00006128008053829  0.00006466996494086  0.00006828159636636
  0.00007218674331439  0.00007646134732201  0.00008118160328506  0.00008643806805154
  0.00009224719963603  0.00009872105226550  0.00010600090555653  0.00011413526496312
  0.00012326458083544  0.00013378344209447  0.00014636985919271  0.00016139190728229
  0.00017830353254228  0.00019761206418881  0.00022112807249238  0.00025123268888792
  0.00028832426782608  0.00033280612688077  0.00039685048235371  0.00048391360089829
  0.00060857494345037  0.00080051497012263  0.00109787582913266  0.00166430085735005
  0.00269428114697088  0.14042642057186319  0.36935138094124464  1.00000000000000000
  0.00000593021269571  0.00000749110643903  0.00000869046908753  0.00000993003500264
  0.00001105303720367  0.00001210238805955  0.00001320410123587  0.00001430498410490
  0.00001540356871464  0.00001646632134774  0.00001748391837398  0.00001851716084107
  0.00001962057457225  0.00002091632537206  0.00002223571759560  0.00002362334049395
  0.00002506488117053  0.00002655533559590  0.00002806981453762  0.00002958915196360
  0.00003114268008274  0.00003275252604666  0.00003442965191709  0.00003616810514022
  0.00003794083157598  0.00003978839747387  0.00004176104144514  0.00004378915235637
  0.00004588634639117  0.00004806272559065  0.00005032496335715  0.00005276179931900
  0.00005536801006617  0.00005808300469285  0.00006095480916745  0.00006399534110647
  0.00006719561596192  0.00007059631269163  0.00007416918197720  0.00007797936799427
  0.00008204450451012  0.00008639429303916  0.00009098932584393  0.00009583215170063
  0.00010097774990878  0.00010638665401876  0.00011214870827694  0.00011818729212750
  0.00012465747800851  0.00013171882889223  0.00013934454366453  0.00014757214963586
  0.00015640764045763  0.00016612195040802  0.00017689266141786  0.00018873885542027
  0.00020153380125227  0.00021501146533166  0.00022953669537729  0.00024563390104462
  0.00026354359924207  0.00028345283072734  0.00030555872885226  0.00032992959412189
  0.00035676762265651  0.00038637870758288  0.00041808538983657  0.00045185518860671
  0.00049146142367503  0.00053622830169900  0.00059248160375540  0.00065520191533004
  0.00071781612200946  0.00078285176319420  0.00085690010277318  0.00094240301261572
  0.00104605761516993  0.00116451918620101  0.00129815686947183  0.00144574645683826
  0.00161005072864221  0.00180437106195296  0.00203792691809270  0.00230477266061455
  0.00261031472822375  0.00298430571271359  0.00334843910506830  0.00373610811742884
  0.00422040917443019  0.00491955679551438  0.00575066622257588  0.00654310041560524
  0.00764856680990023  0.00906001113998988  0.35153669332620197  1.00000000000000000
 -0.00230989406328418  0.00901401880689612  0.01872248423630691  0.02953539356378104
  0.03999261822050130  0.05090072943262723  0.06135017932011540  0.07213986815572158
  0.08261022302234508  0.09348032657174232  0.10422779132323048  0.11497149734060616
  0.12553741903717938  0.13606969495675256  0.14676514972414870  0.15757524423391472
  0.16827562469000537  0.17855315451717718  0.18887299025093782  0.19932506690475474
  0.20992930637721746  0.22055543118566617  0.23121306235873687  0.24185609761467641
  0.25255662274446999  0.26342723438156784  0.27447912666116620  0.28573911458822593
  0.29702784631675555  0.30815738959706457  0.31893320976488621  0.32938555428606658
  0.33971160676922041  0.35006464932176540  0.36054569614957688  0.37092106234389888
  0.38133086322793747  0.39163266894332088  0.40236006173505967  0.41330072610228974
  0.42441405341006960  0.43557299987753451  0.44661931144746453  0.45707414854420014
  0.46703319438018215  0.47695783614500564  0.48705329557111704  0.49735100461575676
  0.50775086239829392  0.51825757819085250  0.52901697090317534  0.53939403190768809
  0.54945611966260366  0.55961969369237163  0.56968177586908753  0.57987689046199575
  0.58977011617102626  0.59985854771366065  0.61012658036257006  0.62045948744050594
  0.63097944098131598  0.64078546944757919  0.65068280811553325  0.66073310001682262
  0.67130764263729992  0.68216481152143094  0.69289208283155190  0.70338504959999437
  0.71330129861554192  0.72314349981779658  0.73332604825431502  0.74390616871413251
  0.75489885344950025  0.76574743202994555  0.77654394309474506  0.78736379670491086
  0.79807895093070125  0.80866889693742283  0.81929980151390436  0.82964683601103828
  0.84105227868134425  0.85246528155213419  0.86335066533791460  0.87416478627931571
  0.88460089560303867  0.89525079799285256  0.90569893673690482  0.91564607285943611
  0.92574706431661491  0.93530113217728394  0.94636437045768373  0.95756000229921534
  0.96853521428361855  0.97936273593597079  0.98975494327712787  1.00000000000000000
 -0.00009651310032335  0.00039494584770706  0.00076967019386067  0.00107786464551193
  0.00136131042887232  0.00164545797560046  0.00193413379405543  0.00222231761671430
  0.00250668996528034  0.00278499801829503  0.00305708552657967  0.00333131492379070
  0.00360577397219216  0.00388115768764971  0.00415342023093848  0.00442907419187852
  0.00471443852883336  0.00500434376550585  0.00529526355776814  0.00558960604888794
  0.00588513028266039  0.00618353515475030  0.00649551644929518  0.00681907502949175
  0.00713508814206149  0.00744720473852010  0.00774605649352364  0.00806602522726495
  0.00840067984255593  0.00875174946242470  0.00911343387735979  0.00947964710954820
  0.00985847870572656  0.01024805158295241  0.01063042348204774  0.01104002208636044
  0.01143558535691061  0.01182353140638906  0.01217652609652068  0.01252334836358371
  0.01286634122609879  0.01320205584203621  0.01353026447058230  0.01381081836262987
  0.01408955137080977  0.01438755803966536  0.01472280142756814  0.01510170752450375
  0.01553571342569512  0.01600285901643210  0.01648246212781279  0.01700831341401316
  0.01757329597302635  0.01813723365449462  0.01866895864680775  0.01916209901341206
  0.01958776210657871  0.02003762608705221  0.02056744761935757  0.02111262316102718
  0.02167398455529438  0.02233838258390517  0.02288820351029268  0.02353048511620294
  0.02425056728640821  0.02501503915868775  0.02591535198491113  0.02682405630768666
  0.02766123074681977  0.02848833178287891  0.02933421652179463  0.03020742848911824
  0.03102866094890843  0.03177127929299795  0.03225427725295887  0.03281058465897631
  0.03363927919282568  0.03459562443355309  0.03535846109364313  0.03579179758403427
  0.03641700246658171  0.03725662724846678  0.03807569135034844  0.03857337261086377
  0.03902161864332342  0.04013359536652205  0.04190287808043711  0.04399229247286744
  0.04706329990249698  0.05156257726128831  0.05620543419913512  0.06023375083084054
  0.06334183512141643  0.06756409816501958  0.08029436155998464  1.00000000000000000
 -0.00265665885898640  0.00958304779239218  0.02011629065047353  0.03078163815085804
  0.04179098984019352  0.05208291970825711  0.06278018701850298  0.07333648137016927
  0.08444907819326580  0.09563518929660859  0.10684744803051788  0.11773865073660911
  0.12894776560716514  0.13995272836685035  0.15146326816961145  0.16287295287962342
  0.17416910259507379  0.18528340578054311  0.19672923500826239  0.20790166026383239
  0.21902318229407294  0.22999039909341470  0.24087197327709525  0.25181408643439773
  0.26264174619194697  0.27377905027606103  0.28402993548333466  0.29415498929669831
  0.30426796595922279  0.31480926993864400  0.32565533909706884  0.33678495314623103
  0.34808287707869567  0.35885569922594623  0.36893971059137787  0.37889022577919101
  0.38897781117583652  0.39913754378594057  0.40882330443828324  0.41875378362960064
  0.42880889252324905  0.43881664103633722  0.44875380106037660  0.45834922596542077
  0.46782258968937707  0.47720902702217410  0.48661104178206482  0.49598199411710109
  0.50515272564591418  0.51452653499528334  0.52409389920922078  0.53356943230458731
  0.54301833815878053  0.55227100451000088  0.56201948419801295  0.57236538074757637
  0.58283835552224272  0.59291163705091765  0.60284148122332659  0.61296145001768165
  0.62364952517660643  0.63456604844211983  0.64560043673866363  0.65659257936559201
  0.66763472194620466  0.67905218056838801  0.69078727233162318  0.70280646063556051
  0.71465062763641707  0.72633849974147102  0.73798165642954283  0.74945267267605142
  0.76064267954894982  0.77157964345990016  0.78251326849814051  0.79346143829651816
  0.80407441975655836  0.81435897670444501  0.82427652241917559  0.83441496089453315
  0.84459755709048223  0.85497555867230401  0.86576910097112481  0.87640484785955475
  0.88677008097790233  0.89716469257042397  0.90779962365333089  0.91792590764562965
  0.92754555260037874  0.93689489779285196  0.94671294865836331  0.95703423605499338
  0.96772629214034289  0.97834578597764987  0.98913096024947245  1.00000000000000000
 -0.00006941300559238  0.00018229492470803  0.00045149365094220  0.00071387692284063
  0.00093716294542139  0.00114149578482593  0.00134918123545632  0.00156218159354137
  0.00177873192309379  0.00199494532826965  0.00220593170439446  0.00241573533111002
  0.00261913927066847  0.00282323709157586  0.00303053566345026  0.00324252918132177
  0.00345895292608593  0.00366722742961867  0.00386384870903081  0.00406149817504091
  0.00426359642638284  0.00447112672477812  0.00468046611740334  0.00489556651174027
  0.00510523736672827  0.00531112405379908  0.00551641608072332  0.00572414950834865
  0.00594684746844375  0.00617920321459227  0.00641332528452782  0.00664552827157674
  0.00687271140003343  0.00709977306176878  0.00731720562707722  0.00751836132089737
  0.00770941660112506  0.00788315446538458  0.00806322637939802  0.00825336161423392
  0.00845120963479146  0.00867205350541473  0.00893035949917303  0.00921398152343229
  0.00957240648018394  0.00996552820198063  0.01038419737960288  0.01081037531196003
  0.01122439578432759  0.01158933101323095  0.01187553207026832  0.01210098574068747
  0.01233441244481765  0.01260971197207314  0.01293237878255062  0.01320112042159844
  0.01341503829400852  0.01359547286689731  0.01380370955697764  0.01406650038432792
  0.01434836545239321  0.01466286653641920  0.01503114760716491  0.01539217639750154
  0.01576576492529286  0.01618709502444186  0.01662076199917801  0.01705137664559380
  0.01762846383974359  0.01811171568194588  0.01841103096199745  0.01860181344687959
  0.01886938350598661  0.01933429265306720  0.01999725160999460  0.02085446909334712
  0.02163083374171182  0.02230983922401459  0.02308373307075200  0.02374270568930808
  0.02407962734765551  0.02463824605365879  0.02591303541226132  0.02744569252826367
  0.02829011320710896  0.02884621074776419  0.02936694676926399  0.03066962384903589
  0.03154574222953565  0.03261779396075135  0.03372911302528280  0.03473043706698908
  0.03587005167441334  0.03618627216315762  0.03661508067757484  1.00000000000000000
 -0.00177898271374922  0.00694671758135906  0.01468358652190990  0.02332077782281507
  0.03146716993281830  0.03938458291670405  0.04727644373166088  0.05571091045318825
  0.06479053939001270  0.07410245802809136  0.08303407305130671  0.09183532982894382
  0.10062654080636653  0.10929848434330577  0.11798860678773612  0.12685745132729259
  0.13609239572073345  0.14447744996980569  0.15323889078821393  0.16218396491320847
  0.17210527181621094  0.18216028971654996  0.19232301517648218  0.20250517217205669
  0.21306307587315801  0.22414652673802044  0.23553001717619068  0.24719953369532383
  0.25890120776501524  0.27081073889217971  0.28248556796868290  0.29404737403278292
  0.30545816932642600  0.31692957311385395  0.32855822456231965  0.34026771330138822
  0.35254979336468373  0.36510742101510130  0.37750220356011416  0.38937280211697817
  0.40062225269597346  0.41186878090551371  0.42316306380042029  0.43495438358939170
  0.44731361336813336  0.46014605112151202  0.47271722083727147  0.48556457792740421
  0.49836605375101656  0.51133612259733352  0.52472524686740396  0.53836890158815776
  0.55202349279674423  0.56489803257050675  0.57743210510367293  0.58967466560381576
  0.60211500176033783  0.61421939980069507  0.62642416074311558  0.63855187971289529
  0.65066025186058030  0.66259737294855492  0.67451989247134503  0.68615648228810522
  0.69759697897434914  0.70882523087893712  0.72022046936654349  0.73173002980879343
  0.74326046341561258  0.75447073027287248  0.76527667201713856  0.77619550597298392
  0.78730068604033132  0.79856557586984789  0.80934206719077295  0.82015032411446687
  0.83071845941067668  0.84107683948262812  0.85107744772774585  0.86093263406510945
  0.87071474783163938  0.88053566576442466  0.89022486815959123  0.89955238384500313
  0.90841865332538274  0.91717855936716630  0.92591927098833915  0.93449211813349653
  0.94246425143337531  0.94949768858786787  0.95645944451876808  0.96399892811658117
  0.97266319249962041  0.98150355916650323  0.99086394497309804  1.00000000000000000
  0.07089034951843949  0.08810045857402003  0.10575592072472138  0.12285872573688836
  0.13928530804706907  0.15499910401838438  0.16968051254780289  0.18411708609010574
  0.19780827605889173  0.21136472452784114  0.22484655244641116  0.23797223490841241
  0.25102678991995797  0.26422117891645008  0.27738474102151506  0.29020372964248914
  0.30289662970491205  0.31584047631318485  0.32891002510013689  0.34164462906120885
  0.35382222568015081  0.36563981216565100  0.37724439349493122  0.38862729307753519
  0.40019359657815617  0.41204436223022767  0.42392068840129982  0.43545264374308085
  0.44672690267595150  0.45799060652871187  0.46926092095432359  0.48045663564719054
  0.49151391788794946  0.50238904585999966  0.51315869505658651  0.52389132299913233
  0.53449650775952740  0.54491982291836771  0.55520910221587583  0.56534483040824335
  0.57521180061196953  0.58481125652759103  0.59430086460493736  0.60369974843784413
  0.61305286006827786  0.62218772278180767  0.63108055318055700  0.63975308810403486
  0.64834841599042625  0.65691595931599422  0.66560379194509500  0.67424922601719284
  0.68281694260446457  0.69131057383390593  0.69976026016653237  0.70811837846810510
  0.71645506188902597  0.72480244022482343  0.73307614395390186  0.74125755163471696
  0.74935097001665685  0.75740248945149569  0.76537619652543465  0.77322600746081738
  0.78091335662122141  0.78853772281067935  0.79609918368820953  0.80349614395861768
  0.81076499535911351  0.81798330211664327  0.82524748463963127  0.83271220115171063
  0.84026722468558468  0.84773495836201473  0.85495227990476674  0.86202204858427822
  0.86904196381123211  0.87598321655965850  0.88276332832787230  0.88940050151690031
  0.89599251705513860  0.90251691558500835  0.90897175155823495  0.91536111896862460
  0.92157189609072210  0.92762239688261094  0.93370101628858937  0.93994041961320396
  0.94629920770544695  0.95267870654506548  0.95915539844076469  0.96588066070590806
  0.97268984974450856  0.97973946697590297  0.98890074063666433  1.00000000000000000
 -0.02920523023779173  0.13012911380419340  0.16730225944744823  0.18922471726990017
  0.20646582995710128  0.22114889687896627  0.23419531930561222  0.24610214021030213
  0.25726626482385390  0.26777798138175712  0.27764593240245755  0.28683465560386073
  0.29534613638431961  0.30318726199339369  0.31053765817896989  0.31743099735917985
  0.32405733577276558  0.33059603730442000  0.33701864790195840  0.34345149315563972
  0.34989442756357930  0.35608301618102645  0.36218819457877904  0.36811908252645470
  0.37402510224008206  0.37997399062166876  0.38594215297015239  0.39184623614308384
  0.39768898167308220  0.40351502609080531  0.40931157644647204  0.41500479816185493
  0.42055453387090547  0.42604961021886556  0.43152847041351883  0.43700963066054721
  0.44241268318256111  0.44775120948693714  0.45298762497902034  0.45821631145423686
  0.46347933805696045  0.46884792413047882  0.47431301785195612  0.47968946847786209
  0.48509860429850188  0.49037403851639028  0.49564063776067374  0.50081988389699739
  0.50587596289529502  0.51086731791182749  0.51589230191856128  0.52099179825685871
  0.52617561618601039  0.53147410206303036  0.53681926911882594  0.54217596043970762
  0.54744818861551037  0.55272997948006986  0.55811565041673439  0.56362246646876235
  0.56922333198685338  0.57474537424771177  0.58008733964320913  0.58536944897353282
  0.59060246468733502  0.59589938919554619  0.60133777547622225  0.60680638641557827
  0.61241072921483786  0.61823495281217200  0.62422154325323120  0.63035210790178986
  0.63650928525939587  0.64282422895383318  0.64938072962247340  0.65631469344239068
  0.66333684447245378  0.67023554611095404  0.67703463336226311  0.68382867975037198
  0.69080188397308029  0.69818438578930297  0.70599332758474509  0.71417598931898241
  0.72284279067242663  0.73224168053838279  0.74214969229515493  0.75241350332503387
  0.76307000419442483  0.77452348133070925  0.78646259081398373  0.79967321814933878
  0.81518641810000125  0.83524748840741425  0.87009581402578684  1.00000000000000000
   8.0424805164568750E-002  -1.0000000000000000     
 F F F F F F F F F F F F F F F F F F F F F F F F F F F F F F F F F F F F F F F F F F F F F F F F F F F F F F F F F F F F F F F F F F F F F F F F F F F F F F F F F F F F F F F F F F F F F F F F F F F F F F F F F F F F F F F F F F F F F F F F F F F F F F F F
  <DiscreteSampler_grid>
  grouped_processes
  1 # 1 for a reference and 2 for a running grid.
  10 # Attribute 'min_bin_probing_points' of the grid.
  1 # Attribute 'grid_mode' of the grid. 1=='default',2=='initialization'
  0.0000000000000000 # Attribute 'small_contrib_threshold' of the grid.
  0.5000000000000000 # Attribute 'damping_power' of the grid.
 # binID   n_entries weight   weight_sqr   abs_weight
    10   10   1.827188188374062E+005   1.085724678427957E+011   1.827188188374062E+005
    16   10   1.827188188374062E+005   1.085724678427957E+011   1.827188188374062E+005
    22   10   1.827188188374062E+005   1.085724678427957E+011   1.827188188374062E+005
    28   10   1.827188188374062E+005   1.085724678427957E+011   1.827188188374062E+005
    34   10   1.827188188374062E+005   1.085724678427957E+011   1.827188188374062E+005
    40   10   1.827188188374061E+005   1.085724678427956E+011   1.827188188374061E+005
    46   10   1.827188188374062E+005   1.085724678427957E+011   1.827188188374062E+005
    52   10   1.827188188374062E+005   1.085724678427957E+011   1.827188188374062E+005
    58   10   1.827188188374062E+005   1.085724678427957E+011   1.827188188374062E+005
    64   10   1.827188188374062E+005   1.085724678427957E+011   1.827188188374062E+005
    70   10   1.827188188374062E+005   1.085724678427956E+011   1.827188188374062E+005
    76   10   1.827188188374062E+005   1.085724678427957E+011   1.827188188374062E+005
    82   10   1.827188188374062E+005   1.085724678427957E+011   1.827188188374062E+005
    88   10   1.827188188374062E+005   1.085724678427957E+011   1.827188188374062E+005
    94   10   1.827188188374061E+005   1.085724678427956E+011   1.827188188374061E+005
    100   10   1.827188188374061E+005   1.085724678427956E+011   1.827188188374061E+005
    106   10   1.827188188374062E+005   1.085724678427957E+011   1.827188188374062E+005
    112   10   1.827188188374062E+005   1.085724678427957E+011   1.827188188374062E+005
    118   10   1.827188188374062E+005   1.085724678427958E+011   1.827188188374062E+005
    124   10   1.827188188374062E+005   1.085724678427957E+011   1.827188188374062E+005
    130   10   1.827188188374062E+005   1.085724678427957E+011   1.827188188374062E+005
    136   10   1.827188188374061E+005   1.085724678427956E+011   1.827188188374061E+005
    142   10   1.827188188374062E+005   1.085724678427957E+011   1.827188188374062E+005
    148   10   1.827188188374061E+005   1.085724678427956E+011   1.827188188374061E+005
  </DiscreteSampler_grid>
