  0.00000770218229846  0.00000820260379750  0.00000873499215739  0.00000929055106316
  0.00000983906238699  0.00001032290122679  0.00001063755075665  0.00001099687514392
  0.00001142100254131  0.00001191068577457  0.00001247919317552  0.00001300057043230
  0.00001349882780723  0.00001399292641922  0.00001449195204463  0.00001492966011185
  0.00001546862346733  0.00001596850840588  0.00001645452105471  0.00001691977786928
  0.00001744447801919  0.00001812891213652  0.00001887509993040  0.00001963011608133
  0.00002040533768749  0.00002124287387883  0.00002215723314014  0.00002295919338553
  0.00002359364356136  0.00002418883080865  0.00002480221174714  0.00002548277660718
  0.00002620708377124  0.00002700002832422  0.00002781510082121  0.00002863143372285
  0.00002966847391888  0.00003069685417918  0.00003167286082263  0.00003261967658400
  0.00003366545483809  0.00003485106389595  0.00003613071165400  0.00003737326364204
  0.00003847677292225  0.00003957155094229  0.00004076232611086  0.00004200033746278
  0.00004333584490696  0.00004495740594325  0.00004684103927262  0.00004878644048429
  0.00005061437499764  0.00005226834813423  0.00005394559207050  0.00005559778078058
  0.00005730490465516  0.00005923346275232  0.00006139536759826  0.00006361947903269
  0.00006577814208022  0.00006813823458852  0.00007067015192669  0.00007364389332297
  0.00007702391088856  0.00008088808575335  0.00008466147511218  0.00008824842658175
  0.00009225354464016  0.00009713735458440  0.00010230737707335  0.00010720551199029
  0.00011233361478008  0.00011957948174879  0.00012894780025720  0.00014076517610175
  0.00015223602777377  0.00016187123873027  0.00017045284052554  0.00018089700077361
  0.00019645433272513  0.00021668853308112  0.00023914570032762  0.00027024096132649
  0.00031329141482773  0.00037115258879359  0.00043440605839050  0.00051323361344420
  0.00063223205192843  0.00081449891367984  0.00104890494055314  0.00127647610961390
  0.00157541983595396  0.00282059623843626  0.20453435960751165  1.00000000000000000
  0.00000052465156008  0.00000107606251309  0.00000135828889797  0.00000164051528285
  0.00000192577009455  0.00000222700426971  0.00000252823844488  0.00000282947262004
  0.00000315759253038  0.00000350675165963  0.00000385591078889  0.00000425643520057
  0.00000471809741731  0.00000513344764616  0.00000516890519198  0.00000519571448106
  0.00000521507084534  0.00000526697522692  0.00000537324941213  0.00000547529335916
  0.00000560442210002  0.00000575781936331  0.00000591640424316  0.00000607037074569
  0.00000622729708425  0.00000631184474038  0.00000638213670010  0.00000645038391077
  0.00000651991221136  0.00000658409208739  0.00000666097160522  0.00000673564790325
  0.00000681850142397  0.00000697669509086  0.00000712784846245  0.00000724518954358
  0.00000736637719071  0.00000749657763166  0.00000764197280375  0.00000780539119073
  0.00000795290262595  0.00000812325622440  0.00000832060502969  0.00000856603104357
  0.00000907823860940  0.00000966205543404  0.00001015152809396  0.00001047025313732
  0.00001071291408345  0.00001098908820308  0.00001129639624877  0.00001161976705388
  0.00001210086377970  0.00001261495579456  0.00001303618515062  0.00001358935714181
  0.00001413194830707  0.00001467724581507  0.00001515702182187  0.00001555531577262
  0.00001593430946267  0.00001632634411607  0.00001683116492184  0.00001728789865410
  0.00001759786731042  0.00001793219198105  0.00001834702146861  0.00001892800624226
  0.00001991836232105  0.00002132704887478  0.00002281371555242  0.00002394305908977
  0.00002517021002699  0.00002663146243779  0.00002834867825689  0.00003027479907086
  0.00003249053358064  0.00003516984328460  0.00003859227062744  0.00004258620318649
  0.00004753397867392  0.00005420836834445  0.00006230648152224  0.00007271642463094
  0.00008708093804526  0.00010756810991573  0.00013616508026046  0.00017584546370158
  0.00023225831377128  0.00029789567025626  0.00037324548124671  0.00051532733053998
  0.00096643180175632  0.00325329945603307  0.26571454698863889  1.00000000000000000
  0.00000000593522775  0.00000005457130413  0.00000007471493609  0.00000009034599141
  0.00000010638998513  0.00000012079110574  0.00000013675732689  0.00000015607679843
  0.00000017694755119  0.00000019941665045  0.00000022343771903  0.00000024975843426
  0.00000027818788427  0.00000030527984199  0.00000033039247778  0.00000035592672091
  0.00000038168674104  0.00000041077317448  0.00000044476845144  0.00000048422601066
  0.00000052540279791  0.00000055728564620  0.00000058893184572  0.00000062264224834
  0.00000066343053194  0.00000071305351520  0.00000076404208530  0.00000081685423395
  0.00000087310355589  0.00000093241286965  0.00000099186112452  0.00000105141160282
  0.00000111414851178  0.00000118388808661  0.00000126197582194  0.00000135385001985
  0.00000146463791358  0.00000158176939564  0.00000169156920638  0.00000178900785236
  0.00000187957332943  0.00000198890380305  0.00000210941623994  0.00000223221126516
  0.00000237434932812  0.00000251960592199  0.00000267727554024  0.00000284367643982
  0.00000300204006572  0.00000322762670202  0.00000353074953271  0.00000387230551032
  0.00000425391931969  0.00000462258952739  0.00000503658132213  0.00000550624717860
  0.00000594333234674  0.00000643625912988  0.00000707898757899  0.00000770393310349
  0.00000845842702798  0.00000925110275445  0.00001018084600557  0.00001120050482077
  0.00001233957356221  0.00001362505753267  0.00001518340175383  0.00001685770652194
  0.00001836716629355  0.00001987399326475  0.00002192766360757  0.00002433768847121
  0.00002708111491845  0.00003036197818825  0.00003407367818627  0.00003866426183023
  0.00004356905792502  0.00004980960148687  0.00005843358178836  0.00007134929239800
  0.00008933906020631  0.00011251653511985  0.00013802853896304  0.00016987901958529
  0.00021010053659284  0.00026289594538246  0.00032221368107557  0.00040880945346836
  0.00047281151137667  0.00056448311386827  0.00067117760384564  0.00081886278820580
  0.00114905876295371  0.00207765083034702  0.03052706317480034  1.00000000000000000
 -0.00155812855314187  0.00705245806326416  0.01622132648199289  0.02596495826950567
  0.03580897564318301  0.04693570642470032  0.06024207374106565  0.07334460174206521
  0.08483308558652333  0.09495109121658599  0.10403826311031364  0.11362001372349967
  0.12450396668491805  0.13636389650778413  0.14861458317302920  0.16129108241651399
  0.17457338529289496  0.18886617106133591  0.20020952294975630  0.21065583370047869
  0.22036453325034705  0.22936606694241202  0.24016343662143314  0.25074717651181794
  0.25933464686068852  0.26808958400482574  0.27810021537439283  0.28895631791074733
  0.30036159219082836  0.31195836476735916  0.32340968831595329  0.33518539058537178
  0.34627150005766066  0.35738055294928112  0.36819207785638264  0.37908159730572344
  0.39008778089700180  0.39910857605913114  0.40836206181410051  0.41882649052809739
  0.43041227544119121  0.44328822784019867  0.45681906167334835  0.46921523872295262
  0.48062784198603570  0.49169983207175799  0.50259310347188246  0.51283860470714593
  0.52200909881707369  0.53112116727386327  0.53991037490405214  0.54928213812275006
  0.55857557108297140  0.56758467334962726  0.57734634112179928  0.58847541389085545
  0.59972501332107986  0.61082750983723388  0.62292756069676691  0.63607938321529089
  0.64831888257072123  0.66042909745766321  0.67289217041127392  0.68237607936094646
  0.69060505851493581  0.69980745340386352  0.71049269280122984  0.72255687999051410
  0.73512869202654207  0.74754997807051637  0.75901195547122313  0.76996620862480936
  0.78054320750845307  0.79067013102406503  0.80151214116682068  0.81331098713905026
  0.82531291234094672  0.83691470950308078  0.84772867709316946  0.85686265886587742
  0.86597909313870025  0.87429219404297576  0.88134872279835674  0.88812753210852335
  0.89826563952864646  0.90937303112050538  0.91990339852327774  0.92909775000561245
  0.93667921874067661  0.94303725823132512  0.94910119926730163  0.95445611721546364
  0.96318622052366876  0.97390676744827964  0.98729446759820494  1.00000000000000000
 -0.00028509866598059  0.00143815802343455  0.00225291670828322  0.00292895212736496
  0.00348397249984822  0.00394778545824593  0.00437670506501258  0.00482281220914775
  0.00522360006889967  0.00552866778236581  0.00584119419862513  0.00617147713465222
  0.00647550388575339  0.00676949704626702  0.00703887873736226  0.00733940042382509
  0.00773294666054459  0.00819215203907792  0.00865355763578304  0.00909740729461911
  0.00951336089492958  0.00991934909956195  0.01031360783585741  0.01075673193778127
  0.01122506704754807  0.01162754362730989  0.01194721658933605  0.01221095142063191
  0.01252510354816842  0.01292635775980082  0.01325080209473306  0.01345010174933876
  0.01362310024064476  0.01382206219877134  0.01409970089462281  0.01447979129917174
  0.01491145784312914  0.01538228309019996  0.01589306749456890  0.01631871906058219
  0.01663512475394087  0.01694279123876201  0.01723861819365408  0.01763489285509422
  0.01805518929854662  0.01845263611804182  0.01869212464187395  0.01893304462676880
  0.01925457396484247  0.01957479348598145  0.01988746260624915  0.02031415882047331
  0.02082092746839961  0.02145751791991466  0.02200385020017229  0.02250514527607320
  0.02296680833967204  0.02340288358685504  0.02373169504984008  0.02409514096612689
  0.02464551734431787  0.02544204805276657  0.02648264315420362  0.02777640842874024
  0.02920591069761279  0.03077074937248436  0.03201170956235987  0.03255955581497273
  0.03289793270942289  0.03320931775081690  0.03365426675994863  0.03443737715346300
  0.03522020643995327  0.03560781849455803  0.03603481457527284  0.03662964270731298
  0.03778531440511395  0.03998684788541671  0.04179148027250083  0.04267247092549020
  0.04307679691387220  0.04332793464742574  0.04357907238097928  0.04381525393511332
  0.04404408638385974  0.04427291883260616  0.04450869226397719  0.04474663992471507
  0.04498458758545295  0.04592954072813286  0.04753070278905546  0.05117323298982868
  0.05578622157757566  0.09917755481915624  0.43242517274677694  1.00000000000000000
 -0.00446303925529487  0.01842691475940645  0.02704412296433284  0.03572540789420443
  0.04429613428661947  0.05430794170010718  0.07210787287439263  0.09264740463746071
  0.10994225242185909  0.12416590846304572  0.13746620198761103  0.14980935110786855
  0.16474213423482062  0.17853500217981980  0.18991684971764816  0.20118441455870764
  0.21295266152100067  0.22525612921388632  0.23782110450277402  0.25015959172747532
  0.26151080423981654  0.27275947119734595  0.28432636443641424  0.29625608818905930
  0.30766788874072964  0.31756249339216064  0.32699087493121248  0.33604125890628594
  0.34517837755341230  0.35472460051479676  0.36344340259916497  0.37189046173415424
  0.38108949974402462  0.39106969084751125  0.40167867992355882  0.41274954158245925
  0.42475403015951840  0.43657203559601604  0.44820047208789637  0.45887372867502024
  0.46800190417530840  0.47752983483394729  0.48743406714346754  0.49716546145673418
  0.50655856171655400  0.51542280400648155  0.52507026380425592  0.53664209438284149
  0.55034519667358917  0.56179931214762435  0.57080622470586673  0.57890086372248639
  0.58631015306818013  0.59487619728162755  0.60377437181578264  0.61266776808295154
  0.62122020234263409  0.62912270179175911  0.63762223909616744  0.64612851547439309
  0.65688810317566093  0.66730450648102069  0.67903602077024294  0.69011592395493970
  0.69948805121115287  0.71042897587692300  0.72154895406792285  0.73133911145156794
  0.73988159052056435  0.74954566592146721  0.76029926484922816  0.77093131496382494
  0.78172229399115456  0.79307610962835418  0.80356664436942482  0.81362537038859806
  0.82292065140823933  0.83201976916627252  0.84346681015783720  0.85534511696668536
  0.86653040263803016  0.87898087563944327  0.89297913604867318  0.90686247181526580
  0.92017624431544220  0.93429139255290783  0.94631178700347796  0.95662399742171633
  0.96365294405297375  0.96976108864998223  0.97324693629098291  0.97670359816454866
  0.98013417982249917  0.98349522746632634  0.98843297745596881  1.00000000000000000
 -0.00000029471734391  0.00000158593527209  0.00000398438240338  0.00000854862765244
  0.00001383461191501  0.00002008230700991  0.00002714498540883  0.00003469678717613
  0.00004312175581325  0.00005261402611175  0.00006296602936594  0.00007457545222875
  0.00008653517410911  0.00009876717322024  0.00011134062633679  0.00012347500442989
  0.00013595105463916  0.00014944882592026  0.00016528981404417  0.00018117822585668
  0.00019725216505364  0.00021383722045227  0.00023145464963670  0.00025361637867286
  0.00027689664679543  0.00030122807781613  0.00032670035635989  0.00035324339253301
  0.00038060926953165  0.00041070739718045  0.00044463920976755  0.00048225322685523
  0.00052290877585666  0.00056697387106940  0.00060445612924689  0.00064161742334086
  0.00067597554836615  0.00071302345900894  0.00075221197549030  0.00079333052250367
  0.00083958807511002  0.00088822322318331  0.00093746716100867  0.00098724767960527
  0.00104070274227541  0.00110076660638912  0.00116843720007720  0.00123515827286410
  0.00129908498205507  0.00136390846455626  0.00143381966562499  0.00151140980857707
  0.00159435465970609  0.00168580434402492  0.00177479892706407  0.00185721537441546
  0.00193452930604408  0.00200970548415273  0.00209004698688202  0.00219631889931418
  0.00232613900089261  0.00247658740324850  0.00263705643081540  0.00281558653552853
  0.00293765596596306  0.00305986813225519  0.00318426699262801  0.00333768473133659
  0.00357601635064467  0.00383364695925664  0.00408043741476347  0.00435654175734258
  0.00469078759895248  0.00497929932081930  0.00526370054604564  0.00554189093113554
  0.00593554199939874  0.00635866088396044  0.00681874467634944  0.00737250169601520
  0.00792162203701248  0.00842474363354073  0.00888559969045379  0.00935495792127630
  0.00986058290314664  0.01068247987944859  0.01160627981426548  0.01265456107030383
  0.01352515505086088  0.01435869807237210  0.01526696229976232  0.01631057164866679
  0.01746725176721036  0.01959076566862330  0.38051719982490906  1.00000000000000000
 -0.00246296503354349  0.01018212059129729  0.02229748103238898  0.03478930475878514
  0.04788147321131193  0.06157262610138750  0.07761502491402004  0.08827048708983280
  0.10080382818377932  0.11388491750957928  0.12359182157972244  0.13238249049700382
  0.14176002582393241  0.15200243583831380  0.16225964618749822  0.17253466295829004
  0.18207873531115984  0.18998301339614546  0.19670433957022296  0.20318101238305500
  0.21107785758799677  0.22178097902753818  0.23474564152475619  0.24615528291254488
  0.25751580557929932  0.26865026654874818  0.27935503582202426  0.29043489767652225
  0.30220096140401859  0.31275612564423849  0.32350552597720195  0.33449075815388890
  0.34742979361047449  0.35878463313815667  0.36883537972532832  0.37989014947494737
  0.39084115999978430  0.40101857590406609  0.41065111654006531  0.41994584706540633
  0.42844809697444747  0.43601340936899785  0.44321143072128893  0.45073853563533617
  0.45984888951983210  0.46909604527994364  0.47708459526982278  0.48367158038766700
  0.49020893085745099  0.49818333738166143  0.50799088947871740  0.51632368437915654
  0.52367535322067749  0.53067626159838499  0.53881867627314772  0.54822603888958010
  0.55775815637740012  0.56493519396169356  0.57174226415119667  0.57864015683426306
  0.58730846285173344  0.59741282569129650  0.60675254838215242  0.61546713755677429
  0.62513977796863895  0.63512300000816846  0.64727616745954386  0.66019958011608126
  0.67313834955632168  0.68461903742608221  0.69513183172083315  0.70667580767271587
  0.71860352700682906  0.72963260667502239  0.73992817987076986  0.74977368116378440
  0.76077833517479909  0.77364453690066670  0.78600036903877890  0.79805223437914419
  0.81066402935061765  0.82464585744905128  0.83657284784180719  0.84906056057290058
  0.86272444115067870  0.87659262607242572  0.88791308692876536  0.89800645145758107
  0.90867135282933764  0.92082955479256301  0.93218411809819357  0.94300769141252094
  0.95491846301460914  0.96841695106018821  0.98382485038189960  1.00000000000000000
  0.19875044856619614  0.24722311857865445  0.29786177492098298  0.34039766351065459
  0.36150020962527046  0.37989662075681518  0.40637637626139078  0.43448635769290089
  0.45918962104283689  0.47074150527949665  0.47998159059712908  0.49179267054344500
  0.50416734370758676  0.51487521336238318  0.52355995958305890  0.53794545369086066
  0.55740967457661750  0.57254225001885972  0.58815334700971977  0.60004884530343383
  0.61053397784575814  0.62044506540817435  0.63030717778172474  0.64269989288161167
  0.65167849863541805  0.66078155127580307  0.66942565789609654  0.67789725242585752
  0.68760966088759112  0.69647202396696306  0.70735242432929069  0.71748872698804189
  0.72739645369526640  0.73802781578778742  0.74833825727650904  0.75630948707126411
  0.76266560608291201  0.76853095789320602  0.77387522242917839  0.77920564412139792
  0.78456028443690751  0.78971707159756444  0.79567518548652705  0.80189439578218780
  0.80727268723875856  0.81212852742250019  0.81655167728652345  0.82044736338084701
  0.82452503025576496  0.82826775511654560  0.83181032564159130  0.83542917464630506
  0.84010262587002560  0.84530147425335733  0.84996350714940405  0.85411189256941011
  0.85797505277696484  0.86164006310801988  0.86515580527506108  0.86852491941488696
  0.87190864705167526  0.87547292342630678  0.87920805049110318  0.88293531384509072
  0.88698671358691517  0.89149260942106945  0.89597820724015442  0.90021378560001386
  0.90429085188064739  0.90834221111687830  0.91228016577373483  0.91582574906742165
  0.91920589140296727  0.92253701113384656  0.92606898805091653  0.92981156270007181
  0.93376635200421376  0.93808445121196593  0.94156442214252811  0.94509964746528941
  0.94845099853262738  0.95146759528194846  0.95423183372736886  0.95707216323058109
  0.95979184398804618  0.96254045810799249  0.96530791010255956  0.96829547602391386
  0.97164841970075155  0.97513046894263100  0.97833901031843229  0.98147909081743978
  0.98478524646202392  0.98843909141334529  0.99310901384090033  1.00000000000000000
 -0.01342540758307154  0.06342671364653156  0.09462877509356944  0.11041977309398221
  0.12188923788484739  0.13005466439575464  0.13796773931545914  0.14677087901851035
  0.15556813667196923  0.16375329558689405  0.17189203959411864  0.17987691603626388
  0.18692542086339395  0.19241472156295050  0.19730447720235941  0.20194150422541624
  0.20725945635760951  0.21273976163978087  0.21826505468498639  0.22366643069600461
  0.22858602552647994  0.23296842636783541  0.23741568122720555  0.24222239891913644
  0.24730437627284851  0.25264707850788548  0.25881534072640289  0.26489701608718125
  0.27014983158686867  0.27470296902585761  0.27896522698374954  0.28303183974907470
  0.28702977842673100  0.29118567166324438  0.29580600212485963  0.30128429024823938
  0.30673080152311633  0.31085348664216716  0.31444003018573186  0.31858930591640588
  0.32409551921679364  0.33021898496220331  0.33665584989788216  0.34257044374303347
  0.34733355881553241  0.35149349936736013  0.35561695103745594  0.36025474042510219
  0.36562221501344477  0.37171128608682996  0.37772162353326150  0.38285326677613124
  0.38760341792560332  0.39229914331911109  0.39730990210903433  0.40248930785870973
  0.40707206309583749  0.41122295566452760  0.41537754357667495  0.41965091003235633
  0.42492826245035303  0.43040734796584773  0.43560480003387064  0.44187572228085470
  0.44852631607811161  0.45576331045739765  0.46372189938266234  0.47131274163828407
  0.47839371293000643  0.48552539404886436  0.49274326080919134  0.50062449314461865
  0.50933868383132463  0.51863186766729941  0.52841818390717887  0.53779792674621230
  0.54434298771047629  0.55008544789674074  0.55578696925732451  0.56270235703928673
  0.57248194528126539  0.58362251923097330  0.59520668731475113  0.60530171252346743
  0.61690907921516069  0.63010401873854871  0.64386041650873227  0.65796369132431221
  0.67255212619348825  0.68836175749642670  0.70539267122702864  0.72483203460500734
  0.75015195125555567  0.78377801149166726  0.83868452536005766  1.00000000000000000
   1.2487017035239321E-003  -1.0000000000000000     
 F F F F F F F F F F F F F F F F F F F F F F F F F F F F F F F F F F F F F F F F F F F F F F F F F F F F F F F F F F F F F F F F F F F F F F F F F F F F F F F F F F F F F F F F F F F F F F F F F F F F F F F F F F F F F F F F F F F F F F F F F F F F F F F F
  <DiscreteSampler_grid>
  grouped_processes
  1 # 1 for a reference and 2 for a running grid.
  10 # Attribute 'min_bin_probing_points' of the grid.
  1 # Attribute 'grid_mode' of the grid. 1=='default',2=='initialization'
  0.0000000000000000 # Attribute 'small_contrib_threshold' of the grid.
  0.5000000000000000 # Attribute 'damping_power' of the grid.
 # binID   n_entries weight   weight_sqr   abs_weight
    13   10   8.415969155042103E+004   5.567176788319033E+010   8.415969155042103E+004
    14   10   8.415969155043650E+004   5.567176788319171E+010   8.415969155043650E+004
    16   10   8.158488884253387E+004   5.654806957269118E+010   8.158488884253387E+004
    17   10   8.158488884254632E+004   5.654806957269206E+010   8.158488884254632E+004
    22   10   8.158488884253388E+004   5.654806957269118E+010   8.158488884253388E+004
    23   10   8.158488884254632E+004   5.654806957269206E+010   8.158488884254632E+004
    25   10   8.415969155042103E+004   5.567176788319033E+010   8.415969155042103E+004
    26   10   8.415969155043652E+004   5.567176788319175E+010   8.415969155043652E+004
  </DiscreteSampler_grid>
