  0.00000475179803816  0.00000554914166205  0.00000603737097456  0.00000640315942299
  0.00000673524034074  0.00000709278676716  0.00000744408243514  0.00000777600342910
  0.00000822237214891  0.00000875365065461  0.00000931611849834  0.00000991828487386
  0.00001051188107741  0.00001115383062714  0.00001186059680224  0.00001266082790730
  0.00001357888830128  0.00001448666914911  0.00001539714185306  0.00001628371675490
  0.00001730107303039  0.00001841765500391  0.00001967103846758  0.00002107256017035
  0.00002234065877555  0.00002350076723591  0.00002472057093535  0.00002609934977714
  0.00002766842885101  0.00002967420144089  0.00003184767959815  0.00003396317454235
  0.00003601769582283  0.00003825323692057  0.00004053504513441  0.00004285574900448
  0.00004515287356547  0.00004749005906374  0.00004991308816339  0.00005230018437594
  0.00005467359856471  0.00005769950463558  0.00006067517859247  0.00006376996561953
  0.00006700807155358  0.00007025319793645  0.00007383751214960  0.00007760597418899
  0.00008167814557150  0.00008617978502475  0.00009109526340148  0.00009623067928373
  0.00010196345871933  0.00010708785852819  0.00011225781707456  0.00011793615036455
  0.00012440909387199  0.00013207653405011  0.00014125657126605  0.00015132848013047
  0.00016189920955261  0.00017316081157405  0.00018512975581851  0.00019787596101264
  0.00021185609192155  0.00022666722231215  0.00024371113177178  0.00026178747096267
  0.00028369273472624  0.00030876745368758  0.00033677262491234  0.00036699463838846
  0.00040194274672534  0.00044298345760017  0.00048924690371733  0.00053497838590871
  0.00058280405801884  0.00064144416926463  0.00070641618695565  0.00077327440334500
  0.00083370800407503  0.00089513904064581  0.00097616948726784  0.00106580346808341
  0.00116344185639399  0.00127262126160107  0.00138079938128064  0.00154163906266564
  0.00175968275443494  0.00202785301690396  0.00254895673775314  0.00346736467764578
  0.00508546906909499  0.00837749914547247  0.12622435735635135  1.00000000000000000
  0.00000594972122293  0.00000643011134911  0.00000653706639134  0.00000663361110908
  0.00000673480577636  0.00000684766926793  0.00000699380177102  0.00000714056597092
  0.00000730253956899  0.00000746704138061  0.00000765824451544  0.00000781639827912
  0.00000794842821383  0.00000808469559751  0.00000824071794415  0.00000843451610040
  0.00000867568934695  0.00000893746811336  0.00000918815563774  0.00000944499381691
  0.00000969453109911  0.00000991465576085  0.00001010261376717  0.00001029232003680
  0.00001049882074899  0.00001076208929880  0.00001105224833421  0.00001138184155550
  0.00001178029389967  0.00001228918653454  0.00001293807844668  0.00001365538308710
  0.00001424347556986  0.00001488137630632  0.00001553504428221  0.00001624157255019
  0.00001705723167755  0.00001778246755706  0.00001852799992800  0.00001934441018126
  0.00002023332719083  0.00002119703222678  0.00002223096151465  0.00002351253910660
  0.00002506340471831  0.00002680667035843  0.00002835047481795  0.00002982277619889
  0.00003138025942714  0.00003301392779872  0.00003499446994548  0.00003753505900801
  0.00004027669206946  0.00004318725216205  0.00004643633535072  0.00005011791099152
  0.00005440171268726  0.00005898501365065  0.00006420403634820  0.00006875956678395
  0.00007322907423309  0.00007792278796321  0.00008335418099840  0.00008975535569784
  0.00009700397087290  0.00010518376947857  0.00011411801078785  0.00012303843363487
  0.00013261651997086  0.00014322456773638  0.00015509655868967  0.00016871558685503
  0.00018288913180028  0.00020054941362719  0.00022062495479200  0.00024302475606354
  0.00026860425813538  0.00030111748766844  0.00034155491681387  0.00038320844209030
  0.00042793957735542  0.00047751726199633  0.00053660642109122  0.00061929299481504
  0.00071348014259002  0.00083081896523832  0.00099112915829190  0.00120211369858738
  0.00146980623148185  0.00186692182130318  0.00249632711947310  0.00348525721872573
  0.00543798358427960  0.00941771230311155  0.21523255863450874  1.00000000000000000
  0.00000524754177405  0.00000538050410147  0.00000548364297711  0.00000558822314612
  0.00000569285520151  0.00000580522600897  0.00000599348036193  0.00000619174112453
  0.00000638416321455  0.00000656002835047  0.00000672971255319  0.00000689775919713
  0.00000719183388747  0.00000752849670753  0.00000782077233864  0.00000814761298232
  0.00000849956665926  0.00000890863221284  0.00000939734205605  0.00000987100473421
  0.00001035011869096  0.00001089577190314  0.00001155149103421  0.00001222970515460
  0.00001295291989627  0.00001363362825980  0.00001432996211196  0.00001507386871643
  0.00001587378840400  0.00001679106897314  0.00001780678380443  0.00001882812768926
  0.00001982246425788  0.00002082133204085  0.00002188664842493  0.00002310164441023
  0.00002442239771524  0.00002572017638161  0.00002708879232883  0.00002854650142205
  0.00002995204716846  0.00003145831343630  0.00003316037281379  0.00003484802640986
  0.00003669178867852  0.00003878368936574  0.00004122414052892  0.00004359066949429
  0.00004608518659973  0.00004868968422593  0.00005150183139526  0.00005463687429427
  0.00005804955351987  0.00006154633168942  0.00006496061551660  0.00006823807632622
  0.00007150434271853  0.00007515838532296  0.00007947833343559  0.00008413157067053
  0.00008911853384507  0.00009448821332721  0.00010043513583032  0.00010728198336762
  0.00011461628071588  0.00012283942119526  0.00013244418305463  0.00014297734817968
  0.00015351768071099  0.00016430978169214  0.00017619137814311  0.00019178829649628
  0.00021154874176833  0.00023476350401668  0.00025923564444210  0.00028605654828969
  0.00031702829844761  0.00035573566021431  0.00040154192068321  0.00045199037788823
  0.00050921316477951  0.00057565445616368  0.00066061613881789  0.00076991643355899
  0.00092043222083819  0.00111270957732080  0.00137853977448338  0.00171158882307239
  0.00216411003026995  0.00308589758553932  0.00436467233355705  0.00538105884576439
  0.00642697662670785  0.00960373917825802  0.06326847055142999  1.00000000000000000
 -0.00131946708457760  0.00617904757181706  0.01337639126053644  0.01977068495436264
  0.02611999662398177  0.03243996379887706  0.03930959981642939  0.04642965792484466
  0.05349622312729726  0.06054062262373434  0.06780373188565272  0.07517533894190920
  0.08300862969563548  0.09240861980013879  0.10302296592410759  0.11450585533631327
  0.12729522591399609  0.14076655455876841  0.15433815945486790  0.16782423884945316
  0.18068705234856450  0.19288633198669061  0.20353262228912772  0.21295264167152181
  0.22209909357102434  0.23075210198060711  0.24115152636166609  0.25111196742364211
  0.26130384835883225  0.27108600666194627  0.28114345228733184  0.29076788034781376
  0.30055120131744972  0.31165090385305722  0.32531357902016567  0.34039452816918775
  0.35568442170605957  0.36826024322556511  0.37975725600267607  0.39105603488209162
  0.40383661873921423  0.41859362034858527  0.43338779376229503  0.44741088221665803
  0.46093485696298370  0.47428641293248397  0.48791792416058283  0.50270083781489583
  0.51943675025138758  0.53555462415602850  0.55025958392780805  0.56347709684771874
  0.57473436856396187  0.58541332664163981  0.59647823659407173  0.60858697085099112
  0.62340997338411452  0.63730143980512999  0.64930700644440009  0.65960902853120529
  0.66932373682962087  0.67980152040910935  0.69089398430732785  0.70380919584208268
  0.71841596966238164  0.73123459569656479  0.74251260091494442  0.75319261825357531
  0.76403873897614305  0.77570752835940038  0.78584236640885996  0.79377071636810015
  0.80096950133855327  0.80827617496594528  0.81629762406824380  0.82437481491252029
  0.83336962712404827  0.84271039289718985  0.85153533039960261  0.86080768313938261
  0.87015821019675710  0.87906034370822295  0.88782210139159323  0.89680223519350111
  0.90595860099097858  0.91526292189259739  0.92383788368875419  0.93207595661914033
  0.94025326311697033  0.94818768241415530  0.95822244522825428  0.96756109007570912
  0.97644736868573301  0.98495035413440613  0.99246351573166014  1.00000000000000000
 -0.00293108089486829  0.00812886033381097  0.01828460319632010  0.02827370517249813
  0.03866117414288308  0.04922868888856741  0.05944101168418435  0.06934444059209724
  0.07986271532101764  0.09114966362577882  0.10290697715030961  0.11460837789903036
  0.12553094944632703  0.13673487865962924  0.14959314217837189  0.16119017797813787
  0.17253179839082347  0.18182267589770704  0.19137239863155728  0.20094778582451053
  0.21198739623731722  0.22270507252111643  0.23249746941014182  0.24198271748899330
  0.25228999218042958  0.26346871101232372  0.27449599782441114  0.28304483409581466
  0.29270616057135063  0.30297896166025517  0.31334151619501771  0.32309324332154371
  0.33310181102659425  0.34437200306067484  0.35544214990963668  0.36535954659129438
  0.37485346020365218  0.38507942219580438  0.39528904947318610  0.40559259565082267
  0.41565752795326683  0.42589941602330833  0.43715407642968268  0.44869160185784712
  0.46066106070497070  0.47168539572048607  0.48217421295635177  0.49212168445090387
  0.50208542682024837  0.51317109309447329  0.52542536350419344  0.53868367450728105
  0.55188587350274443  0.56536488695838172  0.57843782833308555  0.59024054228490574
  0.60012171720243357  0.60985052380032967  0.62008437988611187  0.63168401571882871
  0.64511919018745667  0.65819536192564454  0.66976880664306904  0.68110610576086206
  0.69263222248070211  0.70418599482209998  0.71594629940557719  0.72676438841787150
  0.73786423361910969  0.74924237444067399  0.76098901797668872  0.77162878051260797
  0.78325192763024931  0.79425506145152869  0.80623814487347689  0.81585579232039362
  0.82536363601985219  0.83378396145635281  0.84284751785540468  0.85402806627276140
  0.86457439219608545  0.87428445906283880  0.88345498957327318  0.89209158020072288
  0.90192310753310789  0.91153558008487623  0.91975573523981202  0.92765380587215596
  0.93566127498992324  0.94445541446234604  0.95468700232925352  0.96427240531616598
  0.97301648294682408  0.98169550883196577  0.99035032286288871  1.00000000000000000
 -0.00181338889428393  0.00909559514102721  0.01919730442447651  0.03090065871579397
  0.04380723729765398  0.05779079788767491  0.06744100271585918  0.07553516443690066
  0.08305974153094497  0.09019732760027639  0.09783904492137033  0.10695169631457578
  0.11697218447831498  0.12708453522957000  0.13846779083819724  0.15092467753159095
  0.16518100329880561  0.18082373003423707  0.19731956848040633  0.21096608227879354
  0.22363999796059134  0.23482655901147359  0.24701664217017313  0.25913338083132992
  0.26897346678030781  0.27751963844878319  0.28459294172298233  0.29289450721295202
  0.30264299472388406  0.31295663574638805  0.32221009366584835  0.33111796700710178
  0.34021709248580712  0.35092397325574587  0.36209551591358996  0.37376185084477892
  0.38430483204333860  0.39438425680268840  0.40502665863646453  0.41715292330067683
  0.42994095734043775  0.44271170030236606  0.45457444474190201  0.46558881461549961
  0.47667211948758526  0.48732740608470043  0.49790107584790316  0.50725112206024059
  0.51678551465440026  0.52563578115477061  0.53452278017017363  0.54341488929864223
  0.55073721953850674  0.55828235991341835  0.56636463063506304  0.57471084090107949
  0.58374142858787414  0.59454529175254056  0.60398405603249827  0.61404983148013548
  0.62450763790313213  0.63564367544163125  0.64731498763301554  0.65839745057853338
  0.66919505022748293  0.68038743449964345  0.69114551904862165  0.70059190437703911
  0.70955982859995392  0.71875403011182071  0.72878096982201201  0.73998589867403464
  0.75042806087577318  0.75833360489608526  0.76621671191037322  0.77542736122690936
  0.78637835585323312  0.79742312056444398  0.80754579041975971  0.81775052727095898
  0.82870889464248976  0.84141826792065377  0.85500546310674552  0.86824042953553904
  0.88042686992038444  0.89069251254095205  0.89998426798672704  0.90847124125869461
  0.91719294659668560  0.92677849270421608  0.93669813179682893  0.94877256719044623
  0.96157412120084518  0.97434733535794404  0.98704295672310538  1.00000000000000000
 -0.00012815772084329  0.00034114794091702  0.00075568365039333  0.00108223180275016
  0.00137096304335179  0.00166999710269615  0.00198598505952633  0.00231785051226916
  0.00265227883185896  0.00299744168858919  0.00334263494350682  0.00367666419879808
  0.00400810933782302  0.00433565698345824  0.00466285499968165  0.00500027152732076
  0.00534554898741841  0.00568195105008762  0.00603393346024327  0.00640179499450707
  0.00679104674077082  0.00718776004821941  0.00758398456562156  0.00801656952189268
  0.00843855778652182  0.00887132573652463  0.00931904395404878  0.00975848162365649
  0.01018947140893636  0.01062318934795260  0.01107969845430245  0.01161752110360430
  0.01216787553417115  0.01269280230894758  0.01321654856316462  0.01373712349025444
  0.01421536064191281  0.01467240386052427  0.01514010637680696  0.01564629384118933
  0.01621535053550533  0.01683025353498993  0.01737036824676733  0.01786683253630804
  0.01832990361432518  0.01878223305876815  0.01924641636375377  0.01972796702478005
  0.02032702192678031  0.02098385217987960  0.02173902315079619  0.02252890609283239
  0.02319608396993414  0.02389715341842077  0.02462893567488622  0.02549049659547617
  0.02602316560940684  0.02662393850805904  0.02725713020562328  0.02790958159168182
  0.02879259697084134  0.02947841718495263  0.03010249429924518  0.03071573241024573
  0.03133530217785532  0.03199294709018227  0.03285197812193014  0.03364195511419699
  0.03451081296227558  0.03548375868413697  0.03662226873409066  0.03740916287100420
  0.03808817140268297  0.03869726727913692  0.03924576994141638  0.04002622658863457
  0.04092479808255548  0.04218142273461504  0.04455650446016470  0.04634148969069606
  0.04837580895806805  0.05199109113320646  0.05554154206656339  0.05794140260371795
  0.06026818230500423  0.06397709940689088  0.06862626919673348  0.07619153093725987
  0.08229702297716737  0.08761187333316035  0.09336863223146542  0.09770324255367388
  0.10924467362802046  0.19223658447639103  0.48799404924637452  1.00000000000000000
 -0.00175445836843882  0.00914975660109860  0.01758484484167692  0.02459896812813703
  0.03122242269160110  0.03770949407124373  0.04484218294573240  0.05339145015984650
  0.06160721209511463  0.07095906379523553  0.07944165132686974  0.08828449303413119
  0.09746885518201460  0.10770569324923385  0.11896256279940823  0.13117141118535838
  0.14372914131500988  0.15607733381312322  0.16811708614000370  0.18002061482461390
  0.19201719327016067  0.20311369205013824  0.21328267417157354  0.22286558352363467
  0.23344671870762893  0.24562279737960829  0.25700490505133916  0.26711048539884286
  0.27782578393932317  0.28819099627551370  0.29792577236260614  0.30763437497071627
  0.31802892457867660  0.33042003151884114  0.34113919394385223  0.35156586173724086
  0.36232001428135607  0.37537596873616497  0.39047370967231604  0.40726926734435664
  0.42285257936532444  0.43665788412498679  0.44978986919974123  0.46283783953478985
  0.47564682112296414  0.49104330896526860  0.50916348866395034  0.52703401597148458
  0.54341027239170947  0.55727791712023922  0.56749373326862784  0.57628012354987179
  0.58534032256156598  0.59580348815393458  0.61060654803258474  0.62389982056138504
  0.63311655383537147  0.64205694095243415  0.65071622641023008  0.65999038661680520
  0.66986091947679061  0.67941765816422750  0.68918724231785000  0.69975500935958934
  0.71084515389700709  0.72015775273512483  0.73056930712831525  0.74180591104151938
  0.75360313181030525  0.76456864964307292  0.77622865571088018  0.78775293473345975
  0.79952547452533340  0.80931328801323033  0.81884540379235415  0.82804996116174723
  0.83594587543831034  0.84399647474137329  0.85207523099865379  0.86161034130219527
  0.87136423842541677  0.88120004263480622  0.89086171533998992  0.90065324444689787
  0.91016858466359996  0.91837242644005468  0.92608509566445296  0.93306562994194142
  0.94060429965960424  0.94952771865418006  0.96028705878495357  0.96987180620179625
  0.97780439509728212  0.98507851341041619  0.99236890737151529  1.00000000000000000
  0.10519360795700171  0.13167841088810683  0.16179697285660527  0.18705282087299402
  0.21050060386320571  0.23452844332649697  0.25752266348315994  0.27664833628124025
  0.29359704529955194  0.31249263383117426  0.33024195355741426  0.34887059896784189
  0.36888473364979502  0.38940196803283916  0.40783632664290370  0.42563259825624927
  0.44056470799504110  0.45393203211041416  0.46830393382820296  0.48346839292709948
  0.49815858449207712  0.51245474411848024  0.52603524537217072  0.53940510239598916
  0.55186752171951148  0.56429579850664024  0.57627602555559065  0.58893781975871129
  0.60053940658576710  0.61102115137507829  0.62096660319373709  0.63047902552323043
  0.63990640779620478  0.64938431339087921  0.65964101445960521  0.66910571242048289
  0.67799751327801616  0.68640296902918085  0.69536331253182049  0.70516333656453656
  0.71527607904557122  0.72525614802063487  0.73437625718316446  0.74308684955798920
  0.75160054211618998  0.76016308483867912  0.76823405457634497  0.77491600639522074
  0.78126069330088332  0.78728313141898532  0.79297614701779617  0.79914921931614002
  0.80545321019480143  0.81141033869125090  0.81752220575831114  0.82328694358695875
  0.82948891328861851  0.83599843768639159  0.84279043613276572  0.84947315218010688
  0.85538209220033257  0.86071777455147547  0.86592953545236384  0.87121238970523218
  0.87686646770651577  0.88310044756322315  0.88931483463209315  0.89521846639435787
  0.90039647295307157  0.90543240741787867  0.91062791991226799  0.91570504188007773
  0.92041267800511262  0.92485186740649794  0.92925233678657226  0.93366561159183203
  0.93783969798337941  0.94155157939047907  0.94498185522330658  0.94825182077684611
  0.95146834791624224  0.95470688955594785  0.95795384714825671  0.96111564330575605
  0.96451581744215409  0.96787576234618666  0.97107200297294305  0.97438767685660221
  0.97777883336873461  0.98088031348022586  0.98389996673589208  0.98687740190443263
  0.98997053653171729  0.99322406188397339  0.99659868627799519  1.00000000000000000
 -0.01629717507123710  0.10120909974383387  0.13847102667263311  0.16255358533049741
  0.18186137029808019  0.20035799700995396  0.21870152001437482  0.23264903418788399
  0.24505135682057225  0.25717646450233217  0.26911051072288900  0.27981577639401028
  0.28975598122737006  0.29751883620841085  0.30556697385392001  0.31365471039281423
  0.32163929555602400  0.32914386665295076  0.33619529971998086  0.34300007265512261
  0.35143654768089222  0.36057717188332550  0.37005209446058074  0.38017325882867981
  0.39108453054335629  0.40156617870578409  0.41097692134387048  0.41996032983149473
  0.42859308546874125  0.43727496046006553  0.44606182122244420  0.45468145738781446
  0.46332546887822729  0.47080196196358315  0.47790213057616077  0.48478909988082314
  0.49167472058050099  0.49854390487423111  0.50548406382822031  0.51204348049148052
  0.51863786758319841  0.52558178269071298  0.53272917281746868  0.53977342903747183
  0.54626365640711527  0.55224515875522961  0.55798702772392406  0.56379991908509397
  0.57067270889357757  0.57642448414382408  0.58239718234419047  0.58873204709619065
  0.59443641431781646  0.60122196501476155  0.60876975432596414  0.61620002631052762
  0.62310046687778620  0.62961391882307916  0.63622069372785606  0.64368261628520296
  0.65186695194965727  0.66013001089339962  0.66766411169294748  0.67390603222612544
  0.67979822864291983  0.68515263344140431  0.69084825619153234  0.69640435377325549
  0.70261783806078226  0.70890337123786873  0.71531049949583259  0.72191680105731981
  0.72814275024075326  0.73445598705208404  0.74008187670245207  0.74587104380621350
  0.75176429559544999  0.75771538949084449  0.76368467856837841  0.76881136570361575
  0.77399722239027668  0.77952097460139502  0.78595974260336821  0.79335286347145706
  0.80090464099918468  0.80851183463045917  0.81695829627648497  0.82572643238927745
  0.83522750706324622  0.84655710983917143  0.85906514139965995  0.87240829513413598
  0.88623706193650509  0.90352349089485040  0.93100169029292179  1.00000000000000000
   2.2605304972069650E-002  -1.0000000000000000     
 F F F F F F F F F F F F F F F F F F F F F F F F F F F F F F F F F F F F F F F F F F F F F F F F F F F F F F F F F F F F F F F F F F F F F F F F F F F F F F F F F F F F F F F F F F F F F F F F F F F F F F F F F F F F F F F F F F F F F F F F F F F F F F F F
  <DiscreteSampler_grid>
  grouped_processes
  1 # 1 for a reference and 2 for a running grid.
  10 # Attribute 'min_bin_probing_points' of the grid.
  1 # Attribute 'grid_mode' of the grid. 1=='default',2=='initialization'
  0.0000000000000000 # Attribute 'small_contrib_threshold' of the grid.
  0.5000000000000000 # Attribute 'damping_power' of the grid.
 # binID   n_entries weight   weight_sqr   abs_weight
    64   10   1.867561500974022E+002   2.030376281227843E+005   1.867561500974022E+002
    73   11   6.328384740007573E+002   2.592072239079527E+006   6.328384740007573E+002
    79   11   6.319200757554820E+002   2.627307082654310E+006   6.319200757554820E+002
    80   11   6.319200757554767E+002   2.627307082654267E+006   6.319200757554767E+002
    106   11   1.286346553897961E+003   1.062517343549704E+007   1.286346553897961E+003
    107   11   1.286346553897951E+003   1.062517343549687E+007   1.286346553897951E+003
    124   11   1.698768569655865E+002   1.845797687384229E+005   1.698768569655865E+002
    127   11   2.782826289232311E+002   4.533122975242772E+005   2.782826289232311E+002
    128   11   2.782826289232291E+002   4.533122975242708E+005   2.782826289232291E+002
    136   11   5.390255734230013E+002   1.733322833393477E+006   5.390255734230013E+002
    137   11   5.390255734229972E+002   1.733322833393452E+006   5.390255734229972E+002
    139   11   6.319200757554818E+002   2.627307082654309E+006   6.319200757554818E+002
    140   11   6.319200757554767E+002   2.627307082654267E+006   6.319200757554767E+002
    142   11   1.303946769079871E+003   1.088786790543126E+007   1.303946769079871E+003
    143   11   1.303946769079861E+003   1.088786790543108E+007   1.303946769079861E+003
    151   11   6.483310907091676E+002   2.724172715230158E+006   6.483310907091676E+002
    152   11   6.483310907091624E+002   2.724172715230115E+006   6.483310907091624E+002
    172   11   1.289590095796424E+003   1.070791107948857E+007   1.289590095796424E+003
    173   11   1.289590095796414E+003   1.070791107948841E+007   1.289590095796414E+003
    184   11   1.698768569655865E+002   1.845797687384228E+005   1.698768569655865E+002
    193   11   6.328384740007576E+002   2.592072239079527E+006   6.328384740007576E+002
    244   11   1.698768569655865E+002   1.845797687384228E+005   1.698768569655865E+002
    247   11   2.782826289232312E+002   4.533122975242775E+005   2.782826289232312E+002
    248   11   2.782826289232288E+002   4.533122975242701E+005   2.782826289232288E+002
    250   11   2.222976219827605E+002   3.251536553918700E+005   2.222976219827605E+002
    256   11   5.390255734230013E+002   1.733322833393476E+006   5.390255734230013E+002
    257   11   5.390255734229972E+002   1.733322833393452E+006   5.390255734229972E+002
    277   11   5.914845794353246E+002   2.256026828442143E+006   5.914845794353246E+002
    283   11   5.991835315614449E+002   2.308719525465047E+006   5.991835315614449E+002
    284   11   5.991835315614409E+002   2.308719525465012E+006   5.991835315614409E+002
    298   11   1.202816879220947E+003   9.257516096648114E+006   1.202816879220947E+003
    299   11   1.202816879220938E+003   9.257516096647976E+006   1.202816879220938E+003
    304   11   1.698768569655865E+002   1.845797687384230E+005   1.698768569655865E+002
    364   11   1.698768569655865E+002   1.845797687384230E+005   1.698768569655865E+002
    370   11   2.222976219827604E+002   3.251536553918691E+005   2.222976219827604E+002
    397   11   5.914845794353246E+002   2.256026828442138E+006   5.914845794353246E+002
    427   11   2.782826289232311E+002   4.533122975242773E+005   2.782826289232311E+002
    428   11   2.782826289232291E+002   4.533122975242707E+005   2.782826289232291E+002
    448   11   5.427850696618600E+002   1.752039281267377E+006   5.427850696618600E+002
    449   11   5.427850696618560E+002   1.752039281267351E+006   5.427850696618560E+002
    451   11   6.483310907091677E+002   2.724172715230159E+006   6.483310907091677E+002
    452   11   6.483310907091623E+002   2.724172715230113E+006   6.483310907091623E+002
    487   11   2.782826289232310E+002   4.533122975242769E+005   2.782826289232310E+002
    488   11   2.782826289232290E+002   4.533122975242707E+005   2.782826289232290E+002
    490   11   2.222976219827605E+002   3.251536553918703E+005   2.222976219827605E+002
    508   11   5.427850696618600E+002   1.752039281267377E+006   5.427850696618600E+002
    509   11   5.427850696618558E+002   1.752039281267351E+006   5.427850696618558E+002
    514   11   1.303946769079873E+003   1.088786790543128E+007   1.303946769079873E+003
    515   11   1.303946769079862E+003   1.088786790543111E+007   1.303946769079862E+003
    520   11   6.740900489176754E+002   2.944484137964350E+006   6.740900489176754E+002
    521   11   6.740900489176712E+002   2.944484137964312E+006   6.740900489176712E+002
    523   11   5.991835315614449E+002   2.308719525465047E+006   5.991835315614449E+002
    524   11   5.991835315614409E+002   2.308719525465013E+006   5.991835315614409E+002
    550   11   2.222976219827603E+002   3.251536553918689E+005   2.222976219827603E+002
    610   11   2.222976219827606E+002   3.251536553918704E+005   2.222976219827606E+002
    640   11   6.740900489176763E+002   2.944484137964358E+006   6.740900489176763E+002
    641   11   6.740900489176707E+002   2.944484137964310E+006   6.740900489176707E+002
    670   11   2.222976219827607E+002   3.251536553918709E+005   2.222976219827607E+002
  </DiscreteSampler_grid>
