 -0.00251659437072548  0.00948993117696647  0.01965167974765141  0.03016903031099211
  0.04070814723110055  0.05124202341518195  0.06178514612051103  0.07232717512740576
  0.08287050599522977  0.09340706122748395  0.10394921819284106  0.11449091227421335
  0.12503545351475501  0.13558312111312154  0.14613072476827960  0.15667982831550997
  0.16722789302360830  0.17777295315166763  0.18831959211466992  0.19886603044669318
  0.20941469116524683  0.21996215509904141  0.23050436366824748  0.24104803781243817
  0.25158813036731059  0.26213380372888312  0.27267982067096291  0.28322444288547249
  0.29376028836107038  0.30429211668321254  0.31482602771810964  0.32536420918583031
  0.33589555307963748  0.34643235124481131  0.35696470769639971  0.36750665436885965
  0.37804095894213680  0.38858288779417399  0.39912163231584563  0.40966216554125084
  0.42020261188789781  0.43074012540895756  0.44127344442043714  0.45180314203733762
  0.46233863715800388  0.47287615938588884  0.48341424988240866  0.49394623874154236
  0.50447772485732745  0.51501023048125216  0.52554677368717229  0.53608504498102783
  0.54662790175079201  0.55717352340018667  0.56772012654390669  0.57826477623904882
  0.58880750696060458  0.59935521341508868  0.60989897890249012  0.62044378058862548
  0.63098637479595221  0.64153309267963987  0.65207751167140704  0.66262393542779952
  0.67315700480609575  0.68369414368048997  0.69423048121071840  0.70477713218900295
  0.71532342916731884  0.72586400833803055  0.73640418708296151  0.74694058276094633
  0.75748272985764231  0.76801808609220046  0.77855801808688141  0.78909361290281677
  0.79964016819173300  0.81018566949417681  0.82073659110563291  0.83128412204592783
  0.84182639278580818  0.85236715004373798  0.86291256729110688  0.87345805130091148
  0.88400544850963492  0.89454670403366432  0.90509190028615982  0.91563424332465160
  0.92617943909518519  0.93672564794940161  0.94727429742365354  0.95781966224641868
  0.96836391469574212  0.97890602584769082  0.98945328507166808  1.00000000000000000
 -0.00248621110857281  0.00958211077015853  0.01975924637842002  0.03027958887497981
  0.04082575446699657  0.05135971777592813  0.06189695868632706  0.07243397910018605
  0.08297926550284318  0.09352203657457275  0.10406798785429329  0.11461246425589447
  0.12515147018000192  0.13569072046676989  0.14622680081352166  0.15677087541497989
  0.16731292428251532  0.17785920132263092  0.18840513627175701  0.19895453810368899
  0.20950224325311756  0.22004039792499397  0.23057856448336375  0.24111466845508908
  0.25165673237679359  0.26219071957708695  0.27273125774930757  0.28327469872540362
  0.29381634457762690  0.30434927770477094  0.31488344665322926  0.32542466100527062
  0.33596393780725792  0.34649377623077526  0.35702341049527497  0.36755282018965368
  0.37809212885182258  0.38862649639051061  0.39916510606887984  0.40970123325099234
  0.42024321275411791  0.43079027183190072  0.44133526227219311  0.45188287575728586
  0.46242394663140823  0.47296948070186556  0.48350499132834546  0.49404855783130314
  0.50458781502732153  0.51513500114879995  0.52567480505887509  0.53621918916342237
  0.54675437854002662  0.55729631464379403  0.56783108963525375  0.57837666358641560
  0.58892281577105987  0.59947359819875856  0.61002346036609634  0.62056023995970944
  0.63109143272524293  0.64161995523506488  0.65215558782253213  0.66269933743973641
  0.67323806004556741  0.68377995589314644  0.69431977587394300  0.70486123592884387
  0.71539849697798530  0.72593003087749741  0.73646934401594033  0.74700655961630880
  0.75754821538560724  0.76807903244781506  0.77861684463146541  0.78914501322687614
  0.79968244020188362  0.81021346290137297  0.82075543870355849  0.83129747400206566
  0.84184264804852815  0.85238321641295789  0.86292314318728158  0.87346862535622194
  0.88401835018129260  0.89456278654742927  0.90510596488700990  0.91565043085598086
  0.92620131432365338  0.93675393552234920  0.94729877602356183  0.95783814362477526
  0.96837584233881957  0.97891795364293666  0.98946050799716800  1.00000000000000000
   2.5513783321180497E-008  -1.0000000000000000     
 F F F F F F F F
  <DiscreteSampler_grid>
  grouped_processes
  1 # 1 for a reference and 2 for a running grid.
  10 # Attribute 'min_bin_probing_points' of the grid.
  1 # Attribute 'grid_mode' of the grid. 1=='default',2=='initialization'
  0.0000000000000000 # Attribute 'small_contrib_threshold' of the grid.
  0.5000000000000000 # Attribute 'damping_power' of the grid.
 # binID   n_entries weight   weight_sqr   abs_weight
    10   10   1.322623097372511E+010   1.749331857703254E+020   1.322623097372511E+010
  </DiscreteSampler_grid>
