 -0.00249971203054921  0.00951502003706104  0.01968128085911450  0.03020672443996306
  0.04075792389385801  0.05130709185173424  0.06184665404239427  0.07238888460844720
  0.08291906107009774  0.09345992016462351  0.10399605005552916  0.11453573888728569
  0.12507612579730704  0.13561600640508423  0.14616408785098875  0.15670117308607082
  0.16723846275649926  0.17777076918502124  0.18830672218205238  0.19884881372584531
  0.20938495922550471  0.21992827546788213  0.23046081816786668  0.24100416808469183
  0.25154046693916154  0.26208064343702397  0.27261398105634832  0.28315481787119329
  0.29369573251945186  0.30424276764950398  0.31478574021917033  0.32533483850229417
  0.33588351164959879  0.34642437361874723  0.35695832181956216  0.36749082318516885
  0.37803205287162706  0.38857829694121931  0.39912541263686385  0.40967443566039308
  0.42022757009577555  0.43077261534925987  0.44131947803669230  0.45184812281735298
  0.46237572931374354  0.47289691140491485  0.48343258350497093  0.49397808534255383
  0.50452630573459323  0.51507561488584630  0.52561456414421248  0.53615062536746194
  0.54668093347394131  0.55721400164830648  0.56775041029331885  0.57829327189054469
  0.58883922636960728  0.59938014657098171  0.60992356170118800  0.62046170840244863
  0.63100680180305446  0.64155110759413947  0.65210577852863516  0.66265995851015436
  0.67321510337124524  0.68376268109068084  0.69431144312765269  0.70485170433048150
  0.71540019532574339  0.72594133228614677  0.73648795081154961  0.74702381136767326
  0.75756482284879623  0.76810429609978503  0.77864632964282099  0.78918993099862289
  0.79973668500566442  0.81028747112691202  0.82083643306025356  0.83138375623684746
  0.84193470481868238  0.85248690658839421  0.86304201678225745  0.87358261509611601
  0.88411767657746221  0.89463820908698233  0.90517393920799649  0.91571256114210775
  0.92625946349158406  0.93680261366546080  0.94734774928461141  0.95788439942868653
  0.96842492830281968  0.97894912956883917  0.98948090726599791  1.00000000000000000
 -0.00251033234925430  0.00950067474091982  0.01965385270845110  0.03016393586507710
  0.04069907344250358  0.05124297786648145  0.06178511915368962  0.07232796480129274
  0.08287160750859826  0.09340761843009011  0.10394867164624697  0.11448612457655202
  0.12502836526136252  0.13556445473033538  0.14609325655942901  0.15662879915088415
  0.16715992124118362  0.17770071300396439  0.18823452648478492  0.19878059285175650
  0.20932494272216368  0.21987501088290831  0.23042332896173170  0.24097330693683883
  0.25152575388704668  0.26207454122029772  0.27262467743362384  0.28316167807963072
  0.29369090905693412  0.30421724439369313  0.31475669594385708  0.32530069705138220
  0.33584041221148897  0.34637526598681750  0.35691990094206838  0.36746090443267504
  0.37800644449499704  0.38854905516551203  0.39910155821160970  0.40964639159702443
  0.42017475148470851  0.43070005047239784  0.44122688188258707  0.45177198933877571
  0.46231944939671310  0.47287088644363567  0.48342279978004815  0.49396620828339255
  0.50450082858830736  0.51502988204324818  0.52556238746253947  0.53610532550235135
  0.54665376942029009  0.55720407941149008  0.56775457277076391  0.57830302861191329
  0.58885427627443077  0.59940213749393156  0.60995183579938295  0.62050022207065980
  0.63105296841111858  0.64159552709803658  0.65213966437408566  0.66267679239068444
  0.67322289128892210  0.68376693051182247  0.69431463010309835  0.70485357070450916
  0.71539380129634156  0.72593127025726012  0.73647748252940159  0.74702428167816670
  0.75756258253399622  0.76809925558196102  0.77863597679058794  0.78918336613542273
  0.79972376691206648  0.81026368174723618  0.82079758444683060  0.83133630017344728
  0.84186999507468874  0.85240964348204884  0.86294904190143351  0.87349345685983026
  0.88403103227382429  0.89457468648031180  0.90511668718522120  0.91566777344997696
  0.92620889286453589  0.93675371643680372  0.94728950170520498  0.95783407965672551
  0.96837018052650348  0.97891070563257054  0.98945287715571739  1.00000000000000000
   2.5519221420191313E-008  -1.0000000000000000     
 F F F F F F F F
  <DiscreteSampler_grid>
  grouped_processes
  1 # 1 for a reference and 2 for a running grid.
  10 # Attribute 'min_bin_probing_points' of the grid.
  1 # Attribute 'grid_mode' of the grid. 1=='default',2=='initialization'
  0.0000000000000000 # Attribute 'small_contrib_threshold' of the grid.
  0.5000000000000000 # Attribute 'damping_power' of the grid.
 # binID   n_entries weight   weight_sqr   abs_weight
    10   10   1.322623097372511E+010   1.749331857703254E+020   1.322623097372511E+010
  </DiscreteSampler_grid>
