  0.00000012369823697  0.00000015333160990  0.00000018296498282  0.00000022129773804
  0.00000026917068221  0.00000032253979577  0.00000040062697754  0.00000048144474078
  0.00000058062147143  0.00000068970555299  0.00000081235776707  0.00000096640062069
  0.00000115474833928  0.00000138671785676  0.00000161329121898  0.00000184439156437
  0.00000211890213890  0.00000247436170387  0.00000294016527746  0.00000337138421156
  0.00000370299064873  0.00000398056571877  0.00000420191685875  0.00000437275116151
  0.00000455391088388  0.00000473994378468  0.00000491910476562  0.00000516086368014
  0.00000557960927216  0.00000610446408463  0.00000666275647842  0.00000697292408098
  0.00000722433803839  0.00000754321407522  0.00000790883960007  0.00000826180642919
  0.00000869967506264  0.00000932204813981  0.00001010924642856  0.00001124706231129
  0.00001272619921419  0.00001415203408159  0.00001539439983162  0.00001642120400412
  0.00001740620943071  0.00001834484822592  0.00001926611246040  0.00002051207815861
  0.00002180434495311  0.00002310478943936  0.00002453152690712  0.00002612139972320
  0.00002782746207824  0.00002947593985976  0.00003115895235590  0.00003330100335711
  0.00003615264788757  0.00003950419187354  0.00004315481213699  0.00004731304021922
  0.00005140347838264  0.00005622841625787  0.00006241828623694  0.00007032308512468
  0.00008008201193228  0.00009063024241646  0.00010121918403345  0.00011208926309060
  0.00012374965127973  0.00013641330220754  0.00015164282612854  0.00017088978642166
  0.00019404249201929  0.00022025669019818  0.00025109484780747  0.00028558136377077
  0.00033525407245625  0.00039646459938707  0.00046122534543547  0.00051640991320236
  0.00056312987571824  0.00062084610516338  0.00069612746835948  0.00080542115973939
  0.00098986830048757  0.00119074470422345  0.00139591869256114  0.00163003515910489
  0.00194984086849224  0.00247225597170555  0.00338651064668537  0.00498228161507160
  0.00831661960328792  0.02268049430325527  0.49750063473852263  1.00000000000000000
  0.00000804925074878  0.00000955603695878  0.00001025082587191  0.00001070793442746
  0.00001140238623738  0.00001209572162367  0.00001297315433152  0.00001413119368834
  0.00001509848521177  0.00001609982021747  0.00001710142513873  0.00001809934713260
  0.00001910219506936  0.00002013622077950  0.00002131645529571  0.00002267399099111
  0.00002431034154403  0.00002667413770411  0.00002859299377276  0.00003089250725040
  0.00003327973407927  0.00003566254879024  0.00003823993043775  0.00004114428450522
  0.00004453302848439  0.00004885706023510  0.00005224383221833  0.00005564994379315
  0.00005907115598204  0.00006245131956137  0.00006728247994410  0.00007262683872003
  0.00007798222742187  0.00008541798970675  0.00009078828991758  0.00009490859426959
  0.00009887136803526  0.00010291976331929  0.00010696198198344  0.00011222871923834
  0.00011624011479108  0.00011902207354302  0.00012192835927261  0.00012503487474374
  0.00012832872890644  0.00013181675379008  0.00013586732749270  0.00014111088898469
  0.00014739303148105  0.00015348904384404  0.00015906263408627  0.00016580505186967
  0.00017289620039526  0.00018050661308685  0.00019004020806119  0.00020077164099480
  0.00021113961810530  0.00022205003686802  0.00023231491410639  0.00024267312818104
  0.00025681045400307  0.00027303389919178  0.00029047468577331  0.00031032456445080
  0.00033068678384850  0.00035042004444539  0.00037023646840391  0.00039104474331599
  0.00041654265500513  0.00044593379812630  0.00047716147646860  0.00050617715780979
  0.00053822718521646  0.00057648183466473  0.00061662023796068  0.00067573055308083
  0.00073333866023827  0.00079067563517198  0.00084932311087762  0.00090137881972395
  0.00097497157208486  0.00105856992387185  0.00118304973818235  0.00135528326916786
  0.00157537400493395  0.00180619788252566  0.00207365404131156  0.00250397432728618
  0.00324217152832054  0.00448240934590801  0.00652868725283292  0.00838479006476803
  0.01053780869145643  0.01381790377907436  0.16166755925006118  1.00000000000000000
  0.00000001694541397  0.00000004453971267  0.00000006123633056  0.00000007795494065
  0.00000009690857322  0.00000012309677852  0.00000014941879817  0.00000017428286775
  0.00000019666634756  0.00000021787358109  0.00000024234863739  0.00000027223456958
  0.00000029940729293  0.00000033238956677  0.00000036688784053  0.00000040352852189
  0.00000043954293978  0.00000047584326284  0.00000051450099828  0.00000055719214500
  0.00000060776298345  0.00000066684168824  0.00000073470363175  0.00000080107683515
  0.00000087315972598  0.00000095808354514  0.00000106071352388  0.00000117739691756
  0.00000129719685296  0.00000142230518680  0.00000155369159031  0.00000169550812243
  0.00000183638208724  0.00000197636371365  0.00000211421336295  0.00000226339019450
  0.00000243329256147  0.00000265098955558  0.00000295224751812  0.00000322237375183
  0.00000353078936962  0.00000383330651962  0.00000412474393042  0.00000438995037331
  0.00000464701744114  0.00000496282196995  0.00000531142858112  0.00000572131268069
  0.00000625732788624  0.00000696869155726  0.00000779333907338  0.00000876286281223
  0.00000998859953097  0.00001107749980515  0.00001201174126090  0.00001296631393969
  0.00001388386490427  0.00001490033558740  0.00001619743259521  0.00001781714979516
  0.00001908253802176  0.00002024540323455  0.00002160332416288  0.00002298222816118
  0.00002450361138750  0.00002635141067898  0.00002903763418063  0.00003256218061249
  0.00003682590650406  0.00004162575563322  0.00004703407489528  0.00005344460945669
  0.00006064393314721  0.00006867317996951  0.00007831481893490  0.00008972090469605
  0.00010151576112079  0.00011566692868144  0.00013067171391642  0.00014865995779843
  0.00017489578783719  0.00020796446475567  0.00024777234726595  0.00029652727951793
  0.00035775312722945  0.00044564546397587  0.00055652673289463  0.00070047807051782
  0.00092306243015573  0.00127133523361952  0.00172451363727771  0.00234837907715300
  0.00397008848185819  0.00928718816443605  0.07796730762895498  1.00000000000000000
 -0.00153252827747417  0.01035842655882506  0.01956412017644529  0.02857989016189780
  0.03826802948959274  0.04789239390791616  0.05705684436808154  0.06285701087308680
  0.06955528188209775  0.07641525413931911  0.08308291470826404  0.08932413379227057
  0.09511308813793566  0.10069066814366354  0.10581183356505154  0.11108506707727220
  0.11661218544356539  0.12597145616086627  0.13577114456511083  0.14577405419086542
  0.15604602766143413  0.16523576111994623  0.17654188657383893  0.18898023310807224
  0.20230264213770746  0.21601091429741659  0.23075353473703883  0.24676330334572266
  0.25970133925578798  0.27201847425752929  0.28457833373714975  0.29761319285853655
  0.30885096251803673  0.32124798981614205  0.33333965915469399  0.34469274219341089
  0.35637171248232430  0.36773816772661344  0.37959861696913083  0.39163865136330889
  0.40212673927700893  0.41112057477337721  0.42101448659670360  0.43094031574227809
  0.44175338861959196  0.45375184073233960  0.46556525538861032  0.47830603184965370
  0.48995481887942693  0.50192022890938326  0.51389963249969084  0.52574520637814048
  0.53574946383677169  0.54493231186710245  0.55449391251412550  0.56608407753796786
  0.57950674466081065  0.58993893558342814  0.59803619122038199  0.60812169672489591
  0.62132566046762960  0.63491584184588179  0.64791140395476654  0.66216266420953829
  0.67701116429295094  0.69082358129370058  0.70509068745123549  0.71871098149582835
  0.72839991492397582  0.73708008096981625  0.74530420873838388  0.75290557942482828
  0.76060128520641612  0.76697195351988190  0.77464449200503938  0.78447210998905403
  0.79547853840972693  0.80698025286473407  0.81910512099373423  0.83194692628763189
  0.84729669117880113  0.86351313636217919  0.87660049173314813  0.88761922636715540
  0.89743233247038856  0.90753047424109190  0.91945809630877950  0.93266088426701144
  0.94346073847513712  0.95294176407418485  0.96295380270461217  0.97340352719244860
  0.98069307688341956  0.98757713913464795  0.99400166487021790  1.00000000000000000
 -0.00253794715099714  0.01264562971214097  0.02651361601494808  0.03972413735431745
  0.04939195131328260  0.05905300840264525  0.06834368369658271  0.07828633326393315
  0.08889668917037458  0.10157326882358983  0.11285486899439906  0.12238656634947846
  0.13188349574767255  0.14284178416369506  0.15495424430232088  0.16754384174347955
  0.17969624061640244  0.19144292785250910  0.20219998087437627  0.21227186233366668
  0.22278586703648764  0.23454401551018209  0.24703122085199006  0.25753774819113973
  0.26510245093079654  0.27342006064218660  0.28227709880702201  0.29246262043985272
  0.30523070295342902  0.31725310007583113  0.32886975184712708  0.34059697514782533
  0.35218105083372658  0.36323729077298023  0.37431939234134110  0.38650921214235606
  0.39964279677524855  0.41368647232847133  0.42970870309170001  0.44530066316595535
  0.46011642261322921  0.47447291084916554  0.48615419569485857  0.49477262393394522
  0.50249747848494886  0.51039599592028917  0.51819427753800407  0.52788593108044879
  0.54190978071259255  0.55352072965011345  0.56359672706794872  0.57308912314012306
  0.58324120358709564  0.59406755617260631  0.60312504621998775  0.61101484592883060
  0.61853171609292656  0.62819733886693740  0.64035082682050670  0.65000263751119614
  0.65675851658562112  0.66321006024553375  0.67036472410152026  0.67870860255948351
  0.68977794354637390  0.70041215379667743  0.71043977379418388  0.72094087029489839
  0.73387942315469390  0.74687310726252942  0.75505527056366462  0.76078224108925363
  0.76600926793419921  0.77109468021659178  0.77635269298920306  0.78199881870657884
  0.78904588922089702  0.79943673965630457  0.80901151053553066  0.81965215916908973
  0.83069994620201948  0.84269614070472298  0.85588791083398896  0.86796867904719877
  0.87801330948223977  0.88795067477202849  0.90191287341243220  0.91582966288379475
  0.92831241297396694  0.93931981709292955  0.95060391282343715  0.95941388110085501
  0.96790241577438263  0.97625545506394018  0.98637158423978233  1.00000000000000000
 -0.00360530982277119  0.01498681491055398  0.02676669863749619  0.03855080002882025
  0.05079894857721161  0.06465557983056947  0.07947210652660794  0.09294369782025064
  0.10662405152636180  0.11201686908218317  0.11685897252146973  0.12193961478376637
  0.12736315442694893  0.13332672036545337  0.13912109500266470  0.14591460454105604
  0.15558556670949944  0.16737155677044988  0.18006101600609606  0.19300626963126374
  0.20767339580113253  0.22527097724705203  0.23992271188318229  0.25049321325981577
  0.25860241548953683  0.26625094154809498  0.27489109434300052  0.28431580423248604
  0.29585160792063758  0.30839156363582720  0.32105765567395578  0.33270637518892587
  0.34480778358219599  0.35573801631182062  0.36613713627909572  0.37631708738624892
  0.38782076829581646  0.40212667940559310  0.41789058918638256  0.43628170790876286
  0.45252479865446976  0.46583115503987127  0.47531173696293083  0.48402504573110727
  0.49185649759247208  0.49956899349868056  0.50694730579423297  0.51510037195877001
  0.52551105040961787  0.53908275456977284  0.55266690891175041  0.56509859574638177
  0.57623578564595401  0.58717834437108518  0.59743894142989806  0.60756513269023105
  0.61690507844309506  0.62489304297654091  0.63288943107199125  0.64224837707008609
  0.65184351710412913  0.66446177541637330  0.67680689580613684  0.68914883238114499
  0.70038952491608453  0.71163989683365125  0.72282448726011805  0.73375256016837576
  0.74453352689942121  0.75495235107746572  0.76495873624316346  0.77687074351941821
  0.79177305755079297  0.80369313005841769  0.81225586287828899  0.81960019310591548
  0.82764032239860852  0.83643650727759944  0.84659755853245866  0.85443233498848337
  0.86048426903960629  0.86698784756981040  0.87374784747617318  0.88129694816882143
  0.88928965905829183  0.89809045237571317  0.90886947927161055  0.92032560147537901
  0.93074247219156903  0.93941634343075309  0.94812233041737681  0.95711790252607354
  0.96667854343255288  0.97685994573537482  0.98804810288589140  1.00000000000000000
 -0.00004462234963048  0.00005033358971638  0.00012436445027413  0.00019839531083188
  0.00027766593014113  0.00035771999817579  0.00043777406621045  0.00053228805392981
  0.00062716732181596  0.00069258122159970  0.00075150534720448  0.00082546700203868
  0.00090253247838280  0.00098221751301831  0.00106224206872055  0.00113797532769520
  0.00122220972498952  0.00133156126883617  0.00144749618422501  0.00156702479685568
  0.00168860124787862  0.00181112190851262  0.00195120812564480  0.00209654428596475
  0.00227439509771445  0.00246470270748473  0.00266785581827720  0.00290041276331540
  0.00313829421918398  0.00337568087033615  0.00360273920614478  0.00382812508486682
  0.00405755464016097  0.00429429717228447  0.00454893737133275  0.00481971316898134
  0.00510726430469535  0.00541043945534114  0.00576180458693396  0.00606676297522757
  0.00635032200062037  0.00661011843051865  0.00676889486747367  0.00690625067559704
  0.00704482158799497  0.00718727224421495  0.00732972290043493  0.00747383002188271
  0.00761845800852386  0.00782560590003365  0.00822095440787042  0.00868315623453582
  0.00909289414006651  0.00951496799407465  0.00994276840165199  0.01044972273946526
  0.01091832755336710  0.01141679167116644  0.01195284944786428  0.01266116454322214
  0.01322540115963078  0.01379699852134055  0.01435773580114346  0.01495471876548872
  0.01546174481254597  0.01598016406665827  0.01661279942324324  0.01702910384823019
  0.01740213949021669  0.01777527555592565  0.01822082118482832  0.01876857531060372
  0.01946012604994023  0.02008523267228547  0.02083975978625135  0.02178919564810955
  0.02280426386825812  0.02398071747178723  0.02555107015763899  0.02676372241542366
  0.02800670736126049  0.02997435012273766  0.03176916179565072  0.03385179660506346
  0.03563214382355460  0.03696052471581029  0.03817875233615324  0.03965613654005417
  0.04099995045748182  0.04500839920775374  0.05645934947980999  0.07041418796580172
  0.08139629386279242  0.13147458822319247  0.59002138945053384  1.00000000000000000
 -0.00173879976759591  0.00505208433735089  0.01198449256709001  0.02160853974166064
  0.03251215491681103  0.04386214094585252  0.05604837275510682  0.06972780048352074
  0.08239068273847297  0.09317869333318198  0.10402734691501749  0.11458385195665928
  0.12766552019933072  0.14201354135194230  0.15824285549764114  0.17298152684146684
  0.18365624672662020  0.19326867387857694  0.20383635962877267  0.21443239995067556
  0.22493535463259398  0.23580371596193073  0.24609812372008535  0.25414238300790720
  0.26213701028250957  0.26997008535843120  0.28048849124297098  0.29392718915911270
  0.30643614495964722  0.31876575580042277  0.33222243501690291  0.34558821986359384
  0.35877807483963614  0.37194049587999128  0.38323612402693791  0.39320055126028852
  0.40155636593792804  0.41087090223655232  0.42197191965521136  0.43296367718433793
  0.44464851330522831  0.45906483021132366  0.46991878956284105  0.48161219558386698
  0.49528277197336512  0.50771003092980049  0.51800569644950778  0.52958268965991140
  0.54060098939094758  0.55031635780379851  0.55905373330060348  0.56963286845195349
  0.58164591677629640  0.59390702302509202  0.60640837894470689  0.61926899572410221
  0.63211528585247123  0.64443648025699163  0.65490959202283139  0.66278814112836781
  0.67134826847032159  0.68023005820841187  0.69194434291765972  0.70559524553412190
  0.71682268545532646  0.72716705704829110  0.73766819404347228  0.74822140202767851
  0.75883931420756356  0.76580534112444543  0.77372137565725507  0.78316291400757732
  0.79104202148901803  0.79676309635826326  0.80221967033588482  0.80830199980687467
  0.81396654186542472  0.82081031294156637  0.82912842170956236  0.83814371410342847
  0.84848655143744944  0.85853745015149796  0.86850277956748689  0.87856728131308082
  0.88879279059278893  0.90074924366034426  0.91483596212722718  0.92785494964973869
  0.93647139748142960  0.94444948035493681  0.95166097531488214  0.95834621467686487
  0.96804598472346881  0.97857508969978602  0.98928552538742431  1.00000000000000000
  0.31606914029360306  0.33614388534091844  0.34451048850768434  0.35420157739594421
  0.39056163402784050  0.41348282362689032  0.43080435616890067  0.44595840456807589
  0.45803485003729183  0.46868969675025796  0.47893024667728024  0.48850842376531051
  0.49646990199273905  0.50340093546055620  0.51029357901858319  0.51736109754344806
  0.52506623045442347  0.53351390651143704  0.54240360417176303  0.55173085827865465
  0.56076154698113190  0.56794637273200621  0.57432351245172031  0.58041087638749056
  0.58693205020636718  0.59425682335327712  0.60241078967476991  0.60812107168352636
  0.61289482882519797  0.61728646957731570  0.62250441850914739  0.62713782293790166
  0.63223101505259049  0.63801758606050052  0.64317202619719271  0.64891773381695272
  0.65445017025720664  0.65952035827795485  0.66458251462623519  0.67201237891564070
  0.67902950405424156  0.68544645741798738  0.69203946819054707  0.69773739147407154
  0.70268187807046389  0.70702697458879593  0.71107091546415369  0.71604977638045419
  0.72255281373966285  0.73088038857117532  0.73763542615853761  0.74354081511983316
  0.74885855650911903  0.75409534956940483  0.75837609366998637  0.76371077435360413
  0.76897959762803114  0.77360001650440113  0.77765809627172355  0.78167043117848645
  0.78574513437488347  0.79058194590015707  0.79669672651834300  0.80331313652725533
  0.80954159305027085  0.81545749137931323  0.82161435082711343  0.82789893400056724
  0.83341646070123809  0.83853438352047516  0.84391015153780080  0.84961874689866623
  0.85564393570319974  0.86152790331536266  0.86685756403523750  0.87231862934584337
  0.87782116472079097  0.88500115424061077  0.89156151686859930  0.89819054068758408
  0.90465665159087105  0.91124500957582721  0.91853456543242451  0.92424005520526131
  0.92952324188357982  0.93414260395579751  0.93852369947243142  0.94384088515968034
  0.95006241133545644  0.95654195103983042  0.96356445294643134  0.97044041897918754
  0.97731569579412536  0.98450092271940448  0.99221251806068189  1.00000000000000000
 -0.00903409195109710  0.05335088030515232  0.07682395349549292  0.09741376426495259
  0.11508216152653554  0.12790909591602959  0.13884770747180630  0.14853357621057400
  0.15775741905835219  0.16520662046365753  0.17096496213174628  0.17596094855400918
  0.18103136341635373  0.18708511050465232  0.19441841709515398  0.20189871196553302
  0.20859234941484905  0.21447265729299622  0.21970001538041919  0.22476406773326407
  0.23101762416229640  0.23743501068007469  0.24311397129214365  0.24958406743405928
  0.25552664457994612  0.26192626537759994  0.26902302174890130  0.27680499466261677
  0.28549464476694664  0.29399663206697085  0.30238805348175912  0.31019615688315411
  0.31742054110642276  0.32413875789285296  0.32816326859897027  0.33241298675967546
  0.33624027360957703  0.33996266686069448  0.34385751146883159  0.34735662954277274
  0.35281642750139658  0.35921383997751882  0.36636250469070664  0.37222467886416721
  0.37656959773218784  0.38052243324798457  0.38461422494170378  0.38867035737151562
  0.39428340487441232  0.39982809203315867  0.40480027343964359  0.40900685610912846
  0.41393809466606951  0.41918683537417956  0.42530226262254084  0.43189939025629714
  0.43596528178096533  0.44068122751376770  0.44630422591362517  0.45247475924927499
  0.46086735202625467  0.47099567236512613  0.47872754332722084  0.48583064154162453
  0.49313732783201797  0.50128784688282002  0.51079998954189421  0.51961313377394658
  0.52854874681884001  0.53777635920770550  0.54719851331797265  0.55617057566853145
  0.56532209738586126  0.57439445450745319  0.58108223434089257  0.58578591863121077
  0.59002796880719233  0.59419301019596460  0.59869975856520052  0.60813506647157656
  0.61818329517868720  0.62844047861508234  0.64024435862264628  0.65253877090531898
  0.66348296951435271  0.67409642633311639  0.68613198347581050  0.70073364876240940
  0.71605474785498069  0.73290403323970099  0.75498581015479715  0.77782756819851440
  0.80094437200202817  0.83033929227634085  0.87595185827443545  1.00000000000000000
   1.5328190235193578E-002  -1.0000000000000000     
 F F F F F F F F F F F F F F F F F F F F F F F F F F F F F F F F F F F F F F F F F F F F F F F F F F F F F F F F F F F F F F F F F F F F F F F F F F F F F F F F F F F F F F F F F F F F F F F F F F F F F F F F F F F F F F F F F F F F F F F F F F F F F F F F
  <DiscreteSampler_grid>
  grouped_processes
  1 # 1 for a reference and 2 for a running grid.
  10 # Attribute 'min_bin_probing_points' of the grid.
  1 # Attribute 'grid_mode' of the grid. 1=='default',2=='initialization'
  0.0000000000000000 # Attribute 'small_contrib_threshold' of the grid.
  0.5000000000000000 # Attribute 'damping_power' of the grid.
 # binID   n_entries weight   weight_sqr   abs_weight
    13   10   5.578558716731874E+004   1.956618966379302E+010   5.578558716731874E+004
    14   10   5.578558716731891E+004   1.956618966379311E+010   5.578558716731891E+004
    16   10   5.166240989585810E+004   1.619340282795920E+010   5.166240989585810E+004
    17   10   5.166240989585828E+004   1.619340282795929E+010   5.166240989585828E+004
    22   10   5.166240989585810E+004   1.619340282795921E+010   5.166240989585810E+004
    23   10   5.166240989585828E+004   1.619340282795929E+010   5.166240989585828E+004
    25   10   5.578558716731875E+004   1.956618966379302E+010   5.578558716731875E+004
    26   10   5.578558716731893E+004   1.956618966379313E+010   5.578558716731893E+004
  </DiscreteSampler_grid>
