 -0.00250259876762062  0.00965555347703298  0.01986809150549240  0.03038646718572264
  0.04093172331003820  0.05146577023577564  0.06200589234154401  0.07254751622190361
  0.08308911987230710  0.09362905055634135  0.10416338409983641  0.11470319504994769
  0.12524424214205720  0.13578611973570681  0.14632655793507190  0.15686337651641655
  0.16740061977092494  0.17793674393148318  0.18847598220212614  0.19901874977808520
  0.20956479701347006  0.22011198315329633  0.23065773355814773  0.24120285691115037
  0.25173851804883374  0.26227033746240169  0.27280385765140963  0.28333830076435396
  0.29387184897344681  0.30440073997219513  0.31493919925538616  0.32547582026895233
  0.33601589074066712  0.34655416942454997  0.35709655097520315  0.36763745176549889
  0.37817552459386861  0.38871223849162650  0.39925368603597755  0.40979404910458095
  0.42033993514236700  0.43088690527561518  0.44142670362738506  0.45196698336709551
  0.46249841050345825  0.47304242086650777  0.48358211820377345  0.49412491874924735
  0.50466186305418670  0.51519475576649909  0.52572707843799915  0.53626653990575479
  0.54680151946532374  0.55733690904760191  0.56786378215544753  0.57840259755679291
  0.58894266689726671  0.59948934958673961  0.61003437804436422  0.62058079724770865
  0.63111783501805652  0.64165738115152304  0.65219365918882810  0.66272925438614472
  0.67325522842444596  0.68378760874481992  0.69432677947052923  0.70486975730789314
  0.71541109029640371  0.72595669423211395  0.73650296138812021  0.74704739155998834
  0.75759115711964142  0.76812952993208761  0.77866815119811617  0.78920552829310475
  0.79974799979488886  0.81029442953996011  0.82083504809092800  0.83137187799339618
  0.84190567937030059  0.85243770284281462  0.86297607511339436  0.87351226016619976
  0.88405482137330416  0.89459157398433065  0.90512392725724111  0.91565330977598813
  0.92618259958819915  0.93672099108303419  0.94726333717968891  0.95781168931490446
  0.96835907535528998  0.97890745368132304  0.98945455029917351  1.00000000000000000
 -0.00251213150573420  0.00954075162767507  0.01971722217258948  0.03024198668412496
  0.04078800585187566  0.05133102661924602  0.06187161762645838  0.07241578636548568
  0.08296003950596989  0.09350595812721538  0.10405269276912706  0.11459715051252309
  0.12513840189048384  0.13567805884380521  0.14621604611401007  0.15675449749249434
  0.16729104312929044  0.17782312994767319  0.18835766098190773  0.19889764371922247
  0.20944329123267194  0.21998960104174489  0.23053000288898903  0.24106626082412075
  0.25160206948534303  0.26214365236570797  0.27269046965230365  0.28323958542569738
  0.29377787869022515  0.30431519229535181  0.31484818252744040  0.32538629506660149
  0.33592399796812394  0.34646432193895887  0.35700323332902906  0.36754722449824834
  0.37809288088877002  0.38862638671337046  0.39915025602025378  0.40966727234048750
  0.42019574600375315  0.43073375064614772  0.44127843247647852  0.45182781790495974
  0.46236948220428231  0.47290932624288012  0.48345177357228997  0.49400064649395486
  0.50454654054822301  0.51509277261868980  0.52563742177068407  0.53618031705720193
  0.54672144825768165  0.55726539140975595  0.56781359842702328  0.57836332463877249
  0.58891388460466754  0.59945787080160073  0.60999939355022426  0.62053720670114743
  0.63107635895603742  0.64161894148349974  0.65216005866871074  0.66270344154775984
  0.67324658503256862  0.68378783949628785  0.69433024453176773  0.70487201941251409
  0.71541875788325526  0.72596376032801491  0.73650483148366663  0.74704237249216987
  0.75757985873101352  0.76812143989113846  0.77866385853733400  0.78921113703631640
  0.79974717506269799  0.81028677412976480  0.82082757978326537  0.83137495716735166
  0.84192373797380271  0.85246601100780417  0.86300836467167885  0.87355098480241167
  0.88408358630012085  0.89461761230407522  0.90514551648573760  0.91568030945902990
  0.92621247959508801  0.93674575692500028  0.94728890687461242  0.95783655407546031
  0.96837915294466659  0.97891753628478884  0.98945553178567669  1.00000000000000000
   2.5520406023757951E-008  -1.0000000000000000     
 F F F F F F F F
  <DiscreteSampler_grid>
  grouped_processes
  1 # 1 for a reference and 2 for a running grid.
  10 # Attribute 'min_bin_probing_points' of the grid.
  1 # Attribute 'grid_mode' of the grid. 1=='default',2=='initialization'
  0.0000000000000000 # Attribute 'small_contrib_threshold' of the grid.
  0.5000000000000000 # Attribute 'damping_power' of the grid.
 # binID   n_entries weight   weight_sqr   abs_weight
    10   10   1.322623097372511E+010   1.749331857703254E+020   1.322623097372511E+010
  </DiscreteSampler_grid>
