 -0.00245426146524306  0.00949352038305271  0.01965208104809893  0.03017239164932255
  0.04072054334760898  0.05126354971988085  0.06179580653178044  0.07233140169931072
  0.08286684013821884  0.09341077692072935  0.10395564356135042  0.11450438133242664
  0.12504738943302959  0.13559040270356823  0.14612715376069194  0.15666937537347075
  0.16721234491331616  0.17775918849195094  0.18830107438420096  0.19883817430571055
  0.20938133866247452  0.21991592030602816  0.23045061607879552  0.24098148360019797
  0.25152852888948024  0.26207196468695304  0.27261524613473098  0.28315896020526660
  0.29370149574005155  0.30423983477636790  0.31477342798905872  0.32531381448219987
  0.33585852551345879  0.34640587287297986  0.35695017067170970  0.36748770727831753
  0.37802569976154721  0.38856809521461327  0.39911554699868118  0.40965995827372625
  0.42020447665875243  0.43074743943684507  0.44128922882236044  0.45183023525801047
  0.46235812962868456  0.47289030290722928  0.48341916297926441  0.49396710687595674
  0.50450785717012647  0.51505454122023409  0.52559842347815555  0.53614856964073343
  0.54669899279402934  0.55724464516075389  0.56778047822153521  0.57831103428769093
  0.58884819873316363  0.59939432392593694  0.60994130234335431  0.62048226241118698
  0.63102519091639120  0.64157195367296826  0.65211191704182436  0.66264932328722792
  0.67318563783893748  0.68372845840251151  0.69426340398933550  0.70479806379178844
  0.71532654727997247  0.72586555493266836  0.73640620854613736  0.74695913768460276
  0.75751251189367885  0.76805783478216150  0.77860230399896546  0.78914565704731143
  0.79969542597755960  0.81024294395095242  0.82078958911934197  0.83132816855815483
  0.84187056720022957  0.85241246308875251  0.86295245916111474  0.87348515502598167
  0.88401872345839505  0.89456008973603895  0.90510169117252148  0.91563892421400606
  0.92617872137719770  0.93672280360395910  0.94727045728287107  0.95781978871644013
  0.96836572946379473  0.97891207913036693  0.98945441218956542  1.00000000000000000
 -0.00245172139333899  0.00957075481430905  0.01974616610432967  0.03026448911562777
  0.04080525535910069  0.05134453135934838  0.06188878366694457  0.07242562667777679
  0.08295141965730690  0.09348163709603668  0.10401196159492491  0.11455266766899778
  0.12509595017217939  0.13564892653607569  0.14618901393206396  0.15672838476550927
  0.16726670094987414  0.17781047464245550  0.18835215209117495  0.19889284224362863
  0.20944182622096491  0.21998394734886459  0.23052429568595334  0.24105843434974261
  0.25159360341361320  0.26213181248486628  0.27266595731963145  0.28320931993811926
  0.29374061565509080  0.30428001969574231  0.31481237311657445  0.32535510921927568
  0.33588856963898422  0.34642475167282571  0.35695565705636417  0.36749661108279758
  0.37803994082009124  0.38858294127916976  0.39911584411740392  0.40964936036499089
  0.42019027103653706  0.43073414127628668  0.44127249215043579  0.45180530450550932
  0.46234928999768099  0.47288467720178701  0.48342552186973625  0.49395707170506969
  0.50449090807824104  0.51502300512481802  0.52555309989353205  0.53609525060507823
  0.54663578797249213  0.55718570825574187  0.56773253009920766  0.57828190144005931
  0.58882983287459512  0.59938105489052407  0.60992558205106484  0.62047009091697658
  0.63101260429085648  0.64156146862574914  0.65210877858639937  0.66265103150124072
  0.67319364877167054  0.68373906463106116  0.69429158975988092  0.70483592577501053
  0.71538175256344005  0.72592185590619973  0.73645333687332548  0.74697408240415364
  0.75749872797076534  0.76803563722543100  0.77858108468027198  0.78912109261926389
  0.79966377618986129  0.81020458246861893  0.82075064958649158  0.83129662468483834
  0.84184533617279644  0.85239505949270944  0.86294105150915112  0.87347807149085788
  0.88401484276042530  0.89455757103599443  0.90510532198811811  0.91564849446878827
  0.92618950609875805  0.93673003913771524  0.94727397333735663  0.95781737143332324
  0.96836338451195336  0.97891215150050037  0.98945653606972805  1.00000000000000000
   2.5643082506569956E-008  -1.0000000000000000     
 F F F F F F F F
  <DiscreteSampler_grid>
  grouped_processes
  1 # 1 for a reference and 2 for a running grid.
  10 # Attribute 'min_bin_probing_points' of the grid.
  1 # Attribute 'grid_mode' of the grid. 1=='default',2=='initialization'
  0.0000000000000000 # Attribute 'small_contrib_threshold' of the grid.
  0.5000000000000000 # Attribute 'damping_power' of the grid.
 # binID   n_entries weight   weight_sqr   abs_weight
    10   10   1.322623097372511E+010   1.749331857703254E+020   1.322623097372511E+010
  </DiscreteSampler_grid>
