 -0.00251738050233732  0.00951966677171788  0.01968677820359959  0.03021360131111051
  0.04076762296200074  0.05131324974693186  0.06185184718869093  0.07238843596933302
  0.08292828526136239  0.09347064937642199  0.10400961806976557  0.11455138897569075
  0.12508784280180682  0.13562409901527575  0.14615623003182865  0.15669903463725524
  0.16724700458965450  0.17779564626380129  0.18833813130132052  0.19888060437998062
  0.20942634901314053  0.21998095393777115  0.23053222836804793  0.24108323961203282
  0.25163064001175850  0.26217726634855504  0.27272260014580191  0.28326369586905092
  0.29380777311751777  0.30435359801000494  0.31489724831610105  0.32543618024548238
  0.33596709208868514  0.34649968352685440  0.35703674734060664  0.36758201836162230
  0.37812641044122075  0.38866801365005865  0.39920632972883013  0.40974592963750683
  0.42028548009574890  0.43082162582352146  0.44136095352603899  0.45190467685615043
  0.46245439621440487  0.47300614577048683  0.48355862343049782  0.49410609164971292
  0.50463800442066686  0.51516854090608621  0.52570315791097144  0.53624627365713973
  0.54678191511140817  0.55731251070779919  0.56785235353839969  0.57839873513368889
  0.58894801033181921  0.59948998334645787  0.61002532779485696  0.62056239395900814
  0.63110555518760925  0.64165133739416502  0.65218695703740703  0.66272418755876661
  0.67325080655793368  0.68378016159915889  0.69430393414790459  0.70483950410098961
  0.71537847260231024  0.72592138470239242  0.73646254835307423  0.74700554294830568
  0.75754310142915049  0.76808673297103613  0.77862309087817083  0.78916585562903763
  0.79970057307671860  0.81024448624584922  0.82078865514048693  0.83134135777644091
  0.84188064976713917  0.85241952140243038  0.86295671783380712  0.87350158323681937
  0.88404733123176082  0.89458803527827258  0.90512379226798523  0.91565683886950910
  0.92619649338929322  0.93674959822553949  0.94729190348351755  0.95783490228738111
  0.96837018405006181  0.97891217033198796  0.98945403406634402  1.00000000000000000
 -0.00241830680178968  0.00954350599991427  0.01970814471135207  0.03022221903436426
  0.04076816784226273  0.05131357150458763  0.06185893078135236  0.07240675597951247
  0.08294729332118933  0.09348561689422312  0.10401965129116984  0.11455952937057499
  0.12510685307762293  0.13565361077755594  0.14619525755017590  0.15673247433272020
  0.16727388670357288  0.17781868238930432  0.18836605493594874  0.19891314577468860
  0.20944468437685348  0.21997790360480718  0.23050995631190088  0.24105776606367138
  0.25160640150904390  0.26215099004031100  0.27269849572185723  0.28323694020103890
  0.29377995171899413  0.30431742939833112  0.31485447329140342  0.32537927482884238
  0.33590932766559206  0.34644796076848083  0.35699837273949830  0.36754040103247682
  0.37807587226106726  0.38861103868014751  0.39915354808881498  0.40970270206902248
  0.42025149968724079  0.43080030251483642  0.44134553003634186  0.45189297474285794
  0.46244101372292812  0.47299155875635923  0.48353162447117404  0.49407144434736872
  0.50461050485315573  0.51515973663716341  0.52570923275663750  0.53625881863455882
  0.54680503617148291  0.55735005168239671  0.56788579281485863  0.57842552401517466
  0.58896428472617279  0.59951210558766321  0.61005909361699884  0.62060654362790502
  0.63115639816194113  0.64170472208320284  0.65225184557919114  0.66279088084617066
  0.67333108176394030  0.68386675281132425  0.69440344483326621  0.70493428963448845
  0.71546940986175001  0.72600621738669524  0.73653892019461553  0.74706867647590502
  0.75760317596816784  0.76814815363064537  0.77869918694844531  0.78924333817347225
  0.79978590409126360  0.81032725487748158  0.82086909963686938  0.83140109634995418
  0.84193403907740705  0.85246418872467611  0.86300492951136831  0.87354375206605894
  0.88409186315340682  0.89463956174476089  0.90518446734662217  0.91571897453069473
  0.92625083275818376  0.93678227969898287  0.94732399671706657  0.95786619428796871
  0.96839694932513221  0.97893233294352511  0.98946536255969331  1.00000000000000000
   2.5659119343448266E-008  -1.0000000000000000     
 F F F F F F F F
  <DiscreteSampler_grid>
  grouped_processes
  1 # 1 for a reference and 2 for a running grid.
  10 # Attribute 'min_bin_probing_points' of the grid.
  1 # Attribute 'grid_mode' of the grid. 1=='default',2=='initialization'
  0.0000000000000000 # Attribute 'small_contrib_threshold' of the grid.
  0.5000000000000000 # Attribute 'damping_power' of the grid.
 # binID   n_entries weight   weight_sqr   abs_weight
    10   10   1.322623097372511E+010   1.749331857703254E+020   1.322623097372511E+010
  </DiscreteSampler_grid>
