 -0.00246144605104597  0.00949672233453348  0.01965512004652814  0.03017648798203675
  0.04072372070772901  0.05127303646740695  0.06182026077147538  0.07236585234612056
  0.08289965795948562  0.09343561447803399  0.10396929355795628  0.11451060974816578
  0.12505421068262856  0.13559862429839228  0.14613605137429331  0.15666957286278715
  0.16720854857837661  0.17775166275409943  0.18829097875558010  0.19882204558085353
  0.20935653015469510  0.21988677925209238  0.23041784066685955  0.24095180933177837
  0.25149718967488988  0.26205110949900395  0.27260350608389627  0.28314929680219358
  0.29368536542664014  0.30422129626846572  0.31475914140428063  0.32528756680146503
  0.33581398890989766  0.34634550595337027  0.35688837405559187  0.36743503635319924
  0.37797859405353645  0.38852280599139538  0.39906531686600843  0.40960638687462697
  0.42014718351726466  0.43068983547872186  0.44123670169369200  0.45178908802635831
  0.46234098323213385  0.47289258200326545  0.48344163207406138  0.49398940278205783
  0.50453815641225519  0.51508298454457113  0.52562928758556993  0.53616083191881603
  0.54669499349644157  0.55722200951035794  0.56776463774559494  0.57830171091325011
  0.58883059501421908  0.59935183989915919  0.60988064790327867  0.62042562232142462
  0.63097095451998275  0.64151418520220560  0.65204548764793591  0.66257362793360430
  0.67309946181003177  0.68363437895396695  0.69417819215104892  0.70473009950044563
  0.71528178380112917  0.72582916348021520  0.73637441616549359  0.74692088261960277
  0.75746531311560406  0.76801289886836566  0.77855838229883978  0.78911114489836554
  0.79965482784254593  0.81019594961479058  0.82073409729533575  0.83127858465110926
  0.84182678090156571  0.85237729587569866  0.86292685487947185  0.87346477773057862
  0.88399931489872841  0.89453022402442639  0.90507046773877009  0.91561419462243143
  0.92616545340461898  0.93671479379939948  0.94726216561905940  0.95780824727215141
  0.96835323744844204  0.97889956010120616  0.98944608451037297  1.00000000000000000
 -0.00254415362140342  0.00947934625059559  0.01964112099812643  0.03016127037388850
  0.04071526789855571  0.05126281850158675  0.06181029619111602  0.07235600740468306
  0.08290076838031510  0.09344228383164155  0.10398478586025114  0.11453211115700948
  0.12508560048930628  0.13563119718216018  0.14617298783333915  0.15670461976726099
  0.16724445140162572  0.17778143381804676  0.18832543427225751  0.19887167694970198
  0.20941812108580846  0.21996463505986855  0.23051198616078300  0.24105867894974004
  0.25159676432620703  0.26213235477134406  0.27266917135083296  0.28321701840881008
  0.29376110221443186  0.30430297400408990  0.31483132365546218  0.32535728633895095
  0.33588852290517968  0.34642226574324109  0.35696167850245525  0.36750486321539594
  0.37805597318122447  0.38859829982856020  0.39914067374146472  0.40968493914289150
  0.42023406049999490  0.43077965558964160  0.44132722745946412  0.45187122233308208
  0.46240917471649318  0.47294642956949001  0.48347498235125008  0.49400870931225727
  0.50453267545756453  0.51507480959510865  0.52561898866677681  0.53617127588738711
  0.54671974347725949  0.55726821659840009  0.56781626658588458  0.57836447536976399
  0.58890302844599618  0.59943269743366001  0.60996217043507883  0.62049775099063231
  0.63104006687703629  0.64157877743251579  0.65212056350708769  0.66266109192658607
  0.67320935071790844  0.68374751893557251  0.69428874403762297  0.70482399814411989
  0.71536585135549613  0.72591049728038048  0.73646045943026139  0.74701571223672503
  0.75756342901459417  0.76810525704188681  0.77864270156044779  0.78918815127971798
  0.79973124755523606  0.81027569481550021  0.82081016982689281  0.83134767170612855
  0.84186705297339748  0.85239609329408916  0.86292187055949465  0.87347047621828233
  0.88401616378094805  0.89455569481687625  0.90509374319648550  0.91562759531208560
  0.92616866326866965  0.93670383999261952  0.94724573321515770  0.95778878474546325
  0.96833899195342898  0.97888865949781512  0.98944460999516504  1.00000000000000000
   2.5657937116249601E-008  -1.0000000000000000     
 F F F F F F F F
  <DiscreteSampler_grid>
  grouped_processes
  1 # 1 for a reference and 2 for a running grid.
  10 # Attribute 'min_bin_probing_points' of the grid.
  1 # Attribute 'grid_mode' of the grid. 1=='default',2=='initialization'
  0.0000000000000000 # Attribute 'small_contrib_threshold' of the grid.
  0.5000000000000000 # Attribute 'damping_power' of the grid.
 # binID   n_entries weight   weight_sqr   abs_weight
    10   10   1.322623097372511E+010   1.749331857703253E+020   1.322623097372511E+010
  </DiscreteSampler_grid>
