  0.00000517887746423  0.00000534232853476  0.00000548292036273  0.00000562316849421
  0.00000576165065739  0.00000592942280436  0.00000610142546494  0.00000627091843024
  0.00000645905858272  0.00000666014048019  0.00000686113126322  0.00000706400491539
  0.00000727510141092  0.00000749348939704  0.00000769439340988  0.00000790566610874
  0.00000811409028901  0.00000830554521086  0.00000849562941784  0.00000868003303883
  0.00000886085068673  0.00000904794353924  0.00000925539023216  0.00000948777738692
  0.00000972780380777  0.00000996122758360  0.00001019414711869  0.00001043008896409
  0.00001068056188566  0.00001095184915829  0.00001121111118621  0.00001146706381191
  0.00001169537957047  0.00001192984048233  0.00001216093314483  0.00001238115504309
  0.00001271095326528  0.00001304139633601  0.00001338308246792  0.00001374415503781
  0.00001412256237912  0.00001452469255945  0.00001497856413729  0.00001542229198127
  0.00001581986273167  0.00001618618837057  0.00001655554479824  0.00001694848140904
  0.00001736584956798  0.00001778902201225  0.00001819994578128  0.00001862270549765
  0.00001907606811721  0.00001960135518946  0.00002023111041259  0.00002093458557603
  0.00002167461087396  0.00002240432551949  0.00002311270608645  0.00002382353240069
  0.00002456652759285  0.00002540479376725  0.00002635534168526  0.00002735204069395
  0.00002834908788814  0.00002944991236506  0.00003063118943910  0.00003191847314649
  0.00003322228553266  0.00003464675482417  0.00003608731728656  0.00003757161204082
  0.00003934688033732  0.00004155384500131  0.00004402767372496  0.00004650179645505
  0.00004913727385872  0.00005230969673946  0.00005584270056109  0.00005929506090711
  0.00006282931671641  0.00006688380479806  0.00007208293239880  0.00007802607984807
  0.00008557614813665  0.00009476146818070  0.00010408136778156  0.00011676516654347
  0.00013318281055657  0.00015811056102668  0.00019005050996630  0.00024087283824877
  0.00035756785198424  0.00069345128021671  0.29796501692022054  1.00000000000000000
  0.00003186063787674  0.00003396176625359  0.00003683708640716  0.00004006744108194
  0.00004347572534783  0.00004683573890125  0.00005016658102038  0.00005367079221163
  0.00005750530164319  0.00006071471087758  0.00006338848277088  0.00006585034770225
  0.00006831017020034  0.00007088279792372  0.00007340935338999  0.00007614518852833
  0.00007887522392754  0.00008152894041966  0.00008413736959732  0.00008669694130750
  0.00008920186107031  0.00009191625876106  0.00009573945773529  0.00009983130359244
  0.00010393957460013  0.00010763081795437  0.00011101652114882  0.00011442050162599
  0.00011771683625443  0.00012102290941251  0.00012412955002199  0.00012716161818502
  0.00013055532478278  0.00013360516813435  0.00013666149868175  0.00013975531641146
  0.00014327431382403  0.00014746223483680  0.00015170935785791  0.00015565243858113
  0.00015978086879070  0.00016394474614552  0.00016843010518747  0.00017326979313932
  0.00017839937298843  0.00018378084652137  0.00018913483967244  0.00019538148579631
  0.00020168832231941  0.00020818556264316  0.00021530403243254  0.00022355598049057
  0.00023282205859241  0.00024255935348691  0.00025265746010294  0.00026413356135934
  0.00027585789096315  0.00028779327781459  0.00030136590104905  0.00031471084292010
  0.00032876638470007  0.00034315211431172  0.00035681033316317  0.00037389237651219
  0.00039510368482538  0.00041821334471171  0.00044154089481835  0.00046511618991954
  0.00048761956266951  0.00051197010066520  0.00054215689775980  0.00057871412690983
  0.00061866691789765  0.00065662388296255  0.00069703807221431  0.00074432272462020
  0.00079551820954603  0.00085071778702878  0.00091317620189032  0.00099639239183095
  0.00109930474744533  0.00119820800818075  0.00133060234455899  0.00147678741932465
  0.00161219915299723  0.00175273373744387  0.00191474843324654  0.00213006795698546
  0.00238588199896065  0.00272734086942709  0.00317622992264424  0.00398366370826307
  0.00559992575839454  0.00795767290699562  0.56630538380783990  1.00000000000000000
 -0.00000260700318681  0.00010769012441148  0.00051882088319827  0.00119485161384062
  0.00221270878470502  0.00375491086951165  0.00571147385850327  0.00781356357322944
  0.01039644292751017  0.01308992213936455  0.01592763489476692  0.01897824478138593
  0.02224107637203025  0.02562912112588167  0.02912232241217721  0.03265742317970767
  0.03661160817022110  0.04162317414648305  0.04710135387619879  0.05269858164487455
  0.05822942193236767  0.06316944191268622  0.06804419034441120  0.07308013702461912
  0.07841296795422531  0.08384043163156761  0.08974344992538703  0.09698046799275199
  0.10435693250332739  0.11286032613587436  0.12026952028779468  0.12779007657110111
  0.13486511498826642  0.14233657667015545  0.14961844739535346  0.15804729365866796
  0.16644236164829976  0.17514402661481757  0.18378047707365758  0.19255309467573120
  0.20109366586235250  0.20995631594778208  0.21930640862600648  0.22887299473791620
  0.23904729083804793  0.25005118020734873  0.26128984897716639  0.27237417538878134
  0.28408647031676598  0.29721014049912292  0.31063594421377577  0.32380834658345536
  0.33678830340751259  0.34929958239282666  0.36200885849901437  0.37605956557260811
  0.39015418323479628  0.40420900139108484  0.41798920085611618  0.43134464116819649
  0.44450521730590398  0.45974957156903018  0.47521941171856774  0.49077120010093439
  0.50575076791654472  0.51996161870870217  0.53471790957428422  0.54956454119037101
  0.56426578740969691  0.57901217974031804  0.59333496439423394  0.60665782134577473
  0.62005790849635989  0.63272121914493706  0.64560421019368130  0.66229078309539369
  0.67872351569854850  0.69595197748269522  0.71484376167229036  0.73042750051629457
  0.74598240196306664  0.76188274213367002  0.77722482937926052  0.79311433818641253
  0.80942620387968922  0.82589766568412448  0.84314776229058386  0.86269372405120404
  0.88315126843744518  0.90324563284691950  0.92093264152900800  0.93813712669961224
  0.95485036900638331  0.96997192285689382  0.98501642510332843  1.00000000000000000
 -0.00270731534738092  0.01017701837913497  0.01964263463430233  0.02999651179830367
  0.04099096293785962  0.05439081519874857  0.06869490505297429  0.08273353644039076
  0.09463716619321039  0.10604665558265866  0.11697850956473327  0.12653731679504560
  0.13427391400846256  0.14221419772970104  0.15006676024740820  0.15796225531343594
  0.16643634418588954  0.17503423856049360  0.18352678964801611  0.19102621100850739
  0.19850673752429504  0.20592807061783938  0.21771773258621066  0.23033442531940476
  0.24054851342112671  0.25006203220798318  0.26000333240517509  0.27153893250554390
  0.28518624241802776  0.30036433725869199  0.31414754385692117  0.32666894910920458
  0.33882020713342942  0.35004995446748627  0.36127819647515097  0.37411408338533791
  0.38465525550168950  0.39630518054371799  0.40694555573613528  0.41762678440575857
  0.42830989142626802  0.43958490853520399  0.45220018565781395  0.46318995947748087
  0.47298645328858202  0.48256733752332509  0.49166921312275635  0.50070005175026633
  0.50945318798667194  0.51958538368646656  0.53230086265730014  0.54568262554207281
  0.55824148931121975  0.57025530435529059  0.58154856685124701  0.59179047008979624
  0.60143906321650875  0.61150366627056663  0.62117043780592729  0.62994470996829421
  0.63819807385885052  0.64615238557925114  0.65445294714213553  0.66342029254580703
  0.67325890578242675  0.68355693387363370  0.69464621264708815  0.70640012393318885
  0.71920512789487068  0.73183297879706766  0.74330330758869789  0.75458965046692250
  0.76626392577244351  0.77696876065083742  0.78703333061350977  0.79607955027454647
  0.80390662671863988  0.81149327131096527  0.81883066657900905  0.82578776072253735
  0.83339458447555104  0.84222670189412452  0.85254119812001738  0.86410339914806866
  0.87536903413043399  0.88802194557076564  0.90092064081844514  0.91337152680954070
  0.92497613479285801  0.93522439253424128  0.94668642781188561  0.95689303873433695
  0.96590630522837095  0.97530442870236767  0.98652615227379914  1.00000000000000000
 -0.00243394859995455  0.01048878800234149  0.02192224761595594  0.03418510480697720
  0.04630804111414323  0.05761099550448932  0.06838587837018074  0.07886835182085189
  0.09041777067769878  0.10321217101866401  0.11663699576170083  0.13047805495244258
  0.14363838954416672  0.15528668370404450  0.16561776097257427  0.17544209153262214
  0.18489961015490558  0.19318144663971862  0.20183626395985627  0.21163164565345383
  0.22181696463611819  0.23278868877331554  0.24417627792969687  0.25559945314906285
  0.26554038516460149  0.27404494721783962  0.28205442135498926  0.29043754360579160
  0.29989967214985458  0.30934016382190227  0.31931074894573908  0.33034209710832663
  0.34218120462527435  0.35429410985217413  0.36594832491717422  0.37878102536685559
  0.39254136493957142  0.40576096123236954  0.41827014529131407  0.43100840006307511
  0.44272276035211444  0.45392056751124948  0.46458358399259025  0.47434803563938072
  0.48405532876368901  0.49442352878186607  0.50536102979403796  0.51666973409584160
  0.52752778184034987  0.53808860984607210  0.54793693758153506  0.55706331124467201
  0.56618900146025619  0.57585285751466442  0.58634498038534599  0.59717667097531979
  0.60758237716134633  0.61785532134689936  0.62789678218835088  0.63798451524813216
  0.64898073421539926  0.66108885144641760  0.67383104667544125  0.68585445706679327
  0.69668389031106359  0.70700857759699964  0.71621720311385950  0.72525605948928062
  0.73395869761190802  0.74281213730601792  0.75124858585722210  0.76016685374462789
  0.76969783719958207  0.77929674534565296  0.78906659412846825  0.79870096993857298
  0.80948984574644933  0.82264872906160069  0.83524275203385878  0.84507003438553341
  0.85373800739616557  0.86237445714692629  0.87148720059456264  0.88143811417833795
  0.89249864892189679  0.90447909168382390  0.91672838094306119  0.92823820851452499
  0.93858776678166456  0.94909265749041205  0.95946214376651873  0.96879036850439837
  0.97698511343652628  0.98502071889063059  0.99284887067753458  1.00000000000000000
 -0.00306682467459651  0.01300399826534081  0.02649006466797043  0.04042198185593374
  0.05467744104616518  0.06804589559989563  0.08109382010063271  0.09419062878806982
  0.10738342639296877  0.12051279370857081  0.13267452796413950  0.14481290989298076
  0.15772060826575107  0.17080631896446991  0.18257848154896825  0.19426639305203786
  0.20607390017642171  0.21804838498719420  0.23030465247814780  0.24317778232434556
  0.25397413765474824  0.26360642658413125  0.27286840514884236  0.28304391197194778
  0.29415293799753889  0.30510518697920713  0.31627083128750638  0.32811105759820003
  0.34021699725674753  0.35316109965943254  0.36188387181065113  0.37084443838362824
  0.38003127440507256  0.39005071286383580  0.39944750131612500  0.40821056188983801
  0.41675672892783744  0.42598354522357607  0.43607917843861566  0.44653026178154759
  0.45854736752314085  0.47127827778606673  0.48349590591449676  0.49492896922969415
  0.50579433038975319  0.51799000541976403  0.53038294226633032  0.54163671942261782
  0.55075470975599061  0.56032594899379828  0.56881568891448198  0.57895736917026386
  0.58828470075952666  0.59895405902884891  0.60910635819652070  0.61989866262192894
  0.63084317415866475  0.64226513950590969  0.65248400124372796  0.66080202148939127
  0.66874594411518318  0.67659056608498125  0.68559186180665455  0.69525583630331667
  0.70444531892761142  0.71342007541283470  0.72220093863883061  0.73113105322924743
  0.74081709836984888  0.75037985379607641  0.75977918171303405  0.76983833444908278
  0.77928215558235958  0.78645587196941691  0.79315700554038415  0.80014787277322297
  0.80962721986441399  0.81839094021316305  0.82720759098348240  0.83646378199237348
  0.84632246764674868  0.85604220563909328  0.86586040939207576  0.87523416017436639
  0.88413102544405231  0.89333909517559795  0.90205821916511708  0.91127694027231698
  0.92158351752333789  0.93287504668361887  0.94442292203231970  0.95603911471296721
  0.96716891588785725  0.97855472036564684  0.98931349491270149  1.00000000000000000
 -0.00432205089891345  0.03417140311928039  0.05656843985535886  0.07146349448093647
  0.08330586365327203  0.09395800991015667  0.10421434084882776  0.11469308552603663
  0.12540537785994127  0.13760417166403277  0.15039698016396871  0.16436772985092674
  0.17506372779765580  0.18415484866004822  0.19311048513310777  0.20220928036161101
  0.21183947207915388  0.22180991042677387  0.23122697614636509  0.23967418288602732
  0.24870020378984889  0.25800678573971780  0.26661233670839540  0.27499951774775411
  0.28418606938962310  0.29523188002144973  0.30669603789749200  0.31807490951689021
  0.32936417273066776  0.33994093828326455  0.34880081292005072  0.35696070681293252
  0.36468751610600764  0.37318185014954591  0.38126965777145605  0.38834288301256231
  0.39575883089583591  0.40379103591207355  0.41256158872989723  0.42081637262342730
  0.42901408180769296  0.43714586071085421  0.44552165217983225  0.45423918118270701
  0.46266595375287667  0.47101438291729258  0.47930263008818852  0.48755312015864954
  0.49621489940363012  0.50522051887920671  0.51488700117594144  0.52489690427929603
  0.53455590592337543  0.54516417692218244  0.55647954168638258  0.56814564359655262
  0.57995016411450917  0.59153527994910304  0.60272126756493083  0.61286170123710770
  0.62333713835819682  0.63585464760994292  0.64906669337262546  0.66210498657166339
  0.67366067962920395  0.68430637189321042  0.69495512760073808  0.70599751218092688
  0.71733769378218337  0.72826357578571066  0.73878534923956019  0.74887426893319808
  0.75743481753948982  0.76641114972938840  0.77557893450935589  0.78643854190962359
  0.79822786026548309  0.80981652353308486  0.81929900949101864  0.82853868348567183
  0.83771790711312610  0.84691264483734152  0.85536348421967001  0.86429626458066322
  0.87322525769802373  0.88246581205676577  0.89054942907775625  0.89896435483981874
  0.90714924551079257  0.91715305160713245  0.93071082535578642  0.94616450071482672
  0.96210205729155451  0.97513441713175197  0.98831143244251840  1.00000000000000000
 -0.00318848409277026  0.01159893723164727  0.02355520754403484  0.03574528852563869
  0.04848435889225197  0.06195119671535976  0.07683951507694323  0.09217141075743190
  0.10712523118466184  0.12247928923224527  0.13767370954568883  0.15314400372787260
  0.16631135563158053  0.17805913423248951  0.18964915721539999  0.20155996218061645
  0.21330960900698528  0.22423408020284280  0.23570727301329866  0.24783070765861881
  0.25839992255848998  0.26850272588849666  0.27895105591248165  0.29023393325782371
  0.30132032756534333  0.31171928353952422  0.32236137892465894  0.33281815773352019
  0.34277628881078692  0.35234486570359080  0.36206196882127412  0.37208276774918969
  0.38116265829569435  0.38980337974260015  0.39775569772611630  0.40622508975192029
  0.41414095508378129  0.42207562924585235  0.42964253537917668  0.43851943245113956
  0.45061086053033134  0.46358313527853279  0.47411386048500148  0.48285677891118911
  0.49127647809954333  0.49947220708461454  0.50802528892171139  0.51793926237304444
  0.52653024222570544  0.53413682904634407  0.54202023747503836  0.55139434603635107
  0.56118171684746843  0.56924360489121717  0.57536977252449528  0.58157474035942103
  0.58934768256162984  0.59935083528777677  0.60881062795687135  0.61755439109513199
  0.62617960202761913  0.63600136502721527  0.64725733325824908  0.65889926331789328
  0.66943147337921938  0.68005234404954673  0.68980015405708672  0.70001295919107343
  0.71222225512320392  0.72679937001642014  0.74267409480964997  0.75671888797984921
  0.76833251238423272  0.77963662358850105  0.79138543701226116  0.80270415085167768
  0.81323330806308347  0.82400003813856670  0.83517719889756759  0.84636492008700925
  0.85784745284913444  0.86841440163592398  0.87696195760693929  0.88606716977128297
  0.89520858924958258  0.90513263562302482  0.91828161085683857  0.92813848530695131
  0.93903454910094730  0.94969017377404297  0.95878349413257569  0.96661271740746169
  0.97399548243489842  0.98151274056946680  0.99062646290660306  1.00000000000000000
  0.13754143121225018  0.14384479159561378  0.15033288769137382  0.15732771558793468
  0.16321883213370969  0.16821509127732936  0.17306641248334240  0.17798700382235400
  0.18297596057826443  0.18771692873143139  0.19198133714216861  0.19642552418330109
  0.20247406704997906  0.20948186642990957  0.21532622176085131  0.22082940798184256
  0.22667327198686069  0.23228770223979767  0.23776792618692674  0.24328655626378848
  0.25055487373592339  0.25891765239426251  0.26622397198338871  0.27213625581110262
  0.27819031714031339  0.28425117411233974  0.29154170783651934  0.29844336554659162
  0.30493344596824412  0.31087097020274146  0.31928213307020858  0.32820374173330513
  0.33555767336972814  0.34194376692470785  0.34878130640004928  0.35596579464309863
  0.36246379957922886  0.36866696018742617  0.37502572991105976  0.38190706640949407
  0.38900367864362556  0.39672002249655025  0.40727458484345197  0.41981527712616318
  0.43091307988198640  0.44132873040584908  0.45178927713275013  0.46272187005028159
  0.47388568017830957  0.48345963238699602  0.49184831268857054  0.50041011786183076
  0.50841089795870853  0.51584880207054795  0.52334597705937036  0.53107496941204557
  0.53964344994773472  0.54906427433080751  0.55848357295264273  0.56825322043141546
  0.57865807357255161  0.58872453714823025  0.59759543496623424  0.60629310404844117
  0.61506485056350646  0.62425439536163785  0.63268863078150850  0.64100740850897886
  0.65014659447648659  0.65986285756938712  0.66924078722586233  0.67756679952850585
  0.68659298256889068  0.69654901944893055  0.70724219185936710  0.71721464475060015
  0.72708227973718331  0.73666746950384554  0.74567044188647336  0.75442389363032047
  0.76324136769010953  0.77358383799679287  0.78415896688681919  0.79509099361246516
  0.80741085611004271  0.81985921613785040  0.83387460381930634  0.84930633095456309
  0.86440792212858730  0.87863719280725627  0.89338972757363500  0.91001815082656790
  0.92887133744015427  0.94660862855436512  0.96665484901644638  1.00000000000000000
 -0.01902115142820619  0.10946981412284679  0.14124700352589664  0.16117640903362837
  0.17557777128328828  0.18673658721202732  0.19754093392842920  0.20843881982442275
  0.21878890069090867  0.23022778525449777  0.24196614590912024  0.25135120494105628
  0.25932006125442914  0.26716356947204811  0.27573885681950311  0.28433507017583681
  0.29244664548072874  0.30002617370160056  0.30768437766644224  0.31561284018497204
  0.32292703329967443  0.32951499344960444  0.33650343139512612  0.34375976840946193
  0.35119406662225267  0.35847815860691845  0.36553257640668735  0.37283714425539921
  0.38076880627964177  0.38943658579238505  0.39704893239526384  0.40350716392286146
  0.40924781315294939  0.41496299761093158  0.42072430344945000  0.42649845712902990
  0.43244825106506535  0.43825308506315375  0.44338708970646157  0.44866456585712011
  0.45345449461029769  0.45852928172793056  0.46402617737964058  0.47001586974695220
  0.47627568193501846  0.48230866009660600  0.48838771913542584  0.49472251635078840
  0.50084718756390789  0.50816851330176116  0.51508825513378287  0.52173484721508712
  0.52822465891670201  0.53465895334186009  0.54148970143411401  0.54793970830917915
  0.55519994434775821  0.56182481356965674  0.56728198012545439  0.57184308521343952
  0.57623700104045705  0.58094998735692649  0.58617278759343827  0.59220299527373710
  0.59784278092050680  0.60319543072519299  0.60843780910636180  0.61361537054858306
  0.61920208483044870  0.62545487281372691  0.63255770460938976  0.64002037103657572
  0.64650170851507394  0.65232301267222026  0.65829049805467876  0.66482395093778424
  0.67287275880586894  0.68079342767878137  0.68771233696351886  0.69484485393071094
  0.70219848011539665  0.71024597392083222  0.71867300000931056  0.72765107972059362
  0.73806580634926378  0.74977279995006729  0.76065011840705876  0.77091530846210699
  0.78152499851078894  0.79345109083642307  0.80668548914824501  0.82142236808528424
  0.83900844233245198  0.86090103644990279  0.89218343681397028  1.00000000000000000
   1.4301611269519762E-004  -1.0000000000000000     
 F F F F F F F F F F F F F F F F F F F F F F F F F F F F F F F F F F F F F F F F F F F F F F F F F F F F F F F F F F F F F F F F F F F F F F F F F F F F F F F F F F F F F F F F F F F F F F F F F F F F F F F F F F F F F F F F F F F F F F F F F F F F F F F F
  <DiscreteSampler_grid>
  grouped_processes
  1 # 1 for a reference and 2 for a running grid.
  10 # Attribute 'min_bin_probing_points' of the grid.
  1 # Attribute 'grid_mode' of the grid. 1=='default',2=='initialization'
  0.0000000000000000 # Attribute 'small_contrib_threshold' of the grid.
  0.5000000000000000 # Attribute 'damping_power' of the grid.
 # binID   n_entries weight   weight_sqr   abs_weight
    10   10   4.966799949753833E+000   1.623090520791264E+002   4.966799949753833E+000
    16   10   4.966799949753833E+000   1.623090520791264E+002   4.966799949753833E+000
  </DiscreteSampler_grid>
