 -0.00249514755204813  0.00957268894084681  0.01975904199929861  0.03027649005862624
  0.04081967284607259  0.05135879986760707  0.06190385508531941  0.07243978474443605
  0.08296490671315181  0.09348999187450553  0.10402572725944201  0.11457105664680541
  0.12511231816857429  0.13565634461338630  0.14620405279990828  0.15675649819550044
  0.16730614690552198  0.17785047822300987  0.18839250520602843  0.19893580563121788
  0.20948371823437031  0.22003094273428420  0.23057466588018519  0.24111179477532269
  0.25164922272818235  0.26217810466055697  0.27271455325754584  0.28324710006118697
  0.29378899221626054  0.30432930084057602  0.31487225624010395  0.32541107273022601
  0.33595129857468758  0.34649001318564021  0.35703021434901550  0.36755667529367481
  0.37808894582301394  0.38861622160386300  0.39915742598822779  0.40968749942617771
  0.42022856842701450  0.43076272921557768  0.44130324279442423  0.45184542667994093
  0.46238533296672718  0.47292242465364509  0.48345085681553418  0.49398504300961904
  0.50452482066997328  0.51506831908201911  0.52561426972653724  0.53616119105462612
  0.54671015027553072  0.55725279537143724  0.56779574846857284  0.57833913484347965
  0.58888378871997138  0.59942820498954230  0.60997412507262327  0.62052360870925627
  0.63107165139409638  0.64161703108110857  0.65216377930508851  0.66270315160295201
  0.67323732516238532  0.68376610958201034  0.69429992742727120  0.70484076177484534
  0.71538172118711996  0.72592199114590772  0.73645701550363285  0.74699205837570970
  0.75752598639831825  0.76806580016540860  0.77860637055676873  0.78915112036182655
  0.79969598196494529  0.81023830537463293  0.82078117572159781  0.83131847327798336
  0.84186252476013956  0.85240165287738601  0.86294593989160839  0.87349071073301743
  0.88403966272846524  0.89457987571450270  0.90511610332151660  0.91564817660342668
  0.92618722356608996  0.93672946632603393  0.94727292691399612  0.95781937818051754
  0.96836632271395673  0.97891724818253889  0.98946044065572047  1.00000000000000000
 -0.00238868336109370  0.00972135922602117  0.01992137509093905  0.03044717105252974
  0.04098625148695976  0.05153216023855860  0.06207597656905907  0.07262116283466334
  0.08316523986125865  0.09371503316743802  0.10426335907953432  0.11481187436641760
  0.12535880398154078  0.13590767174011306  0.14645716376485060  0.15700266685467770
  0.16754047927678759  0.17807577429100974  0.18860966771512233  0.19913716298671544
  0.20966503909473105  0.22020097472846095  0.23073631595502636  0.24127191323977645
  0.25179932736087718  0.26233057113586727  0.27285677669661251  0.28338890050941706
  0.29393134894829209  0.30447850680367111  0.31502736136674087  0.32557063662540653
  0.33611196428702889  0.34665167827883386  0.35718898499980817  0.36772780993994419
  0.37826138861494868  0.38879766717205316  0.39933066126705336  0.40986238210714004
  0.42039988956636204  0.43094165779990973  0.44148437324047224  0.45202232267717318
  0.46255732275284395  0.47309239964641642  0.48362542773196487  0.49416117215440325
  0.50470175813756835  0.51524775010718959  0.52578748524766816  0.53632573638567282
  0.54686376835017592  0.55740333654753893  0.56794701233518241  0.57849058340279602
  0.58903092050198902  0.59956705789554277  0.61010255324158524  0.62063227057048076
  0.63116094474835049  0.64167949121855572  0.65221230186377110  0.66274377335009660
  0.67328033170744039  0.68381687587941209  0.69435470732088578  0.70489272224707822
  0.71543226884862310  0.72597074959834818  0.73651045089850875  0.74704431482590872
  0.75758168864981046  0.76812256221635522  0.77866674173646355  0.78921092199307386
  0.79975160279492352  0.81029179799551965  0.82082109106433476  0.83135540999586044
  0.84188991514182898  0.85243576037490254  0.86298211036848493  0.87353117218804510
  0.88407751702620674  0.89462313744381927  0.90516558645506662  0.91569734715075579
  0.92622377609161544  0.93675408916372960  0.94729648184742810  0.95784020302240613
  0.96838280365148011  0.97892797842101975  0.98946700964317758  1.00000000000000000
   2.5649361202946261E-008  -1.0000000000000000     
 F F F F F F F F
  <DiscreteSampler_grid>
  grouped_processes
  1 # 1 for a reference and 2 for a running grid.
  10 # Attribute 'min_bin_probing_points' of the grid.
  1 # Attribute 'grid_mode' of the grid. 1=='default',2=='initialization'
  0.0000000000000000 # Attribute 'small_contrib_threshold' of the grid.
  0.5000000000000000 # Attribute 'damping_power' of the grid.
 # binID   n_entries weight   weight_sqr   abs_weight
    10   10   1.322623097372511E+010   1.749331857703254E+020   1.322623097372511E+010
  </DiscreteSampler_grid>
