  0.00000489834877673  0.00000514567356738  0.00000527500192108  0.00000539130816442
  0.00000552834677598  0.00000566896600867  0.00000578906615843  0.00000590105837057
  0.00000602992074317  0.00000619759607073  0.00000639128382824  0.00000656374745041
  0.00000672849939869  0.00000690186952391  0.00000708036048286  0.00000725859792984
  0.00000744948936162  0.00000765886198443  0.00000788466620246  0.00000812627405600
  0.00000835650523783  0.00000857906332647  0.00000880010185648  0.00000901449270038
  0.00000923556805440  0.00000950481638923  0.00000982785296630  0.00001015597352627
  0.00001043625564470  0.00001071726145652  0.00001100602972831  0.00001131735014132
  0.00001165921942897  0.00001203986132345  0.00001244214751848  0.00001283819462384
  0.00001321415393309  0.00001356693667984  0.00001394908914163  0.00001430053813282
  0.00001471151030085  0.00001512243895513  0.00001555090664293  0.00001600530973178
  0.00001646109314978  0.00001698055547260  0.00001748064711114  0.00001796723929349
  0.00001844834704802  0.00001893457122079  0.00001950939557831  0.00002019379811863
  0.00002093759044049  0.00002172623909832  0.00002255388530496  0.00002341373723940
  0.00002421370265258  0.00002497957176978  0.00002582880943069  0.00002680470899159
  0.00002784457922592  0.00002896928081267  0.00003019320386983  0.00003146821999390
  0.00003276724713415  0.00003409679746920  0.00003552272991441  0.00003716695478000
  0.00003871814810124  0.00004042825336755  0.00004214822369351  0.00004399480203874
  0.00004630291646037  0.00004893072713908  0.00005138343939021  0.00005436834352789
  0.00005789239098203  0.00006220775362333  0.00006710084280220  0.00007283899477310
  0.00007945194308602  0.00008653045709723  0.00009480898605764  0.00010454576714072
  0.00011504838871397  0.00012664306552456  0.00014151259633056  0.00016133593485541
  0.00018649431365875  0.00022627661816104  0.00029542791275666  0.00040994868865813
  0.00055942344636328  0.00114370213487807  0.41811214576858169  1.00000000000000000
  0.00002369659525886  0.00002686135289060  0.00002727940990825  0.00002777243747792
  0.00002835372929287  0.00002965028931379  0.00003159353614046  0.00003301195815064
  0.00003428567415079  0.00003555071778499  0.00003687883900409  0.00003837393303409
  0.00003992035820370  0.00004162317124279  0.00004322057724320  0.00004412975588704
  0.00004530796556347  0.00004641084133002  0.00004757466616229  0.00004876304831620
  0.00004992853044102  0.00005119761520930  0.00005293180698703  0.00005484032430008
  0.00005684939096588  0.00005889182670013  0.00006069980511747  0.00006256790790270
  0.00006439179112431  0.00006630943230620  0.00006832427581849  0.00007045899511926
  0.00007276113375714  0.00007522684238685  0.00007769973972869  0.00008042452550268
  0.00008351956546151  0.00008671019171599  0.00009026132037815  0.00009433478198494
  0.00009865743587980  0.00010262643031306  0.00010651520100116  0.00011065684502574
  0.00011508795493117  0.00011974020559023  0.00012437568802505  0.00012866522806107
  0.00013292657421658  0.00013729740419778  0.00014184743833551  0.00014657462832515
  0.00015145800035641  0.00015619594361676  0.00016108399519253  0.00016698688983373
  0.00017380451915646  0.00018078349992173  0.00018771151007794  0.00019617381636308
  0.00020486301810252  0.00021339420877818  0.00022269364836118  0.00023230281627489
  0.00024241461418213  0.00025408776165549  0.00026791433441474  0.00028240943081865
  0.00029934233996135  0.00031816187952804  0.00033979467728384  0.00036339210870813
  0.00038791490696845  0.00040900617670325  0.00043381353866617  0.00046301322132799
  0.00049329029842011  0.00052452494750942  0.00056175325709214  0.00061050255349239
  0.00066940283991523  0.00073585855360055  0.00081464331229263  0.00091214851017267
  0.00103352872408379  0.00117674565577344  0.00134909659295873  0.00158525733379313
  0.00188030064051046  0.00219376623267766  0.00258829869066111  0.00333064940307806
  0.00468638898717473  0.00760970900926533  0.49654454253487690  1.00000000000000000
 -0.00000270833543891  0.00012167923215568  0.00060066192578197  0.00156611127375664
  0.00316276862788265  0.00524813862274229  0.00775668465563544  0.01025742128102068
  0.01299781027873239  0.01634320629636103  0.02043847065424553  0.02486611456754554
  0.02895989131082346  0.03325504976552470  0.03849970461607919  0.04467918268622807
  0.05040405178987183  0.05671325393116740  0.06359778036959464  0.07095302696723661
  0.07836024487266420  0.08540857888110993  0.09236671557951689  0.09912982119774326
  0.10485996735166114  0.10995228652665447  0.11522507920579771  0.12110939239946657
  0.12706685099609671  0.13288050009104893  0.13890709418055922  0.14537081594414034
  0.15181843223086561  0.15938639362121904  0.16867953702021260  0.17800249173381325
  0.18716593190811154  0.19647750168453582  0.20618470550546447  0.21657139649387466
  0.22766106019088631  0.23902616455486872  0.25075722570650044  0.26277837799510695
  0.27409345802645324  0.28639031461369518  0.29891931950080963  0.31096714588319402
  0.32389477227019625  0.33783440578316759  0.35165543777455704  0.36474012801111938
  0.37594002536220456  0.38852373362048520  0.40100501805839400  0.41314952755953926
  0.42437714241098140  0.43671722951058378  0.45076939450535297  0.46591905938727551
  0.48033207571562220  0.49510305041075164  0.51002962669210183  0.52536046354643162
  0.54080361287193046  0.55617742884630916  0.57139221687992514  0.58635678021770399
  0.60148634626538189  0.61659211954919846  0.63197046199266915  0.64872857195987654
  0.66496627511935058  0.68123600902272341  0.69688660804433211  0.71113774502331695
  0.72515554693292783  0.73887300069949691  0.75256060785136392  0.76668757767649665
  0.78177257846795656  0.79675869403432276  0.81257748833235266  0.82823777440819257
  0.84270522812431203  0.85625532077847022  0.86962344246283507  0.88306730443570247
  0.89744556896491301  0.91272249011291573  0.92832498780165340  0.94384819986319268
  0.95843238055256752  0.97243527641139293  0.98614098854054855  1.00000000000000000
 -0.00238405314771827  0.01072542924090104  0.02169007583677544  0.03152102755848421
  0.04164027180085463  0.05083101341146616  0.05921543200798667  0.06719330255195352
  0.07552369383811132  0.08470211011855303  0.09504943486060569  0.10515196805317691
  0.11429409847800003  0.12435623802034551  0.13484233225790379  0.14558705419835993
  0.15665170509279158  0.16908290030752393  0.18320068763759556  0.19539766484992574
  0.20599907240196452  0.21621519845243481  0.22645345243258730  0.23719661477991297
  0.24925513513349418  0.26397150899523014  0.27478157313768953  0.28302494486750829
  0.29138550121109952  0.30042256682261537  0.31059025929076750  0.32134509041593390
  0.33163824738000885  0.34304926074588138  0.35483389632955442  0.36607070227470989
  0.37708427321459376  0.38888382824565415  0.40114040910164683  0.41249707039156586
  0.42195778231218656  0.43109034829473031  0.44107326853390061  0.45224971549056581
  0.46239087562152997  0.47130879900715633  0.47995586167467824  0.48847899975858050
  0.49677358211323386  0.50518905457793095  0.51351851034275819  0.52327826732069083
  0.53497508486516221  0.54849691758489871  0.56016811045377524  0.57201375023542744
  0.58434964094856590  0.59785769985751303  0.61205215429022786  0.62483877898155638
  0.63485218828217904  0.64491011540672261  0.65464042844292936  0.66425623527647437
  0.67208466383325838  0.68102440036382816  0.68967371766522378  0.70018077677007917
  0.71001707921242940  0.71949484728192403  0.72988653230626499  0.74109437721095739
  0.75049837535823782  0.75989438263380471  0.77069200826419371  0.78315383552706164
  0.79429535583910005  0.80315803095003668  0.81222712942210673  0.82113788963769896
  0.82954284112731014  0.83812083861880204  0.84774121267634173  0.85795863338924805
  0.86841875856536743  0.87915943079440773  0.89036852873774552  0.90357103092710533
  0.91768597119874251  0.92950518896746759  0.93867422278924439  0.94859166508721726
  0.95912514180736019  0.96954028480424359  0.98111283436322949  1.00000000000000000
 -0.00191092270733320  0.00737984751346858  0.01675486437786595  0.02667484761905604
  0.03747158574765325  0.04846020607200444  0.06030337549760391  0.07396803916331651
  0.08735011114844198  0.09874757790711786  0.11015467852360941  0.12172402262463891
  0.13187301961810363  0.14029176063083029  0.14887136088113209  0.15871700851932752
  0.16924989718904840  0.17857633954051436  0.18745846422611215  0.19709862362007993
  0.20800216836520868  0.21971741965472757  0.23068931474552118  0.24145418587674164
  0.25191111815041373  0.26178775365342888  0.27148841713338551  0.28223317601554876
  0.29375966200069298  0.30461101936575513  0.31570192551598492  0.32731024122637542
  0.33860294752740877  0.34965023217150715  0.36153941962952257  0.37377683942343087
  0.38377436184367608  0.39271109020014944  0.40200905481145033  0.41121263515106560
  0.42048086278472202  0.43014060829890044  0.44026337244694352  0.45508021325086179
  0.47026186461775982  0.48557057258568381  0.50121963743550302  0.51613466918442885
  0.52903162384489688  0.54133296619050120  0.55235259665725711  0.56381596764862751
  0.57385447873592144  0.58387489668684089  0.59389745258633153  0.60401110056339002
  0.61466674396666754  0.62553678826877768  0.63621119853668517  0.64636762411925164
  0.65626882988937718  0.66589042319990965  0.67572308901476863  0.68568171621081320
  0.69574122311677189  0.70598044178357655  0.71638931157206376  0.72637507278580560
  0.73632163753424473  0.74570904181074649  0.75563470631289753  0.76665837349548760
  0.77653641765030601  0.78589629023166518  0.79644519619074072  0.80782302706567555
  0.81802047548931300  0.82684524694822170  0.83687527784877902  0.84887090687171174
  0.86220436384784249  0.87255295111702602  0.88345790166634042  0.89459631525648231
  0.90423908608811676  0.91618603981023905  0.92785396014217059  0.93966502235642602
  0.94941502641367459  0.95944697926310352  0.96760180921736583  0.97349241624571525
  0.97939301622903119  0.98525877832735098  0.99104173052392153  1.00000000000000000
 -0.00312382130924487  0.01211035749001735  0.02186495940824324  0.02789871874100440
  0.03364338485015065  0.04108704378917891  0.04894632443042499  0.05646344988039263
  0.06384948805567019  0.07131359450464211  0.07906298912292076  0.08808217892260917
  0.09823169689926387  0.10851842066871839  0.11894552841839495  0.13029275075356808
  0.14170824474065968  0.15281691724081511  0.16316808175780223  0.17197008655046100
  0.18009238095307364  0.18879728227141873  0.19859799309562326  0.20671747102848506
  0.21440747225943152  0.22126405187789933  0.22952379810506873  0.23871490292295516
  0.24935989773617481  0.25929521575321107  0.26906962776388521  0.27876094154352932
  0.28906028829998914  0.29973986824531751  0.30971882221899127  0.31977457338711501
  0.33051614691503128  0.34231561152305218  0.35412347702896713  0.36490601952203811
  0.37565893803616091  0.38630682308330760  0.39760295710208793  0.40967894151891415
  0.42278831428573765  0.43675685288338367  0.45066954862154185  0.46376654923099175
  0.47597788691009341  0.48809040666261666  0.49990228806338760  0.51161042606272089
  0.52365032609783391  0.53638136765586697  0.54931827050029669  0.56044375161954862
  0.57247665363870848  0.58307609146128292  0.59211343712867492  0.60089202074581616
  0.60987359994397594  0.62094829941358398  0.63224472646741336  0.64271092367552074
  0.65299694169448597  0.66396802995998716  0.67611118141766491  0.68977072226501823
  0.70140724340718752  0.71325468716973528  0.72507281511295407  0.73679538221394247
  0.74886433025117660  0.76141003990840495  0.77430290897780873  0.78630823933724359
  0.79758753990069908  0.80874796931781456  0.81941609897658896  0.82896161216387843
  0.83926136833245046  0.85056913388642763  0.86262336681657692  0.87551248466402642
  0.88845586050779923  0.89957591400272086  0.90882177298538191  0.91697582110994913
  0.92496219718936812  0.93376130994605488  0.94475419423650420  0.95670261418292890
  0.96839389323203029  0.97952910314030606  0.98959097444228694  1.00000000000000000
  0.00099499433477982  0.00653904842794847  0.00884226925986718  0.01125118602920093
  0.01372648686998595  0.01690735001868554  0.02109813772170785  0.02539823141957760
  0.02982639130981977  0.03413853155302006  0.03839922614259556  0.04279379501975962
  0.04766070474548432  0.05279751055715304  0.05795313492686841  0.06354318495824578
  0.07283037696534632  0.08240208326743800  0.09035623121336690  0.09782715142573928
  0.10550656288987516  0.11375121207654604  0.12273906620836440  0.13212778924786858
  0.14184897130994825  0.15219077610618184  0.16288533833494431  0.17375166476223158
  0.18585837490791529  0.19671556191321235  0.20735797005068576  0.22038201622454640
  0.23437003052704117  0.24809702930011909  0.25981266930449864  0.27143545652009032
  0.28324579889149787  0.29648321544140432  0.31052819129982479  0.32444916735660023
  0.33869441394028377  0.35241747081571911  0.36626491499039054  0.37916452825718472
  0.39205947601428009  0.40643766294990591  0.42239291234065368  0.43848373572674815
  0.45416504947992720  0.46795381869025682  0.47994079419140212  0.49221023853674351
  0.50440319084270691  0.51947606287231940  0.53483011489718901  0.54902858799608134
  0.56207030402113956  0.57421964673320847  0.58709784331886994  0.59932498984753257
  0.61035681654412988  0.62105464413956368  0.63394161707354546  0.64842205796379981
  0.66170116900141573  0.67396934813809317  0.68692783907004185  0.70126603299133983
  0.71861568004077248  0.73699210760702749  0.75327932945563447  0.76805804974042990
  0.78386974174005897  0.79876343752480172  0.81268949066080765  0.82535096250854167
  0.83725282883097119  0.84885353121182361  0.86012093921547927  0.86987347409672711
  0.88012881015905986  0.89074845076310305  0.90184002857249723  0.91130190451792481
  0.92043955902322161  0.93006124733068640  0.94027265442076435  0.94941850300787234
  0.95759602782308639  0.96401868489306208  0.96977794530603756  0.97497860596302455
  0.97976873001509990  0.98516042427339956  0.99140691240955003  1.00000000000000000
 -0.00237353332585886  0.01046329633781942  0.02147372584760686  0.03205028597068203
  0.04322462962199996  0.05625564647585947  0.06984907343751903  0.08293557001421178
  0.09448544756863886  0.10513130472479866  0.11582018865830940  0.12536342179266213
  0.13484042585863490  0.14416348849349830  0.15421427349585587  0.16501523133875215
  0.17730875472078328  0.18644580835453678  0.19556860267093071  0.20475856334129972
  0.21379872963867191  0.22223917116844147  0.23380462993348389  0.24777578413667944
  0.26351298261263678  0.27880954160062682  0.29123402379978247  0.30336876088507991
  0.31421817681495284  0.32517156536864283  0.33560725002556357  0.34714912664833880
  0.35913794497220441  0.37144189683327250  0.38278516147638275  0.39266369870039552
  0.40206046798055339  0.41190128574771934  0.42388305521692166  0.43569592912329269
  0.44697984836023935  0.45732695527291345  0.46677939040583916  0.47586348117943011
  0.48552699307258940  0.49573367534668933  0.50635852872339848  0.51660680827261130
  0.52819559357912493  0.53937584040221775  0.55082155874612015  0.56201066305572500
  0.57527456514281805  0.58755582419552188  0.59790739099945456  0.60701507375811437
  0.61595554219434379  0.62551114769281213  0.63556206555285799  0.64668369252552649
  0.65778879933925194  0.66748570775402860  0.67525749512040534  0.68195584927593766
  0.68971674618425005  0.69878453157904497  0.70865052758987290  0.71810015456582932
  0.72605697216070264  0.73383048420902175  0.74250919172091989  0.75138394657544272
  0.75964164730009054  0.76732469776508960  0.77605190561977022  0.78897825342845607
  0.79949180652235441  0.81023082630827936  0.81988281821386289  0.83000723727371928
  0.84029920833720595  0.85033177247483493  0.86108360140473073  0.87249919219279859
  0.88478076317371834  0.89692594392771940  0.90911382774164862  0.91967107228888789
  0.92959645183751494  0.93964674508730484  0.94906328217612046  0.95779915010329142
  0.96622488648670490  0.97496852535891032  0.98695932222151994  1.00000000000000000
  0.14556735082720582  0.16079977509660626  0.16927053639219503  0.17644774045447964
  0.18396097616365714  0.19132883518895596  0.19863557920163780  0.20617228050909106
  0.21352043862121181  0.22370343079150717  0.24004870733758216  0.25809095849888275
  0.27232064095235325  0.28322745487973816  0.29425339155252567  0.30505597200393486
  0.31575957474659527  0.32520721744620873  0.33167281274661770  0.33875969626863683
  0.34627295222717286  0.35422014539746416  0.36372624695313410  0.37177576254005462
  0.37882158718949593  0.38664221071260685  0.39506914243479663  0.40464677298285534
  0.41533429110938280  0.42521409504286456  0.43361472674492985  0.44021639324044975
  0.44617286111959215  0.45288223491674484  0.46207535632016944  0.47145905376329073
  0.47940402255156073  0.48650038728263956  0.49343344937421568  0.50023632567736864
  0.51039438225125433  0.52057442090110539  0.53070118172723468  0.53923458248124834
  0.54906536590742649  0.55858583921559224  0.56812697236061882  0.57768132199831279
  0.58710837658096171  0.59561137984437718  0.60338652403209969  0.61064012729422623
  0.61848823274972609  0.62710415598643399  0.63586295149972949  0.64453330792253494
  0.65220570621295870  0.65996231562050145  0.66605649152349722  0.67222398109667303
  0.67938129460603136  0.68752319542130913  0.69549977816567077  0.70326707811172873
  0.71122715325926600  0.71944797559766627  0.72716358618237720  0.73450167709786462
  0.74160296289044680  0.74866387938131151  0.75558605765439069  0.76200169376782767
  0.76856211457342616  0.77652241803503008  0.78640908118008412  0.79619013750320966
  0.80656059454409701  0.81656518422222546  0.82700878569097369  0.83724674263843801
  0.84763700978935541  0.85784200550952938  0.86780488114498544  0.87742823173196427
  0.88662135882774740  0.89569514852035037  0.90418828332121182  0.91278198764625362
  0.92172160399764358  0.93015379529574460  0.93854734420007047  0.94745726699111310
  0.95633358699044868  0.96606083624245642  0.97880092151034481  1.00000000000000000
 -0.02147179173805737  0.13241151619045124  0.17403448399900714  0.20987903767462937
  0.23911971399167151  0.26288735295673754  0.28425039176455635  0.30132655919990797
  0.31479863789490553  0.32692627685445586  0.33678203814948993  0.34491458432179961
  0.35208222444920545  0.35985274658186200  0.36758838409338529  0.37578600693432318
  0.38569245491485882  0.39592719899525231  0.40658182817911637  0.41644078980414906
  0.42551002510517388  0.43492539204476349  0.44507060456562447  0.45497998182796306
  0.46393384052925474  0.47247545522368128  0.48108913138004450  0.48974167978692329
  0.49782404107244332  0.50533785567435396  0.51245933296882229  0.51962386335969679
  0.52738035684579743  0.53622148175954154  0.54536501621955769  0.55454709678134240
  0.56275540298383164  0.56863570422828913  0.57322932071125621  0.57767353359179208
  0.58196845007724041  0.58648797151978060  0.59179222420225341  0.59734874321172315
  0.60346643423647972  0.60986976421626671  0.61547313347425203  0.62115536993340559
  0.62725899070151936  0.63480395273432344  0.64162548554970866  0.64729768603309024
  0.65225874907529591  0.65722908637386390  0.66210663910858447  0.66681771042333071
  0.67146364821068705  0.67615268999097544  0.68108276589746486  0.68636955825328327
  0.69183871665591834  0.69796612939099745  0.70370722192440804  0.71006469327400679
  0.71710236860149867  0.72432253465996221  0.73112054390903380  0.73706719851391322
  0.74252141415342598  0.74753347084169885  0.75226641265970584  0.75707096352694314
  0.76212299933808758  0.76706667913828031  0.77145257357475483  0.77610001794939321
  0.78114440501288740  0.78614281411708942  0.79118752930603997  0.79619573507368158
  0.80120941966226866  0.80612397797909219  0.81151187609056341  0.81774876204442659
  0.82439741437936276  0.83084846751268537  0.83875217884262854  0.84898589048867557
  0.85839294385693676  0.86824539585067395  0.87934123279259213  0.89123172271341988
  0.90316214491584679  0.91726781074489128  0.94049103591246319  1.00000000000000000
   2.7447984727346526E-005  -1.0000000000000000     
 F F F F F F F F F F F F F F F F F F F F F F F F F F F F F F F F F F F F F F F F F F F F F F F F F F F F F F F F F F F F F F F F F F F F F F F F F F F F F F F F F F F F F F F F F F F F F F F F F F F F F F F F F F F F F F F F F F F F F F F F F F F F F F F F
  <DiscreteSampler_grid>
  grouped_processes
  1 # 1 for a reference and 2 for a running grid.
  10 # Attribute 'min_bin_probing_points' of the grid.
  1 # Attribute 'grid_mode' of the grid. 1=='default',2=='initialization'
  0.0000000000000000 # Attribute 'small_contrib_threshold' of the grid.
  0.5000000000000000 # Attribute 'damping_power' of the grid.
 # binID   n_entries weight   weight_sqr   abs_weight
    31   10   7.618788420825784E+000   5.528169740663288E+002   7.618788420825784E+000
    32   10   7.618788420825791E+000   5.528169740663297E+002   7.618788420825791E+000
    40   10   4.893060669756998E+000   2.208031849772944E+002   4.893060669756998E+000
    41   10   4.893060669756998E+000   2.208031849772943E+002   4.893060669756998E+000
    55   10   7.333546354061580E+000   5.156511601345021E+002   7.333546354061580E+000
    56   10   7.333546354061589E+000   5.156511601345035E+002   7.333546354061589E+000
    64   10   4.342341809912957E+000   1.810858411251671E+002   4.342341809912957E+000
    65   10   4.342341809912957E+000   1.810858411251671E+002   4.342341809912957E+000
  </DiscreteSampler_grid>
