 -0.00245079605623637  0.00947793909914113  0.01963389980374957  0.03014379571047959
  0.04069210669444181  0.05123337467764616  0.06177782304800357  0.07232851378119959
  0.08287393123030004  0.09341783863598978  0.10395561016221407  0.11449474507753521
  0.12503168152241925  0.13557406025877314  0.14612033579757031  0.15666758935442052
  0.16720236730261706  0.17773589678177368  0.18827220050061225  0.19881747425573573
  0.20936244191394904  0.21990159136333517  0.23043778323138922  0.24097613666182005
  0.25151669755719780  0.26205905476185914  0.27260500039241320  0.28315140484948664
  0.29369324628569293  0.30422385950369196  0.31475202094898980  0.32528040257470209
  0.33580653924641618  0.34633483924392838  0.35686664184381078  0.36740367259757589
  0.37794405096375017  0.38847373949088609  0.39900984546622542  0.40954242317503764
  0.42008945366763589  0.43063332063737875  0.44117820061480412  0.45171941799150417
  0.46226488954185158  0.47280209468041612  0.48333359162618672  0.49386444102497523
  0.50440589664376489  0.51495869108089420  0.52550886978749989  0.53605591331077607
  0.54660285688326260  0.55714512320893184  0.56768281072432347  0.57822035362196122
  0.58876168907464066  0.59931158010262331  0.60985705549378233  0.62039693466314239
  0.63093642626336666  0.64147994832607569  0.65201862573719915  0.66255406828249697
  0.67308974939212207  0.68364155328561016  0.69418773737893913  0.70473060189278347
  0.71527122978997859  0.72581816325587256  0.73636711660643794  0.74691715826468386
  0.75746778664290615  0.76801971186197870  0.77856833792198343  0.78911772793297308
  0.79966297166201628  0.81020457791676503  0.82074733928595434  0.83129301452195337
  0.84183978977975638  0.85238561647592470  0.86292654773764665  0.87347334901483742
  0.88401533922800390  0.89456398594324849  0.90511274156607857  0.91566516932682562
  0.92621732756936592  0.93677005198172092  0.94732051031701714  0.95786333596199935
  0.96839848941111906  0.97892953890186274  0.98946411146728253  1.00000000000000000
 -0.00245789676312164  0.00959571381433775  0.01977864885111466  0.03029660168687685
  0.04084370514737768  0.05138976467001451  0.06193469273638254  0.07247018648267325
  0.08300604560921433  0.09353892222606791  0.10407987190573356  0.11462600830741443
  0.12517087118225428  0.13570781959620870  0.14624426455776351  0.15678441710433222
  0.16732462669144993  0.17786652856705121  0.18840266125600605  0.19894189116531194
  0.20948079147129886  0.22002165878982777  0.23055501452515451  0.24108676675263438
  0.25161832794978833  0.26215675825227464  0.27269780736547367  0.28324058529365170
  0.29378757960230839  0.30432925768483898  0.31486932551323177  0.32541091639684916
  0.33595604260853235  0.34649595745039330  0.35703481598660475  0.36756915031117732
  0.37810804014622945  0.38864704956907969  0.39918695365623241  0.40973149328423325
  0.42027309092029247  0.43081371328583051  0.44135370227178666  0.45189419832624089
  0.46243976286438687  0.47297759542289086  0.48351723625540594  0.49405668712913314
  0.50460129513886987  0.51514088034585981  0.52567870826666496  0.53621883215092681
  0.54676190195092444  0.55730539685453340  0.56784258670626420  0.57838143916938378
  0.58892324048468603  0.59946545029093046  0.61001040497760062  0.62055068642091438
  0.63108465012512693  0.64161247332681359  0.65213713818310626  0.66267287066665681
  0.67321275341101638  0.68375329302973686  0.69429238024573425  0.70482526607289731
  0.71536570571861047  0.72590845390689662  0.73645052715156123  0.74699083151473333
  0.75753118901483574  0.76808147950872274  0.77862249547607465  0.78916636991565214
  0.79970863582143681  0.81025588045474417  0.82079512305111024  0.83132411732307010
  0.84185931572030792  0.85240190075418232  0.86295333312272327  0.87349669306075883
  0.88403901922334871  0.89457835871282765  0.90512385997376810  0.91566581665004476
  0.92620587574206947  0.93674482003215964  0.94728832465722967  0.95783359007153279
  0.96837927983416572  0.97892362128961086  0.98946347892108788  1.00000000000000000
   2.5654546321166622E-008  -1.0000000000000000     
 F F F F F F F F
  <DiscreteSampler_grid>
  grouped_processes
  1 # 1 for a reference and 2 for a running grid.
  10 # Attribute 'min_bin_probing_points' of the grid.
  1 # Attribute 'grid_mode' of the grid. 1=='default',2=='initialization'
  0.0000000000000000 # Attribute 'small_contrib_threshold' of the grid.
  0.5000000000000000 # Attribute 'damping_power' of the grid.
 # binID   n_entries weight   weight_sqr   abs_weight
    10   10   1.322623097372511E+010   1.749331857703254E+020   1.322623097372511E+010
  </DiscreteSampler_grid>
