 -0.00251176665745717  0.00959611099535245  0.01978986576867874  0.03031172154828467
  0.04085512166084185  0.05139571332763906  0.06193582849979724  0.07247568257711663
  0.08301441451500956  0.09355400200752960  0.10409436137270099  0.11462708293122925
  0.12516896452940182  0.13571228424931661  0.14626195679659679  0.15681058000412182
  0.16735504570115611  0.17788932082095840  0.18841376715240893  0.19893568377310988
  0.20946189638578327  0.21998746335804775  0.23051535577569146  0.24104472474192104
  0.25157911235457564  0.26211603464391375  0.27265995360607659  0.28321071691036209
  0.29375413891040986  0.30429086304205194  0.31482902030645588  0.32537622668102190
  0.33593039466135272  0.34647703496991694  0.35701656345370608  0.36755617547534247
  0.37809653594697851  0.38864450214709523  0.39918621796577941  0.40973388747778883
  0.42027386675048328  0.43081727570282080  0.44135965115279929  0.45190482739996213
  0.46244617497686930  0.47298726059151530  0.48353152014597617  0.49407464298783194
  0.50460854737339367  0.51514246765165483  0.52567348828447302  0.53621445766449782
  0.54674549646682413  0.55728085359590740  0.56781616852520334  0.57836261240518305
  0.58890937079378347  0.59945602978484336  0.61000198790247195  0.62054702891590574
  0.63109371403435810  0.64163319128016716  0.65217792415334364  0.66271553885424006
  0.67325624997836397  0.68378750443992797  0.69432635726631986  0.70486947465285343
  0.71542348304108949  0.72596651838292070  0.73650439900122699  0.74703313298751495
  0.75756452733449942  0.76810162753678457  0.77864688969097795  0.78919955789863994
  0.79974914008260423  0.81029181703015241  0.82083512546894466  0.83138116994950451
  0.84193091679594623  0.85247043262526701  0.86301136026884784  0.87354663810031274
  0.88409016803465257  0.89462085163065264  0.90515691654808228  0.91568777550233982
  0.92622644053076164  0.93675431755567617  0.94728114107269124  0.95780795435821009
  0.96834927550439920  0.97889835806912340  0.98944951282942339  1.00000000000000000
 -0.00251217358688633  0.00949458629633490  0.01965275137290916  0.03015874520050165
  0.04069854509536373  0.05123512025019152  0.06177476817483329  0.07231275619461297
  0.08284648246018708  0.09337788784416451  0.10391517729558392  0.11445031222980852
  0.12499139297022874  0.13552878086025377  0.14607367282428482  0.15661708116935730
  0.16716298619945141  0.17771206566696313  0.18826313530215119  0.19881239160884295
  0.20936143612356459  0.21990888770306688  0.23045670510211055  0.24100525383794288
  0.25154566744591916  0.26208262786455816  0.27261944334565086  0.28316155759454753
  0.29370892821893951  0.30425708728749501  0.31479964517230025  0.32533657156160889
  0.33587264899238456  0.34641497043619524  0.35696320906627699  0.36750568703237430
  0.37805040199271833  0.38858981245768598  0.39913469208369173  0.40968091135567036
  0.42023058029665622  0.43076755622998308  0.44130479134728223  0.45184212793742590
  0.46238541195014343  0.47292255065129735  0.48346184152740718  0.49400484682102974
  0.50455382527351789  0.51510252699138637  0.52564564881350506  0.53618403303879170
  0.54671326804988629  0.55724411170913413  0.56777520538479886  0.57831432004607275
  0.58885099583525313  0.59939267931194717  0.60993256537421381  0.62047692026588641
  0.63102070504394558  0.64156656662545863  0.65211877635022319  0.66267052680516825
  0.67322351627854227  0.68377183152757304  0.69431775631583181  0.70485744663453631
  0.71539535551465350  0.72593127272078251  0.73646592142526268  0.74700796797366831
  0.75755556440528482  0.76810138566479869  0.77863879750728404  0.78917404344004904
  0.79971567918916120  0.81026215903063159  0.82080171187640727  0.83134247151538510
  0.84187806834647905  0.85242132436869211  0.86296163907078693  0.87351120913384261
  0.88404946488502734  0.89459098712737550  0.90513173028170069  0.91568488409780302
  0.92622754282574371  0.93676639330360634  0.94729928626892168  0.95783878400132050
  0.96838007437416895  0.97891887011657053  0.98946087071501154  1.00000000000000000
   2.5509128490586168E-008  -1.0000000000000000     
 F F F F F F F F
  <DiscreteSampler_grid>
  grouped_processes
  1 # 1 for a reference and 2 for a running grid.
  10 # Attribute 'min_bin_probing_points' of the grid.
  1 # Attribute 'grid_mode' of the grid. 1=='default',2=='initialization'
  0.0000000000000000 # Attribute 'small_contrib_threshold' of the grid.
  0.5000000000000000 # Attribute 'damping_power' of the grid.
 # binID   n_entries weight   weight_sqr   abs_weight
    10   10   1.322623097372511E+010   1.749331857703254E+020   1.322623097372511E+010
  </DiscreteSampler_grid>
