  0.00000498460228062  0.00000525373692713  0.00000551816734541  0.00000579416973622
  0.00000606614142799  0.00000634368845338  0.00000663455043310  0.00000693695049957
  0.00000725314092760  0.00000757782454784  0.00000790435006689  0.00000821541090294
  0.00000858696561164  0.00000895829663222  0.00000937337218542  0.00000981759879526
  0.00001026598530148  0.00001070368568319  0.00001116980728422  0.00001167211436273
  0.00001217724785205  0.00001274443239730  0.00001333199731634  0.00001393165492810
  0.00001457811769115  0.00001528726334459  0.00001603407592148  0.00001680652312370
  0.00001760029283757  0.00001839612544778  0.00001921219421552  0.00002004582489150
  0.00002091675997878  0.00002177674797842  0.00002271051176767  0.00002368133914677
  0.00002464383122060  0.00002565478264427  0.00002672007407142  0.00002787056575336
  0.00002911634740683  0.00003040334617980  0.00003170984784918  0.00003305635775491
  0.00003446793573505  0.00003598797679104  0.00003756300423036  0.00003917895463703
  0.00004095775160838  0.00004276958565672  0.00004462446490095  0.00004672068312550
  0.00004925931116943  0.00005185575102276  0.00005462551638425  0.00005748047722757
  0.00006039465542621  0.00006343291632300  0.00006662820927596  0.00007008313776059
  0.00007384210047310  0.00007774977671511  0.00008187116395927  0.00008634867317419
  0.00009125259743198  0.00009705320982156  0.00010337037212659  0.00011007006209573
  0.00011732377716790  0.00012531416992246  0.00013459798230606  0.00014481541291376
  0.00015590802607616  0.00016780292325693  0.00018099185487219  0.00019601744403780
  0.00021342366427620  0.00023374099842239  0.00025574532495841  0.00027965104287673
  0.00030757532677302  0.00034271368229045  0.00038829564531962  0.00044609842321860
  0.00051411118534405  0.00059401871467647  0.00069031717388485  0.00081559401028789
  0.00098541094319325  0.00119836252780251  0.00148330674920151  0.00195581169553270
  0.00268079870005672  0.00446097870052458  0.09878944050679542  1.00000000000000000
  0.00000518971497592  0.00000560102075012  0.00000591972502916  0.00000623481610566
  0.00000657229279174  0.00000692757656895  0.00000729005804642  0.00000767128121463
  0.00000806909484997  0.00000846954972818  0.00000886134316970  0.00000925139585272
  0.00000965639075095  0.00001008126129645  0.00001051635085093  0.00001099519514095
  0.00001153562078833  0.00001211524869784  0.00001273078216641  0.00001341159870153
  0.00001410352417779  0.00001480661204974  0.00001554974710432  0.00001629889046057
  0.00001705658920132  0.00001790077630801  0.00001870365962072  0.00001955720104404
  0.00002046160967722  0.00002140164060379  0.00002240546094375  0.00002349669862237
  0.00002462851106793  0.00002576488185882  0.00002690173241421  0.00002801041285605
  0.00002912049183851  0.00003037902260327  0.00003170901483295  0.00003309573717887
  0.00003458534668883  0.00003618579218987  0.00003784787374487  0.00003960198467666
  0.00004147959706303  0.00004341308642701  0.00004539076256266  0.00004760889255772
  0.00004996867010779  0.00005251619676420  0.00005530301778893  0.00005824559541700
  0.00006131433482952  0.00006477100292339  0.00006827525230904  0.00007207482139068
  0.00007618042870093  0.00008033240434584  0.00008479176454589  0.00008925662840925
  0.00009430250569797  0.00009965061341614  0.00010554924143757  0.00011200240151092
  0.00011902851069942  0.00012694336670811  0.00013550375163924  0.00014512306661852
  0.00015574620734644  0.00016784574017117  0.00018126281008492  0.00019621118791415
  0.00021196217531460  0.00022991213943723  0.00024826973946489  0.00027059737642041
  0.00029646361735844  0.00032886081578001  0.00036639984807986  0.00040902360296876
  0.00045659760723811  0.00050814526788261  0.00056638602496571  0.00063704480717655
  0.00073343462038782  0.00086089763951171  0.00103547724168461  0.00122447346422376
  0.00144853142616793  0.00181233787492100  0.00253188509870355  0.00363137620641376
  0.00472733679099000  0.00712081782169477  0.15386138199866670  1.00000000000000000
  0.00000699704444582  0.00000772547234838  0.00000829323720397  0.00000872722126328
  0.00000921581634212  0.00000975227147196  0.00001032751540317  0.00001097490129689
  0.00001199248580527  0.00001291161477312  0.00001386582529858  0.00001461269495639
  0.00001539584209670  0.00001622781802350  0.00001705680029514  0.00001798046411217
  0.00001893285653253  0.00001990890158245  0.00002095668931131  0.00002198708770425
  0.00002295741959561  0.00002400446037170  0.00002516640546411  0.00002629168959211
  0.00002767897527367  0.00002928901706147  0.00003116010133764  0.00003320080990713
  0.00003530139020117  0.00003743788424913  0.00003977016941255  0.00004220523915473
  0.00004473873540366  0.00004734977062176  0.00004999506565195  0.00005282323492484
  0.00005586793451070  0.00005907087532761  0.00006250757579499  0.00006604400551306
  0.00006959142740432  0.00007328788610351  0.00007729780311581  0.00008143285360977
  0.00008560739811827  0.00008980633649651  0.00009428563935902  0.00009960808959249
  0.00010556141337036  0.00011187033094342  0.00011834827512287  0.00012511257703026
  0.00013259756878709  0.00014044318722692  0.00014888968382183  0.00015773474153472
  0.00016760576998776  0.00017825931899761  0.00018967830785256  0.00020178955519535
  0.00021443560322033  0.00022796484768441  0.00024271880010825  0.00025931144168485
  0.00027708856363503  0.00029676389440046  0.00031827690427279  0.00034113797701873
  0.00036581139276461  0.00039287414843929  0.00042373088958472  0.00045747295109384
  0.00049485033273946  0.00053710388709931  0.00058198727017901  0.00062794623481304
  0.00067701142334948  0.00073292630303500  0.00080146569620002  0.00088647921768025
  0.00098526950919110  0.00110082739164792  0.00122673858823452  0.00135942183511039
  0.00152282572111623  0.00171081682478589  0.00202692898964467  0.00238575462507153
  0.00276013331125211  0.00318715579888489  0.00384757849785275  0.00486685468517225
  0.00637114498356191  0.01006540933226235  0.06948393554735950  1.00000000000000000
 -0.00321666815024832  0.01221681304062661  0.02470110950296579  0.03712845591889539
  0.04937466225368323  0.06204657986466636  0.07430299248650227  0.08619537491997373
  0.09762805354205779  0.10993871329925417  0.12278327481007195  0.13511246292926457
  0.14711204490381685  0.15835400970658253  0.16971079242089449  0.18149927700391702
  0.19407861573349364  0.20688755007281845  0.21902767960064798  0.23059768916173171
  0.24205893235916598  0.25400387287020881  0.26652091467458100  0.27882022463041412
  0.29127873765088652  0.30328830938357149  0.31451500984282499  0.32512114616419419
  0.33555525103350647  0.34616276846378402  0.35758169995937505  0.36986593248207217
  0.38217843934387874  0.39395624439887833  0.40535456924083108  0.41721197226405998
  0.42986501971419011  0.44185015740926803  0.45311395458619358  0.46437616435733536
  0.47621668833210384  0.48694843331569226  0.49697214572641013  0.50643812003782140
  0.51622881641324114  0.52588419722323854  0.53526229785450985  0.54473127340773564
  0.55430470471180693  0.56423868463468585  0.57432396003109631  0.58476773933981652
  0.59596264168694857  0.60702995066876264  0.61747837032904995  0.62758856474535440
  0.63766998062122660  0.64767776828575574  0.65744991809210573  0.66714891689357481
  0.67770763394313904  0.68827209864130612  0.69862377809939502  0.70910867053443494
  0.71986126282648932  0.73072140198292979  0.74186192452920730  0.75291730619759689
  0.76360048064871244  0.77388792304236709  0.78364575433616157  0.79319385782269336
  0.80247786548837940  0.81153150335615543  0.82088581396953086  0.83086988295672692
  0.84169012430424395  0.85221413881936126  0.86133229264312217  0.86983363744746767
  0.87866671947954833  0.88776359611907685  0.89666948283201064  0.90539699884865710
  0.91413971414279527  0.92300634408719517  0.93191046278719480  0.94015049592348587
  0.94721268165707817  0.95418969841490309  0.96115720501955326  0.96863597460937534
  0.97648684561630439  0.98427394343814778  0.99227394962618631  1.00000000000000000
 -0.00268227777679558  0.00953978638996991  0.02044992047548391  0.03156410086871640
  0.04206380847999693  0.05213390153065130  0.06166237303168502  0.07126558093353648
  0.08076373547948841  0.09087073504848127  0.10103924686006018  0.11138617061129244
  0.12150965987638174  0.13208047425998826  0.14252969747365221  0.15327118528069983
  0.16367172858651052  0.17401717008926493  0.18431212012436757  0.19494649283145599
  0.20510434881765155  0.21506106140691400  0.22500431705015009  0.23512585541716871
  0.24552487791042452  0.25609911967262583  0.26673373857711163  0.27667277261240142
  0.28627769934518654  0.29687648293977703  0.30830837566534913  0.31979630012251170
  0.33033248358471912  0.34134453787197117  0.35161814632247490  0.36208720568755204
  0.37169446749296470  0.38252078130802269  0.39353249498429299  0.40423776335342110
  0.41434744682599117  0.42452191786471982  0.43500017050222473  0.44554463927907056
  0.45568814154715526  0.46588004012432749  0.47630094506163079  0.48656306503315172
  0.49694862966147851  0.50762995942017786  0.51888981459427319  0.53016806728269728
  0.54119367779488670  0.55199503133562700  0.56279006835776335  0.57400187200475972
  0.58526345372089017  0.59611552769613640  0.60658028362880489  0.61704048179776949
  0.62732013305964129  0.63737078351913001  0.64748793753063638  0.65790803806491205
  0.66872993056075769  0.67979487070011890  0.69118464046510031  0.70230848074886831
  0.71324023608867848  0.72381036077892968  0.73433419623503360  0.74437739195114694
  0.75422901993441416  0.76387807911602734  0.77398475831626179  0.78476823788817140
  0.79594802660330133  0.80746794056945304  0.81909073313417691  0.83023271793167697
  0.84072624990896250  0.85078608902403308  0.86126429908243984  0.87197776832939733
  0.88294065581124259  0.89370047728080992  0.90371199735509755  0.91327091500080315
  0.92268292570754851  0.93259071414473105  0.94330716308366025  0.95465368784067217
  0.96616858614648848  0.97740051842343523  0.98856924983785344  1.00000000000000000
 -0.00243508113378781  0.00877479389172308  0.01787480029923789  0.02623272502362395
  0.03437242515618840  0.04270959238627511  0.05117350526854371  0.05955776276053359
  0.06791975755723718  0.07633949807373788  0.08460472343607164  0.09257230380285533
  0.10034012333062184  0.10807973435483044  0.11602044547901902  0.12447665965457197
  0.13352318311304667  0.14315125489133279  0.15254751025199681  0.16139512035385498
  0.17016037226826874  0.17923452861672573  0.18874584163263661  0.19889517497734144
  0.20890160259389298  0.21906313562830998  0.22837479805023689  0.23738979440926372
  0.24607018504369485  0.25468162373290515  0.26408296624245148  0.27368818630417385
  0.28330101598880403  0.29294397212782153  0.30277407153598163  0.31230097975203230
  0.32200839023657796  0.33110328436216618  0.34101902596830758  0.35090224153790273
  0.36229370431134356  0.37332291260892142  0.38417690612140526  0.39485550507815947
  0.40566469201952410  0.41655944603775918  0.42661962820285437  0.43687639715429000
  0.44731266118425034  0.45822718515683369  0.46973367120680826  0.48138028627005924
  0.49307394316459313  0.50431446836918636  0.51557287873119972  0.52676005762169209
  0.53770380181432864  0.54850135659106547  0.55890618541250836  0.56931781326305497
  0.58007979192327530  0.59146288075421283  0.60323222277348509  0.61505170008401366
  0.62635759417937209  0.63691047373718890  0.64742644905938040  0.65826794977347924
  0.66940354625296739  0.68059011359867205  0.69209930453762813  0.70410753540628990
  0.71624033875354287  0.72812559527307819  0.73999229980155412  0.75149727802554434
  0.76368594996283545  0.77578784641604215  0.78875132758104260  0.80083770134766419
  0.81238728515984304  0.82296508574461569  0.83409910808626597  0.84586244569920299
  0.85906604183430468  0.87237557571370872  0.88602484956391947  0.89901035924576567
  0.91158218959331361  0.92419279426937995  0.93653029334968818  0.94843758462498517
  0.96037749254411597  0.97353882904795197  0.98670106795686752  1.00000000000000000
 -0.00234485487882802  0.01008834243267510  0.02065285780307637  0.03054363331128667
  0.04173677551730411  0.05278581979919141  0.06339583064397908  0.07366891362095575
  0.08328523962651864  0.09312549912038261  0.10257939941340211  0.11262779651622162
  0.12231136261275848  0.13212841189170355  0.14116513629985603  0.15043562218722661
  0.15997188376079274  0.17040947590552830  0.18071715501593399  0.19150633827183924
  0.20205442371056931  0.21264137641905465  0.22293503584129504  0.23303759457101458
  0.24278895081192936  0.25259642714418562  0.26215585955082843  0.27157054593229318
  0.28121093050296231  0.29138260883457762  0.30303798473260857  0.31506132840431222
  0.32743548955075213  0.33873093667784471  0.34937897238903126  0.36060718055982044
  0.37232371568447636  0.38428990861850121  0.39583669303297397  0.40694468887757507
  0.41740282913257137  0.42744260220724534  0.43711660350205639  0.44688936507473792
  0.45696431111466079  0.46754227014864330  0.47864669462849690  0.48998046407450802
  0.50080490156658930  0.51100852482772963  0.52115346246562277  0.53157997644192001
  0.54210257517730276  0.55242010256566931  0.56282191420894268  0.57356197256996322
  0.58417400562664146  0.59502995720945673  0.60600718550327159  0.61623932332077147
  0.62700867366422453  0.63678765239569801  0.64617957753349675  0.65536240809445367
  0.66475248163378509  0.67452407516947555  0.68470750701557104  0.69489683494531129
  0.70551114126028769  0.71555161544737955  0.72582925582316427  0.73611581848624008
  0.74679848694231310  0.75773230983806461  0.76925190112510955  0.78064504245497124
  0.79194762666964891  0.80233082429802227  0.81318585417996803  0.82429878981818439
  0.83526485716079935  0.84624708278697214  0.85736099083012307  0.86974789615724379
  0.88117781897944158  0.89183547495984550  0.90236752221348437  0.91275462687188491
  0.92287439463221921  0.93273022185336774  0.94320956651237120  0.95488487885851903
  0.96613425439036715  0.97747784543363903  0.98842737340418474  1.00000000000000000
 -0.00227599080194694  0.00896414895572293  0.01806935238624911  0.02730150450371676
  0.03680045486730388  0.04652216359658184  0.05613217529033853  0.06553014933323086
  0.07531972364926906  0.08580915914345100  0.09687424878633713  0.10748937434342426
  0.11747038387863651  0.12755521861625893  0.13701863228692204  0.14608815746887308
  0.15496528961281025  0.16416943063988731  0.17387869564523370  0.18382028889657476
  0.19470385786613753  0.20612441914800822  0.21794416611368686  0.22951172793122593
  0.24116122490709663  0.25335501394969623  0.26513961328000996  0.27708895466189465
  0.28882376116438596  0.30087933003642253  0.31335300384345505  0.32535453001313197
  0.33719665853718844  0.34829117530462889  0.35887982554626757  0.36877672865338101
  0.37941509719501576  0.39091480183550570  0.40187922362612788  0.41223441496004054
  0.42207898203793015  0.43176424477865333  0.44094298184991387  0.44957705664159775
  0.45831419651691457  0.46718231976538976  0.47617999763967428  0.48592998235398760
  0.49658080173154412  0.50783761889869949  0.51940562303251125  0.53059571216452039
  0.54106742986928769  0.55068876095038599  0.55977013554385424  0.56891609285317490
  0.57871340541076677  0.58947862636765835  0.60156182636073041  0.61402411457729267
  0.62617235071494037  0.63736742727496420  0.64855488799447814  0.65948691533514525
  0.67045894665030059  0.68141462773051298  0.69249217344512115  0.70377123632152172
  0.71454553605835669  0.72432187498177181  0.73339115102847963  0.74226157138934246
  0.75140211331328888  0.76093886350020290  0.77055980394577939  0.78014058234951789
  0.79027130988161598  0.80094039596151723  0.81212109990054204  0.82341426406466089
  0.83476181966495000  0.84592162109710634  0.85746542750791843  0.86981116741719811
  0.88253419536051458  0.89513102665244826  0.90743231163248483  0.91928678456402135
  0.92966956362314912  0.94037862916338577  0.95088870468355502  0.96171299370760921
  0.97138668221845259  0.98113876734734207  0.99060449734527400  1.00000000000000000
  0.11035601600773340  0.11529819284172113  0.12157342878148557  0.12822170099054025
  0.13556520517417264  0.14328857469328607  0.15223880116974178  0.16103499004459315
  0.16915956782621117  0.17716163459248213  0.18497231892103333  0.19318739649395164
  0.20143794642047841  0.21017147055783345  0.21802658545556353  0.22574762366426362
  0.23381578214457660  0.24253310304753811  0.25207370922118033  0.26084372477422779
  0.26919685891446266  0.27708086002787857  0.28494191020685916  0.29269940239827480
  0.30062442901947894  0.30855453223915480  0.31657695429618116  0.32494985766913287
  0.33362328445850115  0.34298843006755941  0.35295243569881202  0.36178877106649837
  0.37029536396206481  0.37844075712592512  0.38660632537314205  0.39486110856697387
  0.40369579258276989  0.41191118382460812  0.41983245438466166  0.42765690131712064
  0.43575421313858698  0.44436289450023259  0.45333997182066876  0.46244763055328386
  0.47174215281442089  0.48084567267591971  0.48957550565386654  0.49799747325550725
  0.50676409128906241  0.51539748516775663  0.52415195269443371  0.53268106012136562
  0.54120349126062317  0.55044283426190765  0.55993221764453593  0.56951856072651907
  0.57896121401446032  0.58827602252322320  0.59751554241004923  0.60680510569107338
  0.61610401217398847  0.62553351797719192  0.63491579611457050  0.64437725023569914
  0.65363254899591761  0.66287849777725827  0.67219717059925077  0.68185383738398786
  0.69137125539130329  0.70069448850215343  0.70987413277882383  0.71898761573376935
  0.72820106361843073  0.73727270799074474  0.74628518576886460  0.75547147077151600
  0.76477148983051668  0.77427894814342768  0.78376187869831471  0.79335440897481302
  0.80348105947134763  0.81377141177996626  0.82429729554732301  0.83465635762206503
  0.84471780509768746  0.85472028482689999  0.86511837253334489  0.87576974853517220
  0.88631644145465760  0.89724100595694645  0.90898726252721596  0.92178716222853019
  0.93509644886687948  0.95120742424691851  0.97196311416786541  1.00000000000000000
 -0.01738413718757152  0.09961254631602581  0.13760218460480658  0.16093244426769632
  0.17904549585958246  0.19456758970090018  0.20843792325542676  0.22123526235592511
  0.23295180621782435  0.24382414571673416  0.25437028913271409  0.26463208926749837
  0.27448257239675222  0.28353330537242372  0.29242742269789118  0.30065696758846489
  0.30878579738928191  0.31641928888460502  0.32375639082360380  0.33102419552502049
  0.33820957223895309  0.34534896316437330  0.35237981490073622  0.35906245160757216
  0.36545844721685389  0.37165855524178043  0.37767298351057771  0.38384157294759269
  0.39032997617489101  0.39704779055892614  0.40355663076510068  0.40957095098532159
  0.41533351325579715  0.42111483686130685  0.42707789384759542  0.43325806478475015
  0.43948329286083121  0.44549022737542837  0.45123544244412533  0.45685729354781290
  0.46233089306282055  0.46786730843049751  0.47350482735996224  0.47916207939918587
  0.48463685164169729  0.49005854629553192  0.49554557229404184  0.50114696271598191
  0.50695154652705265  0.51282446188266517  0.51859369556719848  0.52436176535929735
  0.53016213136799073  0.53605805828783348  0.54173066705612982  0.54706069777083866
  0.55235892818352483  0.55786021476870828  0.56362551424834484  0.56970477725148094
  0.57569802521378777  0.58159794954925992  0.58743501844881441  0.59314800701065251
  0.59874949352887519  0.60436460268932535  0.61021065162216148  0.61636284741394942
  0.62262373037976804  0.62936023389031859  0.63614882177538878  0.64271375525097063
  0.64913431238498442  0.65571762094639507  0.66226655287818492  0.66918977164770432
  0.67622012889675343  0.68343166318660509  0.69104239438255799  0.69873607605834187
  0.70678145597108999  0.71501280049669513  0.72312665494438511  0.73123589989848758
  0.73956277865147835  0.74861092930248196  0.75830194276192775  0.76870824708872465
  0.77994064092321547  0.79238333510726666  0.80576145756184969  0.82058662281836470
  0.83806840289686491  0.86012478926245761  0.89540359548032122  1.00000000000000000
   8.0768528931975895E-003  -1.0000000000000000     
 F F F F F F F F F F F F F F F F F F F F F F F F F F F F F F F F F F F F F F F F F F F F F F F F F F F F F F F F F F F F F F F F F F F F F F F F F F F F F F F F F F F F F F F F F F F F F F F F F F F F F F F F F F F F F F F F F F F F F F F F F F F F F F F F
  <DiscreteSampler_grid>
  grouped_processes
  1 # 1 for a reference and 2 for a running grid.
  10 # Attribute 'min_bin_probing_points' of the grid.
  1 # Attribute 'grid_mode' of the grid. 1=='default',2=='initialization'
  0.0000000000000000 # Attribute 'small_contrib_threshold' of the grid.
  0.5000000000000000 # Attribute 'damping_power' of the grid.
 # binID   n_entries weight   weight_sqr   abs_weight
    10   10   6.145905251981630E+001   1.421718851503163E+004   6.145905251981630E+001
    16   10   6.145905251981632E+001   1.421718851503164E+004   6.145905251981632E+001
    22   10   6.145905251981632E+001   1.421718851503164E+004   6.145905251981632E+001
    28   10   6.145905251981630E+001   1.421718851503163E+004   6.145905251981630E+001
  </DiscreteSampler_grid>
