  0.00000011948381746  0.00000013280914541  0.00000015193264045  0.00000017490700369
  0.00000019871878034  0.00000022264646113  0.00000024634817106  0.00000027001908367
  0.00000029573976791  0.00000032218302997  0.00000035347528696  0.00000038593047188
  0.00000041968163895  0.00000045481421394  0.00000048715463219  0.00000051941840435
  0.00000055205703910  0.00000059107301741  0.00000063138272614  0.00000067302865877
  0.00000071658245973  0.00000076085165403  0.00000080579032440  0.00000085162331661
  0.00000089951826753  0.00000094695672333  0.00000099550048146  0.00000104534250175
  0.00000109562027757  0.00000114958904801  0.00000120390352764  0.00000125930215671
  0.00000131727805812  0.00000138319725254  0.00000145013817804  0.00000152113721987
  0.00000159585607787  0.00000167301277649  0.00000175530429261  0.00000184380470568
  0.00000193121098372  0.00000202182780157  0.00000211917520732  0.00000222778920427
  0.00000235054776822  0.00000247982023077  0.00000260955024508  0.00000273238350085
  0.00000286034827263  0.00000298554745510  0.00000313405992678  0.00000330465222987
  0.00000348711146073  0.00000367009049645  0.00000385443749234  0.00000403400572140
  0.00000421531661839  0.00000439495725981  0.00000458631802164  0.00000480198258354
  0.00000504407849942  0.00000528014929811  0.00000554760724448  0.00000582463911716
  0.00000613346417796  0.00000646023851325  0.00000680958227217  0.00000720514223704
  0.00000761123586731  0.00000802058454905  0.00000848316465507  0.00000897144296402
  0.00000952054350277  0.00001018958698109  0.00001091455663391  0.00001168706552779
  0.00001257136770372  0.00001363514434404  0.00001495390989879  0.00001628805669049
  0.00001783521137554  0.00001995576069550  0.00002263871207758  0.00002568785777287
  0.00002895186086414  0.00003268663917857  0.00003751342512693  0.00004460571541180
  0.00005548997497930  0.00006795492362683  0.00008675915042550  0.00011836151964730
  0.00018935255206519  0.00041200502494833  0.11519015680619848  1.00000000000000000
  0.00000091844991840  0.00000101200537073  0.00000110556082306  0.00000118494562422
  0.00000126009094272  0.00000135234384324  0.00000145086160822  0.00000154861556567
  0.00000163869899125  0.00000173488322461  0.00000182489697215  0.00000191578063035
  0.00000201731269441  0.00000213448324786  0.00000224257733638  0.00000233799326169
  0.00000242923454728  0.00000251082003971  0.00000258328952586  0.00000266499613294
  0.00000274519189104  0.00000282846460281  0.00000291804487177  0.00000300475764017
  0.00000308067212707  0.00000315932611065  0.00000324303835737  0.00000332968322864
  0.00000340984823069  0.00000349268824395  0.00000358399100793  0.00000368327754881
  0.00000378279241289  0.00000388734549400  0.00000402233283323  0.00000415825031373
  0.00000428789781340  0.00000440586186720  0.00000452339641007  0.00000464625508916
  0.00000476903257559  0.00000490543122932  0.00000506258866131  0.00000523107704444
  0.00000542048910479  0.00000563031257356  0.00000586372624418  0.00000612138942287
  0.00000641810090487  0.00000675068843392  0.00000710317818798  0.00000755462485126
  0.00000800665592039  0.00000839956855859  0.00000874968671822  0.00000913422399081
  0.00000955319584039  0.00000998503405004  0.00001041159561904  0.00001088396674833
  0.00001141436545947  0.00001193577707413  0.00001253536419150  0.00001334139080624
  0.00001428662972570  0.00001528893914708  0.00001642950513282  0.00001761901063221
  0.00001891262592829  0.00002037154429940  0.00002196472546879  0.00002382510278768
  0.00002573440365133  0.00002780484094302  0.00003015523784501  0.00003308551148669
  0.00003660394080312  0.00003980294958442  0.00004299296603855  0.00004651097875602
  0.00005031188225405  0.00005460203837702  0.00005982738840455  0.00006771330366307
  0.00007718851273543  0.00009071557945083  0.00010809485442178  0.00012930658937034
  0.00015733636231505  0.00019616676533116  0.00026696612892312  0.00040009576818013
  0.00065401699822926  0.00154053049831672  0.19113347140346204  1.00000000000000000
 -0.00000272061512101  0.00012829328793592  0.00066208807909167  0.00168954076206512
  0.00343268283407068  0.00580499026183373  0.00862901553898646  0.01141548958465828
  0.01451908641220538  0.01776592961295390  0.02169527499326280  0.02693316865244320
  0.03272799559267144  0.03809238403302168  0.04337625970986454  0.04910676011631066
  0.05456979770236470  0.06016910147852333  0.06619503139127592  0.07253625678548017
  0.07885018122119318  0.08568265026544296  0.09315328950070192  0.10125261329975375
  0.10905896839233707  0.11639399805245937  0.12402376905500588  0.13283336243589464
  0.14202432589421188  0.15082572749722559  0.15950202931677457  0.16797861004070849
  0.17701661853696440  0.18624679590037341  0.19566714207517150  0.20535744279661122
  0.21417679258162220  0.22199704513229440  0.22997173007968913  0.23885726695249679
  0.24828944049605761  0.25852494060829373  0.27013427695161746  0.28073403289449567
  0.29114484184928124  0.30223846081962386  0.31346590723581075  0.32543912166049760
  0.33719234588969871  0.34788846226514530  0.35737585723291171  0.36619198480622023
  0.37555211613419537  0.38591274344173404  0.39672491171083146  0.40833228773194385
  0.41948601433284632  0.43097986293381063  0.44302076379541189  0.45495941562037406
  0.46621355148552152  0.47777099564664838  0.48895546862314154  0.50179173017566547
  0.51628711130274718  0.53208779121629302  0.54888217682243545  0.56290021314667904
  0.57663358301679235  0.59055850860566805  0.60604635456195344  0.62029657906363322
  0.63454832033424347  0.64839222237216865  0.66164972765163088  0.67664711462187810
  0.69193853806491201  0.70638920736638022  0.72064698127722371  0.73571508245218087
  0.75010238334169688  0.76553210737991828  0.78005678295540826  0.79424184547213239
  0.80824836340537343  0.82190654736746560  0.83563226261289536  0.84965297015035923
  0.86515640721563358  0.88254589247094295  0.90238751503394288  0.92285203313431563
  0.94354353819235270  0.96334151042810423  0.98199860157249841  1.00000000000000000
 -0.00207112485016298  0.01197708176776053  0.02307986342002352  0.03403378809435875
  0.04623698897299533  0.06048885917675477  0.07487308250268621  0.08563910965821274
  0.09275232237960797  0.10058399928260295  0.10826563204218236  0.11582262253468040
  0.12321467721736441  0.13065811379489140  0.13807961755217321  0.14692345195001597
  0.15893714078555368  0.17201224826084507  0.18348840658300802  0.19426538520023207
  0.20455981461006556  0.21647519157357425  0.23008846259198118  0.24261739668810250
  0.25408568794698627  0.26445787789240038  0.27392595308515538  0.28317872073923411
  0.29316428596773059  0.30399287749998183  0.31485108449279631  0.32605361188782034
  0.33637516954565294  0.34479170395030839  0.35357753154384347  0.36117857249795743
  0.36771451288890994  0.37442071706853458  0.38171089673740666  0.38900171870436634
  0.39719993338137943  0.40656469078592566  0.41682344194197601  0.42789459113774408
  0.43930474217018795  0.45094907777004223  0.46274715658453591  0.47403193473206273
  0.48457684537856721  0.49402377822701748  0.50408381238106426  0.51432713585302159
  0.52541196718200389  0.53747016243785395  0.55177591215391253  0.56756842437919042
  0.58439478172021853  0.60235325642374915  0.61946314649809597  0.63421743498176020
  0.64784208018957246  0.66049438572330821  0.67249079606567774  0.68460993025937433
  0.69578387254804774  0.70689634756508168  0.71711103255997466  0.72623142197471369
  0.73538948394568249  0.74373860179829798  0.75167297123849719  0.75984079454666453
  0.76808486219353733  0.77538485694772008  0.78169904248683819  0.78868627268318736
  0.79528446655516505  0.80168338368257896  0.80821847453161078  0.81489315152012032
  0.82254887358789031  0.83451307066694647  0.84910078134795164  0.86342038179040626
  0.87701262807248814  0.89051870290173663  0.90419915267275319  0.91766876176472378
  0.93072166515071608  0.94054995322289892  0.94849786078809117  0.95606662679699572
  0.96471184408652333  0.97499284057189606  0.98739875779691466  1.00000000000000000
 -0.00196610964423094  0.00841294799863430  0.01726706203888542  0.02572238906861214
  0.03354039883690808  0.04201943379344080  0.05001703751848306  0.05704295341806145
  0.06410897785280571  0.07208481824748152  0.08041049962747809  0.09168366756573729
  0.10570205810713060  0.11891234159284174  0.13110029111128760  0.14452231005817515
  0.15569858634701669  0.16788289289881933  0.18044504983936213  0.19041715806153051
  0.19977685283403068  0.20918630756319231  0.21917597526001187  0.22924738343350995
  0.23968852790764786  0.25071193496499194  0.25955031419380870  0.26813907666604619
  0.27578931095824993  0.28319884120901545  0.29059068146540107  0.29804565508765224
  0.30508376285719130  0.31381594100268762  0.32726663339283640  0.34010351431015667
  0.35221809868911558  0.36540208020173109  0.37911594840303942  0.39091652620362066
  0.40297030258101479  0.41399696295453808  0.42366774114497313  0.43284834543517592
  0.44140601615410047  0.45071349615378575  0.45965069232696110  0.46777794918896642
  0.47607420275489287  0.48483036869089763  0.49282829151308433  0.50001867617852269
  0.50737916710130193  0.51505449335236109  0.52445836547483804  0.53285064091177781
  0.54041531851489966  0.55042320798550237  0.56253078703803205  0.57558287533143571
  0.59081896200809847  0.60626043843219168  0.61993241874414740  0.63235262081798504
  0.64400364184997072  0.65531454902823860  0.66906924651156485  0.68345790891310376
  0.69659097673888914  0.70927954888923761  0.72159294090215387  0.73544026862628431
  0.75009772931552177  0.76440220323127539  0.77811026615715007  0.79135172210934124
  0.80346983095075897  0.81778998898508182  0.83241910275508313  0.84772248986790788
  0.86369221701367982  0.87727304204216772  0.88991857760872772  0.90123781281325721
  0.91094444573255717  0.91983422947192695  0.92913514237120032  0.93838287885937155
  0.94746917587445512  0.95550121624736961  0.96271213425122004  0.96948559851166660
  0.97592011542563162  0.98262280045785377  0.99051836873868382  1.00000000000000000
 -0.00307548419820816  0.01141137234637866  0.02370322292607364  0.03649493296360835
  0.04909414471418184  0.06161665708656262  0.07110044747477749  0.08058658029209538
  0.08897397229275696  0.09778144636158564  0.10611014014461886  0.11468668915372797
  0.12372141774808197  0.13407988902575271  0.14512415197107884  0.15712916506849009
  0.16889377296988617  0.17853580631333665  0.18853862321239237  0.19849660176561029
  0.20969122001563339  0.21809036823230749  0.22557714524411210  0.23289890405513650
  0.24034878464495701  0.24760652004702288  0.25466896875742867  0.26218483686640670
  0.26963422853825786  0.28524313873032309  0.30017349862434761  0.31249932017636028
  0.32180990625576655  0.33072382010340012  0.33912264900695693  0.34755610542091198
  0.35623489842130335  0.36558966317508634  0.37408811870351466  0.38262146590409024
  0.39191989651140524  0.40301619117070708  0.41475264716546412  0.42622771702273232
  0.43796767651751528  0.45011626870754107  0.46234898700992316  0.47486006980923096
  0.48595528110248698  0.49574541528283311  0.50425377219297629  0.51298847707854678
  0.52317862020609451  0.53552475124024823  0.54779164262121083  0.56216556619114133
  0.57662393039100390  0.59156197049780201  0.60565301732850041  0.61801952035012619
  0.62966929695390861  0.64239240206499049  0.65561266610748081  0.67059884187106300
  0.68580289842296938  0.69781253601665516  0.70769746639585840  0.71829231282684314
  0.73034892370620053  0.74031281453915743  0.75479281560275591  0.76358534474868567
  0.77125112861654466  0.77872863103628542  0.78728116620850885  0.79747772936992034
  0.80648333255686644  0.81479716114438971  0.82357506015520832  0.83331158909827019
  0.84402292427187009  0.85441301558813032  0.86272936130382127  0.86981045966726567
  0.87708243843727318  0.88565466250925329  0.89553797025558080  0.90590603045379614
  0.91668893773018090  0.92989038554134429  0.94356296235640913  0.95632446832845652
  0.96842917399384398  0.97972004034968896  0.99025125815578674  1.00000000000000000
 -0.00273692547819700  0.04057112491876277  0.07049477315452640  0.09135454257724292
  0.10508313575633298  0.11750487681183032  0.12953090307494847  0.14131447489295876
  0.15563869552544632  0.16909739876064109  0.17996366499762431  0.18933875299253289
  0.19807245982313063  0.20679036978197790  0.21671106881793276  0.22856112407470328
  0.24218964977501672  0.25404557924138049  0.26331023482430105  0.27177742052188880
  0.28004315242486816  0.28868083856790788  0.29640020598284361  0.30368852510267952
  0.31136335862817743  0.31983653844241450  0.32860383611733407  0.33769378984704673
  0.34751971859501685  0.35622505278292416  0.36416293407975803  0.37188847362691485
  0.37921425871871256  0.38603045683206610  0.39275151268671471  0.39935629578924220
  0.40574334416287811  0.41083927049806818  0.41568418198469037  0.42073967480662616
  0.42766389223318413  0.43465111386236360  0.44127089485907289  0.44862685195885443
  0.45679861752888712  0.46563159351308497  0.47398926153921467  0.48280968251315626
  0.49358333963713413  0.50564010005898141  0.51684531436189196  0.52582668840015856
  0.53352208495091735  0.54151763204335501  0.54939225244632339  0.55737904645189407
  0.56514155053784210  0.57193688800105791  0.57904088234317175  0.58719219352352947
  0.59667635174712552  0.60574960169898451  0.61440264339927853  0.62346201631111209
  0.63248725869052924  0.64149860346997878  0.65127355561670808  0.66322098669108653
  0.67322497445431695  0.68394654792550003  0.69423180095308057  0.70301542871660649
  0.71086960647659869  0.71845144125272620  0.72736548250770139  0.73886031753903614
  0.75044329368190155  0.76101972866344070  0.77085871571373654  0.78058163394232616
  0.78906873170985836  0.79668155134209451  0.80369586903847590  0.81146760694728959
  0.81933354450878892  0.82871485896844255  0.83916793717043892  0.84919309418145617
  0.85794114941331201  0.86687800617051625  0.87619515665349501  0.88618552917021076
  0.89824910544001391  0.91393539672949220  0.93656534375722322  1.00000000000000000
 -0.00129847595985803  0.00666960654900303  0.01280862623529995  0.01980934036527703
  0.02771013302498429  0.03493762635536251  0.04198461179034971  0.04886907269322557
  0.05661803835068988  0.06451536323909367  0.07577517741525371  0.08618991661683721
  0.09556024856501011  0.10537845510204842  0.11592012606766447  0.12497012664110738
  0.13306839463418366  0.14129618933786584  0.15090024201004223  0.16379698884738542
  0.17532462240596630  0.18743226031865948  0.19775396960140854  0.20817265227009069
  0.21734757943335423  0.22571839657857390  0.23423844166747787  0.24292921977457757
  0.25309365982725368  0.26332925277931435  0.27320112431659349  0.29155286451222184
  0.30471556709966741  0.31821543061024987  0.32993912057198754  0.34040350853672963
  0.35063989643564447  0.36111491820823510  0.37246231748575254  0.38427946375564304
  0.39614485441236857  0.40867881951773016  0.42150468647724132  0.43483669783567702
  0.44790592723323092  0.45962949142398390  0.47047650858048506  0.48142281038595419
  0.49347922582906423  0.50389835503463465  0.51251698635122100  0.52067928730710589
  0.52881019535376950  0.53681017659576369  0.54485821882185592  0.55213078304060748
  0.55835147928723938  0.56673507032879145  0.57949458941231180  0.59230140131086462
  0.60379863199738149  0.61661056513435208  0.62800080325217189  0.63806997628716822
  0.64844779002549502  0.66104509016644986  0.67740502696743188  0.69223135453014117
  0.70583700851693232  0.71803654417722373  0.72869169982842130  0.73685543920363561
  0.74290776093353794  0.74892802835792116  0.75519889435410370  0.76297796565727061
  0.77380984057881086  0.78513319999156894  0.79714901545858319  0.80868566396038966
  0.82015228172883825  0.83207247513923044  0.84501589783125497  0.85978745447724803
  0.87585774622569967  0.89125849274171742  0.90498515517007239  0.91815487822653863
  0.93081160111297689  0.94235059989477832  0.95338590621663788  0.96288097312932197
  0.97206046602774043  0.98240745378238192  0.99177581798438530  1.00000000000000000
  0.38800504300832189  0.39171785745124560  0.39354546160204340  0.39471053912101517
  0.39712836769909615  0.39959423718744058  0.40213221674203187  0.40477599304718881
  0.40714552333268283  0.41256932917629346  0.41893040474382226  0.42553882758728206
  0.43190662190314721  0.43703194691504949  0.44188893343020241  0.44647377230479357
  0.45071860039140693  0.45595169927614249  0.46189780216880844  0.46791726049820120
  0.47427127924317897  0.48191956073680042  0.48890842601908485  0.49559395152268138
  0.50162298452606147  0.50685405387189419  0.51192201027172912  0.51573010352468474
  0.51963484567789364  0.52332173310710162  0.52740415859355472  0.53203910316650005
  0.53589089362159970  0.53962356666234945  0.54351160606122773  0.54709951705067705
  0.55037698952229575  0.55373894172590321  0.55731144253820109  0.56080367876421944
  0.56459710519301609  0.56921087351844535  0.57278930374481873  0.57586944057806122
  0.57887349848209191  0.58197548893115592  0.58704062004536151  0.59354099838839591
  0.60097189713859789  0.60868958026360087  0.61633103410334789  0.62323510838364382
  0.62956305798950307  0.63490337300106581  0.64021670752973259  0.64560113354481585
  0.65086593094495893  0.65630208568090376  0.66204112624955591  0.66829514710391347
  0.67478649209717612  0.68095388091621090  0.68709171170176886  0.69354661309177357
  0.70015818628117132  0.70651574379051907  0.71339121257706917  0.72062693544050405
  0.72769889067720317  0.73482651356214856  0.74162060032939825  0.74803211311487317
  0.75454199146298362  0.76162938440896721  0.76886451304362136  0.77616102621262661
  0.78329174117874745  0.79036891004499932  0.79879956498033500  0.80819700821074847
  0.81673196996949649  0.82498893406773355  0.83282992828216329  0.84045688126281348
  0.84853748882908575  0.85654970946338005  0.86412549911781256  0.87101545043709194
  0.87896049533409593  0.88804197514263916  0.89823929792177093  0.90988520255874950
  0.92413526755442044  0.94248508518706153  0.96752575809640562  1.00000000000000000
 -0.01806375406524416  0.10684445261275907  0.13717969094473875  0.15642589349326824
  0.17220759631648919  0.18245387292381798  0.19403064698276251  0.20766288346194431
  0.22206462198645191  0.23593871265306182  0.24842322512428144  0.26100624937989203
  0.27053782914414343  0.27791676719385544  0.28451122990301048  0.29161350342249004
  0.29933328704638540  0.30761035229259187  0.31558130349196983  0.32325193123184887
  0.33051757361971645  0.33739989032961187  0.34429850982724935  0.35120628585928226
  0.35780128459309213  0.36414128872384716  0.37041784149860779  0.37680635140197272
  0.38349416656932844  0.39050132897919931  0.39759919662044418  0.40458355174788951
  0.41054257928821952  0.41617039243155435  0.42179808298540988  0.42771455116430201
  0.43397862472414850  0.44046474244966283  0.44668700682347806  0.45243787463309043
  0.45827646565714253  0.46434208760674101  0.47088503285688738  0.47820173711890374
  0.48593642142450677  0.49340899094648211  0.50103707754125759  0.50862984569283654
  0.51566824227251506  0.52168876794455132  0.52721355191262964  0.53241609209138729
  0.53813885257395344  0.54425444955402213  0.55039947419349733  0.55646392013179902
  0.56245511794700642  0.56866555987537470  0.57517010371516786  0.58174443577491908
  0.58832719075265660  0.59502886178423775  0.60154131604987759  0.60803891440459013
  0.61509990760111588  0.62228388575397930  0.62930477554891562  0.63657120576977233
  0.64422290516640102  0.65336151646673901  0.66349755447629599  0.67270342471993261
  0.68163840461432634  0.69038299377912171  0.69912342402819139  0.70704186551825576
  0.71240404598290286  0.71754294278085518  0.72333688679909458  0.72942676916784943
  0.73590147071145240  0.74210243461745751  0.74908056269149426  0.75586769049304914
  0.76226001683942657  0.76793017569609578  0.77814288272332832  0.79134701950064401
  0.80457497460238858  0.82069904555495143  0.83893856353469454  0.85628696390043801
  0.86966349606026006  0.88471482505794552  0.90465564684224564  1.00000000000000000
   2.4972136460413015E-003  -1.0000000000000000     
 F F F F F F F F F F F F F F F F F F F F F F F F F F F F F F F F F F F F F F F F F F F F F F F F F F F F F F F F F F F F F F F F F F F F F F F F F F F F F F F F F F F F F F F F F F F F F F F F F F F F F F F F F F F F F F F F F F F F F F F F F F F F F F F F
  <DiscreteSampler_grid>
  grouped_processes
  1 # 1 for a reference and 2 for a running grid.
  10 # Attribute 'min_bin_probing_points' of the grid.
  1 # Attribute 'grid_mode' of the grid. 1=='default',2=='initialization'
  0.0000000000000000 # Attribute 'small_contrib_threshold' of the grid.
  0.5000000000000000 # Attribute 'damping_power' of the grid.
 # binID   n_entries weight   weight_sqr   abs_weight
    10   10   1.411468942429164E+001   1.015967497403052E+003   1.411468942429164E+001
    16   10   1.411468942429164E+001   1.015967497403052E+003   1.411468942429164E+001
    22   10   1.411468942429165E+001   1.015967497403052E+003   1.411468942429165E+001
    28   10   1.411468942429165E+001   1.015967497403053E+003   1.411468942429165E+001
  </DiscreteSampler_grid>
