  0.00000495728316072  0.00000538176438941  0.00000579563225601  0.00000614806770049
  0.00000648147083153  0.00000677752070465  0.00000706842692282  0.00000735398382032
  0.00000762865074749  0.00000789399864290  0.00000813206524248  0.00000833694589292
  0.00000852041613166  0.00000873013817946  0.00000895710980628  0.00000919387534192
  0.00000942776135479  0.00000965801382027  0.00000984851423261  0.00001003018908206
  0.00001019973276965  0.00001040367502071  0.00001065348937057  0.00001092760611787
  0.00001122296065291  0.00001149686089774  0.00001175974463837  0.00001201922717711
  0.00001229906167066  0.00001261895863217  0.00001305516803758  0.00001354474904440
  0.00001407450931435  0.00001465862190696  0.00001522668235520  0.00001576557588858
  0.00001631930804372  0.00001692926727905  0.00001756313873499  0.00001823499390193
  0.00001893443634521  0.00001957609802241  0.00002014341696839  0.00002067184934441
  0.00002120546307799  0.00002179994393993  0.00002246480271368  0.00002317442769510
  0.00002390311608459  0.00002464872030980  0.00002549984323149  0.00002641494080679
  0.00002730258409443  0.00002810688300487  0.00002882537216311  0.00002962927533485
  0.00003113972034557  0.00003274935873206  0.00003431511222858  0.00003585607351962
  0.00003740580129266  0.00003895541165577  0.00004058104184816  0.00004213001054248
  0.00004367029823384  0.00004533359700602  0.00004707382864481  0.00004904381857520
  0.00005118879088167  0.00005370729268485  0.00005623893601916  0.00005905838102218
  0.00006235217977544  0.00006672472495592  0.00007127867298061  0.00007616280617091
  0.00008164458292676  0.00008854106375135  0.00009585521886625  0.00010363174961313
  0.00011245834267888  0.00012321952904891  0.00013545209970315  0.00015051807358430
  0.00016895154872787  0.00019139335902670  0.00022329777035626  0.00026858935768696
  0.00033713322613421  0.00043954188546309  0.00061220009838907  0.00086796836315228
  0.00156805238953474  0.00459558032370376  0.08278528711913850  1.00000000000000000
  0.00002587242566604  0.00003510399746937  0.00004474209504529  0.00005472506620759
  0.00006667193484613  0.00008078917556996  0.00009428647930645  0.00010593093461319
  0.00011812462571655  0.00013168174977111  0.00014688207884331  0.00016244845842429
  0.00017763693041811  0.00019252484256410  0.00020601664895905  0.00022004246924252
  0.00023375720621608  0.00024866511191862  0.00026428994695595  0.00028015479863972
  0.00029772284737281  0.00031695123168331  0.00033839117511879  0.00036098567057692
  0.00038397376216846  0.00040775124993936  0.00043173744503676  0.00045370001993082
  0.00047451271837318  0.00049715028567753  0.00052322462221686  0.00054910504275351
  0.00057139514970111  0.00059010772885174  0.00060910871715732  0.00063006146727934
  0.00065241190230740  0.00068242003769753  0.00072641101220082  0.00077359922032829
  0.00082327483003580  0.00087762583360832  0.00093359077458847  0.00098950308843388
  0.00104671927246182  0.00111045835598587  0.00118236210652511  0.00126159376081503
  0.00134285008184785  0.00142228757840775  0.00150107112737275  0.00158448750211330
  0.00164239764267483  0.00169141993411770  0.00174685551196666  0.00181236970151057
  0.00188394233724479  0.00194912185113051  0.00200831904694810  0.00207182724516126
  0.00215095817788448  0.00224056908176866  0.00233359419685579  0.00241301134410268
  0.00249531747352887  0.00267663233272290  0.00283378494496811  0.00297675098001367
  0.00314812264421113  0.00331818438812716  0.00348407061391683  0.00364560326824062
  0.00384356942249265  0.00405868631908997  0.00431001210102277  0.00460921912087774
  0.00491648911043990  0.00523472971788528  0.00579439144080717  0.00646691811720637
  0.00722018943547660  0.00783191719056246  0.00839981469023121  0.00894795286454456
  0.00945305852640225  0.01015931670382543  0.01115760033491002  0.01229407546439761
  0.01353732129259237  0.01525596715641035  0.01750816576204892  0.02035242232257735
  0.02457937273023806  0.06903755299984765  0.38807848368581810  1.00000000000000000
  0.00000471959010780  0.00000503310729150  0.00000529041114361  0.00000553020625471
  0.00000579206470131  0.00000603977746555  0.00000627969578400  0.00000651675360494
  0.00000672225964250  0.00000692565907867  0.00000712649847076  0.00000732904758056
  0.00000753855825948  0.00000776114887319  0.00000799427558867  0.00000823229819306
  0.00000846351321368  0.00000868145074726  0.00000887624553262  0.00000905799098682
  0.00000922722324784  0.00000943668357184  0.00000967157454096  0.00000988428686878
  0.00001009709380779  0.00001029402333728  0.00001052266552314  0.00001077286151982
  0.00001104747670894  0.00001140887995136  0.00001178385867459  0.00001214518764199
  0.00001248862396933  0.00001302461347785  0.00001365782005402  0.00001430219984779
  0.00001496839676718  0.00001562354102644  0.00001622131512063  0.00001696120594444
  0.00001769593040922  0.00001836556536023  0.00001911521534619  0.00001997648317998
  0.00002100712192721  0.00002211573316013  0.00002318667230035  0.00002430477488813
  0.00002556531008940  0.00002702136684434  0.00002866333049175  0.00003043431453207
  0.00003227122534133  0.00003418516106551  0.00003631555590505  0.00003864830716689
  0.00004099812734400  0.00004360991983870  0.00004583081801500  0.00004770789439918
  0.00004971395720703  0.00005169034147576  0.00005377239858467  0.00005613873905514
  0.00005873131176251  0.00006141135871263  0.00006412028685086  0.00006676415537093
  0.00006948858034748  0.00007350769838375  0.00007808025727460  0.00008340922091856
  0.00008953794643873  0.00009584434459883  0.00010271361143899  0.00011061227594418
  0.00012035146384780  0.00013241542369624  0.00014677187320397  0.00016498420497328
  0.00018852321362754  0.00021670216680159  0.00024824257166746  0.00028621859728619
  0.00033197267621738  0.00039418346969649  0.00048530858538265  0.00061348486752462
  0.00076103655418818  0.00097946864389984  0.00133291668509072  0.00198748549477769
  0.00299016830115699  0.00509649507797288  0.10519278046218707  1.00000000000000000
 -0.00220206595898894  0.00759474515236252  0.01786699327507948  0.02818047777578944
  0.03883971174476470  0.04905508933753865  0.05905383606309038  0.06968861900054255
  0.08151613089213770  0.09188173601212553  0.10026367806380866  0.10874545150576520
  0.11834748067402122  0.12968971137325772  0.14363741996178800  0.15557700028623123
  0.16591016320625254  0.17572655744882565  0.18491470967048637  0.19441107650799203
  0.20451313397451434  0.21603221899539471  0.22736075225812299  0.23957498551172945
  0.25249061831958569  0.26558094706903823  0.28066032765047000  0.29453141708221131
  0.30618842176268718  0.31748282163758901  0.32932492796617702  0.34207633775548785
  0.35492219204634234  0.36756405260030783  0.38019900784936472  0.39238006450683999
  0.40392434886105649  0.41488344317970671  0.42621673741470878  0.43846335443930262
  0.45066585012778543  0.46278125971309186  0.47536145068431723  0.48831686358568077
  0.50104295567971935  0.51335666244916223  0.52365710955356526  0.53288443431325050
  0.54241465497467600  0.55298593026910758  0.56506032883264989  0.57633122387599756
  0.58774192010792403  0.60051235006269699  0.61402345605524156  0.62939436360728651
  0.64354282699341792  0.65724817703273986  0.67076858426805552  0.68368225624158008
  0.69563407151418533  0.70766019906918332  0.71496079025327319  0.72242442447371047
  0.72955033646386203  0.73603600768051936  0.74200953863567676  0.74877587889476027
  0.75569327710299816  0.76211497068926448  0.76810466722443205  0.77835513729274275
  0.79171031169703887  0.80489709535618192  0.81741036351057417  0.82951365022980528
  0.84063247316286260  0.85014412332337508  0.85889268242175432  0.86831716090402977
  0.87641919339232355  0.88286033594117319  0.88915899295184508  0.89628541707309040
  0.90303312130538171  0.90950227694568553  0.91626250991111380  0.92283926977790509
  0.92915431555118655  0.93588582104748219  0.94461011871339295  0.95562906287260596
  0.96538806030960989  0.97570313624036065  0.98566023163819017  1.00000000000000000
 -0.00264355365554702  0.01074107685330703  0.02058851208584025  0.03106832057581688
  0.04157499953989902  0.05210193037503220  0.06287733263661299  0.07324053994505865
  0.08320946281058027  0.09525253911295993  0.10715013717749437  0.11803224374220153
  0.12924286263396967  0.14010548532032110  0.15103552308240589  0.16284340944564402
  0.17348482061301551  0.18371357699035523  0.19436485669619516  0.20662665126640631
  0.21816962986683394  0.23014433875760909  0.24271158880257018  0.25525021992907754
  0.26826750597031584  0.28163636918833312  0.29602349174234333  0.31135409174539003
  0.32591409156603662  0.33899385453574810  0.35106884249609877  0.36265526704755796
  0.37508117544186209  0.38850920513952947  0.40142697840713204  0.41317399071983135
  0.42509023681268032  0.43690954809765009  0.44907255416093428  0.46092059967306598
  0.47270747026009952  0.48389597544542073  0.49418072312260192  0.50225190599667735
  0.50828352392836740  0.51479802202884983  0.52200282036608647  0.52912082821345274
  0.53522571526468954  0.54056000558989969  0.54580506549523422  0.55178250910333493
  0.55857978413703413  0.56737932420220605  0.58138822487461805  0.59400252844480517
  0.60593216378879933  0.61724617015710415  0.62820742225166315  0.63935246426070069
  0.65061262974580503  0.66172664683239180  0.67254250210505406  0.68428465961373786
  0.69724918912218758  0.70912864955744848  0.71962048576238047  0.73005897289529598
  0.74023337263300959  0.74963926679538051  0.75665175937347717  0.76411109404903910
  0.77118178635815082  0.77808607450795231  0.78451365987348853  0.79044914696789947
  0.79673438854474576  0.80339799950422885  0.81004143113596350  0.82044054028973401
  0.83636900812532711  0.85338731837720228  0.87052666225657283  0.88626265432819840
  0.89941545674779111  0.91020975896761791  0.91950493693648228  0.92942042957686044
  0.93927256856410191  0.95007459907293612  0.96037164136444442  0.96994651001685195
  0.97875654551734848  0.98647430133442116  0.99358656176168081  1.00000000000000000
 -0.00125936897351594  0.02228775718728994  0.04134995242797559  0.06038775721202891
  0.07918285636355275  0.09848519372279607  0.11618868003722231  0.13256916356745457
  0.15028447700752798  0.17153857204915535  0.19547535220823245  0.21994555181559250
  0.24423493893321530  0.26811728018826397  0.29083694918990183  0.31298401551107186
  0.33172550069529388  0.34957527520438464  0.36844370717993430  0.38661087454853338
  0.40497171963148493  0.42686705444840245  0.44935459251079085  0.47022878733322077
  0.49085161743885364  0.51154784381847707  0.52921156694148475  0.54539712413243502
  0.56191927473343362  0.58076682466821017  0.59811711374830479  0.61334815561316514
  0.62829397670021048  0.64311553070157590  0.65886561478510397  0.67361198139066591
  0.68676266261099406  0.69946684826366623  0.71223297005596831  0.72535816727834690
  0.73758317427361186  0.74955964038924050  0.76087762905776757  0.77139811463618913
  0.78110502880163701  0.79042029097282585  0.79817968236394765  0.80465789465932958
  0.81008241754147037  0.81607155686267407  0.82210327953547813  0.82832629750227438
  0.83481988345101044  0.84118109017466325  0.84704603198734341  0.85292256392720400
  0.85885045307612939  0.86481463873613740  0.87158508829410564  0.87836968315203956
  0.88478515189136187  0.89110882074179631  0.89738133315188828  0.90359797797800134
  0.90977550515965022  0.91531092673720749  0.91896066750058603  0.92190495091609981
  0.92490064925592907  0.92819021956928704  0.93156010545489565  0.93484832878850033
  0.93749169804923271  0.93975003281810965  0.94194717456068222  0.94402099865078415
  0.94640541589593663  0.94897480914513366  0.95141938153065087  0.95378010750470377
  0.95597425266598735  0.95813108748659670  0.96022124910423590  0.96225919099642743
  0.96437536329402584  0.96684539122425572  0.96966029578067425  0.97192163382347785
  0.97367071589904775  0.97542388944790126  0.97702243829054736  0.97881903897149858
  0.98229245311067115  0.98770128016494951  0.99373049561191529  1.00000000000000000
 -0.00344455901600593  0.01345449962801337  0.02681862321176568  0.04160572962992882
  0.04897729426266605  0.05649319330743476  0.06397482507793568  0.07121239722876564
  0.07752073680041122  0.08453491199200294  0.09247772027057330  0.09932776756784864
  0.10659449183523165  0.11676873557966712  0.12836736959051909  0.13972428250708469
  0.15148204593447404  0.16327401495529631  0.17591499566361246  0.18889091427290017
  0.20159262634178302  0.21466418092325862  0.22706012026507277  0.23751466278266206
  0.24644387279861341  0.25469695573189582  0.26321085692552659  0.27171432991707306
  0.28092817900749095  0.29130872415360359  0.30197212046166300  0.31420562629640914
  0.32528185376408603  0.33813352384696216  0.35213277708028506  0.36517472689130670
  0.37766413202069810  0.39034461499335477  0.40241155181795729  0.41368799158916436
  0.42452092502565897  0.43493206479234353  0.44587733134458230  0.45734785449699134
  0.46962776284375568  0.48465390393835112  0.50010189462070775  0.51180430847436686
  0.52104054116544174  0.52911003391897193  0.53586466625182982  0.54154181627780351
  0.54686342195427173  0.55229221750084834  0.55744406001541236  0.56267341376106383
  0.56857395517671916  0.57486985240034638  0.58141990162465296  0.58868669390985828
  0.59619025786562430  0.60284720382508195  0.61350674829920027  0.62516677665976295
  0.63659550386738861  0.64740886348721460  0.65810833929993662  0.67021904577122404
  0.68310972535872616  0.69493701901410021  0.70611204582926179  0.71661623736297675
  0.72657663785841942  0.73591941548658024  0.74478644708673991  0.75435919488793202
  0.76581379743684119  0.77821296848481003  0.79078109740697455  0.80303433388310286
  0.81531487624764876  0.82826260432529331  0.84130063154671264  0.85575099974874025
  0.86669264993625872  0.87646018448512020  0.88552740473946423  0.89537013869416993
  0.90507219177997955  0.91744523610804318  0.93145453343079543  0.94634580601331886
  0.96115530820403616  0.97503563653595793  0.98807693185877143  1.00000000000000000
 -0.00291376043986904  0.00893858779060611  0.01992003490545705  0.03260495210246767
  0.04657664513141985  0.05972919837046135  0.07217891353617782  0.08384945449115222
  0.09447396415309321  0.10397645079809346  0.11332911839309615  0.12308076034305543
  0.13333743544761167  0.14528029168942694  0.15901093332284716  0.17250164819420413
  0.18548269267101253  0.19775821100994359  0.20947942465929537  0.21860842177187709
  0.22831964863004600  0.23853154899332660  0.24871717522937167  0.25807265826666415
  0.26764070923544031  0.27615389709644739  0.28325811109059018  0.28977125598267772
  0.29580394390700632  0.30177614885884946  0.30806322625509353  0.31555373164928696
  0.32338217324322244  0.32991495563161627  0.33966768814515069  0.35363880710143747
  0.36725999204795323  0.38038223699309093  0.39344628778005830  0.40549398348568583
  0.41665741468680362  0.42764907494947696  0.43909066509904587  0.45191391479848231
  0.46600750473426278  0.48105878607238151  0.49451023123151738  0.50878488463634064
  0.52198100209960929  0.53353994415400896  0.54458590784819771  0.55525904619606625
  0.56556851062298508  0.57657391339135411  0.58844115950723430  0.60160221245246548
  0.61497361490324631  0.62693314760306607  0.63649991432141495  0.64636601982322317
  0.65559282287391840  0.66488946268112825  0.67516356704047842  0.68683937796780103
  0.69799501586607604  0.70836252010990330  0.71899436706343722  0.72895126498013918
  0.74087840251939818  0.75192430025930790  0.75994989507650701  0.76865327205584555
  0.77610010180659073  0.78357937312297121  0.79074463298295294  0.79708514142956743
  0.80279194641962126  0.80864360126147017  0.81739474845324234  0.82977860314973639
  0.84298558405814983  0.85407599031780557  0.86362224968002033  0.87241981696249382
  0.88085724462486059  0.89074512619919943  0.90018809637379860  0.90855613420365700
  0.91641335600376694  0.92525434256268857  0.93507292785858154  0.94771260842707905
  0.96184775478545737  0.97605487204931929  0.98870235300545883  1.00000000000000000
  0.05966521901528585  0.14099502033382755  0.16694113422573298  0.20226547391531663
  0.22291893509969193  0.24170917760588351  0.25771105787911247  0.27280647953578069
  0.28835842947155654  0.30414957736844883  0.31905122687187165  0.33291884586057829
  0.34786145501711813  0.36263731879923877  0.37665760141234061  0.39068326041487378
  0.40432848410157923  0.42014276756229418  0.43585934237483043  0.45010895436517251
  0.46231471593734419  0.47345926236593178  0.48638842828556472  0.50000213852371611
  0.51099681749614645  0.52186925894589020  0.53474858791339219  0.54839320301468719
  0.56002822878886915  0.57095542359229001  0.58181596802928115  0.59204406376683572
  0.60322085165607242  0.61659162803089762  0.62971648945024694  0.64135305044468871
  0.65439344677067834  0.66911616409461527  0.68322489716419676  0.69359974127617008
  0.70398348347559558  0.71376411726139921  0.72400857648285755  0.73389104312431530
  0.74375764076945960  0.75379628647011876  0.76430719350417375  0.77398807784382717
  0.78309411730986556  0.79133367496108031  0.79728596969830257  0.80262275350900936
  0.80722824976272822  0.81117146195573042  0.81520426744037755  0.81969029519855297
  0.82436672294843971  0.82910362224659340  0.83435794962395993  0.83977862280061477
  0.84437970716566724  0.84836850105526040  0.85225740679298301  0.85763084276775459
  0.86574535932929542  0.87387091489110313  0.88199439456913176  0.88949572977512048
  0.89604322926905045  0.90200191409045638  0.90771210171644023  0.91341462754622615
  0.91908354775498835  0.92504895154165501  0.93072159046504177  0.93577874969639185
  0.93999838645684586  0.94319245776028404  0.94657366352603778  0.95022332945172316
  0.95404025082639032  0.95759872402694013  0.96102671976955811  0.96415030477804875
  0.96715003736939775  0.97031162494393930  0.97326635342959278  0.97624524921933142
  0.97929892246083894  0.98197916906456262  0.98468736876862328  0.98755611697859547
  0.99045716485704094  0.99335958583847039  0.99656839497369987  1.00000000000000000
 -0.01636709438107779  0.10764144652188942  0.15143746235433511  0.17714070347973249
  0.19976243625416604  0.22004093356534862  0.23854557183890637  0.25499105809345168
  0.27171532052895087  0.28740809476877360  0.30210073411590149  0.31551529079784751
  0.32700958170497080  0.33722211731560797  0.34724516117875331  0.35692579196968827
  0.36831475969107169  0.37852834135552882  0.38924255317071405  0.40018861632861569
  0.41048913368232343  0.41966809081476303  0.42797197979708645  0.43618228857311242
  0.44497336080579403  0.45517843185022527  0.46300261061325487  0.46885495328183935
  0.47385697415711292  0.47802305674253442  0.48236710401554517  0.48723665411610678
  0.49268836854680120  0.49807382761472929  0.50300381813265360  0.50765337612772476
  0.51212054003303686  0.51597451390301874  0.52046534707959025  0.52645119463442547
  0.53356773869834806  0.54208500397185888  0.55042001965813381  0.55788694395372240
  0.56400707828373176  0.56869094384989072  0.57308465960973876  0.57780532862491474
  0.58294154225318962  0.58788280099919255  0.59266644187556838  0.59736891891331856
  0.60208089065282033  0.60635317186262050  0.61073413067122484  0.61563986547819860
  0.62072771445819386  0.62607982956607278  0.63217886894549002  0.63795888948692214
  0.64336300808421221  0.64822630534396941  0.65353297386064724  0.65866857129413936
  0.66416531221987651  0.67067943866474544  0.67820753772117315  0.68658322467395572
  0.69332906677342254  0.69899997648389800  0.70425265683749072  0.70915828870442721
  0.71457278176570993  0.72052742772305056  0.72675246749980815  0.73358204424603479
  0.74064303233036044  0.74723509505789942  0.75393039997993483  0.76066131047078933
  0.76757246956761538  0.77550143817109574  0.78402739330751814  0.79255300739519519
  0.80159004176966520  0.81158613677274605  0.82245744657093356  0.83399622522030592
  0.84565850122544128  0.85609062951068315  0.86713889133520716  0.87920043444723994
  0.89313414621530951  0.91159569394723161  0.93900112278423753  1.00000000000000000
   9.1712242540216461E-003  -1.0000000000000000     
 F F F F F F F F F F F F F F F F F F F F F F F F F F F F F F F F F F F F F F F F F F F F F F F F F F F F F F F F F F F F F F F F F F F F F F F F F F F F F F F F F F F F F F F F F F F F F F F F F F F F F F F F F F F F F F F F F F F F F F F F F F F F F F F F
  <DiscreteSampler_grid>
  grouped_processes
  1 # 1 for a reference and 2 for a running grid.
  10 # Attribute 'min_bin_probing_points' of the grid.
  1 # Attribute 'grid_mode' of the grid. 1=='default',2=='initialization'
  0.0000000000000000 # Attribute 'small_contrib_threshold' of the grid.
  0.5000000000000000 # Attribute 'damping_power' of the grid.
 # binID   n_entries weight   weight_sqr   abs_weight
    64   10   2.280210242088889E+001   2.565111308953755E+003   2.280210242088889E+001
    124   10   2.280210242088890E+001   2.565111308953757E+003   2.280210242088890E+001
    133   10   1.194973312789652E+002   7.013172522248165E+004   1.194973312789652E+002
    184   10   2.280210242088890E+001   2.565111308953757E+003   2.280210242088890E+001
    190   10   1.593422529218118E+001   1.099997446134091E+003   1.593422529218118E+001
    217   10   1.068003772097304E+002   4.906114273652535E+004   1.068003772097304E+002
    244   10   2.280210242088890E+001   2.565111308953757E+003   2.280210242088890E+001
    253   10   1.194973312789652E+002   7.013172522248162E+004   1.194973312789652E+002
    259   10   1.230782206921061E+002   7.220080480242569E+004   1.230782206921061E+002
    260   10   1.230782206921060E+002   7.220080480242548E+004   1.230782206921060E+002
    286   10   2.494409005004194E+002   2.918232982206208E+005   2.494409005004194E+002
    287   10   2.494409005004192E+002   2.918232982206201E+005   2.494409005004192E+002
    304   10   2.280210242088891E+001   2.565111308953758E+003   2.280210242088891E+001
    307   10   3.556079179349902E+001   6.001174724861959E+003   3.556079179349902E+001
    308   10   3.556079179349904E+001   6.001174724861964E+003   3.556079179349904E+001
    310   10   1.593422529218118E+001   1.099997446134092E+003   1.593422529218118E+001
    316   10   6.854276404311119E+001   2.278443977973173E+004   6.854276404311119E+001
    317   10   6.854276404311121E+001   2.278443977973173E+004   6.854276404311121E+001
    337   10   1.068003772097304E+002   4.906114273652526E+004   1.068003772097304E+002
    343   10   1.110106290143206E+002   5.152166854688011E+004   1.110106290143206E+002
    344   10   1.110106290143206E+002   5.152166854688001E+004   1.110106290143206E+002
    358   10   2.246628763502757E+002   2.086026424114553E+005   2.246628763502757E+002
    359   10   2.246628763502755E+002   2.086026424114548E+005   2.246628763502755E+002
    364   10   2.280210242088891E+001   2.565111308953760E+003   2.280210242088891E+001
    367   10   3.556079179349904E+001   6.001174724861964E+003   3.556079179349904E+001
    368   10   3.556079179349903E+001   6.001174724861959E+003   3.556079179349903E+001
    376   10   6.854276404311119E+001   2.278443977973173E+004   6.854276404311119E+001
    377   10   6.854276404311122E+001   2.278443977973173E+004   6.854276404311122E+001
    379   10   1.230782206921061E+002   7.220080480242569E+004   1.230782206921061E+002
    380   10   1.230782206921060E+002   7.220080480242553E+004   1.230782206921060E+002
    382   10   2.688948845550754E+002   3.256658454681413E+005   2.688948845550754E+002
    383   10   2.688948845550752E+002   3.256658454681405E+005   2.688948845550752E+002
    391   10   1.327399763537121E+002   8.078992116797894E+004   1.327399763537121E+002
    392   10   1.327399763537119E+002   8.078992116797875E+004   1.327399763537119E+002
    412   10   2.636182953858513E+002   3.173174595348939E+005   2.636182953858513E+002
    413   10   2.636182953858511E+002   3.173174595348930E+005   2.636182953858511E+002
    427   10   3.556079179349903E+001   6.001174724861963E+003   3.556079179349903E+001
    428   10   3.556079179349903E+001   6.001174724861959E+003   3.556079179349903E+001
    430   10   1.593422529218119E+001   1.099997446134092E+003   1.593422529218119E+001
    448   10   6.947883896588965E+001   2.316695292609372E+004   6.947883896588965E+001
    449   10   6.947883896588965E+001   2.316695292609372E+004   6.947883896588965E+001
    454   10   2.688948845550750E+002   3.256658454681401E+005   2.688948845550750E+002
    455   10   2.688948845550752E+002   3.256658454681407E+005   2.688948845550752E+002
    460   10   4.825358665111871E+001   9.981095305551124E+003   4.825358665111871E+001
    461   10   4.825358665111863E+001   9.981095305551085E+003   4.825358665111863E+001
    463   10   1.110106290143206E+002   5.152166854688009E+004   1.110106290143206E+002
    464   10   1.110106290143206E+002   5.152166854687999E+004   1.110106290143206E+002
    487   10   3.556079179349904E+001   6.001174724861967E+003   3.556079179349904E+001
    488   10   3.556079179349904E+001   6.001174724861964E+003   3.556079179349904E+001
    508   10   6.947883896588965E+001   2.316695292609373E+004   6.947883896588965E+001
    509   10   6.947883896588966E+001   2.316695292609374E+004   6.947883896588966E+001
    511   10   1.327399763537120E+002   8.078992116797887E+004   1.327399763537120E+002
    512   10   1.327399763537119E+002   8.078992116797870E+004   1.327399763537119E+002
    550   10   1.593422529218118E+001   1.099997446134091E+003   1.593422529218118E+001
  </DiscreteSampler_grid>
