  0.00000476977250451  0.00000506948180628  0.00000523236773700  0.00000542324832507
  0.00000562889070362  0.00000583434252595  0.00000598309159735  0.00000612242231484
  0.00000626337134122  0.00000641225465407  0.00000658206545673  0.00000679724045766
  0.00000703698434040  0.00000729339037800  0.00000755561509132  0.00000782810944494
  0.00000812870352264  0.00000844730581319  0.00000878430634056  0.00000910631136379
  0.00000938149775760  0.00000971809246332  0.00001008731105755  0.00001048114607446
  0.00001088193621995  0.00001125465843529  0.00001160945623866  0.00001195155306590
  0.00001230320521469  0.00001268180214071  0.00001321029952667  0.00001368685233462
  0.00001418254823563  0.00001470617564583  0.00001525372928690  0.00001582170568831
  0.00001640631381116  0.00001700957953030  0.00001759821469543  0.00001817012733938
  0.00001874496620319  0.00001935352058465  0.00002005020526135  0.00002081713288174
  0.00002147720225815  0.00002217990335514  0.00002294913239693  0.00002381282171083
  0.00002482826873255  0.00002611782714301  0.00002729388152208  0.00002847498740981
  0.00002975638412408  0.00003121513678517  0.00003307028578753  0.00003516875692234
  0.00003752990754497  0.00003981952390077  0.00004205657649314  0.00004434420217877
  0.00004688349069324  0.00004980159879668  0.00005310154991572  0.00005646290309047
  0.00005977694726326  0.00006346797657026  0.00006747820951294  0.00007248260056850
  0.00007830653856629  0.00008474788662180  0.00009155066958105  0.00009906831655341
  0.00010766383981705  0.00011760425741320  0.00012947707172640  0.00014288165848538
  0.00015662593381079  0.00017252059568851  0.00019096270694854  0.00021666998394762
  0.00024482882005992  0.00026972484145910  0.00029844583533259  0.00032904791209122
  0.00036876461133738  0.00042815714470368  0.00051616622958090  0.00066286006709538
  0.00083329936809419  0.00107918899238132  0.00148007890047776  0.00221884113069335
  0.00351334835990792  0.00655722548341137  0.31712167781173750  1.00000000000000000
  0.00000601144370328  0.00000612791670511  0.00000624879340079  0.00000635575481969
  0.00000644806363548  0.00000653547976882  0.00000668086398779  0.00000689210792409
  0.00000716354223056  0.00000741610009721  0.00000761041791607  0.00000778225602697
  0.00000795426258108  0.00000815724354513  0.00000842620513332  0.00000871358272763
  0.00000898807193436  0.00000925405365931  0.00000947815591107  0.00000968388795986
  0.00000988691890818  0.00001009350283526  0.00001032689735260  0.00001061027155488
  0.00001097898153542  0.00001142441882921  0.00001188816306857  0.00001235555786195
  0.00001290460846650  0.00001345261613080  0.00001395366832788  0.00001445361244098
  0.00001497096096514  0.00001551678350369  0.00001611766725004  0.00001672533257009
  0.00001740580254282  0.00001807763259261  0.00001879416497326  0.00001961642268030
  0.00002054650751350  0.00002148991999352  0.00002249893259801  0.00002359146258655
  0.00002476242495389  0.00002599095219456  0.00002723587616972  0.00002843262788119
  0.00002960809082320  0.00003088357658192  0.00003232860693020  0.00003381782215412
  0.00003552383364007  0.00003729539089910  0.00003926929851355  0.00004149970139890
  0.00004398954221121  0.00004669214089469  0.00004938295860282  0.00005194006367291
  0.00005455032411244  0.00005725733536241  0.00005952534288375  0.00006184352009976
  0.00006423309689052  0.00006663683882597  0.00006946500411281  0.00007388242128466
  0.00007954500377738  0.00008504373302429  0.00009077199242228  0.00009635165312331
  0.00010173240946365  0.00010762456617999  0.00011413143818300  0.00012261406579310
  0.00013363295304461  0.00014704009436488  0.00016338237285738  0.00018388062383241
  0.00020692256726536  0.00023076050564343  0.00025486013790208  0.00028830675714403
  0.00033732176524529  0.00039708481901541  0.00046760645747105  0.00056690097440512
  0.00070362954140101  0.00088218671256667  0.00115698723876335  0.00164717196154666
  0.00298892673706572  0.00608677429904904  0.07810957181931938  1.00000000000000000
  0.00000760641047808  0.00000874019937115  0.00000953701526923  0.00001029515615794
  0.00001110529845802  0.00001159230147309  0.00001217779900670  0.00001279281873309
  0.00001334472458515  0.00001383463072493  0.00001431718434271  0.00001480798482926
  0.00001535762222687  0.00001595647445072  0.00001662119896772  0.00001738368393489
  0.00001813107617502  0.00001892217045952  0.00001985681568852  0.00002068759860501
  0.00002142602050036  0.00002218478457026  0.00002306897490740  0.00002415294904468
  0.00002540524515748  0.00002680094672904  0.00002831053863913  0.00003007664895281
  0.00003199163724815  0.00003373647424635  0.00003544540005427  0.00003715631808732
  0.00003878489553383  0.00004046115402965  0.00004215223730364  0.00004398628977247
  0.00004579841069455  0.00004742296379326  0.00004900744310915  0.00005065317645247
  0.00005228281514238  0.00005407171978731  0.00005622004984053  0.00005852398824695
  0.00006124032998556  0.00006386636700455  0.00006589558751953  0.00006788780449043
  0.00007012779087775  0.00007248127614240  0.00007483192090482  0.00007727956031069
  0.00008061656033407  0.00008477501593645  0.00008938723163772  0.00009422522405379
  0.00009907672690145  0.00010414243305264  0.00010979839189948  0.00011588537782544
  0.00012228445969049  0.00012883139574333  0.00013542011430351  0.00014253752124895
  0.00015206224785986  0.00016202755504655  0.00017359489191863  0.00018495809390833
  0.00019828471821198  0.00021349751588720  0.00022932854578618  0.00024604628633987
  0.00026477930383262  0.00028736472314853  0.00031707370746198  0.00035341147266737
  0.00039804176705806  0.00044567032068132  0.00050134230737509  0.00055840892817638
  0.00062264668283989  0.00070175936611745  0.00081192670981281  0.00095754094555268
  0.00115934333096103  0.00141952708586364  0.00171975585285679  0.00209023753184363
  0.00262562020216271  0.00349595053309276  0.00468940187042811  0.00570807092054459
  0.00671311708950005  0.01026210147669025  0.09387441416214666  1.00000000000000000
 -0.00284286359402586  0.00949227011308992  0.01950444642985508  0.03022952389856761
  0.04131881327887241  0.05258402402289111  0.06290322843387759  0.07315857530675356
  0.08385353700327197  0.09395375745046174  0.10330291634482527  0.11270522635409783
  0.12255945284204581  0.13424164685948262  0.14472640642224191  0.15538055854789132
  0.16476388808826301  0.17362004613652796  0.18217460958089823  0.19173943953485667
  0.20282482512362640  0.21426904872599373  0.22509394210106484  0.23580146059813384
  0.24737092194647656  0.26071743836698213  0.27480750268291759  0.28659048665344128
  0.29806863490604057  0.31036743457445393  0.32284752044052872  0.33639833725515650
  0.35087685196165652  0.36303211715603001  0.37196134169009043  0.38086493233363472
  0.38983433164976056  0.40028915402926635  0.41215394567766400  0.42540682539138330
  0.43815299162475019  0.45039066310329601  0.46411417819192402  0.47746552284183352
  0.48949821399148835  0.50108536935603087  0.51354388716217492  0.52885866488449806
  0.54393088090817521  0.56020106147511639  0.57577216463382841  0.59118757543695155
  0.60701927147451618  0.62167331150639460  0.63550188188887191  0.64886290423913751
  0.66309850414803984  0.67592956031808893  0.68815397198261830  0.70012161202821643
  0.71090958842041385  0.72143651406727805  0.73178353037016075  0.74209599542140003
  0.75180817456400018  0.76218380618918347  0.77220702933500585  0.78266992218925491
  0.79353117733008727  0.80371861263216304  0.81348908017131816  0.82307109838103665
  0.83212274477698056  0.84085671229568881  0.84953548019557756  0.85790674265600253
  0.86649549780870283  0.87552472875786158  0.88426149086506922  0.89249567612172931
  0.90053613185951942  0.90822894519991015  0.91605821873786819  0.92491616332657101
  0.93225664957548093  0.93714131389527078  0.94144870127091007  0.94568692765936280
  0.95021299294620432  0.95541752299437732  0.96077050481702464  0.96743123223307292
  0.97586615043218450  0.98438619287836293  0.99243629942898859  1.00000000000000000
 -0.00293108893015682  0.01139095674408896  0.02219161594295040  0.03215399464485339
  0.04169739211397365  0.05095488543409672  0.05948766700913267  0.06760877569930064
  0.07536424668006875  0.08309860559286741  0.08981095731429831  0.09692249154917558
  0.10372887142261494  0.11094934649237329  0.11919626383040011  0.12917243728831623
  0.13981156013692722  0.15115755011827636  0.16310131812425824  0.17430313199098235
  0.18466525860100702  0.19473570404608681  0.20486939108347371  0.21577360127130332
  0.22721894625623590  0.23936221054436366  0.25242326902683021  0.26630811033329505
  0.28073012631047800  0.29525044894344177  0.30891670060228388  0.32028211798298872
  0.32952040241653763  0.33876908455322224  0.34832664697506455  0.35687316522170404
  0.36493659308936022  0.37323742133261884  0.38488514869330342  0.39731981569512820
  0.40856943002716362  0.41957079335599745  0.42973114548968749  0.43896016549225264
  0.44573942940734151  0.45255892759988670  0.46049691624418254  0.47021232888055337
  0.47821248460367055  0.48474749123053257  0.49107745583340690  0.49729221392979445
  0.50502018152006400  0.51658038524307370  0.52857600883323108  0.53970460138258336
  0.55096219475093833  0.56405069216022696  0.57840538345186965  0.59271791398295648
  0.60582195952276197  0.61822187886610547  0.62899270144726338  0.63865503303284266
  0.64882952232572966  0.66031420772747718  0.67246217746340431  0.68383098628288885
  0.69428958197684321  0.70439691396692272  0.71468333050871935  0.72552009747754964
  0.73619155564703043  0.74713569047632644  0.75958077800631030  0.77248984136883314
  0.78541424769248536  0.79814330204220996  0.80953914100858326  0.82159911007730435
  0.83293928234617531  0.84439220629071754  0.85571093955107980  0.86710108874555958
  0.87811189788209310  0.89017499812922485  0.90197329081039268  0.91394474286024907
  0.92566164981722687  0.93549011938884097  0.94522721173321134  0.95471789161456899
  0.96536843522898330  0.97706385795500095  0.98824044111369103  1.00000000000000000
 -0.00293680906830114  0.01217961199677162  0.02216863720620382  0.03120093293382775
  0.04007275685063422  0.04959736188270694  0.05957168464021435  0.06945039322082941
  0.07971909769790805  0.09077376394369026  0.10276027924824004  0.11553565603538106
  0.12655488615812019  0.13733241027942422  0.14783899542458259  0.15796933691290610
  0.17067383277799991  0.18216503490524905  0.19256463280170563  0.20239207529537456
  0.21259133928983315  0.22383560706784567  0.23533594336125002  0.24696650986776703
  0.25901110412347023  0.27129473149905331  0.28422596879559237  0.29667970346407763
  0.30763309740693701  0.31840418399839510  0.32836247960106341  0.33810146091700499
  0.34792186440248685  0.35722457157089910  0.36787981610130865  0.37761395759194316
  0.38723875897438625  0.39778592390112777  0.40809660352717492  0.41651158991615661
  0.42465151763008241  0.43333495218964874  0.44409404905809025  0.45556525874112680
  0.46557971063474318  0.47515329697733893  0.48565682050944398  0.49713109842447739
  0.50844408981653377  0.51954313634233629  0.53141095400740579  0.54194752610838792
  0.55114028205533427  0.56011539993281056  0.56865496143639582  0.57666666469317063
  0.58460054555069363  0.58920277152295253  0.59329088977485633  0.59730676015826523
  0.60194516234907292  0.60958178006854480  0.62032308874853981  0.63024573436342124
  0.64048511288855048  0.65163645419166594  0.66381844059363548  0.67423485845111397
  0.68438157223756801  0.69551764174725217  0.70756440689915134  0.71915489299175361
  0.73118796526355945  0.74489786343391384  0.75555779426988567  0.76518756256768772
  0.77483510790000543  0.78582821160197980  0.79825293526649077  0.81066298695968131
  0.82266934306291173  0.83344048347384558  0.84442651787500367  0.85569109872218063
  0.86855563470719876  0.88325970530521436  0.89659232821937129  0.90861954461150340
  0.92049035015535352  0.93124262350694442  0.94249795862192454  0.95374205537152279
  0.96465494226935888  0.97577997174701647  0.98751565208182290  1.00000000000000000
 -0.00007830325462987  0.00025851231816198  0.00050581219763604  0.00076234739246680
  0.00102120760023856  0.00129275482319085  0.00156984195769186  0.00178191706325298
  0.00198318333713905  0.00220137935523184  0.00241933552154332  0.00263701915984949
  0.00285610655435464  0.00307811522707297  0.00330823138442162  0.00354530434685594
  0.00378988998422362  0.00403492720419888  0.00428012841111570  0.00452934085936652
  0.00478087538849657  0.00503834567925967  0.00530630145458955  0.00558531995849766
  0.00591228405684536  0.00625757476137521  0.00660221998726940  0.00694007539485921
  0.00726967239322661  0.00756098871274002  0.00784075904992920  0.00810677504643198
  0.00837357586752042  0.00864086277003855  0.00887266604133133  0.00909907893257711
  0.00933130930640685  0.00956418181724787  0.00977389919148622  0.01001375535809155
  0.01033558782364026  0.01064681161944751  0.01097649742947630  0.01133454481252219
  0.01168941114506139  0.01205000676877166  0.01240539007932317  0.01273699545113468
  0.01304927722250476  0.01335429692538765  0.01363538799684645  0.01393391583721020
  0.01434956344424195  0.01481407343917538  0.01534606170218192  0.01591286762559841
  0.01644411967605122  0.01701795909438808  0.01764780545428233  0.01852315046059726
  0.01929322883656589  0.01996968256306235  0.02069811618028094  0.02142158929353215
  0.02205648989110046  0.02255322535796039  0.02299063091668358  0.02346145585097145
  0.02385482413169598  0.02428497313735646  0.02469953141193816  0.02516888090634009
  0.02571636644167150  0.02630774487610658  0.02695308637461021  0.02762059828954344
  0.02858034693991914  0.02993410508747190  0.03255990810148714  0.03613842493975460
  0.03846943891703798  0.04159947732323385  0.04522845085279601  0.04791274815157715
  0.05016601835183912  0.05271770031790471  0.05535297891420562  0.05853440504906375
  0.06499640455876621  0.07607529373851066  0.08845172166009897  0.09289572680820614
  0.10839159531076224  0.11556328376517465  0.46236856554502603  1.00000000000000000
 -0.00222985796626976  0.01020246363197815  0.02017054358697014  0.03108348255697629
  0.04196052347048869  0.05305919514021633  0.06386048386952263  0.07483245249487490
  0.08498077081838541  0.09370326136299628  0.10172463925178023  0.11011432714859638
  0.11981894791982570  0.12848286318334262  0.13551184420127452  0.14245055834236886
  0.15011289830887350  0.16026387818855614  0.17280918889769808  0.18552259414414346
  0.19757411863924415  0.20858279731992962  0.21924552083337542  0.23107887437745189
  0.24379916511778582  0.25510448794619844  0.26421049448298739  0.27266570985938232
  0.28306034936071084  0.29312965076453840  0.30399043789140318  0.31532733112152167
  0.32795517695288995  0.34201500497559467  0.35505834577225964  0.36672845230478313
  0.37766247656406210  0.38828476113880200  0.39934318627660087  0.41057545337155676
  0.42221606829852798  0.43494588207226254  0.44719568078122068  0.45914469994964979
  0.47049895048500867  0.48099987507407493  0.49194461675655676  0.50338986540083985
  0.51648910473848775  0.53069290248884260  0.54409075121260453  0.55663035881846235
  0.56896521309043835  0.58117690258815657  0.59245422285883809  0.60281042433073206
  0.61329715261721118  0.62368405628147772  0.63515981742566197  0.64697824474298238
  0.65921072148045989  0.67114377502089784  0.68190250175845657  0.69155626000184389
  0.70072283682809566  0.71047087686003629  0.72092287577077718  0.73163522049398477
  0.74271942672692037  0.75487090866227324  0.76767038724308889  0.77799032920063593
  0.78696442365192076  0.79564483563842525  0.80465270692620405  0.81513154421474154
  0.82721139302824220  0.83796350602474590  0.84753322977098788  0.85590921851535595
  0.86260160115318996  0.86911895806449424  0.87484956213160470  0.87936688358459203
  0.88438261315869227  0.88989016228251583  0.89543720997067855  0.90325047839746375
  0.91407786183178241  0.92519881533085835  0.93634701903030459  0.94774898326593005
  0.95937469295686828  0.97208320896185096  0.98598307740920343  1.00000000000000000
  0.02669781571889877  0.12039774988935986  0.16334267793704807  0.20249904907810828
  0.22972034824686108  0.25750770636560100  0.27718954828024045  0.29386326534760893
  0.31119172417065616  0.32949416292282796  0.34427558945686804  0.35806998340413770
  0.37252158243733668  0.38713030640991558  0.40118183396182283  0.41475005997442438
  0.42861877919931346  0.44269596185111415  0.45746184226945469  0.47183044099495308
  0.48621308377067135  0.50084651075259312  0.51638799118862433  0.53177549629721865
  0.54485606954569210  0.55558735650577773  0.56632793793818548  0.57713428278062373
  0.58603881869585472  0.59471310289640222  0.60327137448906643  0.61328942217710947
  0.62325506120714003  0.63361125707704025  0.64396547771109480  0.65352766573375409
  0.66265134846470464  0.67155513331432326  0.67994552280132992  0.68798472590753112
  0.69578732956560452  0.70390838517648557  0.71227291602710896  0.72020657670854105
  0.72842226169755420  0.73650242260280918  0.74516520593875779  0.75343810385564813
  0.76145645564976483  0.76886441396647220  0.77620009248667909  0.78345737189841258
  0.79032406457177762  0.79724926914882088  0.80414440652952945  0.81071364627099329
  0.81687695332016175  0.82271116226138774  0.82840614967617754  0.83381933606190550
  0.83880115263370747  0.84407534864089362  0.85010256043744348  0.85616941114514666
  0.86098037104585445  0.86596241969801901  0.87090660291428512  0.87618154981815610
  0.88152791391120666  0.88691933504688714  0.89171355755355775  0.89630551345056808
  0.90086684735289568  0.90551888100277445  0.91019726832311898  0.91463023148724698
  0.91877222124607705  0.92296983752742823  0.92724141671237181  0.93168944373804552
  0.93656024444930686  0.94177553827002369  0.94671629117368616  0.95092394007943870
  0.95448118958612937  0.95742391988736342  0.96068799369187652  0.96412468686339425
  0.96760200993813339  0.97091660781661326  0.97439272785634667  0.97858459730006364
  0.98334728247682379  0.98853186412723548  0.99403881157086671  1.00000000000000000
 -0.00980702968458635  0.06072187623628198  0.08545472900909301  0.09811493841839407
  0.10856494114411443  0.11892884458251847  0.12834309076576519  0.13654565322888765
  0.14497068972097457  0.15415762930464494  0.16260135950940682  0.17034216659144186
  0.17782019162302079  0.18352461202614415  0.18953885375134971  0.19557595462844626
  0.20208470061152495  0.20892028717644881  0.21530757160975469  0.22151820659161839
  0.22792204949383305  0.23425803365016226  0.24051844448753595  0.24675960214439799
  0.25288390416752665  0.25886394387627937  0.26463938011019195  0.27064898534475534
  0.27724316984749486  0.28427689177349508  0.29118781441845804  0.29741989826788368
  0.30306549112358205  0.30857620071869413  0.31326991031210183  0.31793569624159718
  0.32271363526391683  0.32711010565374871  0.33092130135705583  0.33480182036055978
  0.33870011308743686  0.34280118299706486  0.34707899324927188  0.35156923007698143
  0.35782712440365949  0.36433447577291889  0.37100372936914466  0.37768208495382893
  0.38286338784720303  0.38818560351377018  0.39345667354032510  0.39873594455769373
  0.40499289584301185  0.41064106042496723  0.41636382056504434  0.42253216338944677
  0.42923247131699099  0.43606247728686681  0.44264625087185666  0.44895521109216435
  0.45530927971403057  0.46175498407026822  0.46896106511630770  0.47706353594720252
  0.48472149941391962  0.49046575471011322  0.49598787447885556  0.50235110520410908
  0.51029436816636620  0.51976839924298468  0.52973673649026676  0.53996568425168545
  0.54980228177698809  0.55968924242370144  0.56918224548038610  0.57793418000709884
  0.58579100595043276  0.59361896816697957  0.60220439909377543  0.61165627920212062
  0.62161715892320202  0.63179799131312619  0.64253647766115796  0.65522551329882806
  0.66526713625022893  0.67523982750109413  0.68591438571295782  0.69981439081761732
  0.71505139903128412  0.73027561294214649  0.74731916825904476  0.76683936879407366
  0.79142222172736232  0.82244940162950531  0.86262528266196214  1.00000000000000000
  0.62307428325017034       -1.0000000000000000     
 F F F F F F F F F F F F F F F F F F F F F F F F F F F F F F F F F F F F F F F F F F F F F F F F F F F F F F F F F F F F F F F F F F F F F F F F F F F F F F F F F F F F F F F F F F F F F F F F F F F F F F F F F F F F F F F F F F F F F F F F F F F F F F F F
  <DiscreteSampler_grid>
  grouped_processes
  1 # 1 for a reference and 2 for a running grid.
  10 # Attribute 'min_bin_probing_points' of the grid.
  1 # Attribute 'grid_mode' of the grid. 1=='default',2=='initialization'
  0.0000000000000000 # Attribute 'small_contrib_threshold' of the grid.
  0.5000000000000000 # Attribute 'damping_power' of the grid.
 # binID   n_entries weight   weight_sqr   abs_weight
    13   10   1.085016098740390E+005   6.738702939138208E+010   1.085016098740390E+005
    14   10   1.085016098740389E+005   6.738702939138204E+010   1.085016098740389E+005
    16   10   1.085016098740389E+005   6.738702939138204E+010   1.085016098740389E+005
    17   10   1.085016098740389E+005   6.738702939138210E+010   1.085016098740389E+005
    22   10   1.085016098740390E+005   6.738702939138206E+010   1.085016098740390E+005
    23   10   1.085016098740389E+005   6.738702939138204E+010   1.085016098740389E+005
    25   10   1.085016098740390E+005   6.738702939138210E+010   1.085016098740390E+005
    26   10   1.085016098740389E+005   6.738702939138210E+010   1.085016098740389E+005
    31   10   1.085016098740389E+005   6.738702939138202E+010   1.085016098740389E+005
    32   10   1.085016098740389E+005   6.738702939138202E+010   1.085016098740389E+005
    34   10   1.085016098740390E+005   6.738702939138210E+010   1.085016098740390E+005
    35   10   1.085016098740389E+005   6.738702939138208E+010   1.085016098740389E+005
  </DiscreteSampler_grid>
