  0.00000044175483023  0.00000048064916568  0.00000050904826254  0.00000053268959288
  0.00000055698848204  0.00000057973311206  0.00000060249503889  0.00000062504929868
  0.00000064908790876  0.00000067406481711  0.00000069922985525  0.00000072541580054
  0.00000075399310919  0.00000078507092354  0.00000081595754488  0.00000084692675800
  0.00000087855745317  0.00000091597836978  0.00000095010669970  0.00000098257895251
  0.00000101517304550  0.00000104905281779  0.00000108696193737  0.00000112709125635
  0.00000117014041387  0.00000122043634735  0.00000127572844036  0.00000132915074048
  0.00000137826824256  0.00000142710820765  0.00000147726140710  0.00000152807870211
  0.00000158171319496  0.00000163763153940  0.00000169378793663  0.00000174972023172
  0.00000182153685859  0.00000188795413743  0.00000195488643929  0.00000202253779215
  0.00000209160357864  0.00000216769369769  0.00000225223330505  0.00000234271374681
  0.00000243069273982  0.00000253801085816  0.00000266292257697  0.00000279472746178
  0.00000294647593792  0.00000311508549669  0.00000329342155434  0.00000349065782120
  0.00000371447111205  0.00000395233493477  0.00000417759783270  0.00000443454760180
  0.00000467909447222  0.00000496881949582  0.00000528847994997  0.00000561626785403
  0.00000597328062110  0.00000634159256312  0.00000673094931172  0.00000717780939306
  0.00000766983223505  0.00000821688016652  0.00000884496482234  0.00000951938484738
  0.00001030834255227  0.00001104559352764  0.00001198344319205  0.00001301074155587
  0.00001425484880751  0.00001562941092933  0.00001718149532333  0.00001903555689773
  0.00002109737456632  0.00002335994167775  0.00002581741178451  0.00002881338973546
  0.00003252528427578  0.00003715047554235  0.00004280012395844  0.00004876784085661
  0.00005627326118758  0.00006565885416264  0.00007835280126401  0.00009567687359978
  0.00011508755609188  0.00014311447536006  0.00019006566209907  0.00027287902398752
  0.00043067324360501  0.00080528765231769  0.15920728562138720  1.00000000000000000
  0.00000052166971567  0.00000154292137623  0.00000214275599405  0.00000271022585079
  0.00000338915387186  0.00000409591102430  0.00000480468228750  0.00000563702028044
  0.00000656216118226  0.00000771271052564  0.00000903153344315  0.00001050354612807
  0.00001212940087493  0.00001390939645813  0.00001573056589894  0.00001748030400114
  0.00001918454694615  0.00002098281519513  0.00002293927384074  0.00002498944878178
  0.00002689368636186  0.00002872548105141  0.00003071200269256  0.00003316368209187
  0.00003553384989024  0.00003773260974250  0.00004001447063905  0.00004256642192054
  0.00004590744519647  0.00004952560653595  0.00005302311116162  0.00005681971321855
  0.00006075543813268  0.00006505965975303  0.00006981753013677  0.00007496753761766
  0.00008075021397691  0.00008771321857072  0.00009619800909120  0.00010505925100358
  0.00011433588810625  0.00012405053320726  0.00013418792479038  0.00014477766337915
  0.00015612920018711  0.00016811748469060  0.00017919708140422  0.00019015693796596
  0.00020160836431682  0.00021352843718450  0.00022541634852319  0.00023747458632981
  0.00025066233142067  0.00026524600172814  0.00028031697997573  0.00029635710033764
  0.00031427705021337  0.00033411937344097  0.00035933474384986  0.00038882108576359
  0.00041948908403152  0.00045154985835464  0.00048769603666155  0.00052926425469642
  0.00057020523583580  0.00061769033680694  0.00067201469071196  0.00073543206360617
  0.00080880219037528  0.00089280914210887  0.00097835702137069  0.00107119659261272
  0.00117124503326320  0.00127949119420771  0.00139440075246413  0.00151813677068281
  0.00165672253779758  0.00180189111455079  0.00197723017253514  0.00215704046317978
  0.00235848768879921  0.00257463499834146  0.00280494183644502  0.00307006908299901
  0.00337873588633525  0.00376650192961430  0.00426178946394555  0.00485501549940565
  0.00546816026328519  0.00610884696561099  0.00686560448558007  0.00798905509475365
  0.01064792675706125  0.01679057488267396  0.50439366157152676  1.00000000000000000
  0.00000564766403338  0.00000622735923166  0.00000761199126346  0.00000865148607191
  0.00000936203649579  0.00001008293230933  0.00001090048313053  0.00001184901409672
  0.00001289979433080  0.00001394101264672  0.00001491752676083  0.00001583172950231
  0.00001678484513339  0.00001784131673786  0.00001910106455159  0.00002050449996294
  0.00002191782532924  0.00002334370921984  0.00002480313113609  0.00002640255827631
  0.00002810150597924  0.00002969373701877  0.00003115625461650  0.00003254442805735
  0.00003415642716767  0.00003591684691743  0.00003791849673919  0.00003981022873231
  0.00004185862225052  0.00004373571591097  0.00004565741253390  0.00004784071455559
  0.00005011071939944  0.00005231154359991  0.00005461868374909  0.00005699741697054
  0.00005956493864137  0.00006213424769883  0.00006486386946679  0.00006773318157196
  0.00007043349541426  0.00007295861083581  0.00007584650220341  0.00007855376170407
  0.00008118297706753  0.00008394745450554  0.00008667415215945  0.00008911178742512
  0.00009175263397145  0.00009459460001314  0.00009763676703926  0.00010078163715198
  0.00010388860539066  0.00010691938161691  0.00011024635800912  0.00011367502974740
  0.00011701781916361  0.00012050548876007  0.00012437109730640  0.00012843277326750
  0.00013265540504594  0.00013713861378449  0.00014216700314795  0.00014768561259035
  0.00015328706356721  0.00015928382300142  0.00016597699376593  0.00017410865354000
  0.00018274690139148  0.00019220798897237  0.00020350621159716  0.00021535783502821
  0.00023050448669098  0.00024703532439390  0.00026633093624496  0.00028782533251628
  0.00031333058451552  0.00034260783821708  0.00037473390882064  0.00041141817131991
  0.00045243022967341  0.00049862846677606  0.00055545418394436  0.00063351150057957
  0.00073990028492285  0.00088294000043774  0.00106639386905333  0.00131064800929023
  0.00169934339473295  0.00225856767744839  0.00320236313893302  0.00485318659170022
  0.00797568321554253  0.01829732917156408  0.21162344988080284  1.00000000000000000
 -0.00319539561449343  0.01377182902154614  0.02711251070660935  0.03997406643685174
  0.05039455929845714  0.06077653784083691  0.07177129570587631  0.08406224777658569
  0.09512110301510682  0.10548279058018843  0.11592145953374781  0.12704096084675456
  0.13826523540386637  0.14928290690667528  0.16059940837934536  0.17261231179880768
  0.18521134175631637  0.19906769611823838  0.21113825384282564  0.22092569068149120
  0.23035856325032067  0.23961719018346359  0.24947535089069114  0.26027021303045833
  0.27114590573653480  0.28334944877031321  0.29587583718110372  0.30669168539531877
  0.31710203973376305  0.32622150174501036  0.33486515952643880  0.34363510847301942
  0.35265806133401661  0.36172526701248447  0.37099548853627751  0.38080243992512086
  0.39114558611252603  0.40195483429484613  0.41283565235388053  0.42387802848478395
  0.43421908867619396  0.44421421294075192  0.45365739025282004  0.46304884483005565
  0.47199939239843319  0.48049325696375561  0.48976081496667051  0.49918819607103265
  0.50930394326911377  0.52070895826614394  0.53303478632395085  0.54480753971145202
  0.55368292422168208  0.56245465683395579  0.57073314889629145  0.57873141571051734
  0.58637754872351899  0.59434745028159697  0.60204008243496987  0.61204170419408921
  0.62315191870669229  0.63473724810774212  0.64640546645474783  0.65769121740129166
  0.66918000254987819  0.68128097638667939  0.69373465450562088  0.70699182171380903
  0.72118068029766602  0.73519205109313879  0.74810486070989901  0.75992979696575413
  0.77242631772628689  0.78456485534940013  0.79650673646022696  0.80549031044663866
  0.81422444971790842  0.82218843642125850  0.82977971628571767  0.83754901323138131
  0.84556302839484543  0.85463460247959377  0.86478764260074181  0.87534252951775737
  0.88528116578125260  0.89574224666062796  0.90731933841851764  0.91865651283307126
  0.92927789291236573  0.93913122550948991  0.94886910871363006  0.95833223201144691
  0.96840002355678112  0.97856425519945756  0.98943543734651840  1.00000000000000000
 -0.00295666995817650  0.01015353124655640  0.02112981344570504  0.03033376886562972
  0.03961501629650131  0.04931654336037787  0.05994878071468234  0.07132917524106362
  0.08116503416083146  0.09288338371378535  0.10402822276702543  0.11553256150994773
  0.12757439354767258  0.14041000512074300  0.15233244790679795  0.16367574068811339
  0.17576002345868308  0.18640655288261515  0.19602438133814171  0.20507050168121690
  0.21375573230419059  0.22275226120987474  0.23184056216464621  0.24159954863545258
  0.25231573990107270  0.26235581444727002  0.27210429264994479  0.28208506187996479
  0.29345876202415011  0.30559018708284791  0.31738922442221229  0.32822918547928859
  0.33885485704942736  0.34881241924356310  0.35911079596762013  0.36917566354694731
  0.37922048496827598  0.38966845408198086  0.40034503372681424  0.41146978011625840
  0.42105044518965129  0.42906543064335612  0.43835920971614023  0.44816026434701789
  0.45794873213294945  0.46771354815974459  0.47694920928620382  0.48734009509209725
  0.49925074089594779  0.51136318791446433  0.52458235646245499  0.53655974394256523
  0.54767280129060869  0.55825222604617131  0.57046277216493935  0.58299257136038163
  0.59471882157729616  0.60510973680624225  0.61469265470280476  0.62459840310948345
  0.63307836793993444  0.64106925131828552  0.64882552514984992  0.65725069458850738
  0.66573447874176828  0.67494174984034705  0.68512860985369906  0.69580367130568632
  0.70726578953409791  0.71769408567511206  0.72756104858143267  0.73710724755423962
  0.74680601210181119  0.75610306096186364  0.76567590498215654  0.77683808227893680
  0.78756598443903902  0.79816150018006915  0.80851975124686903  0.81926817379614725
  0.82956242394550062  0.84012802727214353  0.85110160709156757  0.86221257347239222
  0.87266336315752491  0.88360646949428867  0.89557182946223890  0.90833643348469040
  0.92096036644405244  0.93361605075636001  0.94550220024304310  0.95712325046853741
  0.96738984946071949  0.97844510098026716  0.98875409789712942  1.00000000000000000
 -0.00169821188776750  0.00641610587731449  0.01267268093849131  0.01851514917102463
  0.02527896585849335  0.03286856855162189  0.03981774057883134  0.04503068261308996
  0.04946820855504895  0.05369138854921688  0.05827584042785060  0.06398475485233542
  0.07016942142136476  0.07640882586907759  0.08263677306930563  0.08875474817623985
  0.09446783231786585  0.09991911128286524  0.10556221247157320  0.11482271937510646
  0.12395499570711659  0.13347324324306831  0.14191240247149040  0.15029383170482913
  0.15839415945505281  0.16666474113425417  0.17489719619369276  0.18297294817891205
  0.19160614486679875  0.20118096360283880  0.21216734515355498  0.22355479594863309
  0.23419596854115152  0.24422811843854503  0.25478549703055126  0.26554020351133889
  0.27635825242077666  0.28642480339113885  0.29672882532236045  0.30675604528043932
  0.31721559912267866  0.32785470241781062  0.33938284535885205  0.35210847514950139
  0.36615697444937606  0.37972594771869161  0.39244274238108084  0.40645733005227119
  0.41936765945577120  0.42935981945041407  0.43952172782098980  0.45070499212441567
  0.46285854074885824  0.47557703720925493  0.48935776906289330  0.50369733701030195
  0.51715591164263830  0.52929276547388349  0.54189811078957106  0.55421264012441529
  0.56669078152045727  0.57922122721986591  0.59263818136860835  0.60624076866492194
  0.62203776046649395  0.63679562213178342  0.65088689772765573  0.66492069705669632
  0.67970654381068996  0.69504029642746856  0.70910295655006017  0.72184579275188487
  0.73403557330385838  0.74603938156287097  0.75767059402835513  0.76847202465730791
  0.77941024102104850  0.79068757098230413  0.80208836762556279  0.81393804997998442
  0.82582038293430893  0.83742136341220286  0.84879556332600037  0.86013583850387354
  0.87181262363887935  0.88361566429220195  0.89500870011068723  0.90418933020704728
  0.91382321940956890  0.92328489215053644  0.93271860048988342  0.94291877775133859
  0.95345838929828730  0.96891070495298404  0.98525883677673110  1.00000000000000000
 -0.00237682029631143  0.00968616182414002  0.02030593074688997  0.03149250545856122
  0.04319473062299166  0.05605712651024573  0.06820710364941139  0.08014015545972006
  0.09247225984350374  0.10459308460358635  0.11615886932788295  0.12707212061412282
  0.13791479669760040  0.14996394824496156  0.16234017635848216  0.17360227198815933
  0.18444262428128383  0.19487924419413682  0.20518550672286881  0.21329477822571741
  0.22117784281178798  0.22963160071281999  0.23848925067771318  0.24748575661270808
  0.25651312653162622  0.26564391005475535  0.27465334773782346  0.28563897504967578
  0.29570609398670322  0.30612321073339549  0.31603839533382921  0.32510196907710653
  0.33453249310985533  0.34216397990656033  0.35173830530765499  0.36076554699425112
  0.36966190869896787  0.37806881692545391  0.38630300661420730  0.39543423646615572
  0.40601917607931737  0.41644624413041875  0.42774849237007645  0.44028435787346976
  0.45278665927330669  0.46685780455344089  0.48105034687808662  0.49422952566748307
  0.50668506989472817  0.51852048342893653  0.52973061290942336  0.54068941878872823
  0.55166045560420873  0.56280209262054770  0.57528330071486422  0.58710741723796367
  0.59848769347890485  0.60950226939264840  0.62115661297937408  0.63362582369552090
  0.64532673906500393  0.65583986906396163  0.66551256162926198  0.67494135050950810
  0.68418826721836912  0.69359061695984736  0.70230844095478584  0.71069490072942798
  0.71882401722566680  0.72721929600218338  0.73764106092589843  0.74944251356577041
  0.76180385111335347  0.77361165812755317  0.78448971928390443  0.79441519493060786
  0.80390395007895288  0.81369002400122881  0.82462498364856462  0.83709001784208759
  0.84964863012245762  0.86096592181522158  0.87134432653559557  0.88168896522319029
  0.89202650302084141  0.90276176384448870  0.91368998683659963  0.92444190315257946
  0.93499533344002728  0.94550643118297473  0.95592670480595565  0.96504859268830845
  0.97301081329780370  0.98124478421977646  0.99030628280451705  1.00000000000000000
 -0.00293319887977600  0.01003123440077276  0.02140126850139070  0.03310155072632584
  0.04518947842549206  0.05711981268193974  0.06891124631023443  0.08082578696591876
  0.09282933001372046  0.10449646374072960  0.11650187772743720  0.12770773081759507
  0.13955528027095604  0.15059893058140775  0.16108443493364391  0.17145429331237319
  0.18049031820556910  0.19039911656290093  0.19974529692496443  0.20877112588077607
  0.21787239582711448  0.22764148082442315  0.23783411519199349  0.24801224748013687
  0.25808424398756341  0.26799332462680603  0.27813874154100715  0.28810589840433215
  0.29874871008032078  0.30938169917279540  0.31999387930678158  0.32946199713993768
  0.33909200440060172  0.34933257979555976  0.36039909481564358  0.37114283220588151
  0.38221987924583362  0.39267039597681808  0.40222605481430440  0.41148052729874635
  0.42156427340373759  0.43322093169643183  0.44481580073467408  0.45512738971541383
  0.46458942309061591  0.47511446941607649  0.48611465431730305  0.50011821630876008
  0.51582843009374801  0.53039384124911748  0.54279759092252755  0.55364734271849192
  0.56414066294876652  0.57492933374061084  0.58578276174929789  0.59650533812774398
  0.60743399620565852  0.61845905732933926  0.62915139787792751  0.63893481025431442
  0.64862288241181165  0.65805348555609511  0.66818345207077523  0.67946616966054219
  0.68954473126349358  0.69820471182336652  0.70661986652615738  0.71506754548535068
  0.72379344694412417  0.73270036401379701  0.74139286050668585  0.75163845137854235
  0.76363513782041492  0.77367823116464551  0.78232896738678770  0.79138901289702157
  0.80191808513110630  0.81285617918491182  0.82226827211555686  0.83065201811622247
  0.83884367212863320  0.84760647117845334  0.85721238939828448  0.86691423524004985
  0.87730274875218961  0.88855970020361252  0.90021609512089251  0.91197001311476888
  0.92432077613853392  0.93692016763918462  0.94852914845481173  0.95953941925317632
  0.97001772882235082  0.97989084028395823  0.98969557516927598  1.00000000000000000
  0.28514573990162345  0.28892186282980237  0.29463887662830263  0.30230266069833955
  0.30769300353976642  0.31255416363529132  0.31696730716394533  0.32208357638321561
  0.32780701038684112  0.33395477705682947  0.33990417081273766  0.34600244593965346
  0.35171941754870772  0.35693831868378534  0.36255894126646682  0.36857169651418437
  0.37495920783203412  0.38146464896615428  0.38765581113435055  0.39375689576608236
  0.40003392827073686  0.40653355825468579  0.41302841798172141  0.41933378107315089
  0.42609526751049526  0.43376794632336257  0.44129192421845709  0.44880809842311470
  0.45658113004697931  0.46509874251880418  0.47386370649470982  0.48195697568598805
  0.48939793505151702  0.49636230248180219  0.50253814551841436  0.50830958949711147
  0.51475977278458618  0.52215207353716420  0.52973315899630158  0.53676562736272482
  0.54330155644849665  0.55032721222267578  0.55726208915734443  0.56449328628533113
  0.57362436876010114  0.58344280721323127  0.59295569107004797  0.60194534565095748
  0.61050912629172061  0.61923700623676559  0.62836816610235802  0.63715994168721668
  0.64547433581000813  0.65353036529380182  0.66199543086539825  0.67077277070811492
  0.67918468300280099  0.68729973396357402  0.69508539123976920  0.70286084164735285
  0.71069888816573346  0.71861782499665705  0.72674912294806315  0.73501554325076979
  0.74315122469699746  0.75114920275925534  0.75953511614902047  0.76796709127854468
  0.77541407142426877  0.78198186063506681  0.78867189664426607  0.79565443255719481
  0.80285225901543467  0.81014452291143002  0.81757231872019420  0.82507055993768930
  0.83213164433528430  0.84007830592314614  0.84849400799874064  0.85652281145631459
  0.86473035137123466  0.87310727676744826  0.88110829859199136  0.88885970265750702
  0.89638849389969166  0.90400062382725810  0.91186918494532909  0.91999273113072710
  0.92803378558626026  0.93616115631746821  0.94469551193580226  0.95386383681620435
  0.96363521072220903  0.97387934820369382  0.98590271060818113  1.00000000000000000
 -0.01946099833646553  0.11228915622147240  0.14656016413439846  0.16649519811691937
  0.18285497759028016  0.19812833038405320  0.21121005201151954  0.22335263540365982
  0.23384722742455588  0.24329516178414418  0.25191138156079590  0.25955771980397485
  0.26658749097888423  0.27414444759494039  0.28128726606869031  0.28826337663453494
  0.29550741170380468  0.30374133494202954  0.31243137711213959  0.32090734523649883
  0.32877915628256982  0.33629647806151342  0.34312784373111072  0.34967668753408337
  0.35580370036326703  0.36216729959964805  0.36819283413999421  0.37390394809406180
  0.37971608249603900  0.38548510485434645  0.39145465040407157  0.39771211661266243
  0.40422673813522930  0.41098366938521713  0.41814766016162314  0.42530498671903139
  0.43234036212339361  0.43916659841778344  0.44535819552334271  0.45105662570497712
  0.45658158630853524  0.46152146791645265  0.46624344501289250  0.47097435367088220
  0.47553751042169912  0.48000043938378928  0.48482923654455756  0.49022424502668799
  0.49579988443003770  0.50142413571126410  0.50694234211209788  0.51237545476095969
  0.51762445302354942  0.52303241370052600  0.52913546719823523  0.53477678538620599
  0.54018576717554201  0.54551743926034968  0.55094802142886834  0.55652083491870596
  0.56266330853347002  0.56948734556642744  0.57625812450590508  0.58276657235177742
  0.58903814447254754  0.59555909814693486  0.60223248431875209  0.60966540541241776
  0.61772191117925601  0.62553792184552415  0.63252064291292753  0.63944282073726966
  0.64636273813287615  0.65335759020931394  0.66090038217634195  0.66854952663337364
  0.67580411200808121  0.68297654985026390  0.68976209976842506  0.69635797691789858
  0.70417756191929681  0.71220800700069131  0.72055162914946402  0.72924487819061934
  0.73824237327492181  0.74723186068264780  0.75678031418021219  0.76731569225377694
  0.77911056193883754  0.79219200812690260  0.80606199581440374  0.82130592881162956
  0.83895843090794353  0.86222490308251809  0.90094328173617311  1.00000000000000000
   5.8161400631209337E-002  -1.0000000000000000     
 F F F F F F F F F F F F F F F F F F F F F F F F F F F F F F F F F F F F F F F F F F F F F F F F F F F F F F F F F F F F F F F F F F F F F F F F F F F F F F F F F F F F F F F F F F F F F F F F F F F F F F F F F F F F F F F F F F F F F F F F F F F F F F F F
  <DiscreteSampler_grid>
  grouped_processes
  1 # 1 for a reference and 2 for a running grid.
  10 # Attribute 'min_bin_probing_points' of the grid.
  1 # Attribute 'grid_mode' of the grid. 1=='default',2=='initialization'
  0.0000000000000000 # Attribute 'small_contrib_threshold' of the grid.
  0.5000000000000000 # Attribute 'damping_power' of the grid.
 # binID   n_entries weight   weight_sqr   abs_weight
    10   10   1.286772214725199E+005   9.161760104427419E+010   1.286772214725199E+005
    16   10   1.286772214725199E+005   9.161760104427412E+010   1.286772214725199E+005
  </DiscreteSampler_grid>
