 -0.00250983418561056  0.00948554272811772  0.01964459990578972  0.03017174946609563
  0.04071186596479334  0.05124936070234066  0.06178774201267210  0.07234149607961690
  0.08289390160733234  0.09344611579801307  0.10399874777652544  0.11454783583207653
  0.12508192463649173  0.13561686175007301  0.14615428600551006  0.15669964094825639
  0.16724490355974639  0.17779173742975152  0.18833328081265194  0.19886619131051095
  0.20940056233648635  0.21993874306718367  0.23048671749347441  0.24102860884709223
  0.25157437913772501  0.26211602379185778  0.27266351575180048  0.28321609722659596
  0.29377065902631161  0.30431955922567766  0.31486412567896199  0.32541131510917742
  0.33595817444750425  0.34649744770196061  0.35702856513793657  0.36756362714515439
  0.37810539743619698  0.38864797498778225  0.39917241414566018  0.40970322890038180
  0.42023508297804613  0.43077736821153745  0.44131397133060146  0.45185621945301535
  0.46240245687391035  0.47294981792693391  0.48349498120795587  0.49404509212544701
  0.50458807678560780  0.51512719914596949  0.52565897948529272  0.53619919213126255
  0.54674265113088583  0.55729462214003511  0.56784833882006136  0.57840548066189701
  0.58894625994617111  0.59948746040540324  0.61002711609095828  0.62058406870326854
  0.63113379668093317  0.64167924355657169  0.65221350571116599  0.66274519882614813
  0.67327989103949670  0.68382361004353454  0.69437326647867326  0.70491006938989365
  0.71545017042343506  0.72598778899340755  0.73653059483777705  0.74706492796563861
  0.75759990125314958  0.76813907869015263  0.77867904869809579  0.78922051530170045
  0.79975160841037407  0.81029011502702974  0.82082642198492450  0.83137049397288831
  0.84191362589632091  0.85245431618109568  0.86299821461398074  0.87354094388337511
  0.88409068639672328  0.89464431156489788  0.90519866209144273  0.91574150749943661
  0.92628137039702385  0.93680591053414608  0.94733885618302749  0.95785589161607299
  0.96838390893149584  0.97891093496880255  0.98945547825586744  1.00000000000000000
 -0.00238785820229139  0.00953526144947113  0.01970080953172292  0.03022134511460410
  0.04076591271803946  0.05130101411078418  0.06183871604483977  0.07237546751578110
  0.08291755400906338  0.09346151429175542  0.10401129499813531  0.11455922805971142
  0.12510767151787566  0.13565189426907634  0.14619211955666106  0.15672906694263153
  0.16726593601937739  0.17780980739869601  0.18835396939568425  0.19889983614594853
  0.20944067514674500  0.21997377499542514  0.23050445993597396  0.24103993360346898
  0.25158048224138291  0.26212354709082097  0.27266127987870020  0.28320476160698810
  0.29374893815955150  0.30429834911829073  0.31484016644247276  0.32538013346153100
  0.33591814846557300  0.34646553841867694  0.35701645710805274  0.36756670466599306
  0.37811600558825920  0.38865640935993806  0.39919516875070626  0.40973176103859649
  0.42026782180005262  0.43080744088446082  0.44134804139665784  0.45189594721980919
  0.46243018361770655  0.47296143130758866  0.48349498754837505  0.49403868402428863
  0.50458707050485330  0.51513632083955552  0.52568053941126269  0.53622398540758875
  0.54675801388595457  0.55730058477076172  0.56784128890511409  0.57839065666005063
  0.58893521475608379  0.59948246694012575  0.61003001707920046  0.62058154497288354
  0.63111592239996905  0.64164610075491180  0.65217623599855801  0.66271771965309401
  0.67325681880668053  0.68379533012453964  0.69433656516119835  0.70488611029488280
  0.71543079446309188  0.72597902726137065  0.73652737346894426  0.74707541621047635
  0.75761235854931352  0.76815113021830927  0.77868362622127041  0.78922904970876329
  0.79976433504381350  0.81030731696103209  0.82084140140779360  0.83138329132643918
  0.84192295519790983  0.85246649268694197  0.86300864085119566  0.87354602047613805
  0.88408273051943764  0.89461301086152889  0.90515580248058358  0.91568907367661245
  0.92622992069386756  0.93676347661907222  0.94730562874507529  0.95784330050181077
  0.96837308361952645  0.97890860730291585  0.98944690066408170  1.00000000000000000
   2.5517002313608192E-008  -1.0000000000000000     
 F F F F F F F F
  <DiscreteSampler_grid>
  grouped_processes
  1 # 1 for a reference and 2 for a running grid.
  10 # Attribute 'min_bin_probing_points' of the grid.
  1 # Attribute 'grid_mode' of the grid. 1=='default',2=='initialization'
  0.0000000000000000 # Attribute 'small_contrib_threshold' of the grid.
  0.5000000000000000 # Attribute 'damping_power' of the grid.
 # binID   n_entries weight   weight_sqr   abs_weight
    10   10   1.322623097372511E+010   1.749331857703254E+020   1.322623097372511E+010
  </DiscreteSampler_grid>
