  0.00000657949880515  0.00000726599792480  0.00000793084672906  0.00000854193469034
  0.00000894665671775  0.00000935137874515  0.00000963487626802  0.00000989942819587
  0.00001021502922266  0.00001058572566033  0.00001099917063792  0.00001157273447347
  0.00001223663226330  0.00001294567633297  0.00001365950301790  0.00001437433397568
  0.00001507269768702  0.00001566664654212  0.00001632042071773  0.00001702392569794
  0.00001785296983005  0.00001874599571274  0.00001974616512741  0.00002087250741684
  0.00002208510569316  0.00002327387566134  0.00002432570136423  0.00002518096458591
  0.00002603244370944  0.00002700810842984  0.00002806072213923  0.00002930250813350
  0.00003059219159388  0.00003193131013409  0.00003326602021832  0.00003453707346383
  0.00003617728791863  0.00003820106665890  0.00004023059649647  0.00004230330571459
  0.00004427178621494  0.00004618442741076  0.00004815492283322  0.00005019051954407
  0.00005236659554290  0.00005481071001505  0.00005758583081547  0.00006039834609730
  0.00006388627595260  0.00006702031552466  0.00007037378462517  0.00007411703101933
  0.00007807362442405  0.00008228099773212  0.00008653350585843  0.00009068786973901
  0.00009491546413560  0.00009952616756832  0.00010436676873537  0.00010903871449413
  0.00011378617803725  0.00011857301409469  0.00012349004405299  0.00012920410789415
  0.00013577661859557  0.00014222444676100  0.00014957726996307  0.00015747965403774
  0.00016740654135512  0.00017833053993825  0.00018986123042758  0.00020366288876344
  0.00021869154902954  0.00023558884359420  0.00025486292858298  0.00027704671778221
  0.00030235706127370  0.00032980888623067  0.00036074334775332  0.00039543200756829
  0.00043504616361052  0.00048285071466884  0.00054158387895268  0.00061414574740661
  0.00070417103031004  0.00081429843379134  0.00095823689927224  0.00115962858768529
  0.00143649872972134  0.00181040314952982  0.00243677534821212  0.00341913028894695
  0.00540099362242390  0.01060942849525457  0.15458324547263846  1.00000000000000000
  0.00000003188246026  0.00000005274311178  0.00000006564487953  0.00000007456241091
  0.00000008528679104  0.00000009886869971  0.00000011276322573  0.00000012671804472
  0.00000014066174485  0.00000015391581593  0.00000016691137846  0.00000018140156577
  0.00000019868330603  0.00000021865198694  0.00000024042980732  0.00000026473450265
  0.00000029287469121  0.00000032604498118  0.00000035968304097  0.00000039318732563
  0.00000042904551552  0.00000046900525189  0.00000051710791728  0.00000057191011137
  0.00000063072558517  0.00000069597817753  0.00000077339766945  0.00000086479497699
  0.00000096899445395  0.00000109119227505  0.00000125212148752  0.00000143784173894
  0.00000165520985453  0.00000190633947965  0.00000221567281094  0.00000259130551359
  0.00000306827331765  0.00000365430700404  0.00000436945810470  0.00000516753561973
  0.00000606896454361  0.00000718708756133  0.00000873266450074  0.00001091426352052
  0.00001366582142928  0.00001696991312034  0.00002120177694512  0.00002695651262447
  0.00003447593456089  0.00004288640320873  0.00005206386544676  0.00006292745767093
  0.00007562359594497  0.00009251759208681  0.00011360439188601  0.00013921578540586
  0.00016716532341901  0.00019980896032653  0.00023968729744365  0.00029164366466808
  0.00034019350689014  0.00038781413172158  0.00043380227743267  0.00048039101015329
  0.00053813373346192  0.00059445624945177  0.00064762836961573  0.00070143730600313
  0.00076081050478634  0.00082069650634545  0.00088231939784512  0.00094869376738265
  0.00103376381524618  0.00114498675660196  0.00127582809434207  0.00143231862633206
  0.00160112599180066  0.00178319802946704  0.00195796948358065  0.00211971115271400
  0.00228389978571651  0.00245684279813171  0.00270581453908477  0.00311749064526020
  0.00355887508605224  0.00410032434954165  0.00472250969097780  0.00529546716237633
  0.00586056881096543  0.00657473537228020  0.00741820493986635  0.00837696579822008
  0.00961950539036980  0.04259891551797620  0.21003897536085073  1.00000000000000000
 -0.00000000028027239  0.00000004189091158  0.00000006611295470  0.00000008214995030
  0.00000009831894166  0.00000011383819668  0.00000012964551077  0.00000014822263059
  0.00000017028961886  0.00000019497920594  0.00000022175483567  0.00000025014978592
  0.00000027898915223  0.00000031481704743  0.00000035706309313  0.00000039012140411
  0.00000042438768940  0.00000046102957390  0.00000049694278783  0.00000053523197901
  0.00000058426451353  0.00000063416453332  0.00000068694785453  0.00000075128476540
  0.00000082266891458  0.00000091271169090  0.00000102480670428  0.00000115722285199
  0.00000130210776321  0.00000145436885690  0.00000161857519088  0.00000180035627820
  0.00000199091024328  0.00000221121367292  0.00000250787494588  0.00000285577769789
  0.00000330182320394  0.00000382489691887  0.00000442379775133  0.00000508413111359
  0.00000591925138274  0.00000702572934466  0.00000843903934788  0.00001000240767271
  0.00001168399762829  0.00001366577651814  0.00001632448234346  0.00001921622319841
  0.00002254326647826  0.00002670367262665  0.00003191695502235  0.00003835822115090
  0.00004600666813043  0.00005511384043978  0.00006503791040824  0.00007614715886783
  0.00009092119100457  0.00011149826035606  0.00013199434175841  0.00015630244809954
  0.00018545778477070  0.00022301728314987  0.00026682795323334  0.00031254869132027
  0.00035717687428199  0.00040323023607169  0.00045411773664744  0.00050662087043417
  0.00056390774780876  0.00062876024375357  0.00070193309755579  0.00077897036784633
  0.00085854899075946  0.00095044380793281  0.00105093277182110  0.00115989021301189
  0.00128077793040796  0.00141502517017194  0.00155798371515948  0.00172093575529260
  0.00194527891103937  0.00223418588027228  0.00258038404574835  0.00291230131096114
  0.00325596411650028  0.00360748439525453  0.00404364188751653  0.00460795933736397
  0.00520674143042128  0.00618444264866560  0.00758803023020716  0.00953561647894024
  0.01322707075721168  0.01741945425942788  0.15546428715356192  1.00000000000000000
 -0.00128114951052786  0.00765543276013165  0.01599250844089755  0.02352700905320556
  0.03076383143687531  0.03781021741359325  0.04554145745346218  0.05426259925747737
  0.06365205451671760  0.07322242615406692  0.08364836868520821  0.09536200447688088
  0.10771261732202529  0.11927745305568310  0.13006336727069040  0.13960506803845785
  0.14762302595356716  0.15626595577176533  0.16470554635786577  0.17330197217334870
  0.18390778077694067  0.19453979996312340  0.20528167094300412  0.21623872036284236
  0.22742281287225669  0.23926887174808670  0.25006396553186511  0.26068257830673514
  0.27164737652420762  0.28350304152791678  0.29607191432972790  0.30815775242777915
  0.32120021195826465  0.33411448550195028  0.34535950335724241  0.35571538718862489
  0.36632791010691862  0.37712239867712866  0.38816802401901035  0.39948023618628420
  0.41127616544166645  0.42293540388441025  0.43440929818627266  0.44713829129588234
  0.46013650571515891  0.47269097293064416  0.48501810067036766  0.49662438939889886
  0.50762052341543751  0.51750212611042090  0.52736786115757572  0.53792191153150326
  0.54980229798054303  0.56147617149637674  0.57329655840358240  0.58509416613859400
  0.59832078259166377  0.61079061914148858  0.62329615368994962  0.63584951510870669
  0.64803386903816962  0.66018531819996662  0.67201605247796348  0.68401969600859946
  0.69667070617699545  0.70863291380896809  0.71944410093495892  0.72978942001736669
  0.74075987026309398  0.75277447002151909  0.76473351269755407  0.77556586032301866
  0.78605503496226425  0.79608003972120722  0.80535274629715614  0.81530156316577229
  0.82505004651467939  0.83467336730696295  0.84400757636923296  0.85323484124964866
  0.86298081719031516  0.87284591365886699  0.88230702553679907  0.89189391734619250
  0.90195816559808029  0.91190643645260439  0.92108662017883591  0.92998694633357060
  0.93901944461208375  0.94804297726262066  0.95710711362152701  0.96579347148288008
  0.97489610688057904  0.98323366484247376  0.99170512004394074  1.00000000000000000
 -0.00213047629683496  0.00816539702342281  0.01768785465903241  0.02674374683221759
  0.03600822854739128  0.04504145410059671  0.05425652514216709  0.06369004323390835
  0.07339666375229478  0.08252120236701033  0.09300203405429473  0.10375660577316315
  0.11526540648681848  0.12641262397729575  0.13708943941294449  0.14759748656448529
  0.15757035091372121  0.16713469932141331  0.17703796774313996  0.18716320707180831
  0.19698279271348965  0.20653167864321301  0.21716830477885410  0.22907094059931760
  0.24090560662979282  0.25302979579214974  0.26387116213908612  0.27364308946054150
  0.28375134670680802  0.29396452625453406  0.30411117759154316  0.31437792011173782
  0.32593231762087810  0.33750227736834193  0.34784254399046532  0.35828535216395690
  0.36935438726127701  0.38063344938731064  0.39161406145108624  0.40260251590021046
  0.41336811327238887  0.42420373756766994  0.43536644600657287  0.44680758058929992
  0.45861524285329580  0.47001494311782127  0.48163057528069331  0.49258102089711048
  0.50347825811525171  0.51437598918297145  0.52494753504219793  0.53470816067601690
  0.54487454632237686  0.55515544076555856  0.56517253673670431  0.57533673546117958
  0.58483792317009198  0.59553598631123073  0.60625671470850484  0.61755584792132900
  0.62969235029782256  0.64204189544036061  0.65439145632123108  0.66686163063708637
  0.67920582442576571  0.69009547085405898  0.70112781872279395  0.71201728160984301
  0.72415296994557965  0.73644148060352010  0.74681951597841933  0.75613705678150467
  0.76518926989405966  0.77461827195127064  0.78565421005485048  0.79420261023264849
  0.80235645870810701  0.81080785863706561  0.82077541777943330  0.83218932798379952
  0.84317633995509844  0.85417219285070556  0.86565137099653344  0.87750313323981610
  0.88909501997282447  0.89944038458588427  0.90901354591042005  0.91751128585528807
  0.92616729987159852  0.93539041514310617  0.94591094178870561  0.95637278711646490
  0.96666498412689084  0.97716034563010024  0.98838544027516073  1.00000000000000000
 -0.00286566312097983  0.01206221660465915  0.02346411543007502  0.03553038038625813
  0.04816688163247879  0.06212727666552977  0.07473056297806011  0.08420252219490194
  0.09393018488313050  0.10304604041083877  0.11184912283812362  0.12232157545020529
  0.13264608079557164  0.14261117448326768  0.15268776192933259  0.16326177379939652
  0.17560465854238319  0.18846844638439217  0.20135911512584059  0.21505057580710638
  0.22838126027006983  0.23886179040687003  0.24833771238418437  0.25877826831023792
  0.26915745510370465  0.27915427193057624  0.28855165549725725  0.29802852453695494
  0.30817249595708041  0.31837527456558046  0.32901562595955547  0.33925220851722943
  0.34987184468263793  0.36015267118809385  0.37045964751253574  0.38059039157355629
  0.39142346776526110  0.40287805708011787  0.41413352522890512  0.42475782387711758
  0.43550673570541110  0.44809882122641947  0.46053302468782681  0.47192102541693709
  0.48343107629141086  0.49532269360747638  0.50618142506741826  0.51612090339479766
  0.52626648568454104  0.53729607823008707  0.54846678580982389  0.55846172451415310
  0.56803646847590006  0.57779437529358135  0.58777700984425585  0.59769825647867814
  0.60833692284256935  0.61991298759297175  0.63086608204975780  0.64154384689366117
  0.65197944818038411  0.66340497588341452  0.67364785393508231  0.68388053930248716
  0.69406604973821562  0.70485710327271389  0.71592927648102056  0.72613234069866339
  0.73577171190348367  0.74540392705769842  0.75607642474298997  0.76729134557609668
  0.77794578210886789  0.78592002072328948  0.79339098319030610  0.80114874165697492
  0.80920558859780278  0.81825088055113171  0.82995359811085101  0.84106847649421912
  0.85094116933384056  0.86057799859883199  0.86999543712532545  0.87947801503523027
  0.89007556999798931  0.90141258343654529  0.91098148157757508  0.92052058233271494
  0.93021067619026665  0.94081758990777431  0.95202322751957325  0.96312169803552605
  0.97408612049324017  0.98358275340770729  0.99208052277690006  1.00000000000000000
 -0.00005574951596614  0.00007701824430653  0.00020978600457920  0.00037044288460747
  0.00055097991493041  0.00070150939555929  0.00081670839537205  0.00094389384212448
  0.00107179988752163  0.00120107192064074  0.00134993929293230  0.00151546652411919
  0.00168836044367581  0.00186054131729950  0.00203797434541520  0.00221962145518805
  0.00240609813710914  0.00259714247954391  0.00278568329681816  0.00297193992965772
  0.00315616375646233  0.00335211187897330  0.00355903763359478  0.00377720021041391
  0.00400381050491076  0.00423153060724192  0.00445049521538686  0.00468555525966648
  0.00491553057447075  0.00514654610982711  0.00538295458066220  0.00562061058386708
  0.00587286975412671  0.00613670468968303  0.00641262164211145  0.00669351152911494
  0.00695773573767044  0.00722982958585192  0.00750665845739878  0.00779638879435368
  0.00814739805849862  0.00853016389943211  0.00895831609839097  0.00933494256764787
  0.00968669493323371  0.01003358603860106  0.01040571469427160  0.01076157264545396
  0.01109616851390679  0.01144625729826534  0.01179127848482149  0.01224478684735090
  0.01264299691519766  0.01304471160895818  0.01338704220490449  0.01372266098688730
  0.01404975347792464  0.01438495583717027  0.01469693159342459  0.01503318046343224
  0.01539210451645428  0.01575844756517610  0.01622631716800312  0.01681124741541640
  0.01746202634970162  0.01821182615498077  0.01891651313397020  0.01962808997582968
  0.02027562077579897  0.02088930210742127  0.02144211109253673  0.02195755077191997
  0.02251907286373434  0.02330516232342796  0.02419144039061707  0.02563011049358620
  0.02668431178101771  0.02738018890903422  0.02808028744096173  0.02898742739420032
  0.03037719054582524  0.03168362519613455  0.03325039328018639  0.03454553900998567
  0.03524053125929217  0.03601507202677491  0.03687681494296310  0.03832694606964819
  0.03983501983955141  0.04110139246180645  0.04565811634686420  0.05151678056562889
  0.05687621422320992  0.07345073911898528  0.45310386333971642  1.00000000000000000
 -0.00245575050864799  0.00941587358491299  0.02110713256010534  0.03399309973659957
  0.04799969960625899  0.06185312637665175  0.07502247376711135  0.08815889258804110
  0.10147980742848128  0.11496957967450659  0.12742564114327518  0.13846419918173228
  0.14886941644667084  0.15838166868015641  0.16797646962158683  0.17741210430666229
  0.18642961190464563  0.19644465948602510  0.20741252925120354  0.22056493840018093
  0.23256647678248130  0.24224137613073507  0.25175783895963411  0.26186053913217511
  0.27277949897543252  0.28339567480239847  0.29416699793641710  0.30534915499738946
  0.31613521633158198  0.32662203730079048  0.33715947201734819  0.34791325535506551
  0.35814203976851722  0.36811899827073974  0.37778403926583953  0.38647123204027134
  0.39552962187075957  0.40568186742353107  0.41526746744240628  0.42521657724906736
  0.43387216070304113  0.44221996737863939  0.45083476921388865  0.45971625758743268
  0.46947264564033753  0.48108778591062135  0.49106462015237468  0.49918831261706287
  0.50692348241431917  0.51503190232016671  0.52392521966755778  0.53349251627812355
  0.54259918688545261  0.55165287149637399  0.56116410907307213  0.57064767163397301
  0.57987227417776033  0.58938601174140237  0.59899410550789878  0.60867477559050087
  0.61819275620478809  0.62766309028157685  0.63833389698210907  0.64916735749956045
  0.65996190927165899  0.67033949905417300  0.68049594663821422  0.69164324734054317
  0.70255507838669373  0.71294457782543841  0.72344537020270194  0.73480343398137149
  0.74741848135425970  0.75969571069110986  0.77226219130983309  0.78438890750306245
  0.79548991772693334  0.80320302833457835  0.81128624882467060  0.81994083162014142
  0.83078794388170984  0.84341186820711200  0.85477276765853505  0.86553850654372677
  0.87636205285194302  0.88700912636645435  0.89731618513757538  0.90735051068209049
  0.91686131158124018  0.92706381991312359  0.93845364201948733  0.95254711577016626
  0.96481518711536030  0.97607394859314145  0.98769281031239886  1.00000000000000000
  0.19232724046292449  0.23160565496312308  0.26804469757640725  0.29439700282219772
  0.32051494076515286  0.34984887813266735  0.37241016034008845  0.39156607852551223
  0.41522351887957792  0.43810914295622821  0.45618671442887293  0.47052648480548492
  0.48332600346364218  0.49711335304752530  0.50970212495286427  0.52249971184184374
  0.53660902186638826  0.54899466649005424  0.55999817045730982  0.57059047635724269
  0.58142657948211673  0.59231713856185997  0.60347471216016302  0.61383107405999016
  0.62370018562832219  0.63318664777412204  0.64282887136846811  0.65197056650475838
  0.66107448051899198  0.66987391285029496  0.67841059490536426  0.68674573437145070
  0.69474487834863174  0.70235479246836618  0.71006705136197701  0.71785896921233761
  0.72466354818760037  0.73087031872494823  0.73658533216931898  0.74297078061705890
  0.74965585447567229  0.75563520530552941  0.76117994957090152  0.76703416922880063
  0.77316424309357257  0.77908727090497509  0.78391488341270876  0.78826904631383110
  0.79252523378877437  0.79687428503949909  0.80137884180865526  0.80561839816404190
  0.80960983020529953  0.81380203651465799  0.81830981029991168  0.82281570345134036
  0.82695980536802682  0.83086559355397072  0.83463411247611463  0.83754272310815125
  0.84041691782056316  0.84325800398427608  0.84608736114356631  0.84941383898057843
  0.85315896317608253  0.85724127371117942  0.86187262912616969  0.86623900740669957
  0.87036102919693858  0.87435715663283364  0.87814428386246679  0.88180133275782702
  0.88534113959252758  0.88883308266974526  0.89237529423770878  0.89596221425802491
  0.89965893092300231  0.90356126190072017  0.90751668439818278  0.91137795293404367
  0.91513007955511749  0.91892635335949935  0.92294920649453438  0.92706958714372356
  0.93119607326639353  0.93543651171273701  0.93977111415917802  0.94434473622346282
  0.94903796841671695  0.95402189792113579  0.95939222935039192  0.96524869491051735
  0.97136781805825023  0.97824847156708528  0.98722328082645661  1.00000000000000000
 -0.01665821394401777  0.09941463569604447  0.13391625969893939  0.15141297336864792
  0.16687106477406594  0.18101602647591722  0.19452177194947837  0.20779198853559230
  0.22029597936498657  0.23242214117094590  0.24350302060321502  0.25297660903650582
  0.26217554810613658  0.27105385956738876  0.27996410432245883  0.28894896465362785
  0.29728687092298434  0.30512825019109668  0.31281028638214359  0.32048203468816688
  0.32833225060865340  0.33606868317051902  0.34330359926571768  0.35038625292898939
  0.35761119439127820  0.36483639074832913  0.37178099230938499  0.37813329441236265
  0.38419929318575896  0.39072059436037626  0.39693200450917349  0.40243933762033013
  0.40808246264976228  0.41343682246533647  0.41877106358362520  0.42487680524541105
  0.43129005949814775  0.43759726788631925  0.44364840565033670  0.44949309414645422
  0.45508930764490546  0.46031818828351106  0.46568293258374138  0.47137049055689101
  0.47743206230529706  0.48346034765276624  0.48918606358877365  0.49447607870972832
  0.49996309871627614  0.50589386929148283  0.51184000073415603  0.51776869488097055
  0.52387307439006003  0.53020333504992534  0.53657877863451731  0.54241016502169603
  0.54830218108920914  0.55460110289206832  0.56133498307265939  0.56846198192579278
  0.57564188679242045  0.58294612981889671  0.59038735969403278  0.59739226384068467
  0.60381106437123377  0.60989778808853945  0.61643191561723532  0.62379296360861036
  0.63082789005902429  0.63676998022872067  0.64242884117239074  0.64743502943187525
  0.65244823788044781  0.65845854957720718  0.66478416307167965  0.67172182675718262
  0.67989000537209388  0.68890758839690680  0.69822527624230013  0.70742664610324479
  0.71606055013912229  0.72411188854704445  0.73186028161360295  0.73982379221271155
  0.74818288755923068  0.75749232136631961  0.76737842333145567  0.77853283344549318
  0.79074278897252970  0.80296730749625489  0.81516646413812677  0.82961716623656301
  0.84646838402214031  0.86839509059193476  0.90443441781812817  1.00000000000000000
   1.9932247012765787E-004  -1.0000000000000000     
 F F F F F F F F F F F F F F F F F F F F F F F F F F F F F F F F F F F F F F F F F F F F F F F F F F F F F F F F F F F F F F F F F F F F F F F F F F F F F F F F F F F F F F F F F F F F F F F F F F F F F F F F F F F F F F F F F F F F F F F F F F F F F F F F
  <DiscreteSampler_grid>
  grouped_processes
  1 # 1 for a reference and 2 for a running grid.
  10 # Attribute 'min_bin_probing_points' of the grid.
  1 # Attribute 'grid_mode' of the grid. 1=='default',2=='initialization'
  0.0000000000000000 # Attribute 'small_contrib_threshold' of the grid.
  0.5000000000000000 # Attribute 'damping_power' of the grid.
 # binID   n_entries weight   weight_sqr   abs_weight
    10   10   1.235352032383960E+004   1.264325651305781E+009   1.235352032383960E+004
    16   10   1.151741682259911E+004   1.108206414055710E+009   1.151741682259911E+004
  </DiscreteSampler_grid>
