-0.0022685940684669 +0.0102583611903652 +0.0204008845983407 +0.0305558364425104 
+0.0408664389119960 +0.0507263140484362 +0.0606814055685825 +0.0707065224346245 
+0.0806874294580141 +0.0911823482779170 +0.1017243167960201 +0.1124935625492019 
+0.1231817601751084 +0.1338284169423741 +0.1440374547028976 +0.1538894919906635 
+0.1637910362444361 +0.1737753481146374 +0.1841497124246179 +0.1945946837554810 
+0.2052841762716126 +0.2165298868241072 +0.2279734190189994 +0.2390695115009794 
+0.2499188636713779 +0.2611514747021857 +0.2722213059282947 +0.2830406820891173 
+0.2935117675047478 +0.3043578037091511 +0.3148834599871697 +0.3253427799630620 
+0.3355306698805570 +0.3454023481201239 +0.3550512344785487 +0.3644507633272905 
+0.3741124652642524 +0.3845622461383073 +0.3948276255960360 +0.4047466844463102 
+0.4144803218194881 +0.4244772113780376 +0.4349077847627130 +0.4451569314697808 
+0.4549773060290841 +0.4647579571625456 +0.4746891126006763 +0.4852626672454087 
+0.4964331819665700 +0.5076929394872540 +0.5187837688470051 +0.5294111508801860 
+0.5398293359519544 +0.5502085222944847 +0.5607964948028429 +0.5712387584190380 
+0.5816518029011015 +0.5922548498308385 +0.6031467611521266 +0.6135694930993711 
+0.6240086367404913 +0.6344139210986293 +0.6447377107886962 +0.6551232313608861 
+0.6657038198061009 +0.6769699998378618 +0.6881403961789624 +0.6995188109224417 
+0.7107064866368441 +0.7212968647102433 +0.7322838725163703 +0.7431841896171909 
+0.7538621243247349 +0.7641077566952821 +0.7746004798455143 +0.7858558562834739 
+0.7969364135853548 +0.8077733373738625 +0.8186694226465157 +0.8297904191825922 
+0.8406249967503350 +0.8514110460851934 +0.8625382788679156 +0.8736525483589159 
+0.8850702972760279 +0.8965993708935207 +0.9079992687953953 +0.9189053832779857 
+0.9295213568083397 +0.9399286202591413 +0.9501154996587440 +0.9601910061562062 
+0.9702685951187112 +0.9801997340233549 +0.9901610407270769 +1.0000000000000000 
-0.0022040389067320 +0.0090031529729222 +0.0178914628768502 +0.0275795618788928 
+0.0375786963357876 +0.0479161431338629 +0.0583377989499027 +0.0690915450078001 
+0.0798547861997216 +0.0909676829234590 +0.1019742380536183 +0.1128279181040666 
+0.1235077232523203 +0.1338071535869803 +0.1441715922899493 +0.1545620019867369 
+0.1649698781801173 +0.1752591308297980 +0.1857422128694956 +0.1965587256281673 
+0.2075331301762682 +0.2184581531750458 +0.2293217204609806 +0.2400967699713865 
+0.2506171257487170 +0.2608760102376142 +0.2714331571949680 +0.2823554505818572 
+0.2937785801947135 +0.3054304250471670 +0.3169703133752634 +0.3282074901768990 
+0.3389867141604407 +0.3493029034095219 +0.3600947847926159 +0.3707180717474010 
+0.3812645435035906 +0.3912102976890254 +0.4015721704217487 +0.4120750366935439 
+0.4226684539035849 +0.4331463108944794 +0.4439207426439757 +0.4551358145248733 
+0.4662286864615759 +0.4772800234391645 +0.4884834098590826 +0.4997608356552318 
+0.5105046591241987 +0.5207752393360510 +0.5310966806749372 +0.5413696263420256 
+0.5519785607068333 +0.5624128362738399 +0.5735564215734656 +0.5846453244065524 
+0.5956799767827354 +0.6066953543334717 +0.6176332625686813 +0.6285831379507716 
+0.6396175850939186 +0.6504505042948924 +0.6611399076637949 +0.6720228067211687 
+0.6829689366603553 +0.6937891904206461 +0.7045263633075879 +0.7155589090889081 
+0.7267129232855108 +0.7375971825223551 +0.7483804846049640 +0.7588819571132119 
+0.7694148007548062 +0.7797998181957962 +0.7900754634905324 +0.8002133566314904 
+0.8103804139267428 +0.8207199710643051 +0.8311516214094208 +0.8413786481215170 
+0.8516073945324776 +0.8618537905691407 +0.8722024177579291 +0.8823470521039649 
+0.8924546615047071 +0.9024271830874376 +0.9123724325644025 +0.9221491826913117 
+0.9319178200724296 +0.9417195368418509 +0.9514764552722370 +0.9610589137584790 
+0.9706369323756199 +0.9804391089526719 +0.9902692588669503 +1.0000000000000000 
-0.0126133809226703 +0.1212219620354412 +0.1855552633423029 +0.2319322246151501 
+0.2683973058655348 +0.2990421917446173 +0.3250658843095200 +0.3478200585229745 
+0.3689225553005612 +0.3882675891441132 +0.4052749582145789 +0.4206897328287871 
+0.4351811733195671 +0.4484651852168015 +0.4604338691178522 +0.4711301164710742 
+0.4808404732138132 +0.4896579021158834 +0.4979763202427979 +0.5058686880318475 
+0.5135254489076838 +0.5209269111421657 +0.5279091535709244 +0.5345408535345357 
+0.5409279689506434 +0.5471857781641161 +0.5532877569646453 +0.5592240844208598 
+0.5651142815619363 +0.5709111768919082 +0.5767043328579903 +0.5824950759531035 
+0.5881389044478186 +0.5937541843256934 +0.5992861571835659 +0.6046120209807929 
+0.6098018042239720 +0.6149718207159364 +0.6200809290697993 +0.6251214651762422 
+0.6300668162091171 +0.6350284403572787 +0.6399760076691677 +0.6448977815215257 
+0.6496745718838817 +0.6543380128792543 +0.6589836709048094 +0.6636498084056937 
+0.6683401044348746 +0.6729865054800079 +0.6775627393617667 +0.6821490344020115 
+0.6867839410526582 +0.6914277198702242 +0.6960246507142496 +0.7005904365635537 
+0.7051966474347791 +0.7097571345557775 +0.7143165630941855 +0.7190029068950841 
+0.7236369289797805 +0.7284016451487043 +0.7332029225507231 +0.7380209471405037 
+0.7428564747655905 +0.7476684474718694 +0.7524691024609257 +0.7572683115177292 
+0.7619952963009566 +0.7668772614992952 +0.7718455181831361 +0.7769103999479778 
+0.7820429543885959 +0.7871909012877721 +0.7923447473207583 +0.7975717510033209 
+0.8028921154292981 +0.8083200026012762 +0.8139635323369446 +0.8198320941978049 
+0.8258101047562907 +0.8319141410005485 +0.8383410643118261 +0.8449319014470568 
+0.8516642678885864 +0.8587883232151111 +0.8662952378204689 +0.8740627738509529 
+0.8824111860147738 +0.8911157519880261 +0.9008150443879696 +0.9115417051286641 
+0.9239952739691563 +0.9391304943075035 +0.9611913588709862 +1.0000000000000000 
-0.0184239595440422 +0.1079333464776496 +0.1428086714157623 +0.1648541076852296 
+0.1825965551275070 +0.1978805200831098 +0.2112896472174770 +0.2232077600169592 
+0.2343975535033696 +0.2448594844447186 +0.2546413646609724 +0.2636867035834500 
+0.2725096836327249 +0.2810324544191542 +0.2894102799278121 +0.2976081827389901 
+0.3055605139631036 +0.3132693552487623 +0.3200656833313480 +0.3268618385253221 
+0.3336166872950725 +0.3403506876896880 +0.3470389795929810 +0.3537262749550694 
+0.3602887580277996 +0.3666819307527941 +0.3730071607377390 +0.3792576475127193 
+0.3854554841676375 +0.3915736878983734 +0.3977119565557492 +0.4038226252151990 
+0.4099008290252943 +0.4159501679540792 +0.4219732706519625 +0.4280117630129176 
+0.4340360634677237 +0.4399250536811968 +0.4457535990291482 +0.4515807116576409 
+0.4575257684783905 +0.4633624942582160 +0.4689692302888401 +0.4744500574663146 
+0.4799207868068401 +0.4854811285959825 +0.4911873384223538 +0.4970199822945275 
+0.5029204459242199 +0.5088016365455443 +0.5145840922611482 +0.5202992432353096 
+0.5259673360289092 +0.5317412382510981 +0.5375248610686419 +0.5431305910424860 
+0.5485821735927631 +0.5540279305640710 +0.5595582516464775 +0.5651722361469789 
+0.5708550864995842 +0.5765569776853369 +0.5822356552295164 +0.5880670103814857 
+0.5939902026316105 +0.6000905907395047 +0.6062711428593195 +0.6125198656369449 
+0.6188232341631599 +0.6252085529450927 +0.6317940782094050 +0.6384418674029348 
+0.6451297671266327 +0.6519844663028705 +0.6590036668947055 +0.6662272844928828 
+0.6737730148721085 +0.6814574232200525 +0.6892586099502424 +0.6971090972065985 
+0.7050862285594621 +0.7130830491911155 +0.7212478608875155 +0.7297756240673470 
+0.7387548572756640 +0.7479415215887578 +0.7575349216073185 +0.7679174520686229 
+0.7789987250545166 +0.7906743293235859 +0.8032783871482947 +0.8176785459809010 
+0.8353315229764897 +0.8575838957591647 +0.8922712833857928 +1.0000000000000000 
2.8453355377866795e-06 0.001971126380597015 
 T T T T F F F F
  <DiscreteSampler_grid>
  grouped_processes
  1 # grid_type. 1=='ref', 2=='run'
  10 # Attribute 'min_bin_probing_points' of the grid.
  1 # Attribute 'grid_mode' of the grid. 1=='default',2=='initialization'
  0.030 # Attribute 'small_contrib_threshold' of the grid.
  0.333 # Attribute 'damping_power' of the grid.
#  binID   n_entries weight   weight_sqr   abs_weight
    10   10 3361.39533675742 33874176.73814325 3361.39533675742
  </DiscreteSampler_grid>
