 -0.00244776153715602  0.00984950108197707  0.01983671893657492  0.03009314483925593
  0.04062703774392815  0.05063611688293375  0.06042157434289581  0.07023092805208821
  0.08027013785263409  0.09097444789534008  0.10190030526350946  0.11290326504685763
  0.12373795530673606  0.13439627814308197  0.14455279558411688  0.15448085412097745
  0.16463909717664596  0.17498755148411665  0.18569886569751021  0.19611312933779390
  0.20666777811436754  0.21763249060575540  0.22889662112612802  0.23992830318145861
  0.25064506126049502  0.26172759126974049  0.27256073789822166  0.28325093207647040
  0.29359275561114584  0.30451856662221599  0.31512366941713543  0.32569032722016589
  0.33603996688203108  0.34630059041058631  0.35639060634177822  0.36592111371617914
  0.37562815946671524  0.38604488962251393  0.39658466254008284  0.40694776579955055
  0.41708027958249355  0.42731638083343931  0.43764675163882460  0.44772459576467882
  0.45769848691660803  0.46791809217996860  0.47837471626509415  0.48916536902323748
  0.50011651359755716  0.51106688746712992  0.52187966204773772  0.53241914999045359
  0.54295105272870692  0.55373036078822735  0.56469273359832772  0.57538636375773167
  0.58580420662301391  0.59623292220516144  0.60666639141268808  0.61688438362739006
  0.62715803699776107  0.63741345257463400  0.64770414209840244  0.65829327477009247
  0.66921924002437472  0.68039648801048169  0.69133940877852507  0.70236354312628679
  0.71317579405217923  0.72368330203697884  0.73453858053031673  0.74555928895867907
  0.75637758900031626  0.76685817226803354  0.77725921566407663  0.78818348444565678
  0.79895834341585592  0.80965173521121414  0.82030389964487271  0.83104791510938503
  0.84178899850792266  0.85250735162581759  0.86340787006615516  0.87415041616301470
  0.88529749755633702  0.89667129042067606  0.90781260656431995  0.91849769318161445
  0.92887623796088536  0.93917897100828007  0.94934094361711308  0.95956364420541118
  0.96971416672980459  0.97977026859603000  0.98982165539491784  1.00000000000000000
 -0.00027223261482657  0.00893885094708794  0.01780108744503612  0.02778061634736404
  0.03788588782199090  0.04836373517202486  0.05890164476385308  0.06978467161484402
  0.08049843934430677  0.09146107166307189  0.10241043963369215  0.11324931934959011
  0.12390857621049715  0.13410030302827203  0.14436725958090704  0.15470285709675061
  0.16503037833617604  0.17546366611540787  0.18602053689351594  0.19691379920952390
  0.20761240128293623  0.21812782213139967  0.22872373161122023  0.23924024597926291
  0.24968596417674116  0.25973783124753846  0.27023404768534492  0.28101419924507626
  0.29206269199880286  0.30322503947362850  0.31451195400724652  0.32576397967370613
  0.33670223202492733  0.34710906850182682  0.35779645396573001  0.36844382477733845
  0.37906121513227192  0.38917835946407608  0.39959889772558027  0.41010190080087550
  0.42065980775291628  0.43104368465791598  0.44171703099708826  0.45288508873982303
  0.46403935714784195  0.47490876392364179  0.48580951782871112  0.49677715154671309
  0.50760726061400507  0.51815458123418145  0.52873436702949894  0.53935416225282007
  0.54996310019502659  0.56037272713770692  0.57115539873020793  0.58209178563203845
  0.59295828846028797  0.60371472740366916  0.61445146568472919  0.62529673362027594
  0.63629705531926450  0.64717259182124542  0.65769254169869140  0.66814383861541804
  0.67860707414501653  0.68914980766648060  0.69973176807461313  0.71051728147150295
  0.72149496978977468  0.73246460001982516  0.74332891855798777  0.75394745035856148
  0.76436516557070544  0.77486842658885946  0.78547761894720147  0.79602440482583159
  0.80644260441014448  0.81688214720163854  0.82746441257150016  0.83782688742377409
  0.84801910240627809  0.85823149539442034  0.86853791259523561  0.87875738240812962
  0.88893987997924218  0.89915410656402051  0.90950079954552043  0.91971212389943269
  0.92990176076666420  0.93998567117414789  0.94994704112055306  0.95965520728444864
  0.96959331803994542  0.97974053168067510  0.99000812571901897  1.00000000000000000
 -0.02001691699984018  0.15428148749615764  0.22763353962983579  0.27455834156985648
  0.31062132898508127  0.33979923132408885  0.36504191993397117  0.38744555646553885
  0.40652507477287680  0.42330633191310862  0.43879927247780515  0.45285751332316049
  0.46535839548792723  0.47630451823025610  0.48601321150723664  0.49487822437696632
  0.50318034422107905  0.51105199226470932  0.51855166760789184  0.52557133565801328
  0.53211838990101046  0.53834033510077783  0.54436045725124138  0.55024486169987930
  0.55601121463326142  0.56171598663139199  0.56740600474798686  0.57302966532016308
  0.57859412390252596  0.58408329369876544  0.58937857023356321  0.59459075295071540
  0.59964837786091740  0.60456902633865472  0.60942563345098666  0.61435729932468486
  0.61921453720927511  0.62399534276629420  0.62863630276724369  0.63325853557803402
  0.63787303092778935  0.64247403524042557  0.64700325878593967  0.65141931112692075
  0.65578862781805558  0.66017650380150916  0.66457332518955337  0.66895768431055080
  0.67328398454800875  0.67754222923694374  0.68182724333556533  0.68615921503725008
  0.69051164941236887  0.69484893962527694  0.69916669474577353  0.70352887578710699
  0.70791701630865511  0.71230957991884813  0.71674068743709807  0.72113439512135302
  0.72549739084473219  0.72991865353311092  0.73435235107401375  0.73880792976677345
  0.74333094465668093  0.74789597817944287  0.75251642423665599  0.75709219877482781
  0.76164950196638648  0.76637848337908387  0.77118701461543038  0.77603862490391085
  0.78090637416631337  0.78578062531494419  0.79064590630170506  0.79557879558202504
  0.80061555271767626  0.80581317370182148  0.81121672839240422  0.81684985716257075
  0.82264582526383978  0.82853806121868556  0.83462050194431148  0.84093570162098208
  0.84739922825608660  0.85407122819698611  0.86118466808374905  0.86875223930541379
  0.87683562288443084  0.88550064382453908  0.89487454065624761  0.90547701612225096
  0.91777802890172078  0.93283767346689117  0.95553806572702438  1.00000000000000000
 -0.02473066595409095  0.11945035547011615  0.15506129820964801  0.17717865887798551
  0.19462126510988748  0.20961791518927264  0.22274509720043076  0.23476946140502142
  0.24548719137767594  0.25534446617428758  0.26440873908043433  0.27322959473329916
  0.28180108369827411  0.29026467614383189  0.29851999972293691  0.30647382648187044
  0.31406238394544761  0.32087985041167832  0.32762322431981750  0.33429124611483535
  0.34091659873592917  0.34749705541100240  0.35400910276883313  0.36033721908580557
  0.36652438503756440  0.37267624765248819  0.37874212783339761  0.38474312750826151
  0.39066767547135312  0.39655998505496370  0.40245267357701719  0.40835124704937042
  0.41429359501768398  0.42016587361804331  0.42598753198784262  0.43176888719562884
  0.43750231177146331  0.44318734726940667  0.44885419019773359  0.45454787044921058
  0.46019814758024646  0.46566416602294874  0.47093763470933570  0.47614471518039359
  0.48140503720042482  0.48678884551263085  0.49227121916858085  0.49779016845030566
  0.50326933891679060  0.50876533407603775  0.51426371463657716  0.51976279157438166
  0.52519747401614147  0.53061399639726226  0.53604316370251681  0.54136323893567462
  0.54663250404112051  0.55189086578793112  0.55719992896308890  0.56253298232461602
  0.56789865414361240  0.57332613378849051  0.57878245126627070  0.58428561557953462
  0.58987168496880404  0.59555020673837478  0.60140922074720693  0.60736171166588149
  0.61339123825248465  0.61946534775319162  0.62564267846610999  0.63199467726708314
  0.63837763813450843  0.64488596036433488  0.65161130831253466  0.65855682272915916
  0.66552874921629379  0.67273300728144725  0.68002075711635690  0.68751578281724468
  0.69516957975670657  0.70304596183455337  0.71100789685596510  0.71921485191052159
  0.72780603567052249  0.73700184231454924  0.74643207222050412  0.75626268437138688
  0.76683068119568498  0.77824675713440261  0.79064154924760111  0.80462332517963076
  0.82153108960239707  0.84357784702289151  0.87890405083553114  1.00000000000000000
   2.8453355377866795E-006   1.9711263805970150E-003
 T T T T F F F F
  <DiscreteSampler_grid>
  grouped_processes
  1 # 1 for a reference and 2 for a running grid.
  10 # Attribute 'min_bin_probing_points' of the grid.
  1 # Attribute 'grid_mode' of the grid. 1=='default',2=='initialization'
  0.0300000000000000 # Attribute 'small_contrib_threshold' of the grid.
  0.3330000000000000 # Attribute 'damping_power' of the grid.
 # binID   n_entries weight   weight_sqr   abs_weight
    10   10   3.361395336757420E+003   3.387417673814325E+007   3.361395336757420E+003
  </DiscreteSampler_grid>
