 -0.00238156626129016  0.00954259304757828  0.01971425584275899  0.03024403415125554
  0.04080037082416802  0.05134746465633829  0.06188484504263394  0.07241411628108253
  0.08294460610220811  0.09348531385502985  0.10403195844727728  0.11458386532787877
  0.12513003585763785  0.13567570928927275  0.14621569943332191  0.15676449651089727
  0.16730072404661239  0.17784050720732186  0.18837935131660852  0.19892386867885561
  0.20946771289393770  0.21999657011904344  0.23052952260005943  0.24106380090690940
  0.25160694775282100  0.26215474725474597  0.27270280272898934  0.28324656079705063
  0.29378914646912407  0.30432774448870270  0.31485363666430022  0.32537748681037609
  0.33589697457797452  0.34643071188059765  0.35696585986913409  0.36750532570405181
  0.37804777173570603  0.38859299287701238  0.39913334286484331  0.40967516809651094
  0.42021588337306115  0.43076317178505868  0.44131408580472570  0.45184384553401746
  0.46237101213745840  0.47289876818086812  0.48344293643069441  0.49398828357671909
  0.50452531270229017  0.51506225802872685  0.52560402032583620  0.53614997304874257
  0.54669750759115932  0.55724335881533871  0.56779286415372276  0.57834556679707072
  0.58889792316008693  0.59944995025225711  0.61000009646160369  0.62055242797676824
  0.63109277513621753  0.64163223247747769  0.65216061881505749  0.66269844338039019
  0.67323330571620921  0.68377853533677990  0.69432128563446649  0.70486844132801152
  0.71541690392706059  0.72596168288695540  0.73650631161846336  0.74704874431160451
  0.75759471520435118  0.76814310260119945  0.77868403240580730  0.78923112807808560
  0.79976967112881603  0.81030343497963264  0.82083438918285967  0.83136639937306755
  0.84190165711987353  0.85243595874397493  0.86297539687415936  0.87352004404684458
  0.88406210227558935  0.89459931191945741  0.90512766150194235  0.91565293059535890
  0.92618511845068707  0.93673029681826747  0.94727921030574325  0.95781935551963304
  0.96835834691930711  0.97889986048447319  0.98944941847367351  1.00000000000000000
 -0.00252951982420370  0.00948623123470196  0.01964914327789281  0.03017123183261385
  0.04071125044504213  0.05125071528016202  0.06178739802422149  0.07232900471411492
  0.08286991851312417  0.09341441723813149  0.10396394837002018  0.11451032516334984
  0.12504263960663448  0.13557704241596075  0.14611039526072633  0.15665849266310206
  0.16720663116109657  0.17775577202548054  0.18830449574308500  0.19885133051544313
  0.20939588280515506  0.21993594243537856  0.23047618846512691  0.24102043794471537
  0.25157147256617901  0.26212387211853222  0.27267873314785335  0.28322877646743239
  0.29377936004791477  0.30432423131101832  0.31487400582408742  0.32542310608998459
  0.33596770291643141  0.34650770415982252  0.35704232132645336  0.36758463841958289
  0.37812635480998719  0.38867211701578847  0.39921899220606949  0.40976400187175049
  0.42029354539794050  0.43082337975509610  0.44134702134478282  0.45188676963150248
  0.46240398350728895  0.47293320133710370  0.48346140836913121  0.49401267091561124
  0.50456126887509423  0.51511227177723407  0.52565536579028582  0.53618970492083473
  0.54672303511273312  0.55725504442357221  0.56779829945695559  0.57834289608802003
  0.58889693621273320  0.59945103931948751  0.60999683336037913  0.62053720253518629
  0.63107507480648040  0.64162140875011398  0.65216511804633970  0.66270912314150399
  0.67325033567290649  0.68379800216191644  0.69434818973899548  0.70489361174602461
  0.71543769867471141  0.72598287591381272  0.73652436262507059  0.74706329377956782
  0.75760107978563251  0.76815113008644875  0.77869103374148252  0.78922352688209629
  0.79974566022872740  0.81028022544965750  0.82081868757787646  0.83135830684831213
  0.84188604065627481  0.85241223129147303  0.86294260319157945  0.87348789248700132
  0.88403753111078964  0.89458674403889160  0.90512922891508252  0.91567281214755647
  0.92621450505421199  0.93675765497589081  0.94730242591885716  0.95785205019626019
  0.96839972572966593  0.97893387299636792  0.98946675636037562  1.00000000000000000
   2.5653046267368841E-008  -1.0000000000000000     
 F F F F F F F F
  <DiscreteSampler_grid>
  grouped_processes
  1 # 1 for a reference and 2 for a running grid.
  10 # Attribute 'min_bin_probing_points' of the grid.
  1 # Attribute 'grid_mode' of the grid. 1=='default',2=='initialization'
  0.0000000000000000 # Attribute 'small_contrib_threshold' of the grid.
  0.5000000000000000 # Attribute 'damping_power' of the grid.
 # binID   n_entries weight   weight_sqr   abs_weight
    10   10   1.322623097372511E+010   1.749331857703255E+020   1.322623097372511E+010
  </DiscreteSampler_grid>
