 -0.00245823640735853  0.00949581190412558  0.01965053495892515  0.03016678649068362
  0.04070630666877113  0.05125023331619627  0.06179259227903706  0.07233849665698568
  0.08288231253381177  0.09343167940913288  0.10397611633388255  0.11451742147888387
  0.12504459338883284  0.13557831428741127  0.14611766066084453  0.15666826568886258
  0.16720879287279627  0.17774494020822165  0.18828683539659893  0.19882414420894357
  0.20936611978022518  0.21989638036145925  0.23043225336923612  0.24096050509720698
  0.25149148933084331  0.26202885198833975  0.27256595965140662  0.28310139556382591
  0.29363948517275479  0.30418304801259199  0.31473380735591661  0.32528454303999638
  0.33583731882371332  0.34638716597166286  0.35693334536950272  0.36747981864404361
  0.37801979779924011  0.38856271580912355  0.39909961286819884  0.40964831177895311
  0.42019430993486673  0.43074537622244702  0.44129604996098942  0.45184849413949640
  0.46239761091966758  0.47293591031957793  0.48347616828307427  0.49401844602709083
  0.50456295703068088  0.51510721007835358  0.52564894106544291  0.53619823027762525
  0.54673873715930510  0.55728177599384576  0.56781870507291310  0.57836093276934231
  0.58889561122097533  0.59942987456010788  0.60996636906626467  0.62050978852038219
  0.63106142190330938  0.64160889613048211  0.65215674366793031  0.66270131400792409
  0.67324142185193470  0.68377570071029448  0.69431130558809373  0.70485456242492373
  0.71540329323700136  0.72595176654159965  0.73650044199636244  0.74704957525400917
  0.75759579179265191  0.76813476787002066  0.77867020038158852  0.78920663373514954
  0.79974811144479707  0.81028882214836928  0.82083383210246830  0.83137915294852482
  0.84191894786734167  0.85245756839718567  0.86299991121752806  0.87353771097829647
  0.88407185467243221  0.89460666335683514  0.90515224128092375  0.91570202427494840
  0.92624128476189527  0.93677977288577907  0.94731679715020589  0.95786476904261098
  0.96839671131794836  0.97893297342733232  0.98945757534986922  1.00000000000000000
 -0.00249053612704462  0.00949525208301275  0.01965763442687315  0.03017224200290654
  0.04071406511533136  0.05124935527716026  0.06179037199912111  0.07231955703700441
  0.08284511059952425  0.09337567448949990  0.10391856532182460  0.11445223458274824
  0.12498183530488327  0.13551267253247543  0.14605915816838286  0.15660404219535706
  0.16714350697807392  0.17768282612525835  0.18822731574714735  0.19877516109662141
  0.20932154107548701  0.21986008861421114  0.23040080944252300  0.24093839306768008
  0.25148263617617839  0.26202807783323817  0.27257587588506282  0.28312699775642902
  0.29366736063022242  0.30420139292634396  0.31473274437283982  0.32526939513375147
  0.33580097729644354  0.34633428905192520  0.35687012274616919  0.36741073580763983
  0.37795108115753862  0.38849305320342969  0.39904056880468453  0.40958766009243885
  0.42013599294221954  0.43068403917345177  0.44123011123568179  0.45177536040585292
  0.46232275292787867  0.47286661479792275  0.48340788716452165  0.49394835077913013
  0.50449478822122917  0.51503746712766330  0.52557627001357710  0.53611189155390515
  0.54665023352754627  0.55718858101812097  0.56773030018813064  0.57827097619844181
  0.58881358488015612  0.59935560531614684  0.60990046181597823  0.62044751882248894
  0.63099435496618117  0.64154474908381298  0.65208917749262729  0.66263425241376883
  0.67317549315211733  0.68371852977572878  0.69425980883518768  0.70480519263976249
  0.71535032741237081  0.72588935837126178  0.73642430757355082  0.74696535974697764
  0.75751375874980986  0.76806592453355482  0.77861905996734182  0.78916645225575255
  0.79971268271533347  0.81025665152033555  0.82080494858476849  0.83133918195634648
  0.84187612977486259  0.85241000336923245  0.86295654969405755  0.87349949119322068
  0.88404731351445187  0.89459142566941374  0.90513176205093149  0.91567058712483496
  0.92621478299986093  0.93676178471867244  0.94731197749264684  0.95784244951324327
  0.96837553151002109  0.97890519280286292  0.98945300417562898  1.00000000000000000
   2.5642570628807771E-008  -1.0000000000000000     
 F F F F F F F F
  <DiscreteSampler_grid>
  grouped_processes
  1 # 1 for a reference and 2 for a running grid.
  10 # Attribute 'min_bin_probing_points' of the grid.
  1 # Attribute 'grid_mode' of the grid. 1=='default',2=='initialization'
  0.0000000000000000 # Attribute 'small_contrib_threshold' of the grid.
  0.5000000000000000 # Attribute 'damping_power' of the grid.
 # binID   n_entries weight   weight_sqr   abs_weight
    10   10   1.322623097372511E+010   1.749331857703255E+020   1.322623097372511E+010
  </DiscreteSampler_grid>
