 -0.00248743975648304  0.00949218162852500  0.01964479654914850  0.03015764917102008
  0.04069273281048325  0.05122986241370187  0.06176988932900852  0.07231221548385779
  0.08286158293116114  0.09340696396598248  0.10395464786362058  0.11449511742540824
  0.12503807882501997  0.13557865986360784  0.14612468509642940  0.15666789748551199
  0.16721102428103590  0.17774961605675513  0.18829261307615552  0.19883713764097444
  0.20938016229113951  0.21991969824464172  0.23045699845751716  0.24099188296971072
  0.25152886855135448  0.26206568992175505  0.27260756659098906  0.28315066347176771
  0.29369888264993133  0.30424697500209302  0.31479067084010964  0.32532454957415075
  0.33586408713132748  0.34640132741300067  0.35694783460988111  0.36749382388172885
  0.37804543420212727  0.38859814796945452  0.39913546520530946  0.40967336650953001
  0.42020305134037267  0.43074631960362320  0.44129033279164648  0.45184037520912029
  0.46238744982916113  0.47292386463521702  0.48345968613790768  0.49400012127979892
  0.50454969554614337  0.51509405478283476  0.52563772835975031  0.53617781161931233
  0.54671865538248154  0.55726059814252260  0.56780248410428602  0.57834786060811494
  0.58888497099590131  0.59942395419354089  0.60996604501544416  0.62050538101137520
  0.63104580329676652  0.64157187846180252  0.65210956248975471  0.66264612517447974
  0.67319471322046054  0.68374315379160155  0.69429013861449462  0.70483969227172716
  0.71538290766777024  0.72593143660881410  0.73647926264748953  0.74703305413501364
  0.75758254199226271  0.76811430127192859  0.77864680742000381  0.78918417434537513
  0.79973293602024165  0.81027357339737249  0.82081367742654154  0.83135672898451174
  0.84190496895169886  0.85243723604478638  0.86296700487839473  0.87349716350863638
  0.88404230840134645  0.89459181566419943  0.90514044387834192  0.91568823898358920
  0.92623270492549936  0.93677562265672321  0.94730926990635678  0.95784636746858842
  0.96837834572421477  0.97891933857195224  0.98945677306945579  1.00000000000000000
 -0.00250824468387394  0.00947639494574457  0.01963731564190541  0.03016033678163233
  0.04071612895945687  0.05126959124260039  0.06182309862712723  0.07237393787834484
  0.08291286890023000  0.09344709778407448  0.10398044391475783  0.11450912059395020
  0.12504079471028048  0.13556837283666204  0.14610881865115158  0.15664610028156614
  0.16719443121900976  0.17773461340354876  0.18827820898909461  0.19880903928419702
  0.20934669636441619  0.21988417853862760  0.23042472980704515  0.24095200624970239
  0.25147200351330834  0.26199416493346239  0.27252957217496521  0.28307377663799693
  0.29361650910293124  0.30416337977486929  0.31471010315566661  0.32526485244716896
  0.33581317202349137  0.34636108168361046  0.35690694388871819  0.36745092488675229
  0.37799428994844897  0.38853260463206457  0.39907140356668969  0.40961118896402765
  0.42015783541700835  0.43070538780764711  0.44125093670547100  0.45179417402021532
  0.46233969729381913  0.47288130338956974  0.48340997989597972  0.49394428852309841
  0.50448485981934654  0.51503939571247315  0.52559283641485444  0.53614543782439583
  0.54669791110976562  0.55724582565917369  0.56779537979122929  0.57833622149686137
  0.58887696438820258  0.59940883095326924  0.60994277955394971  0.62047996317520993
  0.63102473435158213  0.64157355458441379  0.65212370041357304  0.66266880142599938
  0.67321291970565400  0.68374954738693627  0.69429142943842281  0.70483700780078329
  0.71538523510314078  0.72592757479743286  0.73646201063239380  0.74699839906100163
  0.75754011901736107  0.76809087339253923  0.77864302927764073  0.78919547406373525
  0.79974568864431628  0.81029577134466102  0.82084567204113856  0.83138242017816633
  0.84192245650041753  0.85245761024200284  0.86300831235958697  0.87354666404538106
  0.88407218779225050  0.89459481843459243  0.90512617294262343  0.91567631509363256
  0.92621992732565561  0.93676595733750900  0.94731066634634242  0.95786400104601299
  0.96840328659041230  0.97894274004547965  0.98947317491046549  1.00000000000000000
   2.5509488693636677E-008  -1.0000000000000000     
 F F F F F F F F
  <DiscreteSampler_grid>
  grouped_processes
  1 # 1 for a reference and 2 for a running grid.
  10 # Attribute 'min_bin_probing_points' of the grid.
  1 # Attribute 'grid_mode' of the grid. 1=='default',2=='initialization'
  0.0000000000000000 # Attribute 'small_contrib_threshold' of the grid.
  0.5000000000000000 # Attribute 'damping_power' of the grid.
 # binID   n_entries weight   weight_sqr   abs_weight
    10   10   1.322623097372511E+010   1.749331857703254E+020   1.322623097372511E+010
  </DiscreteSampler_grid>
