  0.00000501297387283  0.00000515150548283  0.00000524440954929  0.00000533346779526
  0.00000542401648240  0.00000551755346607  0.00000563819375208  0.00000574126919448
  0.00000584106869816  0.00000595874922206  0.00000609453440206  0.00000624306339428
  0.00000641250714966  0.00000658195602453  0.00000675823279753  0.00000694304996973
  0.00000713265265512  0.00000733112060395  0.00000754691355745  0.00000777178287375
  0.00000802021658703  0.00000827504286709  0.00000853178476437  0.00000880561890853
  0.00000909951519290  0.00000942567492945  0.00000977113245618  0.00001012511373729
  0.00001049156598523  0.00001086865394632  0.00001126606286910  0.00001167490536149
  0.00001210252034457  0.00001253754726650  0.00001299268669744  0.00001346701044034
  0.00001395971653385  0.00001445182274047  0.00001497829762364  0.00001552055473803
  0.00001610788987608  0.00001672598133937  0.00001741877233225  0.00001811621446385
  0.00001881389802770  0.00001960259920356  0.00002043142557242  0.00002128177319315
  0.00002215959092378  0.00002309993001878  0.00002412621650200  0.00002516487464400
  0.00002619648850307  0.00002727756722602  0.00002841591798401  0.00002958777283153
  0.00003085779322678  0.00003230245041983  0.00003388745651271  0.00003553959240655
  0.00003724993951337  0.00003906544725655  0.00004100937363401  0.00004307180845113
  0.00004525018082512  0.00004756772083895  0.00005007009321822  0.00005278604302703
  0.00005569335303967  0.00005878689461094  0.00006212321155546  0.00006576324385021
  0.00006980587641722  0.00007417574464334  0.00007897616193341  0.00008436429356314
  0.00009037726099660  0.00009718304329585  0.00010484116196169  0.00011344918897114
  0.00012349768760807  0.00013508196288941  0.00014886551343941  0.00016525270349397
  0.00018471878744073  0.00020806380968220  0.00023616804959169  0.00027180238823449
  0.00032149497902251  0.00039477336995042  0.00050270530374274  0.00071370065504548
  0.00118765866969098  0.00357905893864607  0.31248869946832963  1.00000000000000000
  0.00000518252171667  0.00000528141122073  0.00000535543557686  0.00000543353398239
  0.00000551784944520  0.00000561510535399  0.00000570768056450  0.00000580352273227
  0.00000592990941100  0.00000606557432846  0.00000621313015979  0.00000637101342918
  0.00000653468012830  0.00000669584036892  0.00000685957411393  0.00000703124092113
  0.00000721941569755  0.00000741542285731  0.00000760634800562  0.00000780484833890
  0.00000802443812837  0.00000827845845138  0.00000854842630115  0.00000883191094287
  0.00000910200305678  0.00000941091964116  0.00000975605312566  0.00001013123893501
  0.00001051478376499  0.00001092299056013  0.00001134688016553  0.00001178114066012
  0.00001221551815058  0.00001266799820536  0.00001315027231996  0.00001366873591401
  0.00001424094687001  0.00001485855767522  0.00001548021253504  0.00001607561596337
  0.00001667846655025  0.00001731572400794  0.00001797576800707  0.00001871052514167
  0.00001955211154466  0.00002045573662282  0.00002139284705817  0.00002237621053430
  0.00002341917026645  0.00002452104046990  0.00002567752237841  0.00002692795239305
  0.00002823799825394  0.00002961412149212  0.00003107152347649  0.00003260608515929
  0.00003420472501077  0.00003586827408123  0.00003761856227147  0.00003950817623203
  0.00004156989411257  0.00004377545814730  0.00004611263165144  0.00004864188540959
  0.00005137470731309  0.00005430843522926  0.00005742542696132  0.00006073398018878
  0.00006428887945724  0.00006808221901884  0.00007242642587158  0.00007693843986206
  0.00008211941540747  0.00008784681687647  0.00009402243363777  0.00010084061755267
  0.00010837191412625  0.00011689350191016  0.00012692731731913  0.00013860338061657
  0.00015204827523545  0.00016785822764346  0.00018690060572239  0.00021016612017623
  0.00023879820958251  0.00027510822686145  0.00032286316798416  0.00038607546002121
  0.00047108650345313  0.00059176694716427  0.00077348609567339  0.00108942523378558
  0.00180681291410828  0.00542947886579534  0.16649129256442491  1.00000000000000000
  0.00000467556168395  0.00000615866930167  0.00000708783506067  0.00000802114168958
  0.00000896187766744  0.00001004751269639  0.00001115609888275  0.00001227454516129
  0.00001343422230092  0.00001458433238904  0.00001576022245806  0.00001698348000375
  0.00001826574201996  0.00001954876755243  0.00002083023678187  0.00002214367193423
  0.00002351075785900  0.00002495864489822  0.00002650646201612  0.00002811847575066
  0.00002972089842290  0.00003134226409401  0.00003301814258305  0.00003478693055075
  0.00003663027258389  0.00003851189183489  0.00004046450014914  0.00004249538383194
  0.00004462816702285  0.00004687733460265  0.00004923769186296  0.00005165776800689
  0.00005425377839662  0.00005691300828257  0.00005969512422466  0.00006267137845643
  0.00006577966508047  0.00006915514077521  0.00007277744579042  0.00007658477574863
  0.00008066039970544  0.00008502778185309  0.00008971581991755  0.00009487556521794
  0.00009993135142264  0.00010486685142790  0.00011024490726113  0.00011609970681563
  0.00012205139732539  0.00012973097211285  0.00013795356755449  0.00014661430458356
  0.00015604473396742  0.00016588772154838  0.00017667589499411  0.00018859691061402
  0.00020162064541996  0.00021582339529252  0.00023150757839895  0.00024812497289519
  0.00026579486279405  0.00028497527912550  0.00030617804578270  0.00032995838429551
  0.00035543960953591  0.00038448558116224  0.00041705718576546  0.00045060404065631
  0.00048419965616999  0.00052211105944377  0.00056893736539302  0.00062232839204342
  0.00067564805231479  0.00072811002947323  0.00078372584129094  0.00085468841515178
  0.00093577650166549  0.00101931402096164  0.00110644642547904  0.00119871791026034
  0.00129516269435552  0.00140930801382388  0.00155925050664739  0.00175757695291099
  0.00200208396697793  0.00228292873465277  0.00258633770595701  0.00291382373275490
  0.00337627305691853  0.00398465157640747  0.00483436623984277  0.00556737322181805
  0.00620503472456430  0.00696351337323760  0.45337939702129559  1.00000000000000000
 -0.00221423600782131  0.00871867138407311  0.01838864528542203  0.02911887720243062
  0.03984261085243222  0.05062353450178646  0.06119740765888858  0.07191568114349402
  0.08250393976230271  0.09278778417561032  0.10313161186224674  0.11349156636777565
  0.12435686234327992  0.13520393246540910  0.14578319275651896  0.15631977448742712
  0.16664607435293241  0.17721171894232335  0.18783962673037993  0.19846393121857175
  0.20865188675738511  0.21819683241750334  0.22791303596414822  0.23793631726313252
  0.24824548686600384  0.25922054239415732  0.27035666918752665  0.28178091725492677
  0.29262357447243198  0.30255904125750277  0.31200687119765524  0.32156078460957804
  0.33186383127875652  0.34279097293762695  0.35381909449909266  0.36496297991935533
  0.37571282741886447  0.38632037345250636  0.39686918917420244  0.40738172524779953
  0.41770287591997035  0.42760095402540527  0.43730365088702128  0.44701270153625772
  0.45698078109195223  0.46723266309918982  0.47774096670090482  0.48857891582131246
  0.49968883275233822  0.51096294819158672  0.52244338009233549  0.53410867345006463
  0.54562153588964635  0.55675713751486489  0.56763499501417736  0.57848056033978701
  0.58874928499169932  0.59831590734132623  0.60773189866825228  0.61716251007831324
  0.62757045752386476  0.63753765687568720  0.64772482807664689  0.65849121531340216
  0.66955499202161861  0.68056091758363402  0.69165068945510388  0.70279495830789729
  0.71348972897479357  0.72416682607696758  0.73486004304227415  0.74578856764013335
  0.75694565386310697  0.76822277808414641  0.77957311543926877  0.79076757604363512
  0.80142940684696706  0.81200934726765284  0.82272443413317953  0.83351794670345802
  0.84438752237320658  0.85536864351060693  0.86657478452925740  0.87779788219979327
  0.88846360203594155  0.89819292668875528  0.90702492697647996  0.91599988262819632
  0.92460760060033120  0.93479263475943930  0.94648819689787533  0.95781406233892175
  0.96854613536750167  0.97904330647692950  0.98944124457732496  1.00000000000000000
 -0.00008978025960910  0.00036960948645314  0.00077054044648532  0.00110596726801730
  0.00139706365689352  0.00167312155681054  0.00194998181657767  0.00222956214150602
  0.00250963197566953  0.00279035590723367  0.00307376470732593  0.00335867422530636
  0.00364319585736416  0.00392912789975469  0.00422149510568016  0.00451413219660697
  0.00480634216687657  0.00510288672312621  0.00540387793646603  0.00570332520791939
  0.00600255413667693  0.00630679190994954  0.00660727327221733  0.00689819760359786
  0.00719004812001478  0.00748434998035802  0.00778947004405016  0.00806993815131361
  0.00833611907064961  0.00860355489588761  0.00888132779448969  0.00917159933777445
  0.00947555006952276  0.00978111302720517  0.01003648115517820  0.01034652725812969
  0.01067940941845486  0.01101680763878174  0.01138918861557648  0.01179780558332837
  0.01221828228675624  0.01261349367995154  0.01292531313628391  0.01323812662534323
  0.01355295070580516  0.01390752652552002  0.01425482482556217  0.01462522678202312
  0.01506025690513704  0.01551196479254818  0.01592606317669778  0.01627044579341502
  0.01660096698197554  0.01695075001383728  0.01738112606172474  0.01785098650097117
  0.01824703082391974  0.01857277458752964  0.01887272281905149  0.01913740154794009
  0.01936330208420191  0.01966030833894693  0.02013019115412110  0.02066333185622267
  0.02135658175244442  0.02206956165822590  0.02273225569165950  0.02335255851753714
  0.02404928684014838  0.02486562193136716  0.02576265888675514  0.02651042986771668
  0.02707277896647060  0.02766991802704328  0.02839909719796767  0.02985111381930543
  0.03177191222201699  0.03296436855619446  0.03398897608754250  0.03503336334958070
  0.03616862339906429  0.03720390596120986  0.03845432685810236  0.03962423698168784
  0.04061914960721917  0.04242145567247328  0.04505922079837654  0.04669076999319185
  0.04835728374208943  0.05036046386869659  0.05348831496826537  0.06040899981344080
  0.06817087065242469  0.08725885175437170  0.57258276635566807  1.00000000000000000
 -0.00246215011767085  0.00907201310546721  0.01959169136263583  0.03020418095322361
  0.04123715724999005  0.05177457195280390  0.06261947381174152  0.07311829334224422
  0.08364443847773258  0.09393573195779448  0.10409194628272006  0.11455724324973550
  0.12506023963918730  0.13625826425214893  0.14775995941968231  0.15898046449991007
  0.17004499097628276  0.18079119231257490  0.19167432888446873  0.20252690140056925
  0.21394117400101914  0.22546600651522508  0.23672157483982104  0.24768533910375273
  0.25863673694257316  0.26983967264159731  0.28112219051876974  0.29241923891664212
  0.30352736222244342  0.31447849399493899  0.32512155278001048  0.33565207433114530
  0.34612482616381873  0.35645100882846792  0.36662485721531429  0.37674193070796386
  0.38724416229199937  0.39795741234901749  0.40883440711732039  0.41941111971672684
  0.42957889788374343  0.43965872870295536  0.44996271780805985  0.46027618274562054
  0.47023473029626639  0.47996727319587018  0.48963192742277084  0.49925552794784844
  0.50884066854187071  0.51847729040910084  0.52821943163274532  0.53816389363471706
  0.54847315204535452  0.55894775849517297  0.56938391364256025  0.57972777596137015
  0.59012430887048495  0.60056752108947642  0.61098983877963742  0.62143446597563801
  0.63203446607715341  0.64274288908688748  0.65284581964282484  0.66228790959468886
  0.67160202536612357  0.68144599611922585  0.69219634934566743  0.70300029498100680
  0.71386119994962216  0.72506470531240796  0.73658056379288772  0.74775457532976652
  0.75874366081655942  0.76985260705500336  0.78112885057141879  0.79225703916790213
  0.80330834850318489  0.81415439945202961  0.82462563650406417  0.83507258551848818
  0.84575288621799172  0.85670052793220419  0.86777080943049645  0.87811180651364551
  0.88829501768083063  0.89873596712398052  0.90979044792247044  0.92081324711352297
  0.93146387999226665  0.94215106714003338  0.95283760012043250  0.96209580134685868
  0.97052050012561675  0.97929025708074113  0.98755074099937690  1.00000000000000000
 -0.00000714308100870  0.00003497931105489  0.00019078669970481  0.00041584338487306
  0.00062910354581722  0.00081607084964728  0.00098777679729655  0.00116018729099363
  0.00133798180188844  0.00152443222802023  0.00172094370355290  0.00192041589135209
  0.00211468260821192  0.00230327393052254  0.00249133340928472  0.00268181214996846
  0.00287073401617575  0.00305913810913778  0.00324846228206826  0.00344092913332683
  0.00362617940251130  0.00382606716331238  0.00401981251861739  0.00422832463267164
  0.00443473223679787  0.00464368115118588  0.00486165687754598  0.00506837091678637
  0.00527685388083309  0.00548579574643237  0.00570049039073014  0.00591188985384020
  0.00612329023606934  0.00634790087167916  0.00659272941892406  0.00682592837021359
  0.00702289355999941  0.00719048879061473  0.00735115236187509  0.00753580813808436
  0.00773971469866729  0.00797537858428435  0.00823633027028562  0.00848533218001569
  0.00870509478026848  0.00891251053258625  0.00912396496926027  0.00934072178296970
  0.00956902993572240  0.00981515368490992  0.01006817201563877  0.01035546859864281
  0.01072335441123008  0.01112542497288617  0.01146064384841410  0.01177669219410710
  0.01210165730728408  0.01246360660974520  0.01274164021458146  0.01299292233581383
  0.01320099730255745  0.01341307821208849  0.01366876651444126  0.01390827510235453
  0.01418078810437244  0.01448740325558085  0.01483036929983037  0.01527402633671744
  0.01566796764703266  0.01611825769890838  0.01651923291945561  0.01681755822828128
  0.01732290316568855  0.01830297786530331  0.01935342565183686  0.02005349365418298
  0.02069260387010987  0.02120588897893816  0.02166783568603278  0.02204860748950805
  0.02276743645936818  0.02370878561352674  0.02428513462357552  0.02477176998404135
  0.02506788972222631  0.02524041332003817  0.02543325605266040  0.02614065279604947
  0.02731409547908312  0.02840799278221944  0.02924997264210132  0.03016325420751454
  0.03150767585667803  0.03384541212644517  0.35785244834978008  1.00000000000000000
 -0.00184612277117603  0.00761053534883276  0.01458853205695240  0.02232156517930539
  0.02969709111800674  0.03732038311155564  0.04506694399082983  0.05294156137151752
  0.06094961404886567  0.06909587783406809  0.07738189222811165  0.08595612415262967
  0.09512038983703131  0.10441461111332208  0.11329790900587645  0.12100954718621146
  0.12913735946681268  0.13707159165212685  0.14538422835115924  0.15491939766626167
  0.16515935578794891  0.17573820479478722  0.18658780030450511  0.19758383492793272
  0.20852213360057256  0.21956111286426008  0.23064052014779970  0.24194200189616416
  0.25339457703123452  0.26480524956749446  0.27611948686343146  0.28726951584040206
  0.29868821542815482  0.31037310370226023  0.32209872914858612  0.33377333060581943
  0.34562331774259641  0.35768802211767631  0.36999733345455488  0.38238177869358408
  0.39479206078049467  0.40730517873767835  0.41988918697457733  0.43246466358498264
  0.44482294919080001  0.45707105884315435  0.46957217161659143  0.48234488617118415
  0.49537702308364517  0.50861840419582038  0.52223344782884940  0.53583930182050099
  0.54916117125625796  0.56238178266118177  0.57556388998387342  0.58854140327882043
  0.60109113485864607  0.61336541899179697  0.62549801578549069  0.63753834332579218
  0.64976908829571933  0.66239446007320368  0.67532698440732575  0.68804836331018016
  0.70019694295313650  0.71189001258924567  0.72334701841311300  0.73447141947945449
  0.74538668022516974  0.75643703899503956  0.76762449401646426  0.77887456485468176
  0.78992801555079140  0.80071052304170265  0.81140844113898902  0.82211198279359110
  0.83288011369778037  0.84333356437588602  0.85329671245838912  0.86293121069919088
  0.87242225343794122  0.88164975463569495  0.89057978435051255  0.89933962281790492
  0.90797373145192517  0.91620642793261975  0.92442980692557386  0.93255288656164614
  0.94073141748553812  0.94901296168752158  0.95715658551475680  0.96537840553033194
  0.97367511814773611  0.98225800291902210  0.99088750067527165  1.00000000000000000
  0.03679066514885603  0.08622653295837518  0.11910366628430516  0.13604273750302648
  0.14964413171395730  0.16600433620323435  0.18090251633341123  0.19459153371826293
  0.20769359807331186  0.22066050945199484  0.23343704758734957  0.24641834643656962
  0.25956738091772602  0.27270838443635015  0.28585783068960535  0.29884655995008602
  0.31134965398198156  0.32333848613113625  0.33504871067696307  0.34694655983317807
  0.35915005825284574  0.37135395376984742  0.38341169760781507  0.39505052189370060
  0.40662927258958770  0.41788327376958145  0.42903269210639877  0.44000595237737511
  0.45085740942467095  0.46173566156484297  0.47255539449969242  0.48332786523644006
  0.49414740707556437  0.50501350171669968  0.51585318933708868  0.52651787509726400
  0.53703344106436390  0.54754587351180373  0.55806809468508234  0.56865634262430986
  0.57911311488915940  0.58936081552917574  0.59951005746119002  0.60958891676476645
  0.61953579180332874  0.62932371832739742  0.63899459356004173  0.64865203525638537
  0.65812919000763337  0.66728404756331838  0.67613480549322746  0.68463280657258241
  0.69303147450079861  0.70132662567392734  0.70952301068152879  0.71768370333576414
  0.72563885737398548  0.73349524338592997  0.74119620423224153  0.74879061543401315
  0.75625007554394996  0.76358156906857710  0.77069275960395955  0.77783603498209752
  0.78495996886518671  0.79215095082215481  0.79922677242682949  0.80620680865012995
  0.81322795594230546  0.82015908445820840  0.82697557494121654  0.83388801770358623
  0.84095352212776109  0.84806148403587878  0.85507658697842581  0.86199075647760803
  0.86888837696694488  0.87571862388937982  0.88246141609342199  0.88911417260723302
  0.89565509339413685  0.90216054555951242  0.90868020565848395  0.91520562116528714
  0.92173536855688187  0.92820226393225791  0.93472978995166156  0.94127237209924386
  0.94777589719461774  0.95429389936660625  0.96034058613422368  0.96647801047070414
  0.97292164021171712  0.97930456889872963  0.98876139942008501  1.00000000000000000
 -0.02914434144654817  0.12881545243364939  0.16510828704060754  0.18690707839738072
  0.20410300170649787  0.21829956580945017  0.23054601554723614  0.24163075895430164
  0.25189617007333520  0.26132422299647173  0.27002958868115401  0.27884176526230775
  0.28727267118934080  0.29519406558610928  0.30288999549918499  0.31055372268719661
  0.31810859184388218  0.32527094438540061  0.33231750865125331  0.33877719145320234
  0.34494363044623905  0.35098663550921133  0.35723913004550023  0.36365354654825810
  0.37006368309018944  0.37624882566853945  0.38218369555981552  0.38799428520336454
  0.39380791758123385  0.39966804249737597  0.40559806124126269  0.41155263087214550
  0.41745279879536978  0.42324395820439109  0.42895100627158245  0.43453359253267315
  0.43998256879751801  0.44525623716148383  0.45040458293555879  0.45563394055038708
  0.46100381137980884  0.46648284781557742  0.47193438500392265  0.47731281509870976
  0.48260245773084709  0.48781558349004767  0.49304505706115875  0.49858145464128345
  0.50394378756762592  0.50891832426197758  0.51344058745296517  0.51800343946356231
  0.52276270174081785  0.52751290436901876  0.53257386850925126  0.53819758927564021
  0.54368434986311109  0.54895383599844250  0.55432503754207862  0.55972643521142040
  0.56521401228196322  0.57076531800791042  0.57644036850755165  0.58219096563369799
  0.58797665130462173  0.59386760046815301  0.59986450433213245  0.60577434189192347
  0.61161506836926505  0.61720528142338027  0.62298848274229701  0.62912636227465912
  0.63547693927137239  0.64192819210776020  0.64825438981612149  0.65444568225315380
  0.66066080648310166  0.66699815301536225  0.67354919843212691  0.68030087545376872
  0.68732624373058604  0.69485641260666176  0.70278051018234966  0.71084388922520991
  0.71921477411187573  0.72801844310543218  0.73735159720120846  0.74720470186518106
  0.75757954572149078  0.76905066225319751  0.78177855693972931  0.79572620450831810
  0.81178366824108261  0.83285680273063267  0.87010187723756627  1.00000000000000000
   8.1322028731746793E-002  -1.0000000000000000     
 F F F F F F F F F F F F F F F F F F F F F F F F F F F F F F F F F F F F F F F F F F F F F F F F F F F F F F F F F F F F F F F F F F F F F F F F F F F F F F F F F F F F F F F F F F F F F F F F F F F F F F F F F F F F F F F F F F F F F F F F F F F F F F F F
  <DiscreteSampler_grid>
  grouped_processes
  1 # 1 for a reference and 2 for a running grid.
  10 # Attribute 'min_bin_probing_points' of the grid.
  1 # Attribute 'grid_mode' of the grid. 1=='default',2=='initialization'
  0.0000000000000000 # Attribute 'small_contrib_threshold' of the grid.
  0.5000000000000000 # Attribute 'damping_power' of the grid.
 # binID   n_entries weight   weight_sqr   abs_weight
    10   10   3.542571495890581E+005   9.606364529013652E+011   3.542571495890581E+005
    16   10   3.542571495890584E+005   9.606364529013660E+011   3.542571495890584E+005
    22   10   3.542571495890583E+005   9.606364529013652E+011   3.542571495890583E+005
    28   10   3.542571495890584E+005   9.606364529013660E+011   3.542571495890584E+005
    34   10   3.542571495890583E+005   9.606364529013658E+011   3.542571495890583E+005
    40   10   3.542571495890583E+005   9.606364529013658E+011   3.542571495890583E+005
    46   10   3.542571495890584E+005   9.606364529013660E+011   3.542571495890584E+005
    52   10   3.542571495890584E+005   9.606364529013668E+011   3.542571495890584E+005
    58   10   3.542571495890586E+005   9.606364529013669E+011   3.542571495890586E+005
    64   10   3.542571495890584E+005   9.606364529013660E+011   3.542571495890584E+005
    70   10   3.542571495890584E+005   9.606364529013662E+011   3.542571495890584E+005
    76   10   3.542571495890584E+005   9.606364529013660E+011   3.542571495890584E+005
    82   10   3.542571495890586E+005   9.606364529013668E+011   3.542571495890586E+005
    88   10   3.542571495890584E+005   9.606364529013660E+011   3.542571495890584E+005
    94   10   3.542571495890586E+005   9.606364529013668E+011   3.542571495890586E+005
    100   10   3.542571495890583E+005   9.606364529013660E+011   3.542571495890583E+005
    106   10   3.542571495890586E+005   9.606364529013668E+011   3.542571495890586E+005
    112   10   3.542571495890584E+005   9.606364529013662E+011   3.542571495890584E+005
    118   10   3.542571495890586E+005   9.606364529013668E+011   3.542571495890586E+005
    124   10   3.542571495890584E+005   9.606364529013662E+011   3.542571495890584E+005
    130   10   3.542571495890586E+005   9.606364529013672E+011   3.542571495890586E+005
    136   10   3.542571495890584E+005   9.606364529013660E+011   3.542571495890584E+005
    142   10   3.542571495890584E+005   9.606364529013668E+011   3.542571495890584E+005
    148   10   3.542571495890584E+005   9.606364529013662E+011   3.542571495890584E+005
  </DiscreteSampler_grid>
