  0.00000650732488772  0.00000677780874190  0.00000697608761202  0.00000720956727942
  0.00000744271155189  0.00000768771059117  0.00000792481258260  0.00000811652670812
  0.00000829194149825  0.00000849209342108  0.00000871811829381  0.00000895877738070
  0.00000931131640432  0.00000967819676344  0.00001008995921285  0.00001050663087290
  0.00001097226549931  0.00001155755412498  0.00001211078562416  0.00001268421371387
  0.00001327192030121  0.00001390101413023  0.00001458844625009  0.00001538150886671
  0.00001614639395199  0.00001687282007625  0.00001757373952704  0.00001827462336498
  0.00001900218142263  0.00001969650406889  0.00002048461595267  0.00002123017084256
  0.00002204456226020  0.00002299663850773  0.00002403419932956  0.00002511160453837
  0.00002622131201402  0.00002734373592783  0.00002851731362646  0.00002967678906211
  0.00003069865071904  0.00003172420368010  0.00003276984270825  0.00003384260776285
  0.00003507730356446  0.00003649871237680  0.00003789216657780  0.00003929892344142
  0.00004078954593613  0.00004233577839968  0.00004381326228467  0.00004539652324602
  0.00004717507286581  0.00004911716014709  0.00005120457347722  0.00005347719739442
  0.00005598540580024  0.00005850923906044  0.00006123424317547  0.00006408310359104
  0.00006692575729818  0.00006991453686894  0.00007316729405152  0.00007661438281208
  0.00008011653049231  0.00008408927535769  0.00008841947983161  0.00009346603473623
  0.00009943444447334  0.00010593179140996  0.00011272672539940  0.00011964219059631
  0.00012679423448317  0.00013478985818953  0.00014349480184561  0.00015398301092300
  0.00016546156229838  0.00017960663826230  0.00019513954152702  0.00021349650688359
  0.00023558956592244  0.00026229941407729  0.00029391661494059  0.00032982781126050
  0.00037024641382700  0.00042083664874719  0.00049263903312733  0.00058356527903393
  0.00069116553272392  0.00083468782067131  0.00107488349659845  0.00145952588360380
  0.00206699192314077  0.00417451137614207  0.05061416608084036  1.00000000000000000
  0.00000548775900675  0.00000579338505702  0.00000600656653183  0.00000615350845203
  0.00000626958610470  0.00000639783457536  0.00000652578186852  0.00000664151404053
  0.00000676128669267  0.00000688732797092  0.00000706124929374  0.00000729133046425
  0.00000754273938815  0.00000780687464664  0.00000806513740625  0.00000833178981271
  0.00000860298364480  0.00000888703229483  0.00000917698512107  0.00000947413641804
  0.00000981671474932  0.00001015143285181  0.00001049303869133  0.00001083924092619
  0.00001119897801851  0.00001157334935410  0.00001195671312314  0.00001234848483419
  0.00001280755446753  0.00001325570601958  0.00001370215104403  0.00001413579715996
  0.00001461083820948  0.00001512017522666  0.00001564416888996  0.00001618408076290
  0.00001671738839725  0.00001731520165321  0.00001792568413012  0.00001857642227911
  0.00001926179876293  0.00002020063668404  0.00002120062834434  0.00002224861737121
  0.00002338532742344  0.00002458163103526  0.00002586184479322  0.00002724226859016
  0.00002867497662210  0.00003020667916749  0.00003190701132633  0.00003370083396905
  0.00003568218425107  0.00003767730161407  0.00003978041685178  0.00004203878376944
  0.00004443912899670  0.00004725145163436  0.00005002664253670  0.00005323624084851
  0.00005642452280638  0.00005983743996068  0.00006344200057948  0.00006727483378311
  0.00007220204153593  0.00007793053587242  0.00008439264657241  0.00009084204615564
  0.00009781318550667  0.00010510096833515  0.00011356332685913  0.00012341009536735
  0.00013405206204621  0.00014518815364270  0.00015656652405851  0.00016958664912821
  0.00018501367543489  0.00020307544648550  0.00022376160223618  0.00024880528606545
  0.00027725204417446  0.00030995295981856  0.00035131797868881  0.00039956976218310
  0.00044884644182237  0.00050114016245319  0.00057006507017851  0.00066357429060480
  0.00077987634447063  0.00093918934581080  0.00116186945624897  0.00150146833220644
  0.00213864796041785  0.00340739864857599  0.04568545020254772  1.00000000000000000
  0.00000742309502446  0.00000800581147505  0.00000861833031006  0.00000927454188374
  0.00000992093319774  0.00001060087004996  0.00001144360936929  0.00001247975010429
  0.00001349039666741  0.00001432103855924  0.00001516178269704  0.00001598322130998
  0.00001675822013778  0.00001750621881332  0.00001825369305678  0.00001905618744506
  0.00001987814591373  0.00002067039606083  0.00002145929427514  0.00002225283914111
  0.00002308497709100  0.00002400179319724  0.00002494372118095  0.00002600244171968
  0.00002712598270314  0.00002817404434387  0.00002923701916972  0.00003035719948658
  0.00003152470957914  0.00003262856588999  0.00003374709533053  0.00003516260928592
  0.00003669439317758  0.00003820846966615  0.00003967951608876  0.00004101441973051
  0.00004233399372012  0.00004359720413840  0.00004494656323329  0.00004651840408105
  0.00004833738836516  0.00005028432805318  0.00005218750303862  0.00005430744706555
  0.00005649094273882  0.00005879056249842  0.00006129135454379  0.00006380636223619
  0.00006630560191839  0.00006890401130624  0.00007172220578933  0.00007474364158235
  0.00007789574378057  0.00008109871121954  0.00008433558126748  0.00008780233576855
  0.00009130476741855  0.00009505827522016  0.00009908265209200  0.00010300081861833
  0.00010732320454285  0.00011210691001109  0.00011709494056030  0.00012245231933637
  0.00012834677269131  0.00013493660850144  0.00014165998418599  0.00014895084867589
  0.00015714580984151  0.00016565565501249  0.00017570981352381  0.00018747511056988
  0.00020135692814066  0.00021695718777613  0.00023286794896279  0.00025002134662127
  0.00026951103966576  0.00029259395818998  0.00031818210478847  0.00034785871635164
  0.00038218842279891  0.00042439562278283  0.00047373523785907  0.00053076584882651
  0.00060193043618105  0.00069360701993453  0.00080901211294855  0.00094248285942785
  0.00107562320992224  0.00124389017121419  0.00150637905421060  0.00187331383019910
  0.00258570518825614  0.00473471851943459  0.04420453776035931  1.00000000000000000
 -0.00227023492194264  0.00869812711843073  0.01923767146339949  0.02954510271123966
  0.04053026172512432  0.05122758499409338  0.06169835102497949  0.07215960010973617
  0.08287354692499535  0.09386693481515046  0.10482404235973543  0.11596676641442714
  0.12696579754938284  0.13818625567528883  0.14948975821208962  0.16176266640862691
  0.17330452499587404  0.18422393675629550  0.19306047728605125  0.20152913422338797
  0.21010306837707834  0.21927890094085922  0.22863265293383567  0.23797469984244501
  0.24786001407986949  0.25804825722280678  0.26890360394942658  0.28036427338359110
  0.29216608019569035  0.30362923200492642  0.31489097051720227  0.32628816172888619
  0.33771178049701495  0.34786990844137922  0.35699877425106330  0.36540696161393449
  0.37388653563642171  0.38322429349334730  0.39342059090585840  0.40467948637494278
  0.41621599267857667  0.42733651574553566  0.43814380441165340  0.44872370757097108
  0.45918309809839192  0.46957390217222811  0.48050005034087018  0.49187455379623329
  0.50300912362692696  0.51389581012606556  0.52489884804858977  0.53651106561359307
  0.54823166525649814  0.55938334862768280  0.56950955128273806  0.57882342867445224
  0.58877480268431692  0.59936556651434736  0.60979528976976360  0.61991270563290501
  0.63027472671025164  0.64157280428173935  0.65426959348281943  0.66747345869134045
  0.67966357560660240  0.69083173980205903  0.70112787580336156  0.71065110214882576
  0.71969067946962451  0.72849004922426153  0.73829861739632840  0.74870620198142179
  0.75897408894637275  0.76866626754297240  0.77801301825465319  0.78870338952232666
  0.79961443934283061  0.81065093662178711  0.82153804326194346  0.83253043702134377
  0.84440668791486528  0.85590186591721396  0.86547923235585833  0.87428890553450467
  0.88264622044205243  0.89268232502899625  0.90336173749462989  0.91406670325645833
  0.92469180679841634  0.93505713986776862  0.94542129306990452  0.95556539613095004
  0.96653962229523005  0.97784101997216955  0.98940970306515941  1.00000000000000000
 -0.00012526581777208  0.00057829531883901  0.00097014790634886  0.00127320857297718
  0.00157847743868656  0.00189139604087935  0.00220050934348306  0.00251762680664503
  0.00283380793219311  0.00313947269077105  0.00342664747311412  0.00370938650892216
  0.00399214071238449  0.00427654459645041  0.00456324954567947  0.00483440218315376
  0.00510312791502790  0.00537102966692020  0.00563940438672815  0.00591181608088492
  0.00620936733075446  0.00652137782820543  0.00684314910081870  0.00716900474542871
  0.00746924615806362  0.00776937530659413  0.00807241630256284  0.00838543639641321
  0.00872670753210106  0.00908558488254424  0.00941358471782379  0.00973882047031878
  0.01004477645446289  0.01039177773121727  0.01076055153938152  0.01111663554797901
  0.01149363289989914  0.01191056357698327  0.01234729104713937  0.01275211301839367
  0.01314662643747250  0.01349448156950761  0.01386210056971692  0.01426486313941304
  0.01467335731253861  0.01504314937544745  0.01544793796763753  0.01577338102273325
  0.01612214872251874  0.01649939655777977  0.01691223529472397  0.01752639322419150
  0.01819460193452935  0.01886070137630384  0.01949538247470270  0.02007833587227189
  0.02057553333826919  0.02091523985114589  0.02138131891658984  0.02184310722966883
  0.02235176586635130  0.02288418467369854  0.02327366340305714  0.02363293919959897
  0.02401910384607663  0.02443576627904773  0.02488952155665576  0.02537923024877756
  0.02590866044217664  0.02721426813428273  0.02819804404597427  0.02887408084808908
  0.02960549535577183  0.03012109633769953  0.03043246154904323  0.03079337948896159
  0.03119868083994282  0.03159794353571686  0.03198791388495288  0.03249754531363327
  0.03342975833999007  0.03460189359238854  0.03579985495709622  0.03700023945258808
  0.03769498938882863  0.03822735891577064  0.03879089976866987  0.03953778018660523
  0.04391773367930932  0.04669920231708610  0.05000376914599894  0.05346085780405191
  0.05678047356201777  0.05975171416438635  0.06349229251851753  1.00000000000000000
 -0.00280067991678746  0.00991321852405454  0.02089230866888460  0.03167363540917633
  0.04222706887797006  0.05225291430760117  0.06220841656749406  0.07113670280822536
  0.08120336062964204  0.09161684874908350  0.10273212191228032  0.11229189505990993
  0.12148762650075536  0.13120844687547278  0.14209193449606011  0.15311258948080927
  0.16286789030041915  0.17335495395945333  0.18419381131898679  0.19475811008143779
  0.20471876537299710  0.21374547930730572  0.22267959941124449  0.23200672336616554
  0.24295214030797474  0.25528953318960995  0.26715979365090486  0.27811859798574717
  0.28865770481555708  0.29944555960450608  0.31067411536235440  0.32192325607349587
  0.33262012315735412  0.34340686689498262  0.35455525938423699  0.36587465859198376
  0.37778260157617854  0.38894651552257281  0.39960239507858042  0.40941725396181178
  0.41961669365165194  0.43086546632182876  0.44186149432998340  0.45136827054262235
  0.46047047674896235  0.46945725305467606  0.47870415968599794  0.48778714706844428
  0.49690708680799550  0.50650693981563966  0.51684066690505814  0.52760108994232169
  0.53863007800618656  0.54961358165657026  0.56041018417010591  0.57068438990302672
  0.58067811713527395  0.59065439933860064  0.60029766000915175  0.61072460456718047
  0.62174990695072274  0.63320859877716662  0.64401075639337657  0.65535044773939177
  0.66682610502411543  0.67771623327059560  0.68814368742762477  0.69859622537955623
  0.70970710363416167  0.72125552999337661  0.73285307287005530  0.74404735986896242
  0.75502964612262657  0.76619377130684418  0.77765119919618819  0.78917824456923824
  0.80021219098347696  0.81050657179655727  0.82034696462202616  0.82991820334291588
  0.83969709127544245  0.84998032193560735  0.86006563017919668  0.87038053698046569
  0.88121922003434328  0.89264624051976715  0.90360548738067892  0.91425860285302762
  0.92489001533149739  0.93578513504337746  0.94543202145204586  0.95445788623600480
  0.96361002912646609  0.97387728674018759  0.98652936794545676  1.00000000000000000
 -0.00010515990611138  0.00010458772756724  0.00040085082044111  0.00066171338331170
  0.00082554440305383  0.00099580076077616  0.00117095458920307  0.00134493932698185
  0.00151326519389635  0.00167479933601189  0.00183211090468971  0.00199344232512009
  0.00215211203371858  0.00230564674420516  0.00245402161764942  0.00260420762028873
  0.00275194230950938  0.00290116498704083  0.00305215542699369  0.00319845647500087
  0.00334729775919633  0.00349294504224805  0.00363397648837712  0.00376859284358868
  0.00388976276744986  0.00401036473995034  0.00413545747261958  0.00427517766567772
  0.00442788770259631  0.00459888474855330  0.00476647186100105  0.00494072353998071
  0.00512518495922918  0.00532955737174296  0.00554955514518005  0.00576389162601458
  0.00598323442585111  0.00616744000256189  0.00635320391410094  0.00653985178773456
  0.00672609877239105  0.00690662219239791  0.00707804483848845  0.00726328943958951
  0.00744208339430789  0.00762880418546894  0.00774173873470034  0.00783228720486256
  0.00792561895678510  0.00801935983954190  0.00811304289080263  0.00823319010690279
  0.00844488848616344  0.00859393226558429  0.00873586771902517  0.00888267370116380
  0.00906315891632561  0.00927488585985323  0.00949684125676999  0.00987044419961949
  0.01059917205919798  0.01098326656800266  0.01123267571021130  0.01148179545314763
  0.01178088189524399  0.01211459547830238  0.01251088954414089  0.01311921002872454
  0.01356317638625985  0.01403659684722086  0.01449326960295418  0.01490081852731844
  0.01509295749962905  0.01528345116345923  0.01546929264850524  0.01563723649385338
  0.01577500853202827  0.01593829143365726  0.01612918706934006  0.01634248095774805
  0.01655273378555555  0.01686372801800522  0.01724397877338595  0.01760006707833615
  0.01799183066747268  0.01860875002501451  0.01953153418097520  0.02082550054693313
  0.02314711007968159  0.02390465576458926  0.02495123506822368  0.03266498744165972
  0.03438912402006965  0.03605638637637736  0.08381607325981892  1.00000000000000000
 -0.00228959026843321  0.01033533566914607  0.02173633141806027  0.03418626557663026
  0.04864807321067450  0.06344579980802376  0.07552915170600542  0.08604296945858531
  0.09662495702364032  0.10908346443565282  0.12270673247973357  0.13491943505956291
  0.14698759903267747  0.15917377055162385  0.17175940312790061  0.18434632196887121
  0.19717615308333661  0.20975793383711672  0.22183129844190372  0.23359094018206175
  0.24573152090190870  0.25789013317061277  0.26897464620707479  0.27935172617425252
  0.28970995360320506  0.30049720383306894  0.31141653811782072  0.32228832227019827
  0.33351761464622415  0.34396143996658263  0.35284216194993034  0.36138793320145779
  0.36956933091218802  0.37800612449122450  0.38659055819453564  0.39537820402153989
  0.40512701422653769  0.41512898987613844  0.42530593043938947  0.43496544949552296
  0.44439325219426173  0.45353890026800059  0.46226299071871246  0.47165267889475665
  0.48052637227457407  0.48913909134535505  0.49821340415489024  0.50669846234212912
  0.51527094017971709  0.52327151965801855  0.53154162343728029  0.53904057251114834
  0.54706374014920811  0.55449055539628322  0.56232785271137764  0.57030651480906991
  0.57840131325660316  0.58617141384422800  0.59409854697143183  0.60221975274939277
  0.61062949998516070  0.62002830724707203  0.63004007893155933  0.63984976044455344
  0.64988368943361818  0.65909400546746033  0.66900077388394086  0.67714243113785677
  0.68464052639867301  0.69198576758643859  0.69950122808156212  0.70816859050926706
  0.71833648926686844  0.72924287931238119  0.73995850804233876  0.75040399446500627
  0.76126426515659706  0.77221417966715789  0.78397865815337608  0.79547616833181833
  0.80790125994289141  0.81979552004816414  0.83179121617361507  0.84466023034938265
  0.85781468665870542  0.87126992613991250  0.88536393696808391  0.89925104043149384
  0.91184373577889177  0.92338902330015626  0.93486577832708029  0.94585703829754508
  0.95779637505487958  0.97053027534655478  0.98496510221274769  1.00000000000000000
  0.08868689955612992  0.10360350996161634  0.12099124054612902  0.14360760882661247
  0.16694529999646443  0.18476012399448627  0.19882217581821923  0.21109318211179062
  0.22251617621913014  0.23241068375330098  0.24274435978964923  0.25382800760173296
  0.26534534604246368  0.27713641780431741  0.28849312911473562  0.30047432516321448
  0.31276731029689137  0.32527124872551955  0.33859977612428027  0.35198394067458944
  0.36552853757367965  0.38129458164688346  0.39932491360367611  0.41519041184621835
  0.42814407304174623  0.43939086351705503  0.45036978387970811  0.46180921594587904
  0.47308213767167928  0.48414559267782781  0.49453718195518298  0.50450092254157974
  0.51464014732317853  0.52485910595036867  0.53514196795797186  0.54531038033211787
  0.55523641746227448  0.56545186213960474  0.57532493931154227  0.58461435483435220
  0.59348830887150561  0.60242693139434600  0.61175005648912950  0.62119571505609583
  0.63032063466262078  0.63853867430421452  0.64597640855661276  0.65315526849465777
  0.66020398788680745  0.66732558958763599  0.67477582943116454  0.68264275812615283
  0.69039515240980909  0.69791591514972839  0.70522924218423089  0.71216256807779754
  0.71901090547788749  0.72637795391564364  0.73402638714351487  0.74250587499441234
  0.75058124865604803  0.75806908991906130  0.76547300740923530  0.77275582150704958
  0.77993989612029935  0.78689106998658276  0.79400402023570704  0.80116859725335554
  0.80849714323022615  0.81560568741841544  0.82243260969595355  0.82914662984310561
  0.83572860097405355  0.84226754912929580  0.84893055761415337  0.85562817304459704
  0.86265847080792324  0.86999069047219479  0.87712080361754863  0.88398822398401944
  0.89086673195943211  0.89772566483643801  0.90413065931969605  0.91048448338664623
  0.91670765635174001  0.92329828589852048  0.92972246708047568  0.93571615441584688
  0.94174904524640080  0.94816692616319487  0.95498750408822286  0.96224414067506370
  0.97056925794453397  0.97882938101558414  0.98885005230593304  1.00000000000000000
 -0.01856128442091655  0.10430009833967284  0.13992498835479356  0.16307516628536650
  0.18039540395185838  0.19494432672815104  0.20833154820543809  0.22115865647218541
  0.23308325262744353  0.24378028108765276  0.25324718194756823  0.26087186955207470
  0.26786331429165339  0.27491003275097631  0.28256863163164370  0.29103609032751365
  0.29930350187901045  0.30687605172015880  0.31512335707642464  0.32435613538826941
  0.33326694227543757  0.34098453661582834  0.34799944648363029  0.35464495742550822
  0.36113937253501333  0.36794385023519721  0.37480179758187038  0.38192449150178037
  0.38887933476746039  0.39521491550322363  0.40144173812003242  0.40769386389764117
  0.41406162726302492  0.42050915623871310  0.42706346532208778  0.43368558659890816
  0.44005898862351311  0.44582344967416976  0.45149817102423623  0.45721650349226861
  0.46299908565025860  0.46893013580175791  0.47499168607875142  0.48082776096937235
  0.48641695769198534  0.49202618194320547  0.49755724502631482  0.50306396443733570
  0.50866326924716387  0.51394153564630551  0.51906231033554173  0.52445077145060182
  0.53023450938889183  0.53627606897695945  0.54222485793580311  0.54800946322401800
  0.55379318633034169  0.55957859558804113  0.56585599988540514  0.57221044489002959
  0.57867415069681238  0.58414997164008176  0.58941147317017839  0.59475909437770003
  0.60030447826062594  0.60668271362231319  0.61371666423483606  0.62077217089098624
  0.62766186274900260  0.63398366058597411  0.64038133864517077  0.64653022281018047
  0.65283022178389827  0.65919138333628857  0.66602541307541263  0.67282783780111366
  0.67975271470503995  0.68559637011168473  0.69131699384750134  0.69711334284905957
  0.70344233060331096  0.71084838636084813  0.71857585916172051  0.72638256157306247
  0.73467413293737094  0.74362434268295619  0.75327956475289715  0.76336931922538465
  0.77322291609102545  0.78331209226288501  0.79513810578625155  0.81144372508792106
  0.83085253542082904  0.85513003683479916  0.89194644527730460  1.00000000000000000
   6.7867902209260769E-002  -1.0000000000000000     
 F F F F F F F F F F F F F F F F F F F F F F F F F F F F F F F F F F F F F F F F F F F F F F F F F F F F F F F F F F F F F F F F F F F F F F F F F F F F F F F F F F F F F F F F F F F F F F F F F F F F F F F F F F F F F F F F F F F F F F F F F F F F F F F F
  <DiscreteSampler_grid>
  grouped_processes
  1 # 1 for a reference and 2 for a running grid.
  10 # Attribute 'min_bin_probing_points' of the grid.
  1 # Attribute 'grid_mode' of the grid. 1=='default',2=='initialization'
  0.0000000000000000 # Attribute 'small_contrib_threshold' of the grid.
  0.5000000000000000 # Attribute 'damping_power' of the grid.
 # binID   n_entries weight   weight_sqr   abs_weight
    10   10   3.554855946896079E+003   1.080017885058081E+008   3.554855946896079E+003
    16   10   3.554855946896080E+003   1.080017885058082E+008   3.554855946896080E+003
    22   10   3.554855946896079E+003   1.080017885058081E+008   3.554855946896079E+003
    28   10   3.554855946896080E+003   1.080017885058082E+008   3.554855946896080E+003
  </DiscreteSampler_grid>
