  0.00000481418883803  0.00000495949743664  0.00000516273371760  0.00000530788213631
  0.00000543198857271  0.00000555738536388  0.00000568698207970  0.00000581770468872
  0.00000603205886013  0.00000625052699846  0.00000644415558771  0.00000662273542463
  0.00000680044335474  0.00000701350778157  0.00000728396056382  0.00000761063669070
  0.00000791115853976  0.00000817687532607  0.00000843278515086  0.00000870438345633
  0.00000898829657120  0.00000927952300760  0.00000956544114918  0.00000983747597358
  0.00001009266786412  0.00001034680454868  0.00001062906545394  0.00001090709093170
  0.00001121550236916  0.00001149455051558  0.00001176668485402  0.00001203139206532
  0.00001229307856219  0.00001261460767141  0.00001294741148185  0.00001329534897551
  0.00001364679962115  0.00001399964275290  0.00001437025342085  0.00001478128658335
  0.00001523935890947  0.00001568131771985  0.00001604044678533  0.00001644705282586
  0.00001691242083271  0.00001738212367259  0.00001786693139257  0.00001835507238995
  0.00001901600426499  0.00001976940900067  0.00002046062841956  0.00002110219018115
  0.00002171919139024  0.00002233206352103  0.00002301540909250  0.00002368667158321
  0.00002446354246086  0.00002530350751385  0.00002623682734269  0.00002716839268913
  0.00002808194113340  0.00002905670701798  0.00003015442369527  0.00003134352429249
  0.00003265162030373  0.00003418895390536  0.00003593277911142  0.00003764138028676
  0.00003943218363498  0.00004146700392905  0.00004379132082793  0.00004608007266802
  0.00004815624960825  0.00005035615268194  0.00005274077944750  0.00005567572502046
  0.00005872405580640  0.00006241174078622  0.00006637149181303  0.00007082220920202
  0.00007688386869975  0.00008477341658594  0.00009478473385763  0.00010523243214462
  0.00011827625176305  0.00013406115765671  0.00015608046143335  0.00018500899368471
  0.00022801680687510  0.00029435102792764  0.00041097489076227  0.00064476811722236
  0.00120212953435338  0.00312084249747646  0.16428579132468782  1.00000000000000000
  0.00002693053231473  0.00002761446792493  0.00002818589261708  0.00002871761447608
  0.00002916476978305  0.00002967224709052  0.00003032652943502  0.00003110197270412
  0.00003175715653333  0.00003237473194082  0.00003292099923674  0.00003341764257499
  0.00003410738234840  0.00003497469635725  0.00003603818311891  0.00003711111907796
  0.00003818534465517  0.00003995202961577  0.00004179333371587  0.00004372167626125
  0.00004575706591284  0.00004786783111290  0.00004992075384229  0.00005217370998565
  0.00005445569763046  0.00005660057254875  0.00005859359011265  0.00006029586298681
  0.00006197897018509  0.00006373865448020  0.00006566381891435  0.00006727015727058
  0.00006911397155369  0.00007110450148154  0.00007323237564357  0.00007552285251657
  0.00007764344019558  0.00007980733980988  0.00008204196311486  0.00008413009254380
  0.00008622390135349  0.00008854580966101  0.00009070353447629  0.00009351331225751
  0.00009691412249788  0.00010056072744954  0.00010430343274803  0.00010811450329846
  0.00011210477872081  0.00011612557750822  0.00011982813737050  0.00012374887960238
  0.00012858103859946  0.00013310951649022  0.00013731406390714  0.00014200893980737
  0.00014738745614972  0.00015296981901903  0.00015858657092615  0.00016503750636344
  0.00017338199257490  0.00018329386867035  0.00019323404104755  0.00020337018988898
  0.00021437747383886  0.00022587127785676  0.00023779094340543  0.00025088609306821
  0.00026562245055341  0.00028064240952421  0.00029675979184561  0.00031434863944338
  0.00033457508882319  0.00035764112586603  0.00038280547447556  0.00041428878978532
  0.00045150679793935  0.00048938147493833  0.00053028869602537  0.00057548306082008
  0.00062364498319754  0.00067971718023249  0.00075479645603128  0.00084605306600710
  0.00094129034059191  0.00105172194533270  0.00119572377037033  0.00140930215975759
  0.00175900806359960  0.00228751974648168  0.00310023145460544  0.00450827980749937
  0.00757534106406142  0.01249568960115523  0.41916944990274291  1.00000000000000000
 -0.00000290863040023  0.00013865567358169  0.00076728769380463  0.00191202103032277
  0.00368145104407969  0.00613701624186985  0.00872184163701959  0.01193275792567397
  0.01549862625471986  0.01884546359296996  0.02257955449925763  0.02718020897071513
  0.03240770544102208  0.03735424683645988  0.04207154897132688  0.04733094248275608
  0.05232048864333829  0.05714270914432385  0.06275355342909819  0.06901808861879685
  0.07536567885835377  0.08141364376580774  0.08792447185065612  0.09556363366469271
  0.10429788026246978  0.11389475660022666  0.12472937007349781  0.13607195433684896
  0.14724287443482817  0.15808218441593813  0.16911635627356486  0.18014107061538326
  0.19014742268913865  0.19964608290894909  0.20855343167766935  0.21782986880248040
  0.22684019439546205  0.23661336256367052  0.24670024124634413  0.25749112160981003
  0.26917392646452515  0.28210545664291636  0.29637626323408783  0.31100746265392815
  0.32461230062464236  0.33787074997526895  0.35068142308922279  0.36296949499167608
  0.37554907236383595  0.38910245948193339  0.40286394643520501  0.41574552330972026
  0.42695658848007856  0.43931013771142102  0.45269828648955379  0.46727441852379531
  0.48112490487384713  0.49419191921357575  0.50770435168627337  0.52184645598989787
  0.53529628812869567  0.54822547406822586  0.56137027923902427  0.57528134107421636
  0.59043874595667345  0.60570910023559144  0.62144693270657070  0.63708557859258175
  0.65247565839638066  0.66782334889900119  0.68268133971455980  0.69674862991970810
  0.71005355865094244  0.72318145302192638  0.73768284870203016  0.75155048365986377
  0.76513120692152436  0.77871856162791941  0.79194443946256421  0.80497078005912959
  0.81852058779091952  0.83251018695322165  0.84601740938176062  0.85971420993629510
  0.87264147276166315  0.88594004220265876  0.89850472472665777  0.91013785955110971
  0.92081344864266257  0.93084437068481296  0.94075482162618118  0.95074274422857896
  0.96103276502936696  0.97234810405815852  0.98490347104255804  1.00000000000000000
 -0.00222006255324310  0.01367436754157458  0.02454081831683670  0.03272373739969390
  0.04091517278529440  0.04978670959999694  0.05799107948094731  0.06543971485048707
  0.07218455236221991  0.07937689112226122  0.08742888999320964  0.09799321347039680
  0.10727993084665230  0.11666111034554115  0.12858797237370970  0.14214089395075843
  0.15443972009564699  0.16559187278549159  0.17652372245486900  0.18689974034026657
  0.19681247246826561  0.20652795321991491  0.21588411835200974  0.22575732573652368
  0.23617487350848251  0.24732951563009156  0.25881504584185994  0.27145260966865820
  0.28413114542081308  0.29600511956135817  0.30750987031891047  0.31915964295089566
  0.33048921983597990  0.34117205644099685  0.35209449144770133  0.36304875537767806
  0.37349903837373083  0.38307432282501835  0.39113203373590144  0.39970618823873300
  0.40866148355733417  0.41630372863025195  0.42304645813224584  0.43010148311592616
  0.43776617986405381  0.44654068095937677  0.45732651181515882  0.47066775921506709
  0.48557620785962879  0.49943552424821608  0.51110294509120302  0.52214891653911377
  0.53288797413192346  0.54423810244512727  0.55483950045803931  0.56573462497726734
  0.57894751101105502  0.59272706595925861  0.60691753230527490  0.62087492971988090
  0.63390852677005216  0.64590567610801808  0.65615050934123864  0.66653339672722389
  0.67617994343862831  0.68513383772160763  0.69276236257802448  0.70095783769081155
  0.70940399308983237  0.71935443128442045  0.72903298961202756  0.73867721010298459
  0.74760187260196753  0.75766258605100556  0.76789168226333071  0.77801789585660608
  0.78880574870896358  0.80030416949070748  0.81158057245964910  0.82242093411016914
  0.83343581436633762  0.84553362152264322  0.85743514131608667  0.86671222396529513
  0.87554497637282958  0.88481460575879955  0.89556842842893514  0.90763259814348929
  0.91924278327908970  0.93081749549660542  0.94153182312689887  0.95136638413868480
  0.96183882809372678  0.97221990432887018  0.98345779133724187  1.00000000000000000
 -0.00183249050681167  0.00728693461894550  0.01561764120342622  0.02495460600394272
  0.03466508228759957  0.04425656023898470  0.05239263981468433  0.05993599259061458
  0.06819663761901440  0.07827724667714107  0.09002225941532407  0.09802320955043049
  0.10513708722476808  0.11362935211767870  0.12215224785285765  0.13237551694661701
  0.14459131462968708  0.15701694827479623  0.16850922143106917  0.18047659535034269
  0.19372526307872184  0.20705829427881303  0.21854972179359511  0.22857691972247282
  0.23818140621552628  0.24708372734867273  0.25702495664660080  0.26785168857873037
  0.27969486462654630  0.29085149959373202  0.30120929173530031  0.31291700194207722
  0.32643005333150316  0.33833864614775366  0.34988336500444711  0.36220860927515885
  0.37590630993199442  0.38961336210019942  0.40332524466177416  0.41702903813164383
  0.42987221820337690  0.44223705232028648  0.45483101419841432  0.46745359500290318
  0.48077454407240228  0.49530881154859202  0.51029524589346120  0.52427724283243948
  0.53760103523078095  0.55003186368430568  0.56119095946740705  0.57120283589110377
  0.58105326711595728  0.59129007035860870  0.60100128364207039  0.61048982481521041
  0.62059112092921576  0.63197702150908963  0.64436242343250283  0.65659026996113956
  0.66868539020234907  0.68125820080342991  0.69383671156865923  0.70598215114736451
  0.71738616526822441  0.72800270192928462  0.73950161461044306  0.75200979251274158
  0.76497968351433743  0.78004980001621094  0.79335192822072642  0.80465001283416371
  0.81711861122209828  0.82931247757350302  0.83995533579344472  0.84886700945191429
  0.85808830469230379  0.87150074513201770  0.88302025589755695  0.89382180680682533
  0.90453737106887033  0.91541123630668397  0.92657977662654611  0.93759070066371886
  0.94372008988579237  0.94903605356780329  0.95342362597716313  0.95822628303868540
  0.96408840159221421  0.96894295712473255  0.97326368582613165  0.97815138114478961
  0.98331801316728706  0.98863439114507301  0.99425575341130035  1.00000000000000000
 -0.00126032235783005  0.00654863188950244  0.01315228566894307  0.01995723617799333
  0.02773627857348241  0.03651633135389366  0.04428771480210052  0.05142113339234365
  0.05916100245588804  0.06895772408645316  0.08090781666042711  0.09246476661148374
  0.10418993795300570  0.11530820876105294  0.12720236453102610  0.13959465528600457
  0.15067036795576497  0.16071969203834321  0.17119187923799933  0.18240058921776528
  0.19391856414675868  0.20621420794248602  0.21720388534243545  0.22823736225539082
  0.23912517775024508  0.24941742790986965  0.25915726937816275  0.26881362467650127
  0.27995565381772247  0.29258046705345014  0.30400194627860738  0.31623976545415039
  0.32845222801524909  0.34072935728258180  0.35427240500728469  0.36785775529433995
  0.38163247946782092  0.39562983184522449  0.40837731829842466  0.42060368156636918
  0.43075817157198404  0.44123617127193382  0.45045617448539704  0.45968215433371989
  0.46856290618501578  0.47875054350702079  0.48774942189100340  0.49521559653412850
  0.50249411789248388  0.50979888504263260  0.51863577358488266  0.53110735288533761
  0.54247374463984721  0.55372439769228365  0.56459274364744527  0.57666473853869071
  0.58878865376346701  0.60030455550355188  0.61298122183754489  0.62652607661904525
  0.63910445537822913  0.64999738208058333  0.66067537914211072  0.67067246661149371
  0.68115247540205703  0.69329391132272655  0.70644807230424411  0.71693347347015601
  0.72726868308416004  0.73711657377821227  0.74547852126848468  0.75254372250690371
  0.75994310978524349  0.76734339924777173  0.77547018501445764  0.78421962901983588
  0.79335089859529062  0.80350726679571838  0.81367740458785376  0.82317025915272779
  0.83311465904732929  0.84322264649073375  0.85267349733346165  0.86126291076555683
  0.87000790260527217  0.87956299546992056  0.89086829747930085  0.90103773472414517
  0.91155928460709079  0.92317434200291715  0.93546917766902593  0.94834773356275515
  0.96148069110489243  0.97438380249595546  0.98712039709830579  1.00000000000000000
  0.00082904201830251  0.01289169021115887  0.02242123984986675  0.03076522923101226
  0.03835101131270038  0.04514454666309888  0.05106726110224171  0.05768974274056679
  0.06536839005879264  0.07358163483062326  0.08252694846068073  0.09165435894841242
  0.10064833811480645  0.10923697347487024  0.11730543169058455  0.12550737498697986
  0.13317914973545503  0.14389089905285729  0.15357992120267458  0.16265210809189698
  0.17086769703103968  0.17933208075902143  0.18904018344107557  0.19946763291520189
  0.21125778205663104  0.22115555843476209  0.23182240421216416  0.24364929193144014
  0.25653222731331327  0.26756451598854303  0.27570407369605837  0.28414146659503647
  0.29421847975786364  0.30306688430488971  0.31222346534671508  0.32176776858348455
  0.32951268671853040  0.34066272041918577  0.35670601674095248  0.37301736443017836
  0.38983311095390782  0.40618669489492532  0.42168420171755655  0.43761542565429468
  0.45359395707740202  0.46788581220042996  0.48212917007463696  0.49654490369586263
  0.51319120758004799  0.53027354107488966  0.54532112780936526  0.55954180527568187
  0.57399416345251619  0.58782141081941097  0.60023926616837298  0.61347280412398097
  0.62951081552397137  0.64729918423179211  0.66126209797781610  0.67336547658320778
  0.68489909730120146  0.69666051793405137  0.70946928341050131  0.72259470723296415
  0.73412464969445923  0.74306822810007733  0.75111095203360045  0.75798157677130296
  0.76743447826367639  0.77864021785343562  0.79036923561834638  0.80065545596361076
  0.80950980854674393  0.81889954815207922  0.82932750337528038  0.84022421601740771
  0.84961712544267265  0.85850978473972750  0.86777846277457393  0.87823662875908426
  0.88890690609312795  0.89784740415841113  0.90550872679386873  0.91318591107484504
  0.92012787385910610  0.92671573143530672  0.93378480887334570  0.94404974254366614
  0.95373484278144893  0.96252912302828886  0.96972965517286391  0.97742108486240076
  0.98426331898115305  0.99015293631471524  0.99514322083594176  1.00000000000000000
 -0.00294551563844729  0.01099829816448288  0.02094270923046934  0.03053327516003270
  0.03955718985326084  0.04820053710445871  0.05694742069104711  0.06572932503760064
  0.07554073464377371  0.08455583817830652  0.09445638431137778  0.10426523314261200
  0.11852087815826087  0.13201659673299385  0.14392213535249385  0.15185989058723243
  0.15905803647406949  0.16610039619277162  0.17395681109979189  0.18473375443447343
  0.19517851930032601  0.20591299077050557  0.21692776795884744  0.22761941166694352
  0.23859432728022606  0.24886833718420492  0.26187208311879129  0.27532393679375922
  0.28849736797911463  0.30207664200418305  0.31424158917972461  0.32524622389969238
  0.33585300181707528  0.34660541341064932  0.35824183875158666  0.36903392722748329
  0.37764061389168391  0.38615066031352124  0.39455369302278032  0.40375337966437530
  0.41169280631208210  0.41994790152510131  0.42707614396449861  0.43472399965214942
  0.44259767847052534  0.45052275851911250  0.45787151173696133  0.46575719848992003
  0.47508084442217835  0.48797118726205740  0.50237398589867299  0.51628382287924923
  0.52968080677188412  0.54291044043672188  0.55629575921356611  0.56848675044506414
  0.58040750426662358  0.59175988081230746  0.60242975552041533  0.61254633916849599
  0.62277225642617429  0.63390528187266770  0.64582560502433861  0.65713873509268805
  0.66769351463161353  0.67800142247711948  0.68858111169326885  0.69981212807582538
  0.71120535431827536  0.72216506052399987  0.73261375325624944  0.74251608224812027
  0.75321788475178753  0.76367910732268773  0.77403012220428580  0.78420229010125542
  0.79510525842099156  0.80727582243273910  0.81936480340981477  0.83317017699827789
  0.84809690956754669  0.85961641243713793  0.86821419384435783  0.87674602405287350
  0.88584389355168125  0.89514070268042101  0.90465852013746340  0.91454634681714353
  0.92463069629919292  0.93428506661650534  0.94341173422196978  0.95268164613409589
  0.96207498200628316  0.97207946805471157  0.98471692974040304  1.00000000000000000
  0.14580591886924288  0.15493652016719400  0.16310412368592933  0.17108626105860722
  0.17886793489359279  0.18695770095727879  0.19804964409682058  0.20913100762430584
  0.21718301462454373  0.22440554183192452  0.23056123885753232  0.23711687916416233
  0.24428096691742079  0.25187161006140313  0.25908774812301383  0.26637219352899155
  0.27671469097663332  0.29045411106062874  0.30282989919930470  0.31380385622067747
  0.32338740940735061  0.33148621409210638  0.33828524749007272  0.34492773741298610
  0.35285624053195058  0.35878587160144476  0.36449053370054951  0.36999949679793476
  0.37768963672586586  0.38791083704500523  0.39722705733465197  0.40562517176738749
  0.41432012644147054  0.42269714178600687  0.43245348583088350  0.44154900136927094
  0.45091566267045408  0.46006461234532015  0.46767519900594862  0.47651603855826402
  0.48441316562957404  0.49134850571270383  0.49908790316261115  0.50850988371939887
  0.51921606383271113  0.53202916800404387  0.54596844959860547  0.55840850861993829
  0.56938755805935559  0.57956772323805561  0.58895203385542616  0.59814924993632113
  0.60715188547818333  0.61631281714637220  0.62620453908623430  0.63720355830965736
  0.64788992986531779  0.65818666539468140  0.66825611942408480  0.67752863348032977
  0.68672241638624976  0.69521561696203527  0.70359338214633260  0.71184268241014093
  0.72023729648483958  0.72961646524495749  0.73865162668060680  0.74630175608429461
  0.75391760187430357  0.76146985259325861  0.76964748272879679  0.77874662222568170
  0.78854829718190578  0.79846381031140523  0.80640585239370477  0.81396239200115028
  0.82120960094447670  0.82902955681786117  0.83801344442887338  0.84773702751844315
  0.85713593271357491  0.86576748512039559  0.87372172588268393  0.88224552756952146
  0.89172499969641716  0.90172148499070681  0.91214620835294091  0.92033491978560400
  0.92780646350088014  0.93530042467320418  0.94408311676388312  0.95295619879791038
  0.96138527556650644  0.96957939113683034  0.98031431324392448  1.00000000000000000
 -0.01841164171033780  0.12780070367252472  0.18676647495529392  0.21958592122454579
  0.24644518289718817  0.26527432218793212  0.28139641767012691  0.29711506277584537
  0.30983634679534455  0.32271516985964466  0.33708867508487239  0.34903471447759116
  0.36154910341779234  0.37417878037858604  0.38671638950604453  0.39793007096716698
  0.40476362204518684  0.41093143831887669  0.41772937927935883  0.42446037299305661
  0.43337497258747032  0.44198431391311982  0.45071846594833764  0.46011541394613387
  0.46964476948687600  0.47877917538033282  0.48742916273293529  0.49593275113794622
  0.50435175887555839  0.51211990484771153  0.52040817909551185  0.52884788452565790
  0.53727178885898430  0.54439302512059495  0.55018295924084049  0.55540518560757102
  0.56081724430944035  0.56636158744526777  0.57242555208793855  0.57828044375686993
  0.58432056430673696  0.59077985183709936  0.59712333179188681  0.60307619700841308
  0.60901798365131310  0.61507252978360683  0.62089722371056622  0.62547463551774540
  0.63002651169194868  0.63452388205669408  0.63911842360843374  0.64378275311161748
  0.64785162569074806  0.65206274251249896  0.65692228018249788  0.66236241774865912
  0.66809387399662157  0.67386110360362494  0.67928576901083837  0.68458095857360113
  0.69028618285059040  0.69635244690789688  0.70253951888054378  0.70872667037835946
  0.71487336830842863  0.72106975588607680  0.72713556661823919  0.73235379936889167
  0.73683222985093255  0.74123278869807452  0.74579213884283613  0.75051388138201336
  0.75518079335219279  0.75980476444067691  0.76429607796672616  0.76893606130881476
  0.77390271054560933  0.77912046581799732  0.78422043825775989  0.78906438205791740
  0.79428731517336593  0.80052781399708350  0.80728037273190301  0.81475379781346891
  0.82239572011128070  0.83042635564881284  0.83874232446477581  0.84717317323102292
  0.85647224647268649  0.86624268899712287  0.87653912669703471  0.88795892576576207
  0.90174712165600757  0.91785817086084653  0.94034506395285566  1.00000000000000000
   7.7948499315588303E-006  -1.0000000000000000     
 F F F F F F F F F F F F F F F F F F F F F F F F F F F F F F F F F F F F F F F F F F F F F F F F F F F F F F F F F F F F F F F F F F F F F F F F F F F F F F F F F F F F F F F F F F F F F F F F F F F F F F F F F F F F F F F F F F F F F F F F F F F F F F F F
  <DiscreteSampler_grid>
  grouped_processes
  1 # 1 for a reference and 2 for a running grid.
  10 # Attribute 'min_bin_probing_points' of the grid.
  1 # Attribute 'grid_mode' of the grid. 1=='default',2=='initialization'
  0.0000000000000000 # Attribute 'small_contrib_threshold' of the grid.
  0.5000000000000000 # Attribute 'damping_power' of the grid.
 # binID   n_entries weight   weight_sqr   abs_weight
    31   10   1.034348767866627E+000   2.857131049448236E+000   1.034348767866627E+000
    32   10   1.034348767866628E+000   2.857131049448240E+000   1.034348767866628E+000
    40   11   2.803690704563685E-001   3.071723877902173E-001   2.803690704563685E-001
    41   11   2.803690704563691E-001   3.071723877902187E-001   2.803690704563691E-001
  </DiscreteSampler_grid>
