 -0.00242961898080424  0.00951007838627656  0.01967106459201929  0.03018868480791510
  0.04073307251862707  0.05127460939711535  0.06181046583529341  0.07234549281571299
  0.08288539426420226  0.09343290600905645  0.10398092835254999  0.11452626240449555
  0.12507437012109196  0.13562344401112938  0.14616799171898825  0.15670086620342669
  0.16722144344735740  0.17774727212792002  0.18828003320701187  0.19882232081398951
  0.20936267372906303  0.21991003775212475  0.23045758129560018  0.24100786988303211
  0.25155687787232134  0.26210756863089951  0.27265663717141764  0.28320603930694749
  0.29375063737914070  0.30429588400885654  0.31483551059704934  0.32537784450401330
  0.33591820100791081  0.34645981002919463  0.35700179703789520  0.36754493760187051
  0.37809225178712236  0.38863831753364897  0.39918249904788627  0.40972153120683907
  0.42025982174377785  0.43078245817237482  0.44130907389937857  0.45183053102654869
  0.46236821435592762  0.47290647708065536  0.48345242029708463  0.49399471377224052
  0.50453677209704795  0.51507988749099853  0.52562838555251612  0.53617765535414708
  0.54672217673857804  0.55726500555940317  0.56780941101472771  0.57835385448898280
  0.58889639074619460  0.59943898336757284  0.60998014114233201  0.62052098029823932
  0.63105834997381649  0.64160213774856323  0.65215084962161196  0.66270311305739082
  0.67324878797204279  0.68378494868587392  0.69431254809165988  0.70484374629385926
  0.71538450743464044  0.72593121948743355  0.73648418899322710  0.74702586161027551
  0.75756842875032138  0.76810202182311060  0.77864312973643446  0.78918430077813473
  0.79972385839534310  0.81025876635639460  0.82079280869368720  0.83132411377236104
  0.84186365252032702  0.85240125183704862  0.86294907444677793  0.87349533356654929
  0.88404522389567408  0.89459644793980198  0.90513950603242088  0.91567592634369355
  0.92619831279555820  0.93673189125112810  0.94727260049273787  0.95782083920927596
  0.96836362489375549  0.97890444646255859  0.98945074280884748  1.00000000000000000
 -0.00237717178249361  0.00951463608017433  0.01967663313575397  0.03019753481826344
  0.04075149522217405  0.05130212483546671  0.06185123615764476  0.07239989519712881
  0.08294737893868873  0.09348829297875863  0.10402922296666149  0.11456947925664934
  0.12511767135952873  0.13566490764087857  0.14621036963433306  0.15675064107405173
  0.16729069594960325  0.17783450931267200  0.18838344147702257  0.19893261899770465
  0.20947397053344408  0.22000517125056451  0.23053942788529147  0.24108000124385306
  0.25163206240011604  0.26217670831849588  0.27272287039236609  0.28326401937277546
  0.29381143624502593  0.30435372564179852  0.31489850528954227  0.32544067281095018
  0.33598595542170462  0.34651996601504426  0.35705191785513191  0.36758004359963803
  0.37811945462129221  0.38865902218615461  0.39920103507856508  0.40973743227868398
  0.42027982953303444  0.43081991410022841  0.44136252428945477  0.45189614719201565
  0.46243256422907114  0.47296694302877257  0.48349972143259845  0.49403441253015207
  0.50457394294635993  0.51512442575048556  0.52567156025773831  0.53621371054151779
  0.54674952588001680  0.55728161632273987  0.56782132650084816  0.57835908191536112
  0.58890544141834211  0.59945044522947655  0.61000105522894676  0.62055029662151295
  0.63109223407896331  0.64163704524658438  0.65217716573633289  0.66272391906218731
  0.67326553979522041  0.68379690168071428  0.69432074698675572  0.70485030864805709
  0.71538361191370647  0.72592475734495832  0.73646455615277195  0.74701649147138949
  0.75756362030540569  0.76811040915530293  0.77865791546112650  0.78920966843093865
  0.79975670178788927  0.81029758394101514  0.82083375516582779  0.83136921851485723
  0.84190433959042532  0.85244463937279880  0.86298489019848879  0.87352295925151013
  0.88406146742468616  0.89460326811259883  0.90515136884404990  0.91570033904251069
  0.92622501512170952  0.93675351384436478  0.94727468121776126  0.95782232867654860
  0.96836348446424614  0.97890913359686071  0.98945323630720816  1.00000000000000000
   2.5522441584359087E-008  -1.0000000000000000     
 F F F F F F F F
  <DiscreteSampler_grid>
  grouped_processes
  1 # 1 for a reference and 2 for a running grid.
  10 # Attribute 'min_bin_probing_points' of the grid.
  1 # Attribute 'grid_mode' of the grid. 1=='default',2=='initialization'
  0.0000000000000000 # Attribute 'small_contrib_threshold' of the grid.
  0.5000000000000000 # Attribute 'damping_power' of the grid.
 # binID   n_entries weight   weight_sqr   abs_weight
    10   10   1.322623097372511E+010   1.749331857703254E+020   1.322623097372511E+010
  </DiscreteSampler_grid>
