 -0.00251683729656129  0.00956655338571220  0.01974807537177676  0.03026188169366253
  0.04080968482175788  0.05135250676886969  0.06189514590877013  0.07243572171947085
  0.08298012765932865  0.09352292450286119  0.10406579113267388  0.11460979567992727
  0.12515539686443261  0.13570086364837097  0.14624702983369042  0.15679237334111992
  0.16733560448912585  0.17787795654215907  0.18841194853347465  0.19895020620521425
  0.20949098913899200  0.22003976974319758  0.23058640202308198  0.24113360913641257
  0.25167451961467652  0.26221502170007543  0.27275743440336653  0.28330061700349907
  0.29384182439268092  0.30438026238258964  0.31492271149102852  0.32546356167961799
  0.33600601017420229  0.34654994728113714  0.35709736523695174  0.36764307446063910
  0.37818697713213689  0.38873279113994724  0.39927626546773853  0.40981541377406849
  0.42035132562609184  0.43089276036717344  0.44143639824279057  0.45197296167064477
  0.46250600269301145  0.47303951980642417  0.48357488716306496  0.49410819661889327
  0.50463826592449423  0.51517330085404656  0.52571303248991763  0.53625722948213839
  0.54680300362701117  0.55734796226740213  0.56789501031172496  0.57844285132639295
  0.58898924892782945  0.59953472197938162  0.61007525062811452  0.62061633509110914
  0.63115542443826500  0.64170317102846175  0.65223321182498406  0.66276248541583027
  0.67328667249844620  0.68382814491585753  0.69437001541398780  0.70491394098458093
  0.71545590749635590  0.72600109885685160  0.73654329872672186  0.74708346780897583
  0.75761928451398519  0.76815732837532646  0.77869219994755723  0.78923053920746200
  0.79976666869245372  0.81030296913108657  0.82084241760024002  0.83137436231079143
  0.84191481728284057  0.85245547324424320  0.86299924163495123  0.87353889543832985
  0.88407858147740725  0.89461592170688942  0.90515129490456403  0.91568331305904538
  0.92622075191821696  0.93676065207944093  0.94730036467784362  0.95784505859237568
  0.96838877916960253  0.97892653346798819  0.98946331621495287  1.00000000000000000
 -0.00249649571935403  0.00951558875516453  0.01967044317603906  0.03018412885800407
  0.04072665690961805  0.05127446158847115  0.06182236257904655  0.07236631588864373
  0.08290697743220718  0.09344662991466832  0.10399618500208807  0.11454780651046588
  0.12509472440836064  0.13564028621443647  0.14618196536940409  0.15672679437377976
  0.16727129301046645  0.17782132423868272  0.18837142048248834  0.19892177885371845
  0.20946582352329773  0.22001288280874995  0.23055034091405679  0.24108918332482271
  0.25162560330390804  0.26216717449952121  0.27270562262659526  0.28324368683898232
  0.29378662922305421  0.30432714211780454  0.31486379510300033  0.32540140318332866
  0.33594404430892699  0.34648962205512285  0.35703368695391724  0.36757807229323097
  0.37812107328458910  0.38866067990483794  0.39920522072192982  0.40975058068028530
  0.42029530137539378  0.43084040903534992  0.44138180968365143  0.45192718231804802
  0.46247270765345183  0.47301451624621654  0.48355182806302960  0.49408184059359306
  0.50461438042428342  0.51515215354066979  0.52568912835724269  0.53622811318031038
  0.54676745870246424  0.55730806502267338  0.56784612923028477  0.57837221419355533
  0.58890089612000507  0.59943798513002799  0.60998742164525444  0.62053859532331090
  0.63108762747775637  0.64163566083844514  0.65218067109849620  0.66272365271677602
  0.67326223274251029  0.68380615160306368  0.69434671079675636  0.70488808271259262
  0.71542070768391164  0.72595749900301698  0.73649866210409287  0.74704808721606031
  0.75759889136188285  0.76814623174182572  0.77868848729261486  0.78923147276171246
  0.79977742691908604  0.81031238673973549  0.82084926291969695  0.83138358975512339
  0.84193506385551420  0.85247540898035978  0.86301097488677869  0.87354125159399443
  0.88408187701973795  0.89462880050308924  0.90517695812910837  0.91572088100749083
  0.92625748736491142  0.93679850136405118  0.94733252036509485  0.95787924231432220
  0.96840806319778405  0.97894853674595528  0.98947593184411564  1.00000000000000000
   2.5650233445116412E-008  -1.0000000000000000     
 F F F F F F F F
  <DiscreteSampler_grid>
  grouped_processes
  1 # 1 for a reference and 2 for a running grid.
  10 # Attribute 'min_bin_probing_points' of the grid.
  1 # Attribute 'grid_mode' of the grid. 1=='default',2=='initialization'
  0.0000000000000000 # Attribute 'small_contrib_threshold' of the grid.
  0.5000000000000000 # Attribute 'damping_power' of the grid.
 # binID   n_entries weight   weight_sqr   abs_weight
    10   10   1.322623097372511E+010   1.749331857703254E+020   1.322623097372511E+010
  </DiscreteSampler_grid>
