  0.00000455755494808  0.00000569798798238  0.00000629951960192  0.00000693232191535
  0.00000751993537744  0.00000811103041185  0.00000874989490410  0.00000942411997407
  0.00001013269877487  0.00001089520931822  0.00001186467581970  0.00001287467732252
  0.00001388595585299  0.00001482863477557  0.00001584581029909  0.00001692083704248
  0.00001819093029656  0.00001951999352149  0.00002091882412889  0.00002236700502446
  0.00002406506671714  0.00002586667419748  0.00002783736724139  0.00003007580090504
  0.00003258314690339  0.00003534544671070  0.00003826389532163  0.00004140309384675
  0.00004486459835430  0.00004857190177615  0.00005243129430725  0.00005700607646170
  0.00006141959361968  0.00006591841698297  0.00007092935456488  0.00007659855264802
  0.00008265428864141  0.00008892998347013  0.00009548375590548  0.00010262096360877
  0.00011048240436850  0.00011905330552956  0.00012845749646288  0.00013837453519089
  0.00014906802813215  0.00016040881221932  0.00017287226857130  0.00018679767877887
  0.00020115045815979  0.00021665020968370  0.00023345922741971  0.00025197396931510
  0.00027226742711339  0.00029471422117355  0.00031922242276160  0.00034576646463703
  0.00037558118654202  0.00040680114922057  0.00043959013474503  0.00047736084046327
  0.00051448778481320  0.00055413852567035  0.00059780177482343  0.00064609165380087
  0.00069914473858966  0.00075241811303473  0.00081230741058398  0.00087935881446919
  0.00094829143790473  0.00102481264960048  0.00111232048891229  0.00121245967686086
  0.00132513970524851  0.00144758039333240  0.00159343497646193  0.00175932213381718
  0.00193092481825792  0.00210422500573796  0.00228165118644963  0.00249913597523358
  0.00274274469151159  0.00300715997450598  0.00332975109347989  0.00373044534050015
  0.00431397596871002  0.00503460500050427  0.00578357570210686  0.00659052036993787
  0.00778493929370956  0.00884466023798322  0.01024079896158049  0.01223625527757061
  0.01612303636710188  0.02416582432871765  0.08626338635952224  1.00000000000000000
  0.00000487625645921  0.00000522301310011  0.00000546753691461  0.00000566056516700
  0.00000582026813106  0.00000600474477109  0.00000621655799516  0.00000646191271656
  0.00000670059767780  0.00000693359878743  0.00000716897128763  0.00000740498801640
  0.00000763790153657  0.00000787144747821  0.00000811489763069  0.00000838223460135
  0.00000867110826375  0.00000895174947540  0.00000924792669194  0.00000955415249267
  0.00000987475909814  0.00001021616028345  0.00001057515613413  0.00001094284166079
  0.00001132289859673  0.00001171915256703  0.00001209005444930  0.00001249616942278
  0.00001290587940233  0.00001332974711352  0.00001376487677135  0.00001420937738237
  0.00001468856014507  0.00001523538670379  0.00001580484703601  0.00001639590489481
  0.00001700127363053  0.00001763223588832  0.00001825676551737  0.00001892198557224
  0.00001965500066870  0.00002046382146753  0.00002133771670281  0.00002223844150314
  0.00002316693884023  0.00002410104079270  0.00002500964393944  0.00002605811635716
  0.00002715210799030  0.00002833226562519  0.00002959070381871  0.00003095943039482
  0.00003240034659886  0.00003398383015693  0.00003570171908842  0.00003747249295073
  0.00003929207239694  0.00004121558380568  0.00004325732337069  0.00004552747318757
  0.00004820274122305  0.00005107151932784  0.00005405113757086  0.00005723034561003
  0.00006053882516638  0.00006411257257966  0.00006789524517777  0.00007209735964512
  0.00007675579305587  0.00008181025073084  0.00008737082970023  0.00009325677597098
  0.00010010882825830  0.00010787320223869  0.00011697347938513  0.00012815920271294
  0.00014143090967068  0.00015564186311173  0.00017244326332099  0.00019242594018592
  0.00021653533788221  0.00024705076551516  0.00028604665851302  0.00033371551812550
  0.00039145869248080  0.00046430985277899  0.00055561024998525  0.00066585655384137
  0.00080605391372432  0.00099016363698457  0.00123144448707162  0.00157901891230446
  0.00225385083849805  0.00391301081493536  0.12419790004768788  1.00000000000000000
  0.00000521557215331  0.00001326099251741  0.00001629531220296  0.00001882094642022
  0.00002118721353361  0.00002342626335344  0.00002569055730759  0.00002812079373077
  0.00003077166293628  0.00003342903061268  0.00003627659434436  0.00003935744340852
  0.00004267658558985  0.00004639061253673  0.00005057878042890  0.00005512237251746
  0.00005987914663152  0.00006494326128952  0.00007045130212312  0.00007647466249798
  0.00008288751224820  0.00008981032240493  0.00009722518049784  0.00010488866638325
  0.00011323227487975  0.00012235564601803  0.00013201685461622  0.00014266631182536
  0.00015444073306411  0.00016717044186507  0.00018079397620888  0.00019519934077066
  0.00021021220572699  0.00022647679193232  0.00024363623578194  0.00026201662970453
  0.00028220253984768  0.00030503919342773  0.00033012579582473  0.00035745882938266
  0.00038722221153629  0.00041811010220650  0.00045111018699372  0.00048683075698121
  0.00052335632274068  0.00056275189306347  0.00060642539706653  0.00065542019117799
  0.00070830288255497  0.00076321541561236  0.00082146641403860  0.00088805402570961
  0.00096281685895555  0.00104378394714736  0.00112656078470802  0.00120740780220518
  0.00128960287181855  0.00137430354352819  0.00148501688727784  0.00159217788089866
  0.00170369975066662  0.00182025331115931  0.00193071983904949  0.00203508829639588
  0.00213606692865163  0.00226223454440836  0.00242016794753596  0.00259522498279500
  0.00277252102154266  0.00295179155507244  0.00318268906065133  0.00341223629835866
  0.00360660445641278  0.00378053865735348  0.00399654187310075  0.00424363763194668
  0.00452081737549331  0.00481966114836701  0.00506718079609726  0.00533408072642705
  0.00560576950597931  0.00587673934219775  0.00626630902513731  0.00656386319476441
  0.00688760595750586  0.00730946990463285  0.00787433593345418  0.00860171346323850
  0.01020563149502243  0.01227610408784219  0.01339139275810879  0.01452467499977119
  0.01574738794524755  0.01766465402850572  0.10690170399449622  1.00000000000000000
 -0.00216653892915705  0.00888636683527850  0.01869926933293828  0.02947650595497608
  0.04040888511727018  0.05196014742976468  0.06390679521515959  0.07445600789876634
  0.08516066657355541  0.09606800381331021  0.10664092559267353  0.11722609500822014
  0.12771313233983067  0.13932752052213604  0.15085492859447316  0.16282328657066911
  0.17459646810732338  0.18574659303359936  0.19620911964153498  0.20681783982565777
  0.21786031068061584  0.22868109969536513  0.23999388165643371  0.25159726659813875
  0.26424969647866714  0.27648903625529625  0.28791768396841444  0.29949256302458716
  0.31106310746856708  0.32249507986914949  0.33400784519424559  0.34588746976883272
  0.35771985183504518  0.36943181527370200  0.38102389705244721  0.39313396141830032
  0.40563506238217267  0.41754822092151683  0.42847204905512459  0.43911582110830644
  0.44978361913209269  0.46060099860305104  0.47154867719652199  0.48324611790940752
  0.49512407647582934  0.50646629848104729  0.51728856646197519  0.52817103187790615
  0.53849206496977930  0.54810375122382948  0.55743006805916384  0.56701196774304785
  0.57714984374955325  0.58736458745212605  0.59796466072596355  0.60903896353608833
  0.62008209430309613  0.63042084162236600  0.63972552965297824  0.64882006213934096
  0.65819998566208981  0.66819457813307070  0.67878880204719949  0.68968872728711206
  0.70054424283156969  0.71100951538712176  0.72112416012088998  0.73131748247856221
  0.74155738784740366  0.75205940044263075  0.76279758809873166  0.77324515953340189
  0.78332107572280008  0.79315746743529603  0.80295276139441885  0.81253319238864019
  0.82184175206651267  0.83149765389481467  0.84128804700675308  0.85086810683524206
  0.86010061011525696  0.86915342039505705  0.87815704995214761  0.88737901777782535
  0.89665022048298693  0.90582942443468417  0.91496780162444602  0.92410436831627574
  0.93335751098673214  0.94268301073032201  0.95213615790025585  0.96170451188193740
  0.97167864326862829  0.98138689928218814  0.99090395508128981  1.00000000000000000
 -0.00245339664171166  0.01182194134263083  0.02286634965607351  0.03383172279323905
  0.04432576385724469  0.05504069710463127  0.06552902993355555  0.07617225408788243
  0.08737534247459247  0.09885668458501010  0.11022010236763304  0.12183671935366162
  0.13396539210848235  0.14538317629462902  0.15583303524540329  0.16559023685376686
  0.17539702602680166  0.18510624565684922  0.19509171003600728  0.20534840696704573
  0.21567609281575523  0.22606238831367212  0.23623930951948791  0.24671461796792171
  0.25746264680104985  0.26802261537829020  0.27844083435362249  0.28870312704165441
  0.29953948863700680  0.31015903475909229  0.32098200529245541  0.33178287527823297
  0.34287505459947432  0.35309600766014271  0.36226835562313536  0.37132630616946449
  0.38133993273773270  0.39150858786270665  0.40106156625641159  0.41052850905445520
  0.42045714650208832  0.43214108229564413  0.44448884304922637  0.45720962724341341
  0.46799482283068389  0.47814018734935276  0.48785658645141855  0.49776747104291225
  0.50697330951874797  0.51554168304933345  0.52456330323187961  0.53506871518265053
  0.54616763953528891  0.55768104747400860  0.56928944433717465  0.58079717855215052
  0.59097564210491871  0.60094884244390034  0.61095461733325374  0.62155712540297459
  0.63261954224178285  0.64402178337071359  0.65545709904725546  0.66612777277777568
  0.67665368560691452  0.68737320312757089  0.69933483771762717  0.71156162931116718
  0.72374187591961736  0.73549025531859291  0.74699861870453721  0.75843508138996862
  0.76935683456000536  0.77944781313044720  0.78919797800877023  0.79907695694102154
  0.80951837179681640  0.81969645298630267  0.82982279741895060  0.83999770562652554
  0.85032775366455127  0.86003533367604901  0.86881587596195076  0.87773722704213786
  0.88694189425912107  0.89698970205540385  0.90781713024859523  0.91858461407237957
  0.92953107666217683  0.94025460056311672  0.95065636764873673  0.96049444447191867
  0.97030823624434348  0.97988994517884798  0.98999947479072337  1.00000000000000000
 -0.00164494072833135  0.00621737901861249  0.01387651425502877  0.02156862099635413
  0.03004656512773575  0.03853738163336124  0.04742090800868463  0.05695459787026586
  0.06684831922868627  0.07708981301258122  0.08653633423472015  0.09540856583187525
  0.10395658548236095  0.11290932546669248  0.12206328319981812  0.13066480289927385
  0.13932067245044347  0.14825593700054979  0.15807225893883062  0.16825523888834093
  0.17803521132463621  0.18734066064508534  0.19631319956785831  0.20519535549437409
  0.21516930678990098  0.22652070256715212  0.23843313994070325  0.25047502337074135
  0.26216009061466117  0.27391089789233602  0.28577169563462301  0.29806508864463249
  0.31083158004334738  0.32358697232350792  0.33574768994666632  0.34738553444195708
  0.35903106254911915  0.37145094979216409  0.38396212158969012  0.39586879135850900
  0.40745416048993016  0.41885266862634801  0.43013161841915115  0.44123896660022816
  0.45264727392127524  0.46380746398489758  0.47529039147249530  0.48758832001703400
  0.50094576860096340  0.51519407421764030  0.52970130826510931  0.54320901757554785
  0.55581021328190594  0.56790764791565129  0.58068939131990704  0.59347077665144887
  0.60571585637572467  0.61791626654111320  0.62996172137232620  0.64129214023928272
  0.65191847926427449  0.66244526358639944  0.67281955436811791  0.68362169301314835
  0.69519429684750589  0.70688291481783161  0.71834692964435787  0.72981150493624369
  0.74129642608567003  0.75195849349883737  0.76192630381761794  0.77204760083708157
  0.78261072099965290  0.79348583707518883  0.80423735697950982  0.81498860458180411
  0.82574756009070482  0.83627591808171275  0.84623063121400754  0.85592531209304867
  0.86514632677033254  0.87487093101112934  0.88424866872566499  0.89348271610892083
  0.90265972592767685  0.91189981143557020  0.92133440820480272  0.93089568350288654
  0.94017816997473169  0.94880406578791399  0.95730999021211827  0.96579177715172215
  0.97429076699504280  0.98296595935519560  0.99132458361042708  1.00000000000000000
 -0.00238131469187985  0.00872264953941644  0.01850065987141232  0.02822831362294265
  0.03849712010961275  0.04864418200710049  0.05899780367393501  0.06961968263392823
  0.08035590694937339  0.09053474821275187  0.10082684783807444  0.11230896299936052
  0.12427285844647210  0.13470990012433176  0.14467620453790275  0.15513455636755505
  0.16674280515992701  0.17773130515173963  0.18786208046266123  0.19844582198148841
  0.20947152731276752  0.22065193424522320  0.23170308663921294  0.24268870392140282
  0.25376660153265912  0.26464108489918836  0.27485138469952242  0.28471806449777870
  0.29424359854520399  0.30391279873720167  0.31426824100532502  0.32499253470332856
  0.33580332000339308  0.34674215434291566  0.35773703921203293  0.36885856941621964
  0.37972915670582968  0.39059500807850911  0.40129183935825741  0.41239203617802817
  0.42356048988040945  0.43444776255134554  0.44527809868305190  0.45625783717631757
  0.46774155573241383  0.47884011216476524  0.48936634908744792  0.49957235309040748
  0.50920756834221392  0.51877054987783411  0.52793911242186831  0.53716729167209332
  0.54720056619116086  0.55743673535189697  0.56732704777298126  0.57735295679634313
  0.58701060413833517  0.59695779253565107  0.60706791995391063  0.61756931677818272
  0.62832603085201100  0.63922311909398188  0.65004517103857173  0.66092509686163614
  0.67080766677686010  0.68069538572943555  0.69098134504246167  0.70161426748163747
  0.71225273193908056  0.72266255235195920  0.73334939559039114  0.74415150908861916
  0.75537173328108942  0.76699263829713038  0.77790995278000574  0.78800137266487202
  0.79789690208023245  0.80832728302844770  0.81921992673707533  0.82981616023840488
  0.84070821308065657  0.85118662161616920  0.86153428816196476  0.87155030392819410
  0.88191450706015651  0.89232999849765748  0.90280531959519394  0.91347938667759121
  0.92454955438464670  0.93593574866339457  0.94762659101893487  0.95890453602634340
  0.96958852224015735  0.97997287836876390  0.99005037642188365  1.00000000000000000
 -0.00217189024646610  0.00932565480389660  0.01885740086651669  0.02881551050311277
  0.03910802086836783  0.04936166342718666  0.06004743509972103  0.07091280331334651
  0.08227266793777321  0.09312561434219591  0.10373817525848088  0.11434930609795931
  0.12491255307433041  0.13519798040143699  0.14574080129101399  0.15668651571849518
  0.16766076523507681  0.17829866428479171  0.18881487714496270  0.19982619924408981
  0.21072276645604071  0.22138634452751277  0.23229041852487511  0.24365293013081160
  0.25468868608279793  0.26484560834204968  0.27500071796311010  0.28562026297878351
  0.29663238732768282  0.30700532103892197  0.31689445786521192  0.32657312838123015
  0.33673889758384168  0.34756995252144862  0.35854719015833536  0.36968598112142548
  0.38093290136419078  0.39259798984065819  0.40423548962695705  0.41562972889695976
  0.42676454174014328  0.43764841661953280  0.44861525744195241  0.45928697573166560
  0.46959669710244956  0.47938547065894910  0.48885567734586671  0.49824830214988097
  0.50780928139576109  0.51777845799668853  0.52783304174266732  0.53798918018857633
  0.54797074698029469  0.55776281156955387  0.56739909537541811  0.57760386773487526
  0.58813035907033107  0.59844807081492724  0.60820622160675075  0.61725802258678997
  0.62626464124599013  0.63576529389162661  0.64616720006646189  0.65761509074399882
  0.66934003821872157  0.68124001574266801  0.69323529036070708  0.70485243485481297
  0.71574797189044470  0.72640450841622606  0.73711870229329313  0.74779236300484764
  0.75817849836025142  0.76796517911986417  0.77781108670535404  0.78764924483073284
  0.79723873783995025  0.80711141711216683  0.81736401664137315  0.82754094762436148
  0.83741896417393991  0.84713699903564221  0.85758446336590322  0.86819246040279763
  0.87871113264469469  0.88843504138685891  0.89889376040343416  0.91027661648793001
  0.92173137881220535  0.93356018541620645  0.94425487450548373  0.95546583068188484
  0.96631123475611336  0.97772399683558986  0.98887454101067329  1.00000000000000000
  0.07023686771303651  0.11811216161163171  0.13544108178976677  0.14731043448550413
  0.15766062667075131  0.16708215247715219  0.17513369731503881  0.18264658706123363
  0.19068512166119328  0.19928584163772672  0.20786475932710005  0.21613448117528633
  0.22486465348397461  0.23438387478408929  0.24435952192403315  0.25514808562651403
  0.26570684755506702  0.27741646422937055  0.28942297958795860  0.30088467969218735
  0.31186051165373924  0.32220690837716920  0.33226575627563382  0.34168039124506272
  0.35128052489290718  0.36088908632372491  0.37061872737565293  0.37970470914685428
  0.38840192403790247  0.39689641443043816  0.40521253831088966  0.41329514053211519
  0.42154694331635367  0.42991964987979425  0.43896185488178385  0.44867222601971701
  0.45828747469847231  0.46716444400809798  0.47609256294240870  0.48527528329190939
  0.49468330772069874  0.50376035014420262  0.51301917134031549  0.52133942740702000
  0.53022982628785631  0.53864095577742577  0.54709969615980858  0.55555187780268900
  0.56453835538823671  0.57368505485771970  0.58276271999682006  0.59135168117586234
  0.60041705890297348  0.60915516723414664  0.61800360583914549  0.62658403063737700
  0.63513962671583446  0.64363329800824709  0.65213465406635251  0.66082072743714648
  0.66982165787169512  0.67877402047831747  0.68746973033126002  0.69609103769720893
  0.70481086640283941  0.71381009513462368  0.72293904620659422  0.73240785258948427
  0.74176890319969135  0.75093862666977373  0.75946686739953595  0.76808288768577782
  0.77678036578023413  0.78543817316596642  0.79406724641336757  0.80282811644103202
  0.81208840495515355  0.82198382637905409  0.83168402612345249  0.84056784153621977
  0.84913584391650909  0.85758509584436771  0.86608755763279677  0.87437164208754092
  0.88253348365829043  0.89078243711393135  0.89948562860150572  0.90822216674451917
  0.91721904435758661  0.92666821156755996  0.93636020758977512  0.94659355496653730
  0.95685060400554145  0.96856127730713071  0.98283920957050808  1.00000000000000000
 -0.02071217430975140  0.13246917701516833  0.18120996354930799  0.21118453473632220
  0.23488716670232626  0.25565087689865534  0.27430127613033689  0.29127979341412291
  0.30713572093697195  0.32261663096587895  0.33739880322406507  0.35079866127103987
  0.36267522003242564  0.37339527503126435  0.38368586051586889  0.39375223449231034
  0.40383319148664620  0.41390792578354774  0.42423756602982171  0.43474644309677946
  0.44460672425890452  0.45369846734289482  0.46203124671616919  0.46982034095129122
  0.47742560028131370  0.48494891184283856  0.49202478805507494  0.49883880846316064
  0.50541043176116596  0.51246202440638622  0.51998833087344820  0.52720749543015022
  0.53420218913871587  0.54102973506302587  0.54782232366833283  0.55465483182789677
  0.56143883929986471  0.56813417493800322  0.57471555603751490  0.58106005022128215
  0.58718112930324995  0.59290070794684357  0.59887332147265371  0.60484015374732147
  0.61082153628507108  0.61679984678531685  0.62269454524713830  0.62843115421936269
  0.63401283768150096  0.63950492637128853  0.64498304126674255  0.65051477485293407
  0.65623055513818029  0.66197475523971849  0.66748265751888969  0.67286323699080575
  0.67825815259318145  0.68373631735576745  0.68901647813280931  0.69400283379684646
  0.69887996706864364  0.70382610028118375  0.70903167140424517  0.71452803928667175
  0.72001997529141948  0.72531162022485762  0.73071587769605550  0.73588561361940319
  0.74132251397113857  0.74680491211110278  0.75214470156541380  0.75749719711978036
  0.76285662167783619  0.76818181525469209  0.77352083218435452  0.77885777728634209
  0.78415088715691905  0.78944838153659003  0.79478511810969998  0.80010540324547585
  0.80551936607513541  0.81108428886675232  0.81714581313640100  0.82358802853843183
  0.83013659474499302  0.83699073978332927  0.84403278869662235  0.85153498204539091
  0.85973966567579829  0.86881522713498172  0.87858429910873481  0.88978165037711221
  0.90283806763611840  0.91906579183541026  0.94285572981457677  1.00000000000000000
   4.9479382667786222E-004  -1.0000000000000000     
 F F F F F F F F F F F F F F F F F F F F F F F F F F F F F F F F F F F F F F F F F F F F F F F F F F F F F F F F F F F F F F F F F F F F F F F F F F F F F F F F F F F F F F F F F F F F F F F F F F F F F F F F F F F F F F F F F F F F F F F F F F F F F F F F
  <DiscreteSampler_grid>
  grouped_processes
  1 # 1 for a reference and 2 for a running grid.
  10 # Attribute 'min_bin_probing_points' of the grid.
  1 # Attribute 'grid_mode' of the grid. 1=='default',2=='initialization'
  0.0000000000000000 # Attribute 'small_contrib_threshold' of the grid.
  0.5000000000000000 # Attribute 'damping_power' of the grid.
 # binID   n_entries weight   weight_sqr   abs_weight
    31   10   2.968638397237871E+002   3.236123944974149E+005   2.968638397237871E+002
    32   10   2.968638397237872E+002   3.236123944974149E+005   2.968638397237872E+002
    40   10   1.541029947746823E+002   9.217104267429536E+004   1.541029947746823E+002
    41   10   1.541029947746825E+002   9.217104267429546E+004   1.541029947746825E+002
  </DiscreteSampler_grid>
