  0.00000573500680309  0.00000973109268483  0.00001090803724272  0.00001156476329033
  0.00001223047674938  0.00001278508970806  0.00001316089117120  0.00001342575484245
  0.00001377237495193  0.00001416791326258  0.00001455260480207  0.00001494438299610
  0.00001552317919200  0.00001615391236382  0.00001673606923975  0.00001727840254075
  0.00001779299874432  0.00001828411535963  0.00001868441572158  0.00001906881930137
  0.00001966008998157  0.00002039117664868  0.00002111639082202  0.00002179426665121
  0.00002235272732989  0.00002300168187878  0.00002376112033782  0.00002461661976112
  0.00002558500043603  0.00002667505925053  0.00002780162002724  0.00002879677917905
  0.00002960766522872  0.00003032622097918  0.00003106043752197  0.00003179132253589
  0.00003258119708247  0.00003338703917861  0.00003447545580161  0.00003566326195680
  0.00003685802337138  0.00003808325578558  0.00003941930566258  0.00004090963827973
  0.00004233520828779  0.00004372104747894  0.00004514280128985  0.00004668504132705
  0.00004818773547905  0.00005005266494663  0.00005178309880487  0.00005358227882688
  0.00005544488792437  0.00005742370719446  0.00005972527737019  0.00006206415170719
  0.00006415942146834  0.00006610212971220  0.00006795104715056  0.00006982480019118
  0.00007209216967199  0.00007466591557462  0.00007697449348509  0.00007909597199594
  0.00008148726209883  0.00008464617984960  0.00008797846299237  0.00009114565752199
  0.00009426858922279  0.00009751208069954  0.00010103322370318  0.00010470629485259
  0.00010849089500920  0.00011252881133049  0.00011661604898491  0.00012098507993258
  0.00012642125790902  0.00013337604629733  0.00014008969856664  0.00014716681386928
  0.00015584734579963  0.00016766413704495  0.00018130078583090  0.00019581395683946
  0.00021610322716484  0.00024155134333846  0.00026945738719401  0.00030495796910116
  0.00035822100082532  0.00042409565296857  0.00051524917889796  0.00066891940056936
  0.00098282677206526  0.00226537489664721  0.20884392396092266  1.00000000000000000
  0.00000172481943342  0.00000176011600601  0.00000179198113294  0.00000182534643770
  0.00000184362823667  0.00000184919727604  0.00000186365979304  0.00000191406058100
  0.00000202127268504  0.00000212742122332  0.00000230396708065  0.00000254831378639
  0.00000278248364632  0.00000301274248659  0.00000324179295315  0.00000347038448984
  0.00000366204219444  0.00000385369989903  0.00000400027924226  0.00000414140996905
  0.00000428453677597  0.00000442945640803  0.00000457800367885  0.00000473545640400
  0.00000489337600126  0.00000505515912123  0.00000517691700434  0.00000523321673274
  0.00000531374824823  0.00000542955080030  0.00000556116237099  0.00000569138468015
  0.00000580875474525  0.00000592464870105  0.00000605034498259  0.00000617973729722
  0.00000628239937021  0.00000643783107926  0.00000668157366901  0.00000688295066743
  0.00000710600173039  0.00000731378193187  0.00000748913410275  0.00000762576699585
  0.00000775961096810  0.00000791708296968  0.00000811931202251  0.00000834886918493
  0.00000860490526157  0.00000889274118689  0.00000917861656348  0.00000951132591462
  0.00000988417666992  0.00001025552031380  0.00001064405000145  0.00001106380890810
  0.00001152799344150  0.00001205999380846  0.00001268098490139  0.00001326595113387
  0.00001384151991574  0.00001447091758909  0.00001518491203594  0.00001583613317747
  0.00001647102402991  0.00001718831973783  0.00001804747986363  0.00001908761167669
  0.00002025578776549  0.00002157169296414  0.00002304186863180  0.00002462210773291
  0.00002621773208873  0.00002790481200361  0.00002991714682838  0.00003234681123292
  0.00003525133646442  0.00003808028383938  0.00004065693617457  0.00004362217162655
  0.00004797905242807  0.00005334197152680  0.00006037179662573  0.00006891519718148
  0.00007982470569518  0.00009390900155392  0.00011686284112179  0.00015233852710273
  0.00019581611125697  0.00025386135252619  0.00034030820981781  0.00048681411496630
  0.00083748365322654  0.00404799603918304  0.29516060433734426  1.00000000000000000
  0.00000002924716684  0.00000005024724621  0.00000006664697633  0.00000008401979621
  0.00000010269952318  0.00000011856810671  0.00000013711180559  0.00000015624306996
  0.00000017273269375  0.00000018623587454  0.00000019753397371  0.00000020984944972
  0.00000022175618766  0.00000023513244435  0.00000025228529396  0.00000027102057866
  0.00000029115554492  0.00000031237532604  0.00000033352617374  0.00000034885093832
  0.00000036181730598  0.00000037602962239  0.00000039297816036  0.00000041082429739
  0.00000043891828419  0.00000046897711720  0.00000049625790909  0.00000053122468654
  0.00000057070981912  0.00000061229288360  0.00000065213822955  0.00000068919345091
  0.00000072844458867  0.00000077271160359  0.00000082516870212  0.00000088443759854
  0.00000094871523818  0.00000101529023088  0.00000109788306417  0.00000117986839643
  0.00000126812485155  0.00000136179808786  0.00000144969263567  0.00000153934690472
  0.00000163573103674  0.00000174672769075  0.00000186839407517  0.00000199989375121
  0.00000213816655620  0.00000229382485150  0.00000246139329140  0.00000263411070998
  0.00000281418959218  0.00000299883519498  0.00000317829494173  0.00000336056174566
  0.00000355856418344  0.00000379335151191  0.00000407490442586  0.00000440508945620
  0.00000476319899326  0.00000512608784948  0.00000549741912434  0.00000588611686223
  0.00000630214742346  0.00000676590739329  0.00000731402625855  0.00000796012285859
  0.00000867601329759  0.00000956242697193  0.00001070546339811  0.00001204028785852
  0.00001344248931653  0.00001485888063963  0.00001627731351459  0.00001787698370040
  0.00001975364916049  0.00002216948476506  0.00002519870805565  0.00002910844341379
  0.00003344054444425  0.00003811045179700  0.00004425871097440  0.00005264857721455
  0.00006457276777784  0.00008084828643638  0.00010304692662349  0.00013418451162409
  0.00017681422295964  0.00024266120256512  0.00033120890001056  0.00057395977005121
  0.00101601184896406  0.00251593969222419  0.03028814903116305  1.00000000000000000
 -0.00388582541424776  0.01272505430876930  0.02653518919696905  0.03987240636449653
  0.05079562081702227  0.06059832274007902  0.06925292063645912  0.07632783887056796
  0.08242257913672352  0.08839684305887766  0.09627115621671439  0.10711011914623020
  0.11912662791750914  0.13111433754894261  0.14191433683893523  0.15149591624466782
  0.16158482272305411  0.17157011052432797  0.18084725628732404  0.19072545117216741
  0.20061782194935862  0.20991598746651760  0.21987053464145065  0.23055671608375261
  0.24070087357494513  0.25228124120176970  0.26459956093607545  0.27590070178437209
  0.28459271411021425  0.29266306110219442  0.30138697486775495  0.31192120584409805
  0.32358451125741150  0.33573729014591747  0.34878236992277412  0.36293704716309594
  0.37697003532299495  0.38915414271199117  0.40066780224540838  0.41200359617600157
  0.42216833148474375  0.43106716653427268  0.44056972578104758  0.45113272368185237
  0.46239848269662809  0.47322538783516388  0.48312318141609428  0.49334670952255127
  0.50457808714863461  0.51773490760093810  0.53196747994930382  0.54531375776481905
  0.55739550836921581  0.56823275446592991  0.57923583156354630  0.59101406117048072
  0.60275049990918994  0.61425659317673931  0.62430304025101313  0.63314786992587324
  0.64169554927543238  0.65114351494860345  0.66057346868020239  0.67003031675147029
  0.67921072064326804  0.68857236325473659  0.69776809942707618  0.70661882546391419
  0.71511461012980382  0.72382519503288512  0.73361623127588871  0.74505866635896323
  0.75725995927538181  0.76925413796874664  0.78027189560179677  0.79083766717519288
  0.80394019493896540  0.81798388917613318  0.83098925566055748  0.84255682011174149
  0.85413097588799802  0.86562894176109173  0.87584702112264567  0.88475449344813517
  0.89380011267794712  0.90444249138054633  0.91503459185064950  0.92553153382419395
  0.93579124071612518  0.94637476246747065  0.95651288299799087  0.96612990516393482
  0.97516866656333501  0.98308579551408570  0.99069565031700901  1.00000000000000000
 -0.00003025596742593  0.00014938850878546  0.00043227537137783  0.00074133280416756
  0.00100067203831725  0.00122885319062345  0.00144310140830737  0.00166169606122868
  0.00185767091485380  0.00204755657914827  0.00223413202838125  0.00243020253834429
  0.00264024901751333  0.00285271662944015  0.00307030695776013  0.00327767447581777
  0.00348289362326797  0.00369124242921411  0.00390079499241903  0.00411357237986574
  0.00432151729691793  0.00452368184687410  0.00474509183994055  0.00496541710758223
  0.00520310973561107  0.00541208274890657  0.00561804160167935  0.00582096649954272
  0.00600472336035740  0.00618432953178064  0.00635372144512137  0.00652661367179687
  0.00668078535801395  0.00683294737895365  0.00698058104140328  0.00714667939821134
  0.00733186474474550  0.00753302375067480  0.00777377757180940  0.00809616361569336
  0.00844961197034788  0.00878023630575035  0.00909200254365865  0.00936953928972483
  0.00965120280389887  0.00997115962904993  0.01026401599452959  0.01059264888415200
  0.01098185698411820  0.01139441318802931  0.01180787667928245  0.01223884751329180
  0.01266908205539156  0.01307125643135879  0.01344029439730725  0.01380340121005609
  0.01419935273164525  0.01460834416859471  0.01514117560015051  0.01568566200686525
  0.01605528491579393  0.01647314291045484  0.01694728015824405  0.01740137783146176
  0.01780706147718861  0.01829047293327873  0.01879781103763704  0.01932934866611736
  0.02016921182862954  0.02103962955229373  0.02174648336780502  0.02240635901982083
  0.02318676295361839  0.02403188066092186  0.02512859022791085  0.02639415592730326
  0.02778419602334990  0.02922192295264452  0.02989444316190198  0.03034742308273621
  0.03131114464898270  0.03228577083596925  0.03322292823259355  0.03415735052335426
  0.03506524609191795  0.03558330599513066  0.03618949221391665  0.03819568081833791
  0.03907582204457381  0.04024739019765782  0.04236598695025899  0.04444629103141257
  0.04637000804143299  0.05025276940580618  0.05918188431337073  1.00000000000000000
 -0.00405014187449873  0.01525866591053994  0.03147846587035134  0.04652369790183090
  0.06025537419208910  0.07239844168656516  0.08345899637525793  0.09373377852689972
  0.10440082045906997  0.11644548207974205  0.12697969055011962  0.13664350383637242
  0.14625717288427378  0.15899173405984782  0.16920497307259899  0.17961008496896488
  0.18967946706108535  0.20108811541152841  0.21262663310328656  0.22404866711560570
  0.23513102743349276  0.24667461987780662  0.25750495386796174  0.27029217998842364
  0.28244309236355231  0.29216973076010766  0.30136828453365422  0.31157300549723954
  0.32427246470277976  0.33698527120926802  0.34840457348836729  0.35869781862093936
  0.36899196944428364  0.37931201275263338  0.38934666565201320  0.39872253867971907
  0.40938665884864656  0.41954122581265302  0.42858500021459606  0.43694293658648703
  0.44520007425357377  0.45445196008795863  0.46452769513956871  0.47442961352968072
  0.48401397886186343  0.49350751913490720  0.50194143852177153  0.50970095777279401
  0.51744129121831839  0.52509133807721942  0.53663916139810530  0.54715001025822907
  0.55662698889349049  0.56610821452257332  0.57681038208080748  0.58754163664651449
  0.59737459034400664  0.60597913432534278  0.61407026345599003  0.62243669127171242
  0.63175931199042623  0.64052100367968445  0.64947713110013883  0.65867924436637926
  0.66831638645237912  0.67820457369775367  0.68840838041071784  0.69958054529578939
  0.71070843652094295  0.72110921609448730  0.73095071943234069  0.73966680791192885
  0.74940143544116544  0.76027212937244593  0.77113566935877786  0.78320157871115137
  0.79388767482162537  0.80379748195054790  0.81378328590432414  0.82316534704320521
  0.83353570756887885  0.84413605076170706  0.85326282535412379  0.86200405639959876
  0.87186162311466975  0.88167171416047763  0.89103919266575815  0.90191113482441576
  0.91486138174244003  0.92849635202015757  0.94066015806218006  0.95061441037143946
  0.96073717095467293  0.97103038550847021  0.98491787361661731  1.00000000000000000
 -0.00000235441630408  0.00000271824550617  0.00000779090731642  0.00001375958586808
  0.00001984245272648  0.00002710022767163  0.00003462572503299  0.00004262871158882
  0.00005106832798564  0.00005990647104665  0.00006966307021170  0.00007965506147645
  0.00008992074472272  0.00010153572316240  0.00011360695383781  0.00012623795138514
  0.00014122729456883  0.00015693786786213  0.00017333740401910  0.00019112011516419
  0.00020989181966137  0.00022957390152935  0.00025040377889518  0.00027404623801905
  0.00029898883803824  0.00032734194084900  0.00035734026441947  0.00038763067910778
  0.00041953654722816  0.00045182091242684  0.00048454577879145  0.00051778583184642
  0.00055119588601854  0.00058422107763586  0.00061635988821937  0.00064770800153203
  0.00068113379728981  0.00071659007364564  0.00074981620538909  0.00078551234925876
  0.00082328002873387  0.00086566591309822  0.00090591943420866  0.00094924140561247
  0.00099109644043967  0.00103861600674094  0.00109500063385837  0.00114480392940288
  0.00119075472202124  0.00124193079319810  0.00129291074307729  0.00134547395607293
  0.00140824677833748  0.00147858898004666  0.00155384773196798  0.00163462483512984
  0.00172200790664939  0.00182489930464447  0.00193860499281931  0.00205284373333147
  0.00215804404293354  0.00226130713130575  0.00237808003397811  0.00250751477487480
  0.00263408181269646  0.00276315352816103  0.00290197510838869  0.00305660613251559
  0.00325672358928357  0.00346167372523665  0.00367953162039644  0.00390133831061964
  0.00414577855732669  0.00432952393779512  0.00451596420311448  0.00473207379917756
  0.00497891911690827  0.00526111683032626  0.00555780097317927  0.00586599699867678
  0.00620831384958978  0.00662572689680234  0.00708369034933159  0.00752100880215857
  0.00813126563198354  0.00869449101620257  0.00938933843125789  0.01006468527233907
  0.01075187067091079  0.01136430647976709  0.01203703599462417  0.01336826406032138
  0.01469862442407656  0.01647950581426609  0.01913816017441822  1.00000000000000000
 -0.00414649207778853  0.01429461926849940  0.02953656979430744  0.04466240226723995
  0.05984485030589926  0.07299297898742212  0.08629384117971395  0.10097192312152529
  0.11554677610083930  0.12992289658520703  0.14347596240308819  0.15607661792242250
  0.16806813140106899  0.17893983447888290  0.18857336700658708  0.19825339710884138
  0.20938636153236609  0.22179453761593781  0.23467509363299194  0.24717456031951385
  0.25956488292558472  0.27193584241874313  0.28402305135717731  0.29524100432497208
  0.30559658182546545  0.31574642972708522  0.32596537875348047  0.33627716971597460
  0.34686450659238133  0.35801930612698402  0.36881730139331659  0.37810819454054256
  0.38677781754720014  0.39506891504181330  0.40494540662801148  0.41495374035991223
  0.42298568659514768  0.43047097566681392  0.43894084245418219  0.44896758864213449
  0.45869390283249772  0.46735400005507033  0.47569792624617713  0.48438108495334664
  0.49324098260784260  0.50015799101292091  0.50735572291106945  0.51437495445106984
  0.52113988691452340  0.52913234130227205  0.53780097071551414  0.54651678681363347
  0.55423930745561634  0.56059093855783648  0.56694359669292749  0.57351340258654682
  0.58056775854177867  0.58905878008237444  0.59806035657532786  0.60680236418645661
  0.61642491787122045  0.62589763275063637  0.63508863431909257  0.64469485398605497
  0.65455732367492703  0.66391837396137410  0.67335115961216818  0.68360142322076423
  0.69490374353589457  0.70577305438098470  0.71536865194373778  0.72510186304292512
  0.73609857509218002  0.74855510272661696  0.75920976502707083  0.77022569169359167
  0.78214041639109633  0.79480538116739752  0.80840776594963304  0.82187685573671232
  0.83385377931519244  0.84499991349652237  0.85692995845299613  0.86959539680704157
  0.88228983012262507  0.89471933937019998  0.90552876079304190  0.91614023339871453
  0.92658762955759943  0.93575526700263856  0.94575463018658168  0.95696770248546381
  0.96982943980169889  0.98132112271648564  0.99084582147243094  1.00000000000000000
  0.28415785787154274  0.29529277203618243  0.30840598863664281  0.32853339542826154
  0.35376877817388264  0.37682500571642336  0.39203535519574040  0.40333669939595995
  0.41252042431650121  0.42152494951808700  0.43361228039822131  0.44564109455216178
  0.45639969404533626  0.46669407495289622  0.47688751400042489  0.48814052513715256
  0.50053511898825798  0.50877032428146574  0.51633574556190609  0.52618490217985847
  0.53898508598649963  0.55035249645153972  0.55944188534603889  0.56689809764022137
  0.57392708935053927  0.58140084903237499  0.58931145983254629  0.59739079760093650
  0.60610332230630515  0.61566990963901524  0.62503265141080466  0.63444988846105044
  0.64416745793970642  0.65255414811783308  0.65799291650381697  0.66318658885096271
  0.66806587383205973  0.67377513685236345  0.68091666111856153  0.68681356940190252
  0.69268590210777725  0.69889631348453241  0.70531683127901978  0.71277653098181037
  0.72055934805457877  0.72823282607221562  0.73571306790045166  0.74256224664929904
  0.74942880921801347  0.75568344315585723  0.76146968780266822  0.76756594437580994
  0.77397174673724090  0.78019294772743297  0.78583938580866342  0.79065158825385751
  0.79491108393187582  0.79944068901197729  0.80415451357198298  0.80871506435259699
  0.81382649250931893  0.81973847441367820  0.82634853750395731  0.83260159666193312
  0.83798034042783642  0.84297454878237754  0.84786397319355111  0.85287552361658558
  0.85761335644723569  0.86247343090522011  0.86714974433702097  0.87194397806294177
  0.87673153450036789  0.88143776964112586  0.88603722976101384  0.89069137149403987
  0.89531761108238461  0.89982551613338235  0.90428827929128597  0.90857023855310837
  0.91375546338389235  0.91887886337770674  0.92412539872294319  0.92907861541410552
  0.93353568427199085  0.93828596222286331  0.94300564391493236  0.94773456417597080
  0.95251349388127282  0.95735981074542142  0.96224944584802641  0.96744430254777358
  0.97325962282184220  0.97972907103093110  0.98814267918723608  1.00000000000000000
 -0.03149200809765545  0.14109466169372947  0.17323558518110213  0.19616988062131235
  0.21436011936495844  0.23052745470364194  0.24559523443830644  0.25996477916281580
  0.27062599733225418  0.28041983951079114  0.28949394934621164  0.29881515712744044
  0.30881186392474302  0.31970534471684292  0.32892145052115024  0.33627599043497980
  0.34321089392653231  0.35001130939988789  0.35717784414685610  0.36522394212863019
  0.37351238189486297  0.38249899181392089  0.39128534160775907  0.39935743301459642
  0.40681654243866144  0.41359276425543895  0.42016644339217013  0.42672497668089171
  0.43278691599223418  0.43839632005184104  0.44385727720428553  0.44926522405933239
  0.45481419400193601  0.46021832629156384  0.46534461032848662  0.47008111329931002
  0.47501999156130770  0.48019197856324858  0.48534850732894785  0.49067154044820543
  0.49541608065416937  0.49988624257146724  0.50493623938907306  0.51059588865128736
  0.51708465458645358  0.52379562704343263  0.53039502144889483  0.53707831577688148
  0.54336487516449639  0.54958370773912413  0.55634980386041821  0.56248284871794507
  0.56815961330844256  0.57348817427361887  0.57867314884870236  0.58407818575126869
  0.59030152122166912  0.59700405891079289  0.60390453823742063  0.61081170536996843
  0.61748907193853342  0.62396954394179049  0.62989956924020452  0.63587554452307171
  0.64138675555308111  0.64664004469889669  0.65219047250847406  0.65835523166998378
  0.66375551634659147  0.66836013238079139  0.67284315284552687  0.67737779297609968
  0.68315591107390228  0.69063893837377943  0.69786599213292855  0.70388751000587135
  0.70952739251175589  0.71484391141177983  0.72069735466301643  0.72652393017878703
  0.73123602560336909  0.73627004838679777  0.74133493446331644  0.74753572845136684
  0.75495976504151541  0.76226273818884327  0.77044872823432187  0.78001631656023296
  0.79037286058636613  0.80100669321934881  0.81261145599592666  0.82499095115309806
  0.83835780000385041  0.85597729317742799  0.88654599637892206  1.00000000000000000
   4.1715103403106076E-003  -1.0000000000000000     
 F F F F F F F F F F F F F F F F F F F F F F F F F F F F F F F F F F F F F F F F F F F F F F F F F F F F F F F F F F F F F F F F F F F F F F F F F F F F F F F F F F F F F F F F F F F F F F F F F F F F F F F F F F F F F F F F F F F F F F F F F F F F F F F F
  <DiscreteSampler_grid>
  grouped_processes
  1 # 1 for a reference and 2 for a running grid.
  10 # Attribute 'min_bin_probing_points' of the grid.
  1 # Attribute 'grid_mode' of the grid. 1=='default',2=='initialization'
  0.0000000000000000 # Attribute 'small_contrib_threshold' of the grid.
  0.5000000000000000 # Attribute 'damping_power' of the grid.
 # binID   n_entries weight   weight_sqr   abs_weight
    10   10   1.286299091945752E+003   1.504855944778024E+007   1.286299091945752E+003
    16   10   1.286299091945751E+003   1.504855944778023E+007   1.286299091945751E+003
    22   10   1.286299091945751E+003   1.504855944778023E+007   1.286299091945751E+003
    28   10   1.286299091945751E+003   1.504855944778022E+007   1.286299091945751E+003
  </DiscreteSampler_grid>
