 -0.00242635455674371  0.00950124326682623  0.01965994556385710  0.03017224684417220
  0.04071814522606580  0.05126349878951699  0.06181482251091277  0.07236501113875289
  0.08291119903326839  0.09345482577087924  0.10399116728126426  0.11453032513392536
  0.12506754323300784  0.13560485693133056  0.14613826043245806  0.15667641818678518
  0.16721999425655340  0.17775996206573957  0.18829239860713584  0.19882868699744710
  0.20936828231259247  0.21991191847382779  0.23045154258749889  0.24099509482146350
  0.25154011397494608  0.26208885257309184  0.27262922189902977  0.28316679607326245
  0.29369840451578660  0.30423325712283028  0.31477136612154222  0.32531147733271215
  0.33585286715109908  0.34639338633514083  0.35693338795526508  0.36747869125602467
  0.37802704812119625  0.38857200350071747  0.39911024799099992  0.40964395984474022
  0.42018059745456238  0.43072230332164957  0.44126741839927447  0.45181720115190416
  0.46236575184836054  0.47291139081177136  0.48345153445065581  0.49398811115713076
  0.50452290418684853  0.51506182376572573  0.52560077630922553  0.53613419143451224
  0.54666552580533834  0.55720005417999430  0.56774150476749174  0.57828487106149318
  0.58882858503596402  0.59937445404065737  0.60992127535370666  0.62047087447002369
  0.63102095776056211  0.64156632686620951  0.65211096978028860  0.66265133714362146
  0.67319136097305199  0.68372632015218704  0.69426299558939741  0.70480499183404566
  0.71535017657823263  0.72589589463963888  0.73643420714562358  0.74697257206517631
  0.75751443341559033  0.76805922328179865  0.77860790750372333  0.78915583024958913
  0.79969924106712476  0.81023898378199821  0.82077471739809893  0.83132082189482837
  0.84185991554644335  0.85240376589472289  0.86294447875606539  0.87349319836484240
  0.88403792452164698  0.89458464682930627  0.90513018145236268  0.91567298125023122
  0.92620460472902377  0.93673858816847033  0.94727487027446455  0.95782071384728684
  0.96836744892012794  0.97891382808496918  0.98945887464319837  1.00000000000000000
 -0.00235798241429021  0.00974777424696914  0.01997621491589912  0.03049983138516475
  0.04103708239239031  0.05157854153365143  0.06212716231473432  0.07267360599932018
  0.08321986840226052  0.09376577155667595  0.10431487955732695  0.11485625815940594
  0.12539529926353257  0.13593116953668608  0.14646869666682927  0.15700984926785638
  0.16754312390750525  0.17808382877750856  0.18862237647041485  0.19916371788456180
  0.20968998984338658  0.22021103142686493  0.23074147699268502  0.24128533692678966
  0.25183402211537759  0.26237823875825828  0.27291835973137524  0.28345482796665944
  0.29398209768228112  0.30450922199882829  0.31504136030317309  0.32558762639904260
  0.33613442150591505  0.34667169572065037  0.35720455435941634  0.36772702664374768
  0.37825239468385419  0.38877538306180970  0.39930598296869724  0.40984327911698559
  0.42038676867183034  0.43093939362306555  0.44148318257043762  0.45202737648742924
  0.46256898078016401  0.47311951514594802  0.48366153846957483  0.49420458647491861
  0.50473837800883259  0.51527966280230653  0.52581372520205905  0.53635753460975599
  0.54689635234036693  0.55744119684243199  0.56797695711472918  0.57850183179717518
  0.58902879603508773  0.59955366234789986  0.61009123279001032  0.62062428199478581
  0.63116359749030082  0.64170475040270769  0.65224913923495142  0.66279240469249090
  0.67333275146670002  0.68387439088185531  0.69441570555493426  0.70495496327458906
  0.71548520777048819  0.72600977857082249  0.73654204404768642  0.74708090697848939
  0.75762363025367518  0.76816693751134080  0.77870414311410774  0.78923754860879392
  0.79977121976226040  0.81030407270045424  0.82084223971275827  0.83137027670233932
  0.84189784060234685  0.85243058786264925  0.86297106447531102  0.87350810372205612
  0.88403726215353673  0.89456574269396727  0.90510185937081689  0.91564170949839296
  0.92618470268748032  0.93672462959725133  0.94726314312193594  0.95780053973130663
  0.96834599469940141  0.97889777047642845  0.98944877871424897  1.00000000000000000
   2.5512595705624401E-008  -1.0000000000000000     
 F F F F F F F F
  <DiscreteSampler_grid>
  grouped_processes
  1 # 1 for a reference and 2 for a running grid.
  10 # Attribute 'min_bin_probing_points' of the grid.
  1 # Attribute 'grid_mode' of the grid. 1=='default',2=='initialization'
  0.0000000000000000 # Attribute 'small_contrib_threshold' of the grid.
  0.5000000000000000 # Attribute 'damping_power' of the grid.
 # binID   n_entries weight   weight_sqr   abs_weight
    10   10   1.322623097372511E+010   1.749331857703255E+020   1.322623097372511E+010
  </DiscreteSampler_grid>
