  0.00000451721076926  0.00000484728693842  0.00000511603676751  0.00000535525233593
  0.00000559144614610  0.00000583863935549  0.00000609663842924  0.00000636220546455
  0.00000663917628968  0.00000692465736813  0.00000722363460914  0.00000753734361889
  0.00000787192996619  0.00000821825120764  0.00000857465910016  0.00000894203641023
  0.00000930631434088  0.00000969322301360  0.00001008267691855  0.00001047129654086
  0.00001086401138060  0.00001126906005245  0.00001171127620634  0.00001216928300860
  0.00001264536078106  0.00001313564713550  0.00001364687135110  0.00001418835798969
  0.00001477487889085  0.00001540991305478  0.00001606003210005  0.00001671134447706
  0.00001738011607751  0.00001806700624275  0.00001876096829141  0.00001947313225105
  0.00002024574490228  0.00002111787501095  0.00002208718088626  0.00002307368586228
  0.00002409627067827  0.00002518184136430  0.00002634915460887  0.00002758542996698
  0.00002882369461037  0.00003004554603107  0.00003129276913155  0.00003265946281538
  0.00003417194862574  0.00003579907297812  0.00003754938923755  0.00003945978899350
  0.00004146087362649  0.00004352658798649  0.00004574682655343  0.00004823171798287
  0.00005085285275275  0.00005357601191546  0.00005639346615336  0.00005932555028251
  0.00006248311255767  0.00006584452323481  0.00006958790992911  0.00007369183705127
  0.00007805746002437  0.00008284901910636  0.00008804691875797  0.00009366102812920
  0.00009984430052009  0.00010652240562801  0.00011354082745031  0.00012093958310836
  0.00012884592762784  0.00013784148960872  0.00014837215092891  0.00016043185966194
  0.00017401893985496  0.00018898050572484  0.00020589120775470  0.00022517378101097
  0.00024808490042034  0.00027539576711763  0.00030725723917600  0.00034623731248937
  0.00039631027897060  0.00045959248680264  0.00054333983182626  0.00065964327040629
  0.00082083987797412  0.00102999057977352  0.00131796849577883  0.00178140421603463
  0.00265288751384816  0.00444467649921125  0.01185616221816076  1.00000000000000000
  0.00000478567999509  0.00000483900911706  0.00000488607688015  0.00000494997091809
  0.00000501375979660  0.00000508033431871  0.00000514901583734  0.00000521460720042
  0.00000526447353478  0.00000532092287544  0.00000539367466957  0.00000546664971780
  0.00000553512939871  0.00000560898317109  0.00000569246903470  0.00000578766222017
  0.00000589437818851  0.00000600261619177  0.00000610809015889  0.00000622566192475
  0.00000635591811226  0.00000649070492657  0.00000663091196414  0.00000678429864894
  0.00000694811777309  0.00000711865727388  0.00000730719126078  0.00000751517121989
  0.00000769207531899  0.00000787956519592  0.00000809379192122  0.00000834371577087
  0.00000862326369509  0.00000892469319994  0.00000925139505790  0.00000960206119202
  0.00000997231087763  0.00001036284658626  0.00001076776076043  0.00001120299499222
  0.00001163635167778  0.00001211343680832  0.00001260590955946  0.00001311993130367
  0.00001367302379682  0.00001423046484965  0.00001485830467676  0.00001554851648656
  0.00001632873822134  0.00001719894076231  0.00001814090989725  0.00001914765332310
  0.00002020908575644  0.00002130072725752  0.00002242696384848  0.00002362179047943
  0.00002492771524941  0.00002636945963710  0.00002792320778787  0.00002957252128091
  0.00003133072938003  0.00003323637218006  0.00003527201419853  0.00003749080506051
  0.00003984574963295  0.00004240227161871  0.00004515211468622  0.00004802266455592
  0.00005102817913206  0.00005423255334057  0.00005771588553350  0.00006151294285663
  0.00006568129447557  0.00007015617485099  0.00007506925412824  0.00008036732131670
  0.00008633021386503  0.00009299725844088  0.00010065837849352  0.00010924167575733
  0.00011912351311731  0.00013063337669417  0.00014395153750818  0.00015958211197326
  0.00017934923963685  0.00020559866978789  0.00023953553701991  0.00028394303547265
  0.00034489128794924  0.00043569778713602  0.00058366444550515  0.00085559548234143
  0.00143251973918540  0.00304695906403275  0.15082953207301103  1.00000000000000000
  0.00000457791894237  0.00000502859869583  0.00000535331154012  0.00000570261891667
  0.00000600094099603  0.00000633830668969  0.00000668628914094  0.00000704777232071
  0.00000747063183792  0.00000788744678923  0.00000824076944916  0.00000864982203083
  0.00000905851200830  0.00000950575752292  0.00001002423206321  0.00001060222641478
  0.00001119680192822  0.00001178825280706  0.00001240973575087  0.00001307022202862
  0.00001376971923637  0.00001452019521215  0.00001531613736634  0.00001613546055196
  0.00001700457001255  0.00001789052381051  0.00001880675114647  0.00001978854489849
  0.00002085453188949  0.00002203352570023  0.00002329320858365  0.00002461244605791
  0.00002599535900199  0.00002743229036516  0.00002892547840513  0.00003047968344331
  0.00003211909404699  0.00003384691319673  0.00003565412011967  0.00003757249515793
  0.00003966063524486  0.00004192104152774  0.00004429956824080  0.00004676175587337
  0.00004930812776033  0.00005189652901503  0.00005473859268489  0.00005778379606697
  0.00006104335554346  0.00006460708230093  0.00006838639633405  0.00007225751548565
  0.00007654465808224  0.00008103035223360  0.00008585442072089  0.00009085797922794
  0.00009618499768188  0.00010176083410922  0.00010776979221376  0.00011450332475762
  0.00012182898265287  0.00012992220030170  0.00013868775154484  0.00014845961684907
  0.00015930047014725  0.00017102597221637  0.00018335131324751  0.00019679654555503
  0.00021148145440214  0.00022747324992090  0.00024542810991972  0.00026567913032101
  0.00028864223514428  0.00031421144170815  0.00034166793028848  0.00037192643329467
  0.00040634918438985  0.00044499604734528  0.00048683781081605  0.00053287188559853
  0.00058398709192801  0.00064682537837205  0.00072434981695045  0.00081733026244612
  0.00092921538207129  0.00107475397526550  0.00126925686504124  0.00152454753919357
  0.00186180730190766  0.00233252865819260  0.00304547322437461  0.00431460411890597
  0.00687108710401627  0.05774142560504827  0.21747943465312319  1.00000000000000000
 -0.00254105414944229  0.01008659754262363  0.01783069627897865  0.02656179183889121
  0.03449828427431319  0.04200601734854539  0.04951018757534536  0.05672720270371529
  0.06389336979350936  0.07175685169140145  0.07994344152224267  0.08823326515772027
  0.09657857387342932  0.10542846747503844  0.11398888748036080  0.12225442475380049
  0.13028677212639259  0.13849877619957984  0.14784954375506637  0.15773585843079219
  0.16762199327106314  0.17779714623125054  0.18791678651291546  0.19837631042058271
  0.20930789169655767  0.22075334410267691  0.23229361249629221  0.24354783384431428
  0.25445105234999710  0.26540271243653268  0.27689101682635808  0.28898030426923332
  0.30138381222578914  0.31385139400951545  0.32574990679918253  0.33666194769170599
  0.34717067386380740  0.35874821881734037  0.37117936501924609  0.38319832346482025
  0.39601018987212133  0.40992017415622978  0.42388517940891624  0.43775527441862122
  0.45177575615202453  0.46611626281333701  0.48016966191765587  0.49414419217195754
  0.50760018279877361  0.52078310526076610  0.53429362848921980  0.54859298523092870
  0.56297499147369712  0.57669029124159343  0.58993955339912330  0.60310601117528051
  0.61645008007936364  0.62977490704247707  0.64270052340491246  0.65543843005051639
  0.66825109662243365  0.68114885134953773  0.69381927817603828  0.70605866305276288
  0.71797667657774755  0.72958704607786906  0.74087923497573183  0.75184951300100344
  0.76249284871120504  0.77271512899185879  0.78273187129949129  0.79284815374618844
  0.80290465462902982  0.81285748479973940  0.82248122662593393  0.83168713593263732
  0.84068880555255376  0.84969717652972310  0.85881733075392774  0.86792332680809658
  0.87684633582308058  0.88551728586092060  0.89414593289177191  0.90283845633274884
  0.91152324428848230  0.92006060829802527  0.92839139452456820  0.93649809416547980
  0.94409295136677185  0.95114104183932002  0.95810957703813304  0.96524388046244414
  0.97311486039398087  0.98144862491559326  0.99041428588779357  1.00000000000000000
 -0.00230742327918076  0.00901982035014743  0.01955523377858828  0.02945854600759295
  0.03967694412608192  0.04971058128934221  0.05972404100274101  0.06941288070029428
  0.07905798656913142  0.08938439675440123  0.10020692880221142  0.11122363444525987
  0.12197242290902208  0.13261929422936614  0.14317391380917133  0.15403189350270299
  0.16540035406478648  0.17655135945233069  0.18726162199608956  0.19852321965592382
  0.20942329798766685  0.22037305784864361  0.23064382746240222  0.24038776482062990
  0.25015061607166905  0.26037024092505939  0.27130214343084447  0.28178413489844978
  0.29207548495399543  0.30255671728277744  0.31311222553549772  0.32348489535814706
  0.33364827234620964  0.34429666564934941  0.35555376348850237  0.36697540161589132
  0.37838755665087148  0.38934933359706986  0.39997778537335549  0.41021681470687776
  0.42012228505159455  0.43025579073009851  0.44074322963644696  0.45194719092340052
  0.46272372310101906  0.47375718931463690  0.48435287093281021  0.49465285519409535
  0.50456408578971368  0.51438108419960704  0.52382888524751714  0.53360724288763350
  0.54293551750710056  0.55283431624474533  0.56315013220238086  0.57386074955306354
  0.58497340218705030  0.59636867935223403  0.60752448463523323  0.61888598958418495
  0.63014979100698287  0.64194615985950532  0.65159533051493324  0.66145381738850606
  0.67076338550800718  0.67986665092231768  0.69008244084327985  0.70013300607167217
  0.71071849367553730  0.72175584897247380  0.73281406692326723  0.74377374806203211
  0.75460414994000757  0.76494657566586544  0.77560232006843199  0.78620062627013354
  0.79712974606888942  0.80807270706227619  0.81926794930913016  0.83050515656256485
  0.84131051222625219  0.85148917527895951  0.86146885049663191  0.87174159994991340
  0.88252980184063701  0.89356046945130796  0.90451319423072818  0.91552756055784523
  0.92641731295456942  0.93708921308355708  0.94739806497539458  0.95766235542180445
  0.96828315085788552  0.97918097890616085  0.98980467363955649  1.00000000000000000
 -0.00238301339700652  0.00940068702826993  0.01972604334776140  0.03095201535041938
  0.04178373070226735  0.05231717990593571  0.06232975275266287  0.07219183125774387
  0.08234313460615353  0.09270846848513196  0.10302839664499287  0.11350838412070882
  0.12443778728992200  0.13567474936523127  0.14674340569200844  0.15763381543367747
  0.16841118839831815  0.17892764424270663  0.18908709135524676  0.19913986896233754
  0.20959494447551191  0.22035839335583265  0.23108175731046998  0.24143659795343725
  0.25180295135261932  0.26239711289606310  0.27310897925321304  0.28338523326896031
  0.29362764241409933  0.30394589218883322  0.31464434516400147  0.32513078242954380
  0.33603706985697562  0.34620472649176476  0.35671980897238093  0.36695069815189468
  0.37774602487255066  0.38840600955693744  0.39857825976877964  0.40833880115451704
  0.41793180504800964  0.42761323570213361  0.43740670661204772  0.44745352753650308
  0.45761945751058242  0.46872418466021704  0.48025442854768158  0.49149177328824989
  0.50262923404702253  0.51315394132400616  0.52372375560755047  0.53414072674074664
  0.54496561032336133  0.55547531229584624  0.56547405296311115  0.57546714469597748
  0.58564690961294386  0.59585761619319044  0.60621873080120181  0.61644872993614508
  0.62711965320221619  0.63809492087738695  0.64885769906283319  0.65930151977259221
  0.66963180314499482  0.67981406356186980  0.69065247027590726  0.70179429964074480
  0.71322778077587579  0.72441268150020766  0.73539749927098386  0.74619905675750176
  0.75719931612521618  0.76851273011684407  0.77974975702258176  0.79100651587101045
  0.80170192932420059  0.81197243357983817  0.82167910180837178  0.83059405221750426
  0.84132629958484118  0.85182186010402849  0.86232438011476320  0.87337935030634861
  0.88321216732682328  0.89422954170753166  0.90392263152859242  0.91424148278349493
  0.92434642654368060  0.93479699275653128  0.94567001753132951  0.95619211959685002
  0.96698312546038157  0.97763098066893372  0.98913965582829910  1.00000000000000000
  0.00001859946852952  0.00002335971593354  0.00002829943331253  0.00003367665208237
  0.00004034642389882  0.00005357184849156  0.00006653246817766  0.00007914033755606
  0.00009468746562468  0.00011285194493918  0.00013122545967522  0.00014969885952536
  0.00017218877501663  0.00019559534519682  0.00022017194246318  0.00025082829398185
  0.00028645598557484  0.00032594001351904  0.00036998295976120  0.00042086724015213
  0.00048170836812770  0.00055137148048002  0.00062878294897326  0.00071546666793019
  0.00081227718998405  0.00091892580717399  0.00103074873278454  0.00114919189867501
  0.00127853505695119  0.00142096849873377  0.00157662595416217  0.00174173802366047
  0.00193035672230439  0.00214310485090634  0.00237155024346937  0.00261541511659486
  0.00287196164047407  0.00314098497617796  0.00342218224449221  0.00371564219796139
  0.00402419475894457  0.00434932069689514  0.00468657168420674  0.00502658922693145
  0.00537289608094223  0.00572973281597398  0.00610426470766826  0.00649554962877916
  0.00690684394437911  0.00733930736950862  0.00779394203860336  0.00826185493796146
  0.00872314702188095  0.00919228152861454  0.00968117001815993  0.01019211523139619
  0.01071637786233247  0.01124509607870759  0.01178530459680335  0.01235417478720519
  0.01296553424629096  0.01364767640360456  0.01434559076887835  0.01505328182627987
  0.01579456780113535  0.01660683901821886  0.01745743784777883  0.01833207913284899
  0.01921639116924388  0.02007468138913304  0.02100951492995528  0.02207231145567712
  0.02313209804262246  0.02426119681928160  0.02551488148070108  0.02683066814245299
  0.02808116211589774  0.02943758364147963  0.03066796712306180  0.03156109051036297
  0.03250520077616914  0.03330504564196613  0.03454088456045083  0.03620820576054216
  0.03818073797166222  0.04032428000973281  0.04332314957834753  0.04731254070239541
  0.05226350521836447  0.05695246508980549  0.06105895994885803  0.06655399421544660
  0.07764879456948198  0.09470029956857878  0.85370831941972802  1.00000000000000000
 -0.00325719186247626  0.01319203319340526  0.02689267200291552  0.04047441969605010
  0.05407623849140517  0.06798617256186928  0.08247864514863074  0.09614912660587188
  0.10825156935329691  0.12021663399750887  0.13269071248304795  0.14522919172102647
  0.15714892265430561  0.16900279060625131  0.18131857316435265  0.19364013160930349
  0.20554509605839616  0.21729135223167304  0.22904355970955972  0.24072260510355442
  0.25220957689931200  0.26361292589997226  0.27497297215889399  0.28609514282047799
  0.29679201640041530  0.30702163116228820  0.31695880076525312  0.32663860624392010
  0.33608299998793645  0.34524622276869327  0.35395186952620411  0.36241734077065207
  0.37089889405165366  0.37955855327521326  0.38835387075410666  0.39707091903311315
  0.40553773426832934  0.41372575085471103  0.42182792828137244  0.42999431173072733
  0.43816780763383106  0.44608691251292842  0.45360505046296140  0.46113121637474802
  0.46864983614085598  0.47610439412260269  0.48345661823229069  0.49105328857285840
  0.49896275259488232  0.50718750942954338  0.51538344742688147  0.52301907400615444
  0.53010295063248192  0.53703941396680366  0.54427561378737177  0.55243297215374421
  0.56081557762280232  0.56912831289604537  0.57749792512782760  0.58594661956995941
  0.59445194576782756  0.60304047666869287  0.61185651964611620  0.62094889385932694
  0.63028572400316862  0.63986752599098240  0.64935788723204180  0.65866391891774956
  0.66817237974886134  0.67787639283897205  0.68800443775417686  0.69868867094485310
  0.70948280353986171  0.72022024965947540  0.73101491134778096  0.74194659908651328
  0.75340853382779782  0.76485279756976821  0.77647344765640647  0.78867382277120235
  0.80093377492702089  0.81345921334402593  0.82600011087931979  0.83855768698966038
  0.85150454838753775  0.86514902317669129  0.87863817494769381  0.89131143799242374
  0.90322386676813038  0.91527852947326349  0.92718075735205741  0.94035492832449263
  0.95480471643246745  0.97003400206153834  0.98489380792148418  1.00000000000000000
  0.07819073298707123  0.11513783057981468  0.14090277525145292  0.16329510180481782
  0.18655352586067214  0.20884612660580384  0.23007419332210161  0.25091059276223332
  0.27061943264855060  0.28919407518353513  0.30722781777440372  0.32506049922388625
  0.34290447651590994  0.36057394323339509  0.37785876248119754  0.39480129697188715
  0.41125479694836703  0.42661498127167030  0.44128836379980024  0.45576306999457122
  0.47089514477771516  0.48564609397747954  0.50009939133589099  0.51436262276751132
  0.52839010373852779  0.54193058746701261  0.55501340820100753  0.56740820768646627
  0.57933428107739515  0.59099815262734634  0.60248972081794261  0.61372102142371698
  0.62450807637900507  0.63498033944442756  0.64525025596351615  0.65531218374760503
  0.66517805887210091  0.67485281786721618  0.68413745213579913  0.69290901179962749
  0.70137556424486547  0.70972932438380809  0.71799074521441630  0.72607795850583901
  0.73410051405829169  0.74190867251131531  0.74954768548641371  0.75714507327644076
  0.76479930229136905  0.77232033834743030  0.77965034908929132  0.78710383643562065
  0.79439214277980574  0.80148669155498653  0.80841773793340210  0.81522752326784764
  0.82206370621075664  0.82884839662525234  0.83539389043619583  0.84165244952687313
  0.84758974676810694  0.85336428259379138  0.85905870139325347  0.86472310291926202
  0.87033841089131325  0.87588083020543517  0.88130904712738334  0.88662274015243159
  0.89186101941195262  0.89698011562901592  0.90190921854266626  0.90667093198844018
  0.91132244122417383  0.91586925483826787  0.92034275596326820  0.92477109600081042
  0.92915770685956667  0.93341267718964738  0.93736981947662690  0.94114574194501333
  0.94476574431731453  0.94830859102096254  0.95182084077244211  0.95531850380285777
  0.95876476689057466  0.96220788766091103  0.96569215946664211  0.96920960066147832
  0.97270107365624459  0.97612335289696484  0.97947868011192130  0.98279475910886860
  0.98614708320853384  0.98975277047678267  0.99436470976751667  1.00000000000000000
 -0.01700826152714317  0.07275336038032058  0.09906692561644467  0.11489652592540620
  0.12717148196277042  0.13816085747908008  0.14780926946199816  0.15630047489265456
  0.16379884655560351  0.17088900640100665  0.17777661420578894  0.18449241730889404
  0.19091094387547156  0.19694430696067131  0.20270649322824483  0.20839073212137696
  0.21403581147257036  0.21961917110483425  0.22510760465188703  0.23050146353555259
  0.23576698669789703  0.24091540507519255  0.24601198043287661  0.25116392853349762
  0.25636236217258890  0.26107379730513902  0.26567719987051197  0.27027270514769375
  0.27486018308259935  0.27955639841258384  0.28442662200406321  0.28920134641284395
  0.29387766598540210  0.29853979660887531  0.30313338554506319  0.30769751360280884
  0.31242830108078884  0.31736985466609302  0.32244383664010318  0.32759982658099962
  0.33266990482809233  0.33759330438118357  0.34240772770485234  0.34714250969023208
  0.35191728965527602  0.35682471532782889  0.36192235751062124  0.36705838231652249
  0.37220791061952230  0.37730366453869446  0.38250264977513659  0.38779442385270824
  0.39302935320330418  0.39812431115015678  0.40325593478287158  0.40850517116886009
  0.41405221504902184  0.41972082857189802  0.42536711132094707  0.43076700484309904
  0.43596542585823833  0.44149833360598167  0.44682454849291781  0.45230916015164035
  0.45835263745709215  0.46454319756743062  0.47124126337649641  0.47840593710672108
  0.48582568204616666  0.49329500146785232  0.50046330798946559  0.50738028041107242
  0.51445092050883756  0.52164566292291203  0.52904214338670796  0.53630108032560886
  0.54368383977721557  0.55145978049761535  0.55992820568251866  0.56900899490910306
  0.57829408173102748  0.58746408077774659  0.59714576004131925  0.60799329622777065
  0.61981729302898947  0.63215313157191888  0.64493166674493885  0.65913580575195041
  0.67476099165158321  0.69123046365820784  0.70786877911482804  0.72599657584205968
  0.74733502932335616  0.77631076204601912  0.82388602609325334  1.00000000000000000
   2.3716859231700936E-002  -1.0000000000000000     
 F F F F F F F F F F F F F F F F F F F F F F F F F F F F F F F F F F F F F F F F F F F F F F F F F F F F F F F F F F F F F F F F F F F F F F F F F F F F F F F F F F F F F F F F F F F F F F F F F F F F F F F F F F F F F F F F F F F F F F F F F F F F F F F F
  <DiscreteSampler_grid>
  grouped_processes
  1 # 1 for a reference and 2 for a running grid.
  10 # Attribute 'min_bin_probing_points' of the grid.
  1 # Attribute 'grid_mode' of the grid. 1=='default',2=='initialization'
  0.0000000000000000 # Attribute 'small_contrib_threshold' of the grid.
  0.5000000000000000 # Attribute 'damping_power' of the grid.
 # binID   n_entries weight   weight_sqr   abs_weight
    13   10   1.195742301438670E+005   3.585094876417204E+010   1.195742301438670E+005
    14   10   1.195742301438670E+005   3.585094876417204E+010   1.195742301438670E+005
    16   10   1.195742301438670E+005   3.585094876417204E+010   1.195742301438670E+005
    17   10   1.195742301438670E+005   3.585094876417204E+010   1.195742301438670E+005
    22   10   1.195742301438670E+005   3.585094876417205E+010   1.195742301438670E+005
    23   10   1.195742301438670E+005   3.585094876417204E+010   1.195742301438670E+005
    25   10   1.195742301438670E+005   3.585094876417204E+010   1.195742301438670E+005
    26   10   1.195742301438670E+005   3.585094876417204E+010   1.195742301438670E+005
    31   10   1.195742301438670E+005   3.585094876417205E+010   1.195742301438670E+005
    32   10   1.195742301438670E+005   3.585094876417205E+010   1.195742301438670E+005
    34   10   1.195742301438670E+005   3.585094876417203E+010   1.195742301438670E+005
    35   10   1.195742301438670E+005   3.585094876417204E+010   1.195742301438670E+005
  </DiscreteSampler_grid>
