 -0.00235187736108666  0.00965970077015922  0.01985727358200757  0.03038383802959559
  0.04092743350467394  0.05147830278363746  0.06202281999074755  0.07256209769715279
  0.08309446646741107  0.09363112527087347  0.10417480736480052  0.11470847938524115
  0.12523539243108170  0.13575957024406735  0.14629974168655654  0.15685222262756984
  0.16739702385566962  0.17793933031378967  0.18846995570228714  0.19900774527729603
  0.20954881542476780  0.22009622360688225  0.23064058189466333  0.24117625775430804
  0.25171343711910416  0.26225186640276149  0.27279544785901289  0.28333145915610569
  0.29385744034473349  0.30438031922453695  0.31490951590128452  0.32545099060033467
  0.33599835331230893  0.34655020068926878  0.35710420169173790  0.36764838147772150
  0.37818891931954907  0.38872036503775997  0.39925462587273480  0.40979095068121751
  0.42033202542522574  0.43088036752679754  0.44142888425299232  0.45198075204665022
  0.46253246481455212  0.47306991369958029  0.48360701585327653  0.49413515465014551
  0.50467377379813994  0.51520805080282128  0.52574963062956293  0.53629708619423622
  0.54684398958308666  0.55738536129391469  0.56792607612573742  0.57845811336853581
  0.58899589411410269  0.59953275463859013  0.61007786003456610  0.62062464874007162
  0.63116988566417531  0.64170495246445636  0.65223056367836707  0.66275433111686799
  0.67329289662419667  0.68383424065424225  0.69437692544073348  0.70491936172224556
  0.71546831918067666  0.72601960508596808  0.73656588519843469  0.74710480205292640
  0.75763416697149866  0.76816067414086087  0.77868864523357118  0.78921866763221205
  0.79975800629947891  0.81029569668302781  0.82083489452968950  0.83136851557037461
  0.84191047804649433  0.85245220077783979  0.86299791535617920  0.87354033201027292
  0.88408832576250507  0.89463599399622962  0.90518581238918783  0.91573782994192432
  0.92628189809386885  0.93682556217640967  0.94736304414691652  0.95790717031434358
  0.96843657681433204  0.97896116691462431  0.98948446243463417  1.00000000000000000
 -0.00245681651596250  0.00948835690519628  0.01964340540868060  0.03016456839278213
  0.04071515562288004  0.05125688189529811  0.06179434110175291  0.07233167646564857
  0.08287300766736373  0.09342116659000878  0.10396019603778960  0.11450036162784018
  0.12503400548776739  0.13557671210382635  0.14611684039630587  0.15666106961882026
  0.16720740399965797  0.17775559161149218  0.18829905828793581  0.19884207615460411
  0.20938459094660922  0.21993338439673657  0.23047940162197386  0.24102328678196142
  0.25156752479729011  0.26210900270220122  0.27264587963198195  0.28317855602193209
  0.29371656744214264  0.30425747832304867  0.31480308502921261  0.32534302857474939
  0.33588174413786698  0.34641982710052516  0.35696297699439478  0.36750830546904512
  0.37804448627599418  0.38858064136933596  0.39911797265234905  0.40966465301838406
  0.42020385582911751  0.43074099965593349  0.44127311913275447  0.45181374313701811
  0.46235839866381284  0.47290564877942820  0.48344958306769503  0.49398296583487888
  0.50451712345564459  0.51505145413966558  0.52559429885461506  0.53613552507653561
  0.54667647901529637  0.55721646658000024  0.56775650744127792  0.57829327482470783
  0.58883431321178104  0.59937223398211137  0.60991503249145895  0.62045580972218950
  0.63099414290040534  0.64152484291885581  0.65205455558144165  0.66259246362258151
  0.67313970757549968  0.68368998916972445  0.69423327566393478  0.70477041626297898
  0.71529801609352350  0.72583340262783114  0.73637121526738458  0.74691870539576422
  0.75746554750743578  0.76801626603317497  0.77856708987765610  0.78911756538888822
  0.79966655878285331  0.81021531180711892  0.82076442465902966  0.83131067712187445
  0.84185460491357711  0.85239837860755008  0.86294460160290165  0.87349157533409350
  0.88403477044903178  0.89457652393239406  0.90511970701598532  0.91566755521735199
  0.92621170829123067  0.93675520249445021  0.94729124983853463  0.95782784269232102
  0.96836597556068060  0.97891158210676310  0.98945749914923775  1.00000000000000000
   2.5520897547488624E-008  -1.0000000000000000     
 F F F F F F F F
  <DiscreteSampler_grid>
  grouped_processes
  1 # 1 for a reference and 2 for a running grid.
  10 # Attribute 'min_bin_probing_points' of the grid.
  1 # Attribute 'grid_mode' of the grid. 1=='default',2=='initialization'
  0.0000000000000000 # Attribute 'small_contrib_threshold' of the grid.
  0.5000000000000000 # Attribute 'damping_power' of the grid.
 # binID   n_entries weight   weight_sqr   abs_weight
    10   10   1.322623097372511E+010   1.749331857703254E+020   1.322623097372511E+010
  </DiscreteSampler_grid>
