 -0.00247600052378845  0.00947477535799874  0.01962934216048286  0.03013591594874996
  0.04068110136996179  0.05122522402998408  0.06177576290466132  0.07232356999719257
  0.08286558765222539  0.09340746830797957  0.10395200106334311  0.11450219391559835
  0.12505470964357260  0.13560721007438223  0.14615803615613160  0.15670666999962823
  0.16725384205605270  0.17780063618933964  0.18834617725005889  0.19889201331505543
  0.20943191742990180  0.21997357810030224  0.23051663327233668  0.24106552688890437
  0.25161435977431651  0.26215537538998895  0.27269784683837994  0.28323622554541439
  0.29376813010837444  0.30429479103689189  0.31482390271986155  0.32536743744102264
  0.33591378038074526  0.34646419701695946  0.35700283451845694  0.36754542788360994
  0.37808718664408725  0.38863997426621893  0.39918042056422154  0.40971735266961667
  0.42025130447902165  0.43079355111726292  0.44133755742786823  0.45188513926386359
  0.46242779696755149  0.47296351338975712  0.48349990938142973  0.49404387706610575
  0.50458562842729837  0.51512351398493961  0.52565187151408732  0.53618652915151721
  0.54672117047754576  0.55726565974753728  0.56779969756930448  0.57833642569169075
  0.58886781341936867  0.59941453876102491  0.60995476313215280  0.62050055653205705
  0.63104372169876499  0.64158745540461903  0.65213177034219694  0.66267648587844319
  0.67322914549922674  0.68377020500641794  0.69431219481747941  0.70484782499729970
  0.71539374090198349  0.72593343628369067  0.73647724554970928  0.74702246282005891
  0.75756735645507234  0.76810860091935551  0.77864080679078651  0.78918113694973080
  0.79972652812582112  0.81027030107939169  0.82081211758446582  0.83134760857101331
  0.84189395540013567  0.85244298129218099  0.86298248080805973  0.87352331167128561
  0.88405487048801090  0.89460128573286424  0.90514000240149872  0.91568406770773914
  0.92621984807531876  0.93675984432009607  0.94730307429670280  0.95784692604016863
  0.96838295316809908  0.97891529482379613  0.98945414600643011  1.00000000000000000
 -0.00249212222849589  0.00955546229754172  0.01973706022203731  0.03025768629926350
  0.04080573195749278  0.05133408860850797  0.06187039976553546  0.07240548470608010
  0.08295843996345442  0.09350904170445304  0.10405974398365690  0.11460539032320977
  0.12515306302883597  0.13569188299555515  0.14623397082485859  0.15677781336240770
  0.16732571341899291  0.17786692818858821  0.18840591272234833  0.19894626746502911
  0.20948815783975458  0.22002371753759925  0.23056265451645189  0.24110877022397251
  0.25166278165488698  0.26221721075174670  0.27276663072385449  0.28330705827161590
  0.29384600237640351  0.30438525866932675  0.31492612475000464  0.32546712441961628
  0.33600938020734844  0.34653719649115494  0.35706654520617120  0.36759732924485911
  0.37814926654052500  0.38869405057355622  0.39923828209310414  0.40977820513770730
  0.42031839209869842  0.43084986925824492  0.44137825149017512  0.45190854450518159
  0.46243919151186658  0.47297493801138979  0.48350648184315176  0.49404707698086991
  0.50458538501913908  0.51513237791190836  0.52568128301488515  0.53623386502470405
  0.54678439355844366  0.55733490175760592  0.56787918269701887  0.57841136602474597
  0.58894088920310628  0.59947196373385692  0.60999746486674655  0.62052119676183970
  0.63104968484399093  0.64159786766918647  0.65213359939939852  0.66266256476950780
  0.67319161672504035  0.68372727867626037  0.69426913246558286  0.70480531400634583
  0.71534454744598508  0.72588386646892067  0.73642658659823901  0.74697459046876780
  0.75752604385492806  0.76806596426912244  0.77860169816218983  0.78913311892722349
  0.79967788653122485  0.81022655998269588  0.82077582428143725  0.83132153966629296
  0.84186916593297012  0.85242056854450809  0.86295848451945367  0.87349688804454095
  0.88402956372951025  0.89457412442127404  0.90511756455754677  0.91565751808464968
  0.92619979357782223  0.93673692755569682  0.94728073159977999  0.95781935782433292
  0.96836289704992695  0.97890797527333040  0.98945495873174449  1.00000000000000000
   2.5649147964393370E-008  -1.0000000000000000     
 F F F F F F F F
  <DiscreteSampler_grid>
  grouped_processes
  1 # 1 for a reference and 2 for a running grid.
  10 # Attribute 'min_bin_probing_points' of the grid.
  1 # Attribute 'grid_mode' of the grid. 1=='default',2=='initialization'
  0.0000000000000000 # Attribute 'small_contrib_threshold' of the grid.
  0.5000000000000000 # Attribute 'damping_power' of the grid.
 # binID   n_entries weight   weight_sqr   abs_weight
    10   10   1.322623097372510E+010   1.749331857703253E+020   1.322623097372510E+010
  </DiscreteSampler_grid>
