  0.00000012365897940  0.00000015878408658  0.00000019411911104  0.00000022965375191
  0.00000029991242013  0.00000038594448756  0.00000049444819079  0.00000062073576680
  0.00000076798149928  0.00000093867200275  0.00000112082046134  0.00000131625291240
  0.00000152472857719  0.00000174606405689  0.00000197607037803  0.00000220714064430
  0.00000244937169994  0.00000271172284052  0.00000296398456097  0.00000323007946482
  0.00000350625177211  0.00000379775937418  0.00000413973075371  0.00000451893421862
  0.00000490601113200  0.00000528461233449  0.00000567885788966  0.00000609983191035
  0.00000656228075220  0.00000703054651780  0.00000752528688048  0.00000805722018449
  0.00000864885310648  0.00000930121370405  0.00000999386695767  0.00001071195400893
  0.00001144862265437  0.00001220918986667  0.00001303851093227  0.00001392391688158
  0.00001484976839136  0.00001581367559393  0.00001687323922836  0.00001812863162815
  0.00001941791340046  0.00002088457802108  0.00002247434449469  0.00002433506869214
  0.00002636417771612  0.00002853291840344  0.00003088701339673  0.00003354200180735
  0.00003645021901989  0.00003964403340603  0.00004312925833993  0.00004667436797106
  0.00005018939346746  0.00005389512826565  0.00005804260444424  0.00006290575064607
  0.00006832112678498  0.00007399483182398  0.00008011460749553  0.00008643058326165
  0.00009397561273549  0.00010309858544466  0.00011364475661646  0.00012508305440133
  0.00013769547555102  0.00015077210606229  0.00016484029173358  0.00018191073327384
  0.00020053914471224  0.00022114031401426  0.00024497502732505  0.00027175591639010
  0.00030334140224699  0.00034039195543020  0.00038410200313790  0.00043231250952166
  0.00048739938187610  0.00055090264309519  0.00062177927982993  0.00070589145355033
  0.00081891621454563  0.00098436163736195  0.00123496561980083  0.00153338082748248
  0.00188067251583686  0.00232752430065866  0.00308042998464751  0.00472044807771750
  0.00753523953611687  0.01731455289430942  0.18903823876472248  1.00000000000000000
  0.00000012900443404  0.00000017666057761  0.00000022960881421  0.00000029590388933
  0.00000041599301528  0.00000054695320669  0.00000069198734367  0.00000087256222974
  0.00000106667278968  0.00000127641471234  0.00000150258827964  0.00000174291466148
  0.00000199800980078  0.00000227206771745  0.00000254678718587  0.00000284184185217
  0.00000315713438970  0.00000352519681540  0.00000389715293447  0.00000427031352571
  0.00000467975927519  0.00000509401328875  0.00000552871786281  0.00000591838318295
  0.00000635769013024  0.00000682166348142  0.00000734030962665  0.00000795018207775
  0.00000861208824524  0.00000933995408783  0.00001002922113405  0.00001070415650655
  0.00001144959011711  0.00001227416518559  0.00001308079491683  0.00001386851048423
  0.00001480028386717  0.00001589880213482  0.00001708412891810  0.00001828876385079
  0.00001972488519739  0.00002135302756442  0.00002310455841575  0.00002497112450958
  0.00002696118045715  0.00002910995577128  0.00003141991225176  0.00003389452372887
  0.00003651593463783  0.00003918614162561  0.00004184604814206  0.00004458909553331
  0.00004757713176249  0.00005101912616072  0.00005489885653587  0.00005908532413849
  0.00006353842094093  0.00006831256770641  0.00007323596409578  0.00007869738115608
  0.00008484132540955  0.00009208273711382  0.00009971003962893  0.00010831529214212
  0.00011763185478162  0.00012768591149047  0.00013942561210410  0.00015165693043777
  0.00016608251330438  0.00018351823253423  0.00020254023557931  0.00022274658197214
  0.00024546917446421  0.00026851133475145  0.00029600950095161  0.00032770609548613
  0.00035971494790041  0.00039160931161144  0.00042900967371539  0.00047367847509238
  0.00052864152987236  0.00060195603060957  0.00069066967155586  0.00079884748112383
  0.00092021912040556  0.00107259514035774  0.00126591350683791  0.00156932114157434
  0.00196192960863920  0.00243823181732895  0.00295799502608607  0.00380779528831089
  0.00560798431900036  0.01021340260912727  0.15674629471906018  1.00000000000000000
  0.00000808230981373  0.00002636948424294  0.00002908710229048  0.00003351243130469
  0.00003793761975360  0.00004190756788651  0.00004702743411098  0.00005240969070080
  0.00005782214756043  0.00006314346937605  0.00006877821626104  0.00007384440700317
  0.00007906538495611  0.00008430968485929  0.00008984339233939  0.00009562782320857
  0.00010105162394236  0.00010632183938829  0.00011164339591556  0.00011725586088866
  0.00012286638390459  0.00012801178078004  0.00013287662995124  0.00013773042260080
  0.00014260271088373  0.00014763196045645  0.00015343628582479  0.00016000516366272
  0.00016690817262474  0.00017395084181979  0.00018107400279270  0.00018883382296341
  0.00019676873648973  0.00020530849031786  0.00021475999268014  0.00022436462690916
  0.00023454335644549  0.00024547268726536  0.00025657899198316  0.00026794719225505
  0.00027945710249536  0.00029119953217391  0.00030361404554060  0.00031709060947947
  0.00033106760440143  0.00034562766950903  0.00036060703795825  0.00037604884582561
  0.00039127047674311  0.00040806887646401  0.00042660831710314  0.00044589066006511
  0.00046554968741889  0.00048738538117439  0.00050976725570088  0.00053342147523404
  0.00055915240950239  0.00058602096272064  0.00061316565589555  0.00064277365015117
  0.00067742218984992  0.00071304658847390  0.00075361566587868  0.00079651555388982
  0.00084513915486679  0.00090013923066990  0.00095878362696482  0.00101996302459851
  0.00108293559937050  0.00114904587036317  0.00121901069465866  0.00129056472891396
  0.00136650411706170  0.00144944039255325  0.00153755050166756  0.00163945188760687
  0.00176444677689780  0.00192434046094203  0.00212663666439018  0.00234005080354632
  0.00255066510501083  0.00279797120112326  0.00302846116976529  0.00340890019231396
  0.00378148834543573  0.00422711145125117  0.00471611387983074  0.00534301704397962
  0.00604266468185481  0.00683175256463476  0.00780459411920645  0.00952950140469585
  0.01363384049059164  0.02616041329960113  0.07464670158922680  1.00000000000000000
 -0.00223502362656003  0.00877082697223861  0.01788850783981245  0.02807055695334669
  0.03833442657111376  0.04909198620633729  0.06024703920216496  0.07166053304471952
  0.08280825661900350  0.09359074319573842  0.10465689597827041  0.11630741368205562
  0.12787560727164829  0.13882486590108134  0.14977194703754823  0.16049824771973095
  0.17042275635811016  0.18007620676510402  0.18944098905521489  0.19890272278013313
  0.20845820574996277  0.21810126931602986  0.22812230899038541  0.23847387591892016
  0.24862092515668813  0.25926534262027678  0.27013082018366674  0.28085807406260221
  0.29184727652727438  0.30318469818804300  0.31380437430340713  0.32393212752097472
  0.33404364020328242  0.34477601401740726  0.35688433595294694  0.36920269522776122
  0.38165561329838921  0.39426635689371398  0.40626968591248563  0.41842736190676655
  0.42971247409762142  0.44079633539256802  0.45073430492415162  0.46033222524438394
  0.46999741839695447  0.47993522102082770  0.49061901933749369  0.50130672180448488
  0.51122594297698121  0.52059842966072922  0.52926939150014773  0.53770584317989800
  0.54600144808697193  0.55460555606980855  0.56345539150738266  0.57298698339318543
  0.58222217209834226  0.59245899321380635  0.60316377648310326  0.61304859787090193
  0.62369257230801689  0.63416180115297616  0.64515971752512291  0.65639034190604506
  0.66786924868380371  0.67930187140056464  0.69026936062909350  0.70110324533490309
  0.71113114836402946  0.72060883599802417  0.72960376109497294  0.73872034837736678
  0.74768814822365326  0.75672872286095760  0.76612893433875129  0.77636477709545659
  0.78648681295832101  0.79677927751867450  0.80756534421257875  0.81811118496918511
  0.82781592923819503  0.83703884378341575  0.84686491056258273  0.85754953082785834
  0.86864887846252448  0.87937431155042056  0.89073151649017857  0.90186798431085158
  0.91525691113657393  0.92715603418251058  0.94095000422595665  0.95415848631403999
  0.96603114025440384  0.97674850209816133  0.98778813860764347  1.00000000000000000
 -0.00236179051922563  0.01061581721784290  0.02147141007999357  0.03341865747778273
  0.04499975119691337  0.05630494842072988  0.06795938126807147  0.07968185451530418
  0.09083587836815772  0.10144762074433727  0.11204359601357537  0.12322736339163616
  0.13437643236559121  0.14532112891066432  0.15530582189667569  0.16445921143018064
  0.17316667573496300  0.18212137347505250  0.19135923009602762  0.20040998495456533
  0.20872940078904811  0.21683545125116474  0.22487894917723888  0.23374212214903564
  0.24320914958184708  0.25240433660675110  0.26196739847706274  0.27196820931320387
  0.28246195014889569  0.29339684538248184  0.30526059212066148  0.31758159603068059
  0.33004452662742284  0.34254968422606130  0.35421677769707000  0.36617420885856339
  0.37684110259686243  0.38681434673596848  0.39634159966877380  0.40690042841655977
  0.41707449305351019  0.42709672940374016  0.43712272595914642  0.44726108269939602
  0.45726830959391884  0.46705910289073205  0.47698909755172086  0.48742589549407295
  0.49797718555097120  0.50882149871056825  0.52021075267105421  0.53212083949880284
  0.54382662100039691  0.55390715975122351  0.56350296552734958  0.57167039767038552
  0.58054104261187855  0.58910870893110501  0.59730031670425809  0.60553572390956156
  0.61371034314571615  0.62167589459424788  0.63049804472279114  0.64030974430141141
  0.65050306362868204  0.66057555035828863  0.67070618401742899  0.68157150687740709
  0.69253624475153275  0.70388443221181385  0.71461680958303242  0.72486543936601922
  0.73493596895288105  0.74511235149576360  0.75614428124837696  0.76758739567926559
  0.77899967905010792  0.79117366680510304  0.80431494855289853  0.81778098065128435
  0.83040337742734316  0.84213717802574228  0.85335118033229396  0.86440698242589964
  0.87528227408519654  0.88574953820510960  0.89651620743199656  0.90808345458299089
  0.91984600720056731  0.93069422864629936  0.94091187890936101  0.95170842575167214
  0.96244422220186510  0.97442467760870077  0.98667770723339043  1.00000000000000000
 -0.00167162014502738  0.01210087388994481  0.02410954225717039  0.03553854720581123
  0.04655307887104502  0.05612804209422513  0.06695695181453465  0.07702913855701722
  0.08645342194875273  0.09514598451801326  0.10426088004111309  0.11509234861036133
  0.12694452125654307  0.13803637759268100  0.14910225296724555  0.15985508429309320
  0.17133997486136920  0.18201631930739801  0.19327763984440177  0.20513555392502061
  0.21694209828529543  0.22735122126252635  0.23708052567732016  0.24645210443829504
  0.25613840791352377  0.26663118510203859  0.27755642680423187  0.28953547992671480
  0.30245904708981486  0.31455010391107113  0.32550204479674510  0.33666749337217394
  0.34788269225824103  0.35913227235173018  0.37034158164103381  0.38196698807504031
  0.39394870519888864  0.40628323224113305  0.41786757195290386  0.42773110721090063
  0.43736134007021943  0.44686065378056061  0.45648056137852155  0.46598358008448260
  0.47591049639542593  0.48641728452379673  0.49712139002119626  0.50741597566349728
  0.51675961093691170  0.52693278725464499  0.53699886133932395  0.54737625735605167
  0.55760943775634675  0.56714552312727251  0.57671556160938153  0.58656938502307354
  0.59665678976628633  0.60656105487926060  0.61615735525137172  0.62587793037337958
  0.63614254270587300  0.64669132738229040  0.65755337430561278  0.66852346091645254
  0.67940764371037654  0.68940966921344871  0.69984960751544001  0.71021175737222608
  0.72142290815991439  0.73333377303056679  0.74556376334544094  0.75772309876580646
  0.76955929429202263  0.78044880046651632  0.79126109275602297  0.80191179450225758
  0.81212172005567174  0.82143848513544571  0.83010390364008158  0.83909914773747929
  0.84826588255553581  0.85768286685372785  0.86737463036346685  0.87731556685565648
  0.88719638430871794  0.89675851577472265  0.90629746827820734  0.91625988800250646
  0.92640635670177462  0.93699893919754185  0.94728743239928725  0.95663668781715283
  0.96650658845155246  0.97705094159458450  0.98856195447656825  1.00000000000000000
 -0.00276962171841241  0.01231398554333024  0.02406366811990413  0.03572525633233203
  0.04720360074116903  0.05828320176683099  0.06848317476899674  0.07990316866754732
  0.09210884839036310  0.10581345795463686  0.11662401295429768  0.12696033075901808
  0.13608225066584487  0.14485305440291832  0.15369172636361483  0.16259827261622423
  0.17206607469592836  0.18196243248414876  0.19188032931877602  0.20219132260336387
  0.21254038648041920  0.22310963748285509  0.23332136771771275  0.24295712642277761
  0.25242079200710843  0.26288383961652678  0.27346751602243857  0.28406984691833781
  0.29472743280594238  0.30449330960229409  0.31392912112251192  0.32368200741526759
  0.33364260759339576  0.34478226360187869  0.35649845132395486  0.36857024460917220
  0.38034020068482849  0.39167413531456347  0.40309239782196232  0.41493784790323673
  0.42699583035535582  0.43910796296318000  0.45064450412566887  0.46181475849816689
  0.47222272152074990  0.48265285405842595  0.49277656877844761  0.50281776710127535
  0.51317455711169213  0.52389307435071997  0.53513019199249789  0.54640756355622777
  0.55750697830019103  0.56823887719450672  0.57897619322107297  0.59048050242368033
  0.60180753204687698  0.61189697221789741  0.62143093068263944  0.63115779502175273
  0.64161182385930537  0.65226713110533074  0.66251489182403567  0.67254638045807325
  0.68249194879797592  0.69242783492885762  0.70260700851477575  0.71284913330027100
  0.72314045637584290  0.73331137406228841  0.74348620710248703  0.75379673562801808
  0.76342136415719974  0.77283376520785274  0.78214596735705111  0.79236820484867687
  0.80258874349447029  0.81227612785413250  0.82223275709149179  0.83186571339481230
  0.84150683326584574  0.85120762797792571  0.86128756582819943  0.87201197623856441
  0.88253430368966879  0.89266126062298912  0.90282403948821555  0.91323020722213377
  0.92385468025339113  0.93465917031346701  0.94541397245837966  0.95677785567019114
  0.96885312495270837  0.97996352209824966  0.99029088121274600  1.00000000000000000
 -0.00279959289418051  0.01003396381438134  0.02202341576768018  0.03437821780919152
  0.04637325446240462  0.05654140762346727  0.06577694119275432  0.07480413579230723
  0.08418125660225351  0.09468917313792494  0.10480109175029363  0.11597361118285862
  0.12725143430361152  0.13797871766344907  0.14856432972049824  0.15806962023092030
  0.16758447386031666  0.17695884675516596  0.18651772225176530  0.19645443648476407
  0.20635731489829429  0.21778574198628231  0.22908180358610661  0.24112973324580350
  0.25289801033427689  0.26363247797031103  0.27313861008265777  0.28195133831871100
  0.29082504733141917  0.30049904439783798  0.31089532768334394  0.32158485292101158
  0.33270175069790686  0.34494466392004275  0.35691860991432423  0.36737447050272121
  0.37720349645180462  0.38692601476919058  0.39657872516404430  0.40569045469635551
  0.41447678294305140  0.42389368345736445  0.43445352993768704  0.44612498340629808
  0.45813798586478716  0.46867889376092609  0.47922196391122451  0.48944671943646723
  0.49974216992278314  0.50985119951488667  0.51983903840072709  0.52964494861991507
  0.53900103283058065  0.54791697177789811  0.55687870065825729  0.56631868972504551
  0.57629624470938723  0.58758337284314111  0.59912492338824286  0.61024028349478021
  0.62077048365058707  0.63128653555805092  0.64243686524721078  0.65319982485238137
  0.66422582833503307  0.67529023168961588  0.68617245513311909  0.69772513097274380
  0.70868797808574879  0.71870524088240784  0.72923799902564301  0.73996352149062428
  0.75036418533344096  0.76048887822723787  0.77062066804150642  0.78116837783198612
  0.79185729227483859  0.80202467038482050  0.81244813551384309  0.82201667854909821
  0.83172507305257992  0.84217452753394462  0.85362001028181622  0.86465199287471384
  0.87568837206476058  0.88802135339152743  0.89904954099500911  0.90992800329834422
  0.92026581517742634  0.93119447969950109  0.94224552461266731  0.95334194373776959
  0.96474536144835199  0.97643589703910327  0.98812952459804104  1.00000000000000000
  0.32292282938841155  0.32751978367611806  0.33159778126768530  0.33697730056421382
  0.34319069357008647  0.34862938527699366  0.35284154473733931  0.35607419970413912
  0.35928129758997024  0.36270508683270930  0.36607415167648966  0.36941585386917369
  0.37250889513937685  0.37560877419314931  0.37876197471732898  0.38168651425325523
  0.38458811607813237  0.38749144095005672  0.39083543332228649  0.39459426956859134
  0.39864897708404251  0.40252164260659001  0.40564444317054615  0.40842840209754622
  0.41131641256947682  0.41472195786073129  0.41840782727628129  0.42231774699407326
  0.42602334162439787  0.42971548941571058  0.43391461806064341  0.43893773894838656
  0.44433389656849159  0.44984668897705421  0.45563157234498580  0.46144583366406616
  0.46737826951188521  0.47346971247903336  0.48006282971903791  0.48728421841049252
  0.49472625653789859  0.50198114324141452  0.50868334890898370  0.51603390016493278
  0.52264370473245347  0.52916843055607166  0.53505267930512246  0.54085667614331545
  0.54705063749659455  0.55290638073457954  0.55999372343271125  0.56661771317124554
  0.57329377216057742  0.58023135739383624  0.58763499048081980  0.59506980774575613
  0.60234354419758618  0.60935437058106412  0.61647441429345029  0.62409769498091316
  0.63251877895456121  0.64107604976854560  0.64919895551574258  0.65699821199367259
  0.66496839714606604  0.67310553740470391  0.68137105609587012  0.68935766722953340
  0.69718194981368653  0.70535169157356192  0.71339210170455147  0.72099139375164345
  0.72848319226328240  0.73586947629942845  0.74398342530154560  0.75238459074544517
  0.76083409312505224  0.76932981760642150  0.77810724224083594  0.78735993995217990
  0.79661250995572974  0.80668636131034710  0.81697634110468675  0.82783833076188473
  0.83851353950628327  0.84881235713124426  0.85935335739028407  0.86996121456098185
  0.88104829087803194  0.89282307319130594  0.90521636722722609  0.91851688983005686
  0.93275812202793984  0.94922940203248374  0.97036392642732694  1.00000000000000000
 -0.01428615081272669  0.10213074865762276  0.13481602105978605  0.15430321372751096
  0.16934624454421804  0.18228170297605345  0.19453841801518876  0.20638352630178614
  0.21751982345397783  0.22834400938601568  0.23917368037842318  0.24987050053871027
  0.25964393751155213  0.26886707171444468  0.27765828278813759  0.28599952876975571
  0.29485350962365287  0.30388614014624854  0.31296235689244772  0.32110376303454924
  0.32910145312084294  0.33634564132610700  0.34338424652536431  0.35001240072025663
  0.35645592154688022  0.36289681630423198  0.36948947623417722  0.37642071138086680
  0.38383393617250683  0.39093102540404129  0.39728901995463184  0.40331940021283097
  0.40938838381027531  0.41574149718427805  0.42222734193778788  0.42843695564642942
  0.43437979068533866  0.44041767603211507  0.44681249953275981  0.45383624221329277
  0.46076217041149337  0.46770670622454591  0.47453507723605898  0.48129111000447433
  0.48804969613418370  0.49469202181268757  0.50091927503573497  0.50625514785203163
  0.51143844082066381  0.51677356981270994  0.52194112588079067  0.52716384022327223
  0.53246426199795294  0.53804128758271375  0.54327754326835997  0.54828119382949281
  0.55291113476652143  0.55731881221633384  0.56223413543810952  0.56813905331523895
  0.57422776664375008  0.58050896746261982  0.58672860099974755  0.59339400361510442
  0.60020490247836722  0.60672502713010057  0.61304347386207758  0.61936885664302277
  0.62569231873822273  0.63177952732109555  0.63754407548210668  0.64333090054419562
  0.64953802126742544  0.65614552225104228  0.66274217409899383  0.66881813498786091
  0.67553370508905752  0.68193677419339493  0.68903510594536332  0.69632083540654421
  0.70384208676158788  0.71217247616931745  0.72100537506606366  0.73021604206780133
  0.73969998494077283  0.74887040924455750  0.75838306958846946  0.76856528445538541
  0.77996243470815807  0.79260518223352416  0.80658497509038363  0.82266569114562171
  0.84084996117797417  0.86295259801635615  0.89597640800844314  1.00000000000000000
   1.3301232088578365E-003  -1.0000000000000000     
 F F F F F F F F F F F F F F F F F F F F F F F F F F F F F F F F F F F F F F F F F F F F F F F F F F F F F F F F F F F F F F F F F F F F F F F F F F F F F F F F F F F F F F F F F F F F F F F F F F F F F F F F F F F F F F F F F F F F F F F F F F F F F F F F
  <DiscreteSampler_grid>
  grouped_processes
  1 # 1 for a reference and 2 for a running grid.
  10 # Attribute 'min_bin_probing_points' of the grid.
  1 # Attribute 'grid_mode' of the grid. 1=='default',2=='initialization'
  0.0000000000000000 # Attribute 'small_contrib_threshold' of the grid.
  0.5000000000000000 # Attribute 'damping_power' of the grid.
 # binID   n_entries weight   weight_sqr   abs_weight
    10   10   1.299727065358560E+003   8.143512750745259E+006   1.299727065358560E+003
    16   10   1.299727065358560E+003   8.143512750745259E+006   1.299727065358560E+003
    22   10   1.299727065358560E+003   8.143512750745259E+006   1.299727065358560E+003
    28   10   1.299727065358560E+003   8.143512750745259E+006   1.299727065358560E+003
  </DiscreteSampler_grid>
