 -0.00244940453471049  0.00949092266382125  0.01964806251358502  0.03016485201977503
  0.04070941468031890  0.05124315548095839  0.06178380675399379  0.07232130828951192
  0.08286022274115970  0.09338906896348514  0.10392252157029978  0.11446263254591328
  0.12501106175000007  0.13556000948235333  0.14610991809105639  0.15665525588495027
  0.16720015087315235  0.17774252893481135  0.18828915407680025  0.19883590997774303
  0.20938461526635530  0.21993533861720990  0.23048290080114020  0.24103160718489580
  0.25156661061917340  0.26210564619227622  0.27263784390137352  0.28318487730982805
  0.29373139903530854  0.30428134957803199  0.31483024725190789  0.32537631252612254
  0.33592438728826446  0.34647071698787030  0.35701937457650096  0.36756623993391441
  0.37811518233607716  0.38866200001343948  0.39919892133111073  0.40972203280060526
  0.42024145681928182  0.43077138512007068  0.44130868408793922  0.45184996916645886
  0.46238845577996446  0.47293133673598814  0.48347529031058423  0.49401587182250578
  0.50455340545766747  0.51509283176430676  0.52563336000119476  0.53617770595152958
  0.54671476806816777  0.55725654190126162  0.56780049612588801  0.57834706557560545
  0.58888364531701176  0.59941429791068102  0.60994843812147914  0.62049513390017930
  0.63103460392661304  0.64157628744792672  0.65210530649700016  0.66264693845502465
  0.67318786272577913  0.68372914238205962  0.69426842963433832  0.70480629927181548
  0.71535534163451153  0.72590670611378150  0.73645814031269552  0.74700777958598552
  0.75755642536923218  0.76810388827664977  0.77865180233650899  0.78919762127914050
  0.79974673544268038  0.81028499203264326  0.82082500203576791  0.83136197831320990
  0.84190554938044881  0.85245077144649817  0.86299029808878358  0.87353188555204053
  0.88406955324090630  0.89460438977146006  0.90514043665218669  0.91567231768338764
  0.92620846130156165  0.93674396117949954  0.94728666975206444  0.95782761159227570
  0.96836523236726868  0.97890321536824632  0.98944824414087384  1.00000000000000000
 -0.00252812131336626  0.00944860355590333  0.01960060951576896  0.03010743816871444
  0.04065147266667848  0.05118894095029351  0.06173748524966438  0.07228523284529401
  0.08283280063651442  0.09338219728720944  0.10392236175658212  0.11446261008817303
  0.12500218527562634  0.13554772808734111  0.14609493447033689  0.15663928433297472
  0.16718353378353287  0.17772730895847369  0.18827213917869107  0.19881831759811147
  0.20935740969312225  0.21989261389591475  0.23042755685548172  0.24096844750173413
  0.25150942347355199  0.26205633175748738  0.27260144345868981  0.28314233980146419
  0.29368306640583913  0.30422692842071108  0.31475544719590726  0.32528477296873315
  0.33581547369593057  0.34636439974874533  0.35690769387216104  0.36744934260486378
  0.37798810733095489  0.38853067938074332  0.39907055454719820  0.40961444247837620
  0.42015476977541311  0.43069893971669498  0.44124534778469526  0.45178690441505159
  0.46232330135075389  0.47285175825810838  0.48337181106330135  0.49389216863733376
  0.50442349943183584  0.51497447930552365  0.52551750451565227  0.53606069565498304
  0.54660064917484485  0.55715260611118966  0.56770277767811339  0.57825290544223928
  0.58880551251242319  0.59935360352320499  0.60990369705184999  0.62045221045778431
  0.63099723333757796  0.64153853058604804  0.65207653338786464  0.66261837304162741
  0.67316079860047728  0.68370157624728767  0.69423454801771234  0.70476675766243602
  0.71530192516326219  0.72584171915641393  0.73638569864676262  0.74693350787691970
  0.75748386765919296  0.76802873585775144  0.77856708158566246  0.78910896388672247
  0.79965666594932272  0.81020339198434488  0.82074236974505654  0.83127519686529738
  0.84181580885231544  0.85235931849205171  0.86290610747539309  0.87345250107876593
  0.88399859334189224  0.89454091579576367  0.90507440097043546  0.91561284026921541
  0.92615371139517055  0.93669948280998760  0.94724601826052790  0.95779229558960199
  0.96834036007107427  0.97889063234123685  0.98944443764237933  1.00000000000000000
   2.5510541456560111E-008  -1.0000000000000000     
 F F F F F F F F
  <DiscreteSampler_grid>
  grouped_processes
  1 # 1 for a reference and 2 for a running grid.
  10 # Attribute 'min_bin_probing_points' of the grid.
  1 # Attribute 'grid_mode' of the grid. 1=='default',2=='initialization'
  0.0000000000000000 # Attribute 'small_contrib_threshold' of the grid.
  0.5000000000000000 # Attribute 'damping_power' of the grid.
 # binID   n_entries weight   weight_sqr   abs_weight
    10   10   1.322623097372511E+010   1.749331857703254E+020   1.322623097372511E+010
  </DiscreteSampler_grid>
