  0.00000490538191897  0.00000512602415395  0.00000542530083410  0.00000575235407403
  0.00000606933433186  0.00000643581143983  0.00000681586466356  0.00000723782892323
  0.00000772703329160  0.00000826626604411  0.00000883976374787  0.00000943091370391
  0.00001001642455159  0.00001058571307972  0.00001115275545676  0.00001176448645912
  0.00001241048822957  0.00001313952021219  0.00001392018356017  0.00001478726460016
  0.00001573070432828  0.00001673568181806  0.00001780452178402  0.00001885923105195
  0.00001993046005806  0.00002103309069862  0.00002216723768294  0.00002344588020506
  0.00002492940385707  0.00002652231277773  0.00002825586471593  0.00002994098682948
  0.00003176205691180  0.00003364937701681  0.00003567397908188  0.00003795750456070
  0.00004025716954711  0.00004272062506764  0.00004528407319674  0.00004812702057407
  0.00005115453812798  0.00005456105994829  0.00005790393208943  0.00006182210801120
  0.00006616403210274  0.00007080442750508  0.00007565672763746  0.00008056616596182
  0.00008640079118346  0.00009249326660065  0.00009910175696296  0.00010619746608152
  0.00011407733442613  0.00012306967351700  0.00013278119691716  0.00014382054955519
  0.00015613670261574  0.00016895434557133  0.00018242614468071  0.00019703471829119
  0.00021302599724514  0.00023115478378474  0.00025108575340479  0.00027204294246929
  0.00029495213248303  0.00032081704512403  0.00035151466234263  0.00038846237850293
  0.00042897781906130  0.00047009228177136  0.00051561638828208  0.00056637503419749
  0.00062658495645577  0.00069153620636695  0.00075885466424446  0.00083413978372481
  0.00092796538281343  0.00105850810988576  0.00121664991797761  0.00137403148752798
  0.00153610753064125  0.00171564118878395  0.00193509575911776  0.00217380026482882
  0.00248563144906868  0.00291189332185970  0.00347740806169760  0.00405766979387674
  0.00462270257642814  0.00525305778078524  0.00635967418483215  0.00781971285071847
  0.00991594423610455  0.01348558085926342  0.03582012285972656  1.00000000000000000
  0.00000489669168306  0.00000561382278967  0.00000604997522369  0.00000654223704222
  0.00000704814891665  0.00000754891260568  0.00000803750088724  0.00000852255036359
  0.00000901634327294  0.00000954223569086  0.00001010504984310  0.00001069923986062
  0.00001130979973072  0.00001190481505483  0.00001258506520338  0.00001332814061949
  0.00001412795115583  0.00001500742333540  0.00001596504353325  0.00001702743303504
  0.00001814020602687  0.00001927826067099  0.00002050943925635  0.00002181518793880
  0.00002321889156665  0.00002477161613781  0.00002639511807680  0.00002818552588110
  0.00002999743414412  0.00003185942614569  0.00003371661124459  0.00003565281822151
  0.00003773873422510  0.00004004323895095  0.00004247453408941  0.00004513663247223
  0.00004800148194839  0.00005094072164756  0.00005398947806192  0.00005709248794144
  0.00006053841374145  0.00006455594579917  0.00006911422161546  0.00007410218807815
  0.00007924720722601  0.00008472003164169  0.00009042284218759  0.00009693022665154
  0.00010431583542095  0.00011219775947845  0.00012076822308735  0.00012927790083514
  0.00013777483355070  0.00014701790403781  0.00015688305937292  0.00016766473946376
  0.00018033667112546  0.00019334402636628  0.00020784536541041  0.00022340984135181
  0.00024039426063219  0.00025923884490700  0.00028071052006993  0.00030463787439382
  0.00033097885240950  0.00035750939530827  0.00038702928728799  0.00041919332709619
  0.00045399570124634  0.00049245438010176  0.00053610452431934  0.00058702379185483
  0.00063522865646535  0.00068331552485256  0.00074623230509392  0.00081719622581553
  0.00089796326475606  0.00098721815646270  0.00109240476732999  0.00121272827927954
  0.00135399252065357  0.00151586258794434  0.00174173009420989  0.00198401894873460
  0.00220139990537792  0.00243498541562946  0.00267642629337419  0.00294691826486677
  0.00327949950066686  0.00381468231168784  0.00442033607929333  0.00526830757159824
  0.00652126031985260  0.01186423086373047  0.08548634645141190  1.00000000000000000
  0.00000652270501851  0.00000996251457222  0.00001179346634545  0.00001356377826011
  0.00001527559699584  0.00001715048402443  0.00001925195472455  0.00002152663887303
  0.00002392628219875  0.00002660020624030  0.00002947542387901  0.00003259898257999
  0.00003606227152281  0.00003981210399270  0.00004390487209419  0.00004836586829144
  0.00005324122586963  0.00005850341216548  0.00006426961125325  0.00007078736024489
  0.00007798012957988  0.00008608376052991  0.00009459826054008  0.00010359888541370
  0.00011318021523815  0.00012361537224473  0.00013509799527606  0.00014700938500127
  0.00015926873568626  0.00017247066955148  0.00018655450915148  0.00020112747620086
  0.00021706383496462  0.00023442161002266  0.00025326481227060  0.00027255514834122
  0.00029181725438242  0.00031210747958930  0.00033346391715875  0.00035756916994404
  0.00038373683418559  0.00041187419869768  0.00044021657934672  0.00046958622171881
  0.00050038007084021  0.00053338303364180  0.00056837075937698  0.00060658770197056
  0.00064783363111470  0.00068891345100041  0.00073028672393900  0.00077494941596162
  0.00082348591068439  0.00087653381661403  0.00092930841758654  0.00098142490528003
  0.00103557624711730  0.00109631324595226  0.00115961629523954  0.00121989969518958
  0.00128170796792488  0.00133204932270966  0.00139646733644808  0.00146544088003688
  0.00153877008080396  0.00164481612872006  0.00176929946748143  0.00190692081454434
  0.00204930659156230  0.00218936627490484  0.00233440516454169  0.00249511639281428
  0.00269370852797413  0.00284378409797641  0.00304240305081460  0.00326795097812153
  0.00347810589159756  0.00370967035638295  0.00401218773230703  0.00430374753114165
  0.00455611510104588  0.00487632605058522  0.00518757213672359  0.00570989243044041
  0.00626901543674815  0.00704790155871812  0.00773727091326439  0.00841406121448206
  0.00902858182944700  0.00962286218841857  0.01069440043511441  0.01190698297490850
  0.01332738722578657  0.01479239460605739  0.10834541702444832  1.00000000000000000
 -0.00141804403789152  0.00765272085669568  0.01503761641671556  0.02269314021093437
  0.03097178869870857  0.04023040395878065  0.05032440193463540  0.06032472606812558
  0.07113181900440099  0.08230583303959163  0.09299802264147408  0.10292176423076672
  0.11257986157247545  0.12182897442562042  0.13275336335902357  0.14350761087431479
  0.15409881806558506  0.16414436979718700  0.17426740479167480  0.18513604711382445
  0.19617640999889988  0.20612023474205504  0.21562727266536150  0.22484198982490242
  0.23442018239368501  0.24494277038086082  0.25488048851125689  0.26466687385939353
  0.27448938565307657  0.28449377848707896  0.29455441188266213  0.30498136715581819
  0.31626839587394545  0.32828927912102590  0.34006617261345357  0.35130850597345747
  0.36238172282459935  0.37369356250515040  0.38593408276683028  0.39811489856686405
  0.40919214240812368  0.41934872514922883  0.42968313311387318  0.43981614532659352
  0.44996833498294492  0.45931679617665655  0.46982259556818262  0.48013868033611523
  0.49085126308772781  0.50126934547862179  0.51225608468297301  0.52284645412510578
  0.53362737935294557  0.54409231040328332  0.55473162217492167  0.56536493871918991
  0.57624223560602994  0.58688955100549500  0.59777138436187072  0.60905765662531541
  0.62050003653767538  0.63152673055959463  0.64239420506773259  0.65330170336543858
  0.66386046066261439  0.67428360493708317  0.68425936500748885  0.69485283232981210
  0.70603493655105187  0.71646224242104117  0.72673556272039352  0.73659011376252848
  0.74705613285751027  0.75829260228138462  0.76929675191714497  0.78019696742152911
  0.79077567633572943  0.80182630798941734  0.81316586822532844  0.82467539072905727
  0.83607098299747540  0.84684401425336642  0.85705132692893571  0.86681578749023991
  0.87741466195872508  0.88829355074797500  0.89857889744922415  0.90878684436380563
  0.91969923370976780  0.93199549460679187  0.94408660426971913  0.95566278337780242
  0.96673275898186817  0.97769220678206126  0.98898631043103113  1.00000000000000000
 -0.00156121239831110  0.00788908171978877  0.01667177849121262  0.02607969262735352
  0.03496004931331800  0.04309504402911017  0.05225082995706483  0.06153414001566616
  0.07158455961507225  0.08125893075015346  0.09215657327476279  0.10384567464050239
  0.11547305175072238  0.12681860290776181  0.13629348437065597  0.14581881465300042
  0.15597787901265064  0.16757058366519020  0.17846349912959608  0.18911104245471314
  0.20036466206525858  0.21232245224117272  0.22386253690716298  0.23507833660216820
  0.24536011037918032  0.25546736003836878  0.26568296010310882  0.27670685232567349
  0.28865492537959070  0.30068032718955462  0.31297938871165226  0.32477132969971378
  0.33599529364508496  0.34654725286658128  0.35721156774631363  0.36709999403518279
  0.37694754140730979  0.38750421070139146  0.39849769459818318  0.40740768891248530
  0.41640638720247525  0.42519864873473145  0.43481362203798474  0.44631306480175098
  0.45709046341612192  0.46713759644267755  0.47698671109679536  0.48724851145868742
  0.49769836524656108  0.50828677747313311  0.51881457184288704  0.52920752348297828
  0.54036302300461059  0.55023035600233217  0.56069228609072974  0.57138708035954544
  0.58297841873860934  0.59443384900231810  0.60557616849881346  0.61680815848054715
  0.62812285932884870  0.63945097105345972  0.65059922679397819  0.66144520369376636
  0.67217280917652100  0.68282570338480131  0.69224193361657271  0.70133538796905126
  0.71081405478724002  0.72097032687659235  0.73120332952312550  0.74104044864444563
  0.75130839563620833  0.76234593640261117  0.77387106999420041  0.78538788832404416
  0.79659631597258085  0.80758291530637272  0.81800152716050711  0.82784801930138896
  0.83763285879866334  0.84774834775632901  0.85833148952743188  0.86809373968467329
  0.87729150704793935  0.88589171257617549  0.89585263621235600  0.90660421949226577
  0.91793448861293903  0.92914218511793012  0.94037777075681783  0.95245693785301688
  0.96506240146671385  0.97741359363687108  0.98889883114989230  1.00000000000000000
 -0.00210635486731586  0.00801408064455001  0.01684207967210891  0.02532776482268878
  0.03428865344332645  0.04449326298776952  0.05464271330457764  0.06476773574378020
  0.07492795614412261  0.08612816240932319  0.09763242828291943  0.10777596872601722
  0.11717097533040527  0.12658048203961006  0.13683172046910022  0.14807033670084249
  0.15983201412177209  0.17129301461720356  0.18220053110724713  0.19270548986404279
  0.20322090746303503  0.21345590456268265  0.22359442738525992  0.23358032251862484
  0.24418634095764613  0.25556252677609897  0.26627689818751454  0.27615060136761088
  0.28553859943416798  0.29527892804894651  0.30562513323391272  0.31629232238176996
  0.32706558365998478  0.33758305640945568  0.34809133758200433  0.35863298666689958
  0.36891559628897080  0.37864020290231715  0.38810913512600442  0.39805229212580406
  0.40914622102013137  0.42039411561928364  0.43119384157583596  0.44229076503296832
  0.45363442888295424  0.46416562956158580  0.47394521688675034  0.48397519106376818
  0.49507979283925507  0.50674814908519805  0.51845681802798083  0.53038958457332586
  0.54223734184637096  0.55408296806500434  0.56560756879037577  0.57677066765038121
  0.58779484864847564  0.59853184122850711  0.60886795028718232  0.61933298796649749
  0.63036892327449878  0.64127821912653482  0.65156446058198103  0.66132772738410051
  0.67191587726794455  0.68302691601249155  0.69408933761338276  0.70506954331803273
  0.71565025903968171  0.72598622129637547  0.73571152187685518  0.74571471994258798
  0.75522549098187308  0.76606297569758064  0.77613161607678316  0.78647442843503801
  0.79719651365270516  0.80837979905316237  0.81936139398062391  0.83007860099933373
  0.84099011554754977  0.85202954347845949  0.86281912428489571  0.87350670384897366
  0.88522479409272470  0.89748781876914852  0.90925685703378201  0.92014183441351471
  0.93056555941532604  0.94037637519072770  0.94952738243284385  0.95892853788814514
  0.96864580010032630  0.97874107909539887  0.98897518637829063  1.00000000000000000
 -0.00230141879031138  0.00975419759943397  0.01978692376647956  0.03051961394149231
  0.04076966370739684  0.05179947390285512  0.06201807817645993  0.07183379979859775
  0.08155463468058465  0.09156572931326970  0.10059645985449112  0.10983416018310499
  0.11925142812271852  0.12984794406431818  0.14020909733068335  0.14994508806441201
  0.15989172883046357  0.17103313596296746  0.18241919500647577  0.19375001507844761
  0.20484535014688068  0.21589383051675012  0.22665811467836108  0.23717904237938756
  0.24791883395233355  0.25774978483330530  0.26805885187077122  0.27786642756212004
  0.28713971516542008  0.29606500770542155  0.30465556948429384  0.31361813874640676
  0.32357198219522093  0.33382144705483147  0.34443756725479480  0.35460017448712644
  0.36510026984825406  0.37491185375779718  0.38502551085158010  0.39522183962901442
  0.40598495538177376  0.41634662820283874  0.42716760272047644  0.43872635320064146
  0.45078483043558321  0.46300464569021710  0.47530710372785578  0.48668611187843996
  0.49790564341973109  0.50769245250800410  0.51813970927225572  0.52818826952665265
  0.53844376141027350  0.54843654311081069  0.55905782451931274  0.57036619324945326
  0.58202715836204244  0.59368102825993763  0.60491576214122134  0.61557744057036756
  0.62622367809588375  0.63648756958651453  0.64668879458353024  0.65641713335473617
  0.66601579505585073  0.67562810981687527  0.68585654127346551  0.69644482477938352
  0.70693905049383621  0.71768237790434009  0.72880144032104011  0.74031525090286465
  0.75123591085010633  0.76155120205367655  0.77191590395598642  0.78259758786855016
  0.79444834062966463  0.80587923507303438  0.81700791661485883  0.82704349913858499
  0.83668502629874164  0.84699661676052740  0.85785606364050160  0.86844061370874337
  0.87886379663849445  0.88921766751846365  0.90004253700372272  0.91055001639529531
  0.92100724820680724  0.93109048213067513  0.94138232899700325  0.95230423659911045
  0.96416457470377004  0.97622568902500606  0.98816122276167728  1.00000000000000000
 -0.00254622179294217  0.01009941993094453  0.02056417750397677  0.03161218950101505
  0.04302834425792324  0.05408062278885994  0.06530188870694345  0.07684581506920092
  0.08869300534994620  0.10017466523559328  0.11101686752029891  0.12162577779157244
  0.13227110426124231  0.14270670880301609  0.15278331116814317  0.16228537146856978
  0.17200039260851524  0.18158311326434382  0.19203863901349613  0.20240268188600391
  0.21334529953887604  0.22418082789877314  0.23469897846581525  0.24504923640378767
  0.25553209158541673  0.26607130607786689  0.27730535793417627  0.28827767928361681
  0.29951956389025275  0.31086363105453763  0.32265827161849897  0.33409708931636534
  0.34464671843591971  0.35449177802851806  0.36430168934106583  0.37414254602742297
  0.38471211336273037  0.39523505686942845  0.40622547566789141  0.41694288414753961
  0.42729372602313742  0.43777174803905100  0.44810488552443217  0.45934917251649160
  0.47020335125842172  0.48016735651900733  0.48965841286940337  0.49880838911183917
  0.50844718676177092  0.51810012624236046  0.52781223546946532  0.53680738537226902
  0.54579129374761048  0.55444663551576778  0.56360029548021129  0.57288090608638564
  0.58232008113370903  0.59242609345648822  0.60306113720364962  0.61388624568005457
  0.62437811152246270  0.63520784480104753  0.64595717299962441  0.65598275429357167
  0.66592771665501982  0.67599941900837601  0.68680647282371832  0.69739349090809843
  0.70792085005079919  0.71860871205935284  0.72934920159668848  0.74058029437734774
  0.75288882008955815  0.76585956715054071  0.77836377025823711  0.79054159265228074
  0.80163799442811556  0.81162340778685749  0.82046205045768661  0.82935503343991401
  0.83877686196988799  0.84996526581593812  0.86186167934710578  0.87309878219703763
  0.88365161558187244  0.89357362532987916  0.90392630010055808  0.91484395856373735
  0.92582898381967982  0.93628860855752172  0.94706419058657876  0.95789110706294578
  0.96833848184081051  0.97847773122166359  0.98861488160746069  1.00000000000000000
  0.01600221444596016  0.10878557979595083  0.11818752442561718  0.12592368137394599
  0.13336514097539653  0.13986846921769419  0.14710655546599305  0.15464300704090123
  0.16323486466833423  0.17140947510568744  0.17925644094077672  0.18679986529983450
  0.19450310276299346  0.20297343206991389  0.21209830408891511  0.22139734837162953
  0.23090056062268313  0.24102552464220467  0.25092687742233177  0.26023938265363322
  0.26921855142570933  0.27804024714633596  0.28765990527269358  0.29700183476038455
  0.30566353942331737  0.31437492469952816  0.32232845337242583  0.33069098330667956
  0.33885597870415063  0.34763255227033218  0.35601899866381503  0.36421626004238855
  0.37273764747535382  0.38057093911236456  0.38820125308924364  0.39552191103402856
  0.40325829430598642  0.41134899603687913  0.42002643042018972  0.42899033347693083
  0.43798855560924649  0.44731128555923877  0.45676117169175162  0.46608515521624699
  0.47501760741295768  0.48362598990234018  0.49238822173453323  0.50116944047089684
  0.51042695929816906  0.52000402594649975  0.52882595233741669  0.53729869815244957
  0.54564748874775360  0.55378941140794158  0.56213013228052811  0.57079704036369727
  0.57971239556162302  0.58887085772747716  0.59784027664713990  0.60656227491989767
  0.61528996747279396  0.62397650416594463  0.63268926867540976  0.64165264341532191
  0.65091460744755625  0.66010621832676231  0.66882533196119298  0.67719320493857071
  0.68569692034812135  0.69474657457216937  0.70437842153061436  0.71430096651814967
  0.72354172642530479  0.73340658524515767  0.74380254506547927  0.75476500908990141
  0.76601104896383165  0.77627014592262078  0.78572864293312117  0.79512652658772109
  0.80479868835742352  0.81446877402891338  0.82438916377646798  0.83452993312723434
  0.84526132110098606  0.85580221344481455  0.86661787430975745  0.87771824703864221
  0.88941773042329941  0.90171561141863610  0.91455998865774102  0.92752414061866584
  0.94103936526178000  0.95584388393781783  0.97415955358811690  1.00000000000000000
 -0.01961054178076858  0.12394375316998479  0.17377403532938457  0.20632336239042834
  0.23357686298587507  0.25549836309787749  0.27415117348440299  0.29206607772479520
  0.30837933852837413  0.32331956799229766  0.33661902538835875  0.34865169371446181
  0.36003970218474235  0.37169680574535452  0.38257762612179147  0.39281104358455177
  0.40249539645592530  0.41249957205991739  0.42172626931084822  0.42991181029291647
  0.43801030554679260  0.44584539207974383  0.45381964513928841  0.46127532843860430
  0.46928864823563632  0.47745837916814238  0.48513002040712200  0.49234753909868340
  0.49962542150624739  0.50644736633855292  0.51343166495941295  0.52051097582461814
  0.52780288579470014  0.53505120405969697  0.54212496719450842  0.54889957640494325
  0.55560338949172139  0.56240479626240958  0.56919040411459088  0.57569819581314907
  0.58196617711978316  0.58815591635860687  0.59444620022599148  0.60063857230055651
  0.60650510145747760  0.61251802965818491  0.61842601146857101  0.62428937752285130
  0.63002531882424684  0.63569636730450862  0.64149581093536412  0.64723881861405907
  0.65287224873125260  0.65851078066843627  0.66415992829891024  0.66965483593073505
  0.67484007415613345  0.68037351222403109  0.68547451789261249  0.69063040713876511
  0.69583706987822269  0.70108178459512394  0.70622716738007274  0.71153413472765581
  0.71684350059364121  0.72174132480225617  0.72640189226767859  0.73134695457269283
  0.73664234839801357  0.74232060741509609  0.74797181095324683  0.75369375845954678
  0.75941774159107200  0.76503973767982869  0.77073193469020118  0.77655248603088800
  0.78266230913851342  0.78924694488985903  0.79596614673690846  0.80250417357773163
  0.80887381350859355  0.81538137489187368  0.82207154879246314  0.82872685705971039
  0.83529299129899348  0.84185334848620064  0.84840194330334040  0.85505330544470037
  0.86247560710361382  0.87034431105260313  0.87975009581077324  0.89046394363285231
  0.90275783197976400  0.91795861098476683  0.94071864917933157  1.00000000000000000
   2.4544982619282099E-004  -1.0000000000000000     
 F F F F F F F F F F F F F F F F F F F F F F F F F F F F F F F F F F F F F F F F F F F F F F F F F F F F F F F F F F F F F F F F F F F F F F F F F F F F F F F F F F F F F F F F F F F F F F F F F F F F F F F F F F F F F F F F F F F F F F F F F F F F F F F F
  <DiscreteSampler_grid>
  grouped_processes
  1 # 1 for a reference and 2 for a running grid.
  10 # Attribute 'min_bin_probing_points' of the grid.
  1 # Attribute 'grid_mode' of the grid. 1=='default',2=='initialization'
  0.0000000000000000 # Attribute 'small_contrib_threshold' of the grid.
  0.5000000000000000 # Attribute 'damping_power' of the grid.
 # binID   n_entries weight   weight_sqr   abs_weight
    67   10   2.922283000250678E+001   3.829196428711925E+003   2.922283000250678E+001
    68   10   2.922283000250680E+001   3.829196428711928E+003   2.922283000250680E+001
    82   10   6.967489855770239E+001   2.314380616327463E+004   6.967489855770239E+001
    83   10   6.967489855770232E+001   2.314380616327456E+004   6.967489855770232E+001
    85   10   1.116331934192907E+001   4.640496544682354E+002   1.116331934192907E+001
    86   10   1.116331934192906E+001   4.640496544682339E+002   1.116331934192906E+001
    94   10   9.149086462852917E+001   3.347481021756145E+004   9.149086462852917E+001
    95   10   9.149086462852918E+001   3.347481021756143E+004   9.149086462852918E+001
    109   10   4.204082808180257E+001   6.538852406246275E+003   4.204082808180257E+001
    110   10   4.204082808180252E+001   6.538852406246250E+003   4.204082808180252E+001
    115   10   4.204082808180259E+001   6.538852406246282E+003   4.204082808180259E+001
    116   10   4.204082808180253E+001   6.538852406246253E+003   4.204082808180253E+001
    127   10   2.922283000250678E+001   3.829196428711925E+003   2.922283000250678E+001
    128   10   2.922283000250680E+001   3.829196428711927E+003   2.922283000250680E+001
    142   10   9.149086462852912E+001   3.347481021756142E+004   9.149086462852912E+001
    143   10   9.149086462852912E+001   3.347481021756141E+004   9.149086462852912E+001
    145   10   1.116331934192907E+001   4.640496544682354E+002   1.116331934192907E+001
    146   10   1.116331934192905E+001   4.640496544682337E+002   1.116331934192905E+001
    154   10   6.967489855770246E+001   2.314380616327470E+004   6.967489855770246E+001
    155   10   6.967489855770236E+001   2.314380616327461E+004   6.967489855770236E+001
    169   10   4.204082808180257E+001   6.538852406246274E+003   4.204082808180257E+001
    170   10   4.204082808180252E+001   6.538852406246250E+003   4.204082808180252E+001
    175   10   4.204082808180264E+001   6.538852406246304E+003   4.204082808180264E+001
    176   10   4.204082808180254E+001   6.538852406246262E+003   4.204082808180254E+001
    187   10   2.922283000250678E+001   3.829196428711925E+003   2.922283000250678E+001
    188   10   2.922283000250679E+001   3.829196428711926E+003   2.922283000250679E+001
    205   10   1.116331934192907E+001   4.640496544682354E+002   1.116331934192907E+001
    206   10   1.116331934192906E+001   4.640496544682339E+002   1.116331934192906E+001
    247   10   2.922283000250678E+001   3.829196428711925E+003   2.922283000250678E+001
    248   10   2.922283000250679E+001   3.829196428711925E+003   2.922283000250679E+001
    265   10   1.116331934192907E+001   4.640496544682354E+002   1.116331934192907E+001
    266   10   1.116331934192906E+001   4.640496544682339E+002   1.116331934192906E+001
  </DiscreteSampler_grid>
