  0.00000484806819953  0.00000502094563324  0.00000513737875396  0.00000527136174607
  0.00000542130750883  0.00000558628516488  0.00000576968466841  0.00000594717757395
  0.00000612080681399  0.00000630115787799  0.00000647379112276  0.00000664338258470
  0.00000681678014008  0.00000702007514784  0.00000726158888732  0.00000754316292607
  0.00000786621802365  0.00000821400666116  0.00000859303543693  0.00000900426537206
  0.00000929292455434  0.00000956385234164  0.00000983213445337  0.00001010871902728
  0.00001040365529775  0.00001069054295472  0.00001096520235165  0.00001123810280161
  0.00001152817115987  0.00001182865206451  0.00001212685887155  0.00001243121203964
  0.00001277521031217  0.00001315508617644  0.00001353289516952  0.00001391533514738
  0.00001428340260923  0.00001465703421726  0.00001504210819867  0.00001544956548562
  0.00001588133048724  0.00001634385158806  0.00001686164824349  0.00001742882391007
  0.00001796850419215  0.00001846438100360  0.00001898487576555  0.00001944502658681
  0.00001996560475495  0.00002042296681134  0.00002086364405548  0.00002136347064815
  0.00002190520766902  0.00002247179320491  0.00002305299445608  0.00002369008092260
  0.00002439340849886  0.00002507068535375  0.00002573935313218  0.00002646660505714
  0.00002725362006548  0.00002809111312744  0.00002891418430401  0.00002976276253163
  0.00003063254061859  0.00003149565341680  0.00003239135814186  0.00003336288274660
  0.00003445378234764  0.00003567305705368  0.00003699154855691  0.00003838506245014
  0.00003998895648610  0.00004185062191577  0.00004373755967182  0.00004569861052861
  0.00004781115545346  0.00005027308340729  0.00005261215565456  0.00005518274617003
  0.00005812849674540  0.00006168018855228  0.00006546222229396  0.00006970606794426
  0.00007485785621426  0.00008141997656786  0.00009345539135740  0.00010771707695036
  0.00012603763691968  0.00015314212249344  0.00019260863866264  0.00024604919735019
  0.00042711612267109  0.00104718436614692  0.16421236469327632  1.00000000000000000
  0.00001944462452847  0.00002549304439609  0.00002949505478623  0.00003258407629989
  0.00003307970973251  0.00003357534316513  0.00003418918890099  0.00003483016260377
  0.00003549156654718  0.00003619208618594  0.00003694732589185  0.00003775383310629
  0.00003854947136905  0.00003950191142255  0.00004057856408659  0.00004176898814189
  0.00004309562415275  0.00004445041335843  0.00004567452705095  0.00004658854971489
  0.00004758223533170  0.00004856935836206  0.00004957069746959  0.00005050034619746
  0.00005134249022298  0.00005220421983368  0.00005308475531403  0.00005415506365853
  0.00005499968112017  0.00005579113647822  0.00005662547582121  0.00005743546924475
  0.00005823403929203  0.00005910684772391  0.00006000318123176  0.00006102627641245
  0.00006239955484122  0.00006390060767417  0.00006517273427754  0.00006630061503180
  0.00006726872679033  0.00006809241625769  0.00006900985563857  0.00007018322616237
  0.00007156625428550  0.00007311094205126  0.00007494374586440  0.00007690625711628
  0.00007870358413127  0.00008100193923724  0.00008379405453262  0.00008654648623990
  0.00008904379761783  0.00009138227841033  0.00009454977410139  0.00009775696440330
  0.00010093716234483  0.00010417877747832  0.00010763984162297  0.00011131278173418
  0.00011492316935044  0.00011873461505132  0.00012299066139931  0.00012709741920431
  0.00013131646667605  0.00013610174983634  0.00014121011495530  0.00014699465334276
  0.00015313421609159  0.00015963612883199  0.00016687903474748  0.00017485573404275
  0.00018377512863155  0.00019495437899500  0.00020908557122946  0.00022455391364260
  0.00023996181781497  0.00025766768801724  0.00027855813637915  0.00030275058567239
  0.00033009032297404  0.00036827297454133  0.00041530096886055  0.00046496514589151
  0.00052850889889594  0.00062445886907044  0.00078150120495687  0.00100029527614023
  0.00129383080892186  0.00166131565424431  0.00227093714761988  0.00365587630322847
  0.00529864190457254  0.01297685206575564  0.57050447980010766  1.00000000000000000
 -0.00000247871341857  0.00013479148249723  0.00060961689053023  0.00148863142175735
  0.00269350679815744  0.00458147636083809  0.00692156441593348  0.00985515407322939
  0.01291819152892510  0.01589559844379861  0.01933914743646194  0.02341705106454646
  0.02787178527996048  0.03239331636372137  0.03730478541522901  0.04166176326556671
  0.04640394035750594  0.05090544117571839  0.05515248134332715  0.05983230415429638
  0.06483674915398463  0.07022738830439949  0.07623373248469770  0.08319255884708948
  0.09043979451203453  0.09767522278109081  0.10578034677556079  0.11559405503329781
  0.12637738520966954  0.13594858626703923  0.14407562490453410  0.15187500884030966
  0.16029028738656231  0.16957966928598553  0.17997043385020325  0.19069645551925138
  0.20198495738287325  0.21396269279524313  0.23182778369062196  0.24622118743234506
  0.25824508036570887  0.26966638975164114  0.28161155561643414  0.29448634116284234
  0.30726405525500455  0.32050651092380028  0.33423750465952801  0.34835554081734643
  0.36216646972285016  0.37479798776481782  0.38726768285501389  0.40060539174303605
  0.41388073454305763  0.42821709635836608  0.44265162682294384  0.46062709982300926
  0.47851622072776961  0.49498006054243865  0.51038893698640231  0.52536053008548200
  0.54063114899175080  0.55674022361850994  0.57469369751968591  0.59294252302975570
  0.61177225438301230  0.63119746091743723  0.64955864671979713  0.66425411268311396
  0.67673447631584427  0.68929003476898343  0.70172183829030721  0.71398802270229578
  0.72660651191165215  0.73929574888051264  0.75213491087937934  0.76799247234425083
  0.78175641513730432  0.79412918986648817  0.80651206398543229  0.81901016424937279
  0.83134736900831552  0.84319646504911117  0.85667635261970787  0.86955325696043306
  0.88194524640858696  0.89386021345074185  0.90520760437381276  0.91680500876983495
  0.92837055321218853  0.93952766162542167  0.95020627180666128  0.96083859071090372
  0.97133266819327557  0.98129886891883289  0.99074359487642816  1.00000000000000000
 -0.00080433967442040  0.00488233010173960  0.01107520374827248  0.01837377583191731
  0.02553953065279095  0.03233590350869309  0.03931171235090820  0.04783141304666332
  0.05617335654046782  0.06602051258988779  0.07705228865719796  0.08749087486383836
  0.09608951772263469  0.10392507536802614  0.11176064439757717  0.11945031602316544
  0.12683958943090443  0.13512219599772413  0.14417778340740436  0.15442009440119889
  0.16535791847279879  0.17591999016060078  0.18649238670211890  0.19656087989405335
  0.20533810067103464  0.21331893825921078  0.22113657339102163  0.23026847834467418
  0.24035952509203690  0.24968377779665507  0.25811881437993317  0.26624563907633852
  0.27560319414383405  0.28658031786831067  0.29634484846691039  0.30623147163805559
  0.31691459127907806  0.32965622761144298  0.34323028981779818  0.35521234938002239
  0.36723605970801859  0.37857278276904538  0.38952562458796725  0.40312724674309325
  0.41670338727172879  0.42940447769566265  0.44112761711402271  0.45136360487647298
  0.45988379668308565  0.46683428792980403  0.47399971441352090  0.48256782277635735
  0.49261700520372431  0.50408646173242821  0.51499804609918853  0.52661552560830738
  0.54097616739622889  0.55524842538288077  0.56824624541155677  0.58142935938587714
  0.59227779766437616  0.60266741950262881  0.61410202716123063  0.62506632799395323
  0.63537562259149671  0.64628231559345595  0.65820825409130468  0.67050179605161908
  0.68345958587651745  0.69707354266918398  0.71327947229338207  0.73096744785250667
  0.74791836390632982  0.75811984903919050  0.76616630089307136  0.77393972738678418
  0.78202308663481779  0.79158582737318683  0.80145132394652874  0.81116076411189497
  0.82221216494348659  0.83445451215218835  0.84718246371443717  0.86024218416710385
  0.87381116858306496  0.88760204136591314  0.90017304676043219  0.91007147577716541
  0.91871283319120700  0.92762735827591836  0.93672709133117016  0.94748218666614004
  0.96005075446392918  0.97427305439319334  0.98771725423110235  1.00000000000000000
 -0.00423681998178551  0.00923607453486517  0.02215326554166905  0.03432419598934145
  0.04419630919466515  0.05403221724799839  0.06360874309286450  0.07302976053743146
  0.08324610359806583  0.09339298564826684  0.10533213157329117  0.11772976336588181
  0.12825576538811351  0.13640870807015629  0.14381170962234113  0.15154778925265822
  0.16039927764436465  0.16848726761812038  0.17557162418131478  0.18285003731026170
  0.19002170243942298  0.19548587931973407  0.20040208478662155  0.20576336469247453
  0.21186878649405186  0.21852711042586329  0.22569312701424396  0.23248929337067029
  0.23697666406255968  0.24102783946231551  0.24481634303396077  0.25401781187438843
  0.27206468840166226  0.29140519828751066  0.30816020896845292  0.32371067557311295
  0.33873808858835974  0.35113800046423749  0.36310204841056831  0.37428752560011525
  0.38479770792922213  0.39464000789773912  0.40525473985356963  0.41610827880143819
  0.42632937920633623  0.43795492527870361  0.44997159651021812  0.46230663045946285
  0.47319025116590518  0.48485130762929546  0.49717321359197414  0.50832820675577084
  0.51687465606741978  0.52573229703811952  0.53512511441277977  0.54519819768828393
  0.55475471551027056  0.56523703681275028  0.57851681615679085  0.58974836964509547
  0.59837204326222471  0.60746260477126401  0.61920061527637160  0.63358590080509625
  0.64752243350327465  0.66282268933689448  0.67889356730615402  0.69511292621684340
  0.71128716259481650  0.72725389901166315  0.74155250416663065  0.75434957642357925
  0.76543038230817217  0.77657497945594989  0.78824699186566716  0.80062053125505028
  0.81186292151193840  0.82381326912726038  0.83561912306750630  0.84691339636850560
  0.85809624443978805  0.87004558949862976  0.88473279255291370  0.90041345370607895
  0.91347615398412108  0.92596978803412033  0.93745909158316909  0.94635129408711560
  0.95470337689376084  0.96183184241687347  0.96849653678585912  0.97508760645111714
  0.98106048680172675  0.98717599636480202  0.99348593826744924  1.00000000000000000
 -0.00335028827304605  0.01379218208251366  0.02897681815654259  0.04288436671296841
  0.05630509751865286  0.06980046412572651  0.08295869928223763  0.09428858883733712
  0.10487311429875291  0.11550234072439654  0.12524363022629864  0.13498518210190494
  0.14638921591761786  0.15936656309084274  0.17227860424803243  0.18413301619281416
  0.19524269987083406  0.20641213285312887  0.21785622241599695  0.22831195300248391
  0.23929290724962163  0.24799565689067954  0.25650861451976997  0.26638808197251879
  0.27710461402709280  0.28965559396821544  0.30359063735200320  0.31748208543373846
  0.33112793845879812  0.34384319366983923  0.35540009980088511  0.36611548448215675
  0.37593025388864465  0.38497987126137684  0.39313377784254461  0.40008797704568255
  0.40675625270989763  0.41379582166669515  0.42200191099987738  0.43040564818631633
  0.44136026794669581  0.45557321157867464  0.46927571949898872  0.48271534298286156
  0.49581265284728476  0.50766436497931655  0.51949833797037392  0.52664640148163677
  0.53336221890577085  0.54020635397098948  0.54845576870258839  0.55715117962713234
  0.56544597436696142  0.57473655479777852  0.58309837788399055  0.59185589977984465
  0.60083485420206517  0.60966699396799173  0.61878086408457433  0.62764346873482979
  0.63573691879769378  0.64388737362268977  0.65228768605182919  0.66137295224907211
  0.67121547128788839  0.68235315685116960  0.69525810682565303  0.71001870646651599
  0.72469634823320106  0.73681944537171029  0.74666165776225135  0.75670404566889382
  0.76675599177554377  0.77543453855401701  0.78409779664351387  0.79184584711025907
  0.79926406364295943  0.80694853596318150  0.81588981659296189  0.82544236683008365
  0.83462009676190119  0.84756098283491255  0.85903830789076907  0.87095081000717633
  0.88354961745390037  0.89563339783755425  0.90840840029760439  0.92109439063786303
  0.93265953082817188  0.94372655664561300  0.95464349997603037  0.96464768145511015
  0.97397502420801352  0.98320152712547049  0.99169850443804253  1.00000000000000000
  0.00016416366861536  0.01365668292067707  0.02680876600473335  0.04010357590009087
  0.05327190358188406  0.06452506858714499  0.07131123077053271  0.07873792252504118
  0.08557320282373913  0.09133151379672777  0.09681264843804108  0.10225997012601733
  0.10799762421428727  0.11372690617569112  0.11938426055934764  0.12542019567333845
  0.13224014484866420  0.13972741643816949  0.14677311246288691  0.15284476406445582
  0.15842146745228422  0.16391489588654973  0.16944897272541895  0.17500551759152164
  0.18105313747590668  0.18804035745759312  0.19449468781768148  0.19949159817022824
  0.20393168673214099  0.20819316444444874  0.21224193155807794  0.21736822959527979
  0.22318119160305136  0.22882715956407787  0.23451729133675969  0.24071307454421373
  0.24712386089438398  0.25348788576051129  0.25940696257332369  0.26455834322732347
  0.26948069034896943  0.27425659421820542  0.28216332508618414  0.28959198706277473
  0.29672003656777207  0.30448714802927490  0.31325513998908783  0.32198902265233570
  0.33121200130475448  0.33852768954479062  0.34523637671311019  0.35232524512454705
  0.36078411799570137  0.36894537793650711  0.37610538151110001  0.38293780418842382
  0.38952166584375209  0.39713383180544198  0.40707269744616109  0.41769496329945643
  0.42850478693774569  0.43830507680356828  0.45034944018636747  0.46207812550242189
  0.47375526502061599  0.48460026858093280  0.49487529989986917  0.50533523684784576
  0.51700474034994870  0.53054815078626250  0.54654639593814858  0.56261777582147354
  0.58066311889759537  0.59932565616466693  0.61740849833879519  0.63491352206091645
  0.64923390025983108  0.66278517564931971  0.67559928534620195  0.68697253256960944
  0.69822784220680278  0.71085558090145062  0.72482077016029978  0.73857011323532795
  0.75188967816047692  0.76507500193374067  0.77751402689534732  0.79080643063480394
  0.80641536445566053  0.82624721858497807  0.85084196854733429  0.87868807303981600
  0.90263414123996100  0.93037725886294320  0.96198498446579928  1.00000000000000000
 -0.00341008812795015  0.01355325575741500  0.02636923892667815  0.03869775214342124
  0.05106251363929376  0.06297949414748191  0.07379974680272436  0.08523712313055073
  0.09633393009802904  0.10809388287879100  0.11913962746570649  0.13024317451951636
  0.14191257263303217  0.15633999492216355  0.17083265783714091  0.18436828082452369
  0.19688102171878161  0.20922480243736358  0.22186242887571719  0.23466087274562672
  0.24769020570013628  0.26194279157875283  0.27596922079386793  0.28855732956063562
  0.29927503007850015  0.30944286945252969  0.32018652055812918  0.33016992091862818
  0.33914169497699487  0.34804419852720236  0.35685153783210088  0.36727180329398590
  0.38032527053764176  0.39188951480202977  0.40343975924302838  0.41586122615485199
  0.42641847825580270  0.43625288631477999  0.44496513573370999  0.45311920542606338
  0.46157834940435410  0.47100255277618475  0.48144962633484023  0.49239071438866472
  0.50357293070513109  0.51531694310695764  0.53024003971976863  0.54600549795805531
  0.55955155439218707  0.56963178528598191  0.57898232300947583  0.58855150795343603
  0.59843321468605981  0.60871759237566936  0.61851691104721929  0.62988591026231078
  0.64290087533929108  0.65425428804927377  0.66411505554840178  0.67270488440614318
  0.68028244651837544  0.68710822730382670  0.69324182885346541  0.70040308665795148
  0.70731889393883884  0.71356437125381866  0.71987257413687922  0.72555494161875256
  0.73102212519184184  0.73744140350580034  0.74346305473740837  0.74850402637404589
  0.75492695478079463  0.76399243857186194  0.77472864059053581  0.78705472589096426
  0.79691715633723714  0.80518088275052691  0.81346313368313872  0.82249360694331064
  0.83169642037225544  0.84116472983933699  0.85156298051031476  0.86714858121918470
  0.88334898615996293  0.89705482385190993  0.91077711593352317  0.92403188539961911
  0.93553706878842868  0.94510455838293250  0.95468031968900569  0.96330939797716397
  0.97309924161729511  0.98245443546468569  0.99098244459045581  1.00000000000000000
  0.03728876092079283  0.08908757949668381  0.11950997974936273  0.13489355570243525
  0.15028662415473074  0.16570285327191631  0.17877395190780729  0.18966235841463319
  0.19827278187379468  0.20625551103965262  0.21598333026225758  0.22681965583639779
  0.24014214207118939  0.25322000285927493  0.26737645509105412  0.28213494949100526
  0.29501068880547976  0.30745056542525523  0.31749658483460291  0.32893991640435777
  0.33947641339346418  0.35131756383024848  0.36294993764663175  0.37326166141500922
  0.38415333437801219  0.39535763872670848  0.40855501990115450  0.42204249567836061
  0.43546962185809163  0.44827797056323082  0.46199634135186157  0.47546947722579336
  0.48633542078578995  0.49589349767471924  0.50511164032530909  0.51443784492718181
  0.52345201826029442  0.53534396960752462  0.54883046194621299  0.56152501837040758
  0.57207953560375235  0.58075840555095370  0.58943731574742220  0.59807419975043774
  0.60642657031224623  0.61496597475892789  0.62421350051944513  0.63490909830629272
  0.64519111804006091  0.65417056220983882  0.66244065675334174  0.67098887728622258
  0.67985632856433964  0.68851809365887229  0.69779683421969141  0.70555620492588578
  0.71502589250242543  0.72229837829461874  0.73005865480057652  0.73832936422256368
  0.74628782578644637  0.75386390770296141  0.76096008107020785  0.76826935327358936
  0.77524581237057577  0.78266881002124256  0.79007315983287862  0.79717164640294202
  0.80381642689657706  0.81024861577888596  0.81609367897162033  0.82209458917394918
  0.82780938454805142  0.83324613929715019  0.83835844445749919  0.84361142092209618
  0.84949764777063730  0.85662329600015197  0.86401987494222277  0.87087505269091925
  0.87813537388699803  0.88658117652048518  0.89545752484184449  0.90370716955264063
  0.91022664248439400  0.91654479781531051  0.92275033795946715  0.92957155394174495
  0.93638173073659170  0.94327541420367700  0.95016016976149376  0.95630627226411602
  0.96442080358552340  0.97389966535077332  0.98488061439543273  1.00000000000000000
 -0.00860800601702954  0.05247297224489100  0.08001082446898863  0.10163774329177484
  0.11762277066543458  0.13065912950580230  0.13959911650494836  0.14821070688784654
  0.15594639340123370  0.16333011782440088  0.17035562006522281  0.17684533557641424
  0.18259911812182136  0.18832033018457969  0.19422956974330427  0.20000189797678025
  0.20576639067757452  0.21161426423922117  0.21709698297861751  0.22225771678750572
  0.22716594984092778  0.23223415062299582  0.23689854758288917  0.24122152465957131
  0.24551372265482352  0.24990524912041287  0.25454598427977249  0.25910476606121480
  0.26363548768268874  0.26734157648390899  0.27116322012313610  0.27565168767471149
  0.28032360299370962  0.28516537717990564  0.28994342772812559  0.29435919009992456
  0.29846070765648092  0.30250382921466257  0.30658448794692333  0.31087045461532892
  0.31510787921749128  0.31902444305767441  0.32281117028051115  0.32661733901650375
  0.33078177281022192  0.33531212310540887  0.34033050803644033  0.34528593728076024
  0.35023313062250083  0.35691130145686706  0.36517326323935695  0.37370881991860183
  0.38203791634194706  0.38970277135455861  0.39660169058908634  0.40291597003592194
  0.40883033735903401  0.41490216282421810  0.42166544428540531  0.42749548026788231
  0.43328892852509060  0.43942161851450856  0.44671378174016185  0.45521234809670225
  0.46298638437043699  0.46961068179251453  0.47581421001006879  0.48151087665330117
  0.48701731363334771  0.49371210328500637  0.50146173122080318  0.50952947527888692
  0.51760211130028366  0.52629805483011016  0.53560663813592324  0.54491249861379809
  0.55416341786015355  0.56372385575619854  0.57409902337820984  0.58526668988239472
  0.59547342199243003  0.60621147368232930  0.61807255992768773  0.63160629856708539
  0.64930323950841040  0.66826352148479007  0.68689705500638243  0.70526582155288575
  0.72561780648348051  0.74489150309977881  0.76459296475143157  0.78500989085378270
  0.81007647918665593  0.83922844645985539  0.86912809283142645  1.00000000000000000
   2.1136973187518195E-003  -1.0000000000000000     
 F F F F F F F F F F F F F F F F F F F F F F F F F F F F F F F F F F F F F F F F F F F F F F F F F F F F F F F F F F F F F F F F F F F F F F F F F F F F F F F F F F F F F F F F F F F F F F F F F F F F F F F F F F F F F F F F F F F F F F F F F F F F F F F F
  <DiscreteSampler_grid>
  grouped_processes
  1 # 1 for a reference and 2 for a running grid.
  10 # Attribute 'min_bin_probing_points' of the grid.
  1 # Attribute 'grid_mode' of the grid. 1=='default',2=='initialization'
  0.0000000000000000 # Attribute 'small_contrib_threshold' of the grid.
  0.5000000000000000 # Attribute 'damping_power' of the grid.
 # binID   n_entries weight   weight_sqr   abs_weight
    13   10   5.406718998887536E+001   7.408601991158221E+003   5.406718998887536E+001
    14   10   5.406718998887537E+001   7.408601991158228E+003   5.406718998887537E+001
    16   10   5.406718998887536E+001   7.408601991158223E+003   5.406718998887536E+001
    17   10   5.406718998887537E+001   7.408601991158224E+003   5.406718998887537E+001
    22   10   5.406718998887537E+001   7.408601991158226E+003   5.406718998887537E+001
    23   10   5.406718998887538E+001   7.408601991158229E+003   5.406718998887538E+001
    25   10   5.406718998887537E+001   7.408601991158226E+003   5.406718998887537E+001
    26   10   5.406718998887538E+001   7.408601991158229E+003   5.406718998887538E+001
    31   10   5.406718998887537E+001   7.408601991158226E+003   5.406718998887537E+001
    32   10   5.406718998887537E+001   7.408601991158226E+003   5.406718998887537E+001
    34   10   5.406718998887537E+001   7.408601991158226E+003   5.406718998887537E+001
    35   10   5.406718998887537E+001   7.408601991158223E+003   5.406718998887537E+001
  </DiscreteSampler_grid>
