 -0.00249136289274941  0.00960269660270426  0.01979228627980010  0.03029711969161188
  0.04083150454917110  0.05136847584639233  0.06189751764249501  0.07243077693795834
  0.08296375774898269  0.09350910268029312  0.10405653345857437  0.11460483206818693
  0.12514962194669474  0.13569471398516847  0.14623222186485166  0.15677732082162299
  0.16730313147642431  0.17783285807396945  0.18835884379738727  0.19890502462528359
  0.20944313449649288  0.21998293746459055  0.23052282035915672  0.24106829495039642
  0.25161554494971455  0.26216012283308310  0.27270709377987395  0.28325159206601425
  0.29378499699292104  0.30432000158294154  0.31485721441388920  0.32540693528540621
  0.33595821188345892  0.34650936778378361  0.35705489951300245  0.36760111870385603
  0.37814601450554769  0.38869480922167204  0.39923818516719373  0.40978263979097596
  0.42032856424434983  0.43087993376527389  0.44142532533038814  0.45196853186922331
  0.46251127974857309  0.47305697307138417  0.48360586578381332  0.49414137380630258
  0.50468138690193709  0.51521599584851763  0.52575588251829708  0.53629131384510931
  0.54683160940900222  0.55737390960754396  0.56791335656414454  0.57845320034809955
  0.58899379194813739  0.59952865533690169  0.61005696077545346  0.62058547830381594
  0.63111990767995663  0.64165272569782550  0.65218145411318462  0.66271160001373342
  0.67324789616978131  0.68379234109446496  0.69433526720316530  0.70487877571059099
  0.71541576753566316  0.72595648535213786  0.73649890876832624  0.74704307036144790
  0.75758083591250935  0.76811714463421432  0.77865353190178710  0.78919912733731734
  0.79974447758403155  0.81028915731237261  0.82083238883710818  0.83137458214813709
  0.84192314809940705  0.85247074173057391  0.86300514326194988  0.87353415477169527
  0.88406586970798318  0.89460938858445838  0.90515396548269955  0.91568755524345080
  0.92622509589603086  0.93675681202526662  0.94729265678576735  0.95782653961882247
  0.96836982947253580  0.97891394072749360  0.98945812093208441  1.00000000000000000
 -0.00249343996783884  0.00951379238421961  0.01966986124736454  0.03017667164042626
  0.04071956534736233  0.05125660243505847  0.06179460130784783  0.07232985890075237
  0.08287623667264749  0.09342286208752563  0.10397165715115528  0.11452061760560638
  0.12507295619502007  0.13562600960270965  0.14617235220669472  0.15669965866782845
  0.16722577076160333  0.17775878140228754  0.18831054108145764  0.19886129924623361
  0.20940607817448981  0.21994358931714089  0.23047865636867776  0.24100453173096104
  0.25153779617805960  0.26207371530941848  0.27261959834872185  0.28316540567026205
  0.29371327474369091  0.30425950305175409  0.31480170339870628  0.32533702896468292
  0.33587804787501385  0.34641926733318834  0.35696462303987958  0.36750581379577574
  0.37804243483027400  0.38856487039538878  0.39908791295120893  0.40961734393835636
  0.42015673180629098  0.43069886005220881  0.44124168154080090  0.45178634905085796
  0.46232935092343302  0.47287350864748068  0.48340999316447048  0.49394420932083366
  0.50447865113261792  0.51502127933430830  0.52556620726059833  0.53610937631645550
  0.54665485370992861  0.55720226956979690  0.56775169468548736  0.57829942912561505
  0.58884368555468347  0.59938585798701771  0.60992977707510032  0.62047518868076279
  0.63102219555183325  0.64156821907869066  0.65211662430020234  0.66266427748830303
  0.67320660354740114  0.68375065842471550  0.69429541714075726  0.70484617032469210
  0.71539660457971155  0.72594854727677816  0.73649134488137802  0.74702872199754111
  0.75755966575110267  0.76810160705747688  0.77864356574137461  0.78918306653777870
  0.79972079296719978  0.81026075078146853  0.82080233286339743  0.83133872979575674
  0.84187896181438782  0.85241632807132539  0.86295994994014980  0.87349119554918730
  0.88402650002957694  0.89456203126900413  0.90510759093843662  0.91565851681009103
  0.92620182716703647  0.93674659875986543  0.94727767164995424  0.95781449577220890
  0.96835110149908876  0.97890054598695686  0.98945052633674679  1.00000000000000000
   2.5510854242777049E-008  -1.0000000000000000     
 F F F F F F F F
  <DiscreteSampler_grid>
  grouped_processes
  1 # 1 for a reference and 2 for a running grid.
  10 # Attribute 'min_bin_probing_points' of the grid.
  1 # Attribute 'grid_mode' of the grid. 1=='default',2=='initialization'
  0.0000000000000000 # Attribute 'small_contrib_threshold' of the grid.
  0.5000000000000000 # Attribute 'damping_power' of the grid.
 # binID   n_entries weight   weight_sqr   abs_weight
    10   10   1.322623097372511E+010   1.749331857703254E+020   1.322623097372511E+010
  </DiscreteSampler_grid>
