  0.00000044712543326  0.00000045696528225  0.00000047532002205  0.00000048835721841
  0.00000050392899516  0.00000052099447661  0.00000053695402457  0.00000055199593022
  0.00000056667670040  0.00000058215457639  0.00000059796529129  0.00000061385298301
  0.00000062785787895  0.00000064142353608  0.00000065505007939  0.00000066867874527
  0.00000068349432740  0.00000069866245220  0.00000071390113214  0.00000073016229587
  0.00000074680761798  0.00000076769721117  0.00000078970703485  0.00000081031145232
  0.00000083015190894  0.00000084918427095  0.00000086822901960  0.00000088835376779
  0.00000091342092320  0.00000094659589789  0.00000097738451455  0.00000100773978311
  0.00000104077718283  0.00000107680251681  0.00000111561703338  0.00000115648163969
  0.00000119751302715  0.00000123622034677  0.00000127663206353  0.00000131977538618
  0.00000136416495521  0.00000141037646445  0.00000145919111104  0.00000151314074472
  0.00000157284989063  0.00000163706636343  0.00000170064656089  0.00000177351815232
  0.00000185663647489  0.00000194215750489  0.00000202605493558  0.00000211262289146
  0.00000220685497629  0.00000230002216307  0.00000239846125546  0.00000250553270316
  0.00000262151997127  0.00000275170825686  0.00000288657599038  0.00000303221503854
  0.00000319301382192  0.00000336480144287  0.00000355936250389  0.00000375831962335
  0.00000394350761848  0.00000415163366899  0.00000440148302752  0.00000469237398067
  0.00000505646927161  0.00000548176057670  0.00000594502414173  0.00000644393923346
  0.00000701400660520  0.00000763943242734  0.00000831682852602  0.00000904952370212
  0.00000993277668186  0.00001094180872290  0.00001210902521477  0.00001340467570107
  0.00001478782841561  0.00001605933726748  0.00001764823762036  0.00001963505478293
  0.00002239760341398  0.00002693140193858  0.00003307925181067  0.00004093737236418
  0.00005111041400381  0.00007075412397085  0.00010686828478648  0.00017257848751923
  0.00031518874383581  0.00077094401818922  0.27825082038158794  1.00000000000000000
  0.00000065550122074  0.00000114008633760  0.00000163118554713  0.00000199084550069
  0.00000227858564431  0.00000255342762663  0.00000284143895947  0.00000325264021333
  0.00000365428593126  0.00000396291870538  0.00000429087649276  0.00000460654378152
  0.00000491828477059  0.00000521961666327  0.00000549629348594  0.00000576572552494
  0.00000604686719813  0.00000633285572804  0.00000664090865829  0.00000692156057326
  0.00000720309936744  0.00000748917071713  0.00000776806057742  0.00000807808960052
  0.00000842720789582  0.00000878476151475  0.00000912676679426  0.00000948253517037
  0.00000985268309148  0.00001024996554587  0.00001062381845850  0.00001097313601326
  0.00001134543037575  0.00001189043667470  0.00001261859506248  0.00001341210626922
  0.00001412875666579  0.00001482214974291  0.00001550355556008  0.00001621434360131
  0.00001700317663227  0.00001784706012020  0.00001871904277080  0.00001969287209939
  0.00002084758945760  0.00002200868100850  0.00002335015545931  0.00002486038016666
  0.00002638552292516  0.00002791918144506  0.00002942047162143  0.00003106384532459
  0.00003285261523401  0.00003472883467531  0.00003668205731222  0.00003888487709176
  0.00004099758298217  0.00004322861274535  0.00004566943707833  0.00004835186868470
  0.00005132503624244  0.00005479641581066  0.00005826040649700  0.00006195999593838
  0.00006605614753441  0.00007080272801409  0.00007658300597434  0.00008299318914949
  0.00008796068297514  0.00009290986270210  0.00009800823973741  0.00010343764604044
  0.00010992962961433  0.00011745510871480  0.00012749733387207  0.00013874652635706
  0.00015079049507678  0.00016328357317154  0.00017644208363967  0.00019049670723111
  0.00020420447407595  0.00022018597303841  0.00023800668689487  0.00026132042560171
  0.00029818677837827  0.00034477973128710  0.00039961209499560  0.00047491390555442
  0.00056717458080516  0.00068362481742412  0.00087061142923078  0.00139318481424115
  0.00257763516620166  0.00711423564296484  0.27940621111305824  1.00000000000000000
 -0.00000069671289086  0.00011361368435156  0.00064973491016641  0.00183553103249096
  0.00375331089096948  0.00630023160128860  0.00935756811041438  0.01307149763573390
  0.01765588759997802  0.02289549034442820  0.02824736714211972  0.03292736478851365
  0.03769677852075844  0.04315376945938156  0.04977109382181132  0.05724856635931293
  0.06468354998383762  0.07242649599141934  0.08030503396587692  0.08858238445218465
  0.09686273373497646  0.10531352073029211  0.11432793169253869  0.12341557862329604
  0.13241339987115278  0.14128934473680285  0.15057707267255907  0.16013409745252521
  0.17044575464275954  0.18096569988008743  0.19159735214455159  0.20250059900511910
  0.21293564550905064  0.22283575598149383  0.23263687245438064  0.24255352308896835
  0.25262064231423409  0.26273082520462460  0.27383275525717227  0.28467607529597466
  0.29562957789385774  0.30677893685478058  0.31855327213057172  0.33151342674243389
  0.34492575421069099  0.35777352000204371  0.37018944114032332  0.38239775609688670
  0.39473209818011051  0.40783991468038616  0.42001409346666313  0.43227458291693405
  0.44483291147769660  0.45782125108220345  0.47092837337125881  0.48383795868189144
  0.49692503915522268  0.50914138109700169  0.52089168891156501  0.53251711516515798
  0.54433464292998568  0.55622721674827214  0.56864262508677155  0.58091880160713538
  0.59276910490542767  0.60406010083905404  0.61455071543267792  0.62508574574029507
  0.63570493311167142  0.64705464088578191  0.65892188492845716  0.67103579426209747
  0.68324692673705167  0.69580445673049629  0.70928498868820211  0.72296683839387088
  0.73669733222437017  0.75027870678308939  0.76339777285053090  0.77642173210640020
  0.79024975294604638  0.80466316948101468  0.81822769899079006  0.83149550958855112
  0.84554374396422782  0.85984224098479056  0.87547774315649241  0.89002611434329504
  0.90321102955176058  0.91561494156508616  0.92787959451818280  0.94088968489434743
  0.95484074133892116  0.96937669109286584  0.98403345060504088  1.00000000000000000
 -0.00239589073630145  0.01058797872482068  0.02222316106290181  0.03367657847012313
  0.04489446733662437  0.05609064970894174  0.06788476255582328  0.07991371684924205
  0.09111942840846864  0.10177676581648239  0.11222033575004302  0.12363650982403485
  0.13297283154473236  0.14187490089076321  0.15109654921601062  0.16042110174083743
  0.16915618878188948  0.17790127138387227  0.18764332789526064  0.19752228906127997
  0.20702890214895325  0.21564523323716397  0.22447687826930179  0.23362740232780993
  0.24240949450232802  0.25180181971502147  0.26138352973825391  0.27238039144288229
  0.28236867650100328  0.29339405844957739  0.30402587114219526  0.31393597812082669
  0.32376360601161153  0.33316633169735271  0.34394503356664563  0.35765304019992838
  0.37104071542768002  0.38253423907026285  0.39280645229180899  0.40294567162934719
  0.41492113045655810  0.42902692850682111  0.44277424465414728  0.45483231894125148
  0.46601699141123359  0.47723138498387219  0.48875773392240435  0.50017489101387025
  0.51180478726457801  0.52429026050598049  0.53930834104398995  0.55435763353288048
  0.56550197063691643  0.57390883376967627  0.58175191377285551  0.59003822776431525
  0.59965140694178731  0.60836122538820070  0.61656300799760655  0.62465323003827444
  0.63315974032882916  0.64149115462595252  0.64911215216100027  0.65659496383873006
  0.66512808374565868  0.67661579034088648  0.68931798907221697  0.70033774212057021
  0.71062510189903416  0.72134780110568042  0.73291608342865533  0.74510513181013693
  0.75740921672897621  0.76953642163278091  0.78115649946447174  0.79138985396372341
  0.80208606525458559  0.81185794182726601  0.82356059461280318  0.83497117551663946
  0.84638918947189856  0.85807479279342591  0.86958123039749591  0.88079163972904773
  0.89227065577359044  0.90494994641729554  0.91695975905756255  0.92552455013214596
  0.93285388281630133  0.94097223879655734  0.94883866291393604  0.95709718927714071
  0.96527493115444241  0.97469343945542974  0.98616917471369447  1.00000000000000000
 -0.00204018148119685  0.00833646550037539  0.01700585321832178  0.02560711754071698
  0.03520175086199184  0.04476586653007678  0.05706420350930819  0.06751320038469398
  0.07661261916337761  0.08520213647869317  0.09391127115945017  0.10327567465853785
  0.11296229863047193  0.12281647887144849  0.13487643506436456  0.14694056185872226
  0.15835011909480315  0.16979218916684602  0.18089476168025664  0.19050923379728316
  0.19834422217606806  0.20631622922080095  0.21380216984586328  0.22086513929221360
  0.22858922969590359  0.23572136930315654  0.24313489375646241  0.25054874289767087
  0.25957431957604005  0.26844590662611489  0.27699292567845252  0.28554691261880960
  0.29421664094532368  0.30285433972057657  0.31235097063061062  0.32440570619341635
  0.33921659752550443  0.35268375926460621  0.36398004304202702  0.37410188273348954
  0.38462998115620284  0.39579502462936084  0.40636763120153646  0.41828137222347839
  0.43089009492308999  0.44465523737332374  0.45926631513681654  0.47125635305832625
  0.48242568632326588  0.49291412862574641  0.50384452129970425  0.51526855610890399
  0.52698802484243334  0.53959183542180467  0.55263230881755687  0.56560000034584867
  0.57776150102521706  0.58852327223669043  0.59904815725994198  0.60963750976864839
  0.61955716282130913  0.62942126865804560  0.63876367773611009  0.64766414059538846
  0.65739551253520945  0.66751635543771326  0.67972431674950140  0.69188120305487300
  0.70433748674268282  0.71591991343899553  0.72863852311609378  0.74310798983545368
  0.75881511349729180  0.77395834931037788  0.78450256270240448  0.79465825004204416
  0.80578873688166042  0.81713579609492060  0.82756800535671504  0.83811944011059836
  0.84761381259982127  0.85497424947983625  0.86230026457927444  0.86950319770383777
  0.87803566593260329  0.88699437044030371  0.89620188893283026  0.90728252214058214
  0.91713662141105268  0.92821589501692836  0.93919420006101528  0.95144245710998632
  0.96433099394207611  0.97610159408693264  0.98791293111474165  1.00000000000000000
 -0.00180067510388224  0.00788931147348474  0.01662315547076091  0.02673839522212115
  0.03602551075837043  0.04505687923673000  0.05402949981604546  0.06325726526238440
  0.07214791160259282  0.08155662363280750  0.09095091710992075  0.10071838037571075
  0.11033393727635303  0.11989652548902954  0.12908529071110350  0.13814045340548053
  0.14882392814393203  0.16084919994070659  0.17103584755385756  0.17902567469834729
  0.18770995031459051  0.19654552631137659  0.20519234421006335  0.21438777692389316
  0.22418565573691046  0.23454474071549458  0.24572514255285385  0.25698139121884478
  0.26798232325849913  0.27844342248811538  0.28831742869363802  0.29846901623385830
  0.30949834239741941  0.31994218191311191  0.33050537074581859  0.34173006616143314
  0.35326176016612104  0.36441125544666031  0.37309608958809276  0.38321352335477432
  0.39310965896652117  0.40219399653219362  0.41219521917974394  0.42243404227282932
  0.43267371308980862  0.44339020448447336  0.45521865649899140  0.46784189519450092
  0.48126032849157480  0.49510114127668792  0.50817924709048568  0.52003967166630038
  0.53140085134978465  0.54287768583590446  0.55333471279525348  0.56492127712772666
  0.57769948923840753  0.59160755997686920  0.60628626262400986  0.62008415154579410
  0.63145823734353568  0.64268140630915516  0.65423078596828399  0.66626983875106038
  0.67909997233065444  0.69284324404468201  0.70659829509253458  0.71912329343873960
  0.73285176648087469  0.74644740417165056  0.75949666894244350  0.77146201431818728
  0.78199075840242194  0.79273711295820448  0.80320186330610044  0.81488700181868723
  0.82626148698686253  0.83820409059072354  0.85125625877020694  0.86302521596736514
  0.87416530247401580  0.88225461383855264  0.89047988364563102  0.89855344235742030
  0.90634576798698885  0.91365672314681412  0.92074231293388464  0.92841321458954151
  0.93619918456284201  0.94395395383789782  0.95201960463791147  0.96039329418840857
  0.97077664855560442  0.98164228638488904  0.99111242264430910  1.00000000000000000
  0.01290312475941924  0.01710845646882934  0.02333274756572997  0.02938789962756394
  0.03534329394742217  0.04089825406198550  0.04462930846066947  0.04742166242299939
  0.05091869414136065  0.05790341468241764  0.06460535534542972  0.07102049818619537
  0.07775725838223002  0.08470581806281560  0.09191166486548027  0.09771624410627053
  0.10488847195507120  0.11264859080793947  0.12216451018666201  0.13193302521234679
  0.14125130042982539  0.15162759519845487  0.16261584707940543  0.17170993815612051
  0.18045297045330969  0.18952968180092924  0.19894309504389412  0.20839438489680334
  0.21741376049310271  0.22637408185673494  0.23819703557739622  0.25245163469088311
  0.26559476964420353  0.27746751287980825  0.28920399752495163  0.30143079191814531
  0.31306871755317384  0.32338368796725236  0.33376879479901334  0.34483952001258900
  0.35626980756278853  0.36816772204471016  0.38225166549037626  0.40013175998830375
  0.41914174330358717  0.43728803062796301  0.45549747217302555  0.47291451309238636
  0.48859041463477337  0.50313582122315303  0.51778196252775355  0.53441123562453829
  0.55213981165292481  0.56811968571679428  0.58240812971111100  0.59696293463587391
  0.61036203259049648  0.62282476673057441  0.63490149092369441  0.64685753367689791
  0.65830285384084408  0.67098791594804685  0.68632391429056006  0.70094628929648006
  0.71444436392948596  0.72778700897475501  0.74117859174495937  0.75467731213153399
  0.76853703530982265  0.78315526783045919  0.79735671020870991  0.80985669296326412
  0.82097960317033569  0.83026788894234715  0.84013156390419697  0.84918597938312890
  0.85712315641059689  0.86432439264283045  0.87135123109783685  0.87807690291471885
  0.88435792761526788  0.89070931845544343  0.89660185090623845  0.90180186076375868
  0.90640399206448574  0.91096626377273393  0.91580414275256750  0.92150314516933440
  0.92781066967173953  0.93393013006395809  0.93954795236447008  0.94593076097339768
  0.95274800489065881  0.96065300659299846  0.97487111215931843  1.00000000000000000
  0.00000085729549041  0.01194315592388500  0.02152689696590325  0.03228929275035130
  0.04243701465325927  0.05228163287944648  0.06305976704609394  0.07355034569511278
  0.08300373807108696  0.09176803435719948  0.10045861479317900  0.10923077851246193
  0.11792233497653828  0.12719652282798888  0.13774126006327550  0.14914439412391856
  0.15966194797331137  0.17021605848127877  0.18025498317519842  0.19174588285856295
  0.20466152268863164  0.21627945932108597  0.22643099448508280  0.23670167725176011
  0.24801266527486018  0.25863800364411133  0.26777935194978425  0.27916602285793579
  0.29457323883959108  0.30806716771124770  0.32212615304564718  0.33606250204712212
  0.34762670550157981  0.35860629809528910  0.37004552082930364  0.38170003808827541
  0.39314508464953407  0.40451114810285566  0.41589711140484603  0.42707064611905615
  0.43765075418576671  0.44811375701147615  0.45699712134556564  0.46723370196030972
  0.47789415946682751  0.48972089393011370  0.50269852653042824  0.51563786893194519
  0.52825356554975567  0.54046158433718050  0.55240056778667179  0.56500320030481521
  0.57625274972003815  0.58799288508790526  0.59992642769990390  0.61125982526361111
  0.62261214772954254  0.63277138897608920  0.64313102737119876  0.65406483385031822
  0.66449512132536992  0.67442713542850707  0.68388471790038341  0.69391607261164023
  0.70415122111118444  0.71484420411299698  0.72545281598500622  0.73344006466295719
  0.73976312831187174  0.74673632019451208  0.75451415631846075  0.76182899874497922
  0.76946657663871476  0.77691754227310927  0.78426531596977411  0.79099997567604141
  0.80037020671522274  0.81150757384663041  0.82385536615732868  0.83561627109372760
  0.84475002328303184  0.85401055220375410  0.86391482886509718  0.87438796625355752
  0.88460020748529999  0.89422092850420898  0.90731869771167706  0.91975940317108673
  0.92923406505604267  0.93816642747212942  0.94691490180566973  0.95623669827759306
  0.96591576435181836  0.97615483849550755  0.98790746475515290  1.00000000000000000
  0.17590092545119720  0.28323560133132103  0.29753558300973770  0.30738842328897120
  0.31531164302292802  0.32116503239810890  0.32675046897978993  0.33240938493081462
  0.33774626046258099  0.34279109148279469  0.34858367767692677  0.35393403172781979
  0.35939635072255816  0.36807359118392424  0.37660449994558753  0.38485871903513857
  0.39229932251097049  0.40027209751609782  0.40888587909415247  0.41617235687832471
  0.42162312297192062  0.42685331691647072  0.43225266823804487  0.43791203795267386
  0.44411893046835366  0.45323487669550916  0.46224842380564085  0.46929507947707472
  0.47565429626070838  0.48202121883920584  0.48845221106075098  0.49567456516673830
  0.50210618309215693  0.50775008976602665  0.51295721215115608  0.51791124436237146
  0.52217748763814009  0.52613654429488721  0.53009955369652717  0.53438049595816284
  0.53900366415216283  0.54385066364989820  0.54841606776541629  0.55270293388509406
  0.55673539811205897  0.56089986947916648  0.56542075149609172  0.57034972646334881
  0.57525071201791689  0.58015227067326769  0.58625990348437851  0.59290247089550274
  0.59884148300884765  0.60441779555299169  0.61055365902397041  0.61701385785700902
  0.62338495527161775  0.63011525130429591  0.63721902872789260  0.64499378862622481
  0.65382569249070055  0.66315798488902000  0.67317959191375998  0.68410377277047740
  0.69518184688740026  0.70663270827469560  0.71585841824505569  0.72400650724001459
  0.73144171756646548  0.73882481907818287  0.74629858033051244  0.75334308673829620
  0.76050377462133056  0.76820186436314197  0.77674573092641519  0.78494575670174915
  0.79314530595020294  0.80227366943037548  0.81165456930368940  0.82058267934504059
  0.82926953500404887  0.83774765983118027  0.84600403505650346  0.85430347347790159
  0.86304817835869396  0.87203069461356508  0.88172600111424737  0.89183793957969415
  0.90223191514525303  0.91353430290312976  0.92489889459387908  0.93689096249270465
  0.94968791543885156  0.96278473667499798  0.97823364152351966  1.00000000000000000
 -0.01875357093219118  0.13567910385545187  0.18142780654728705  0.21579200070938107
  0.24426215097525550  0.26468367457666414  0.28040396847028382  0.29366904900968466
  0.30617235850869629  0.31765382900401934  0.32989809839899137  0.34457714618484436
  0.35929539063252064  0.37215733923799410  0.38509863319247978  0.39775482147349761
  0.40930324170914240  0.42116703236786468  0.43313078859810905  0.44449207010673614
  0.45513813024347127  0.46523792228054961  0.47497463877424789  0.48457192348211398
  0.49428005278307419  0.50346660409953092  0.51095196227697759  0.51825266761847744
  0.52577108591981536  0.53357464411167754  0.54129403014652899  0.54822192356356281
  0.55436159776719041  0.56070701242268717  0.56748421393386927  0.57500740408019113
  0.58287353216571824  0.58885814557971861  0.59550680201143047  0.60244178576004026
  0.60937492451648001  0.61629934441707268  0.62386352572792114  0.63046499360923036
  0.63680705301667806  0.64267517956399900  0.64769792386163005  0.65229864093385803
  0.65621858397095434  0.65950607687502261  0.66287812659394052  0.66633192360143478
  0.67036582900639552  0.67470197640192497  0.67847125310153511  0.68184705594371331
  0.68584902504116740  0.69000537239234538  0.69479049362393175  0.69944719067145689
  0.70403492559534331  0.70847943548946335  0.71300640050995301  0.71786738129550010
  0.72304795870495930  0.72873024706265210  0.73401483607756002  0.73930099966095786
  0.74433622929198950  0.74947087866264206  0.75428060065435520  0.75865260919428823
  0.76296723148454382  0.76730578552165973  0.77188480951633720  0.77686828540205433
  0.78196571848055052  0.78704536254686597  0.79274345333053420  0.79915801629803729
  0.80590614993813592  0.81284630097024702  0.82012866497297632  0.82759623788183312
  0.83476888233310931  0.84216130762882380  0.84974333931044499  0.85814040549434745
  0.86703474327709606  0.87625543464403410  0.88589588045562495  0.89578755242854669
  0.90681363710416851  0.91873456266219766  0.93894917650115106  1.00000000000000000
   1.9592891945494102E-005  -1.0000000000000000     
 F F F F F F F F F F F F F F F F F F F F F F F F F F F F F F F F F F F F F F F F F F F F F F F F F F F F F F F F F F F F F F F F F F F F F F F F F F F F F F F F F F F F F F F F F F F F F F F F F F F F F F F F F F F F F F F F F F F F F F F F F F F F F F F F
  <DiscreteSampler_grid>
  grouped_processes
  1 # 1 for a reference and 2 for a running grid.
  10 # Attribute 'min_bin_probing_points' of the grid.
  1 # Attribute 'grid_mode' of the grid. 1=='default',2=='initialization'
  0.0000000000000000 # Attribute 'small_contrib_threshold' of the grid.
  0.5000000000000000 # Attribute 'damping_power' of the grid.
 # binID   n_entries weight   weight_sqr   abs_weight
    10   10   3.074535192264736E+004   7.224577492397524E+009   3.074535192264736E+004
    11   10   3.074535192264742E+004   7.224577492397558E+009   3.074535192264742E+004
  </DiscreteSampler_grid>
