 -0.00244001727899844  0.00967381694491254  0.01987767307660056  0.03040224972492184
  0.04093518592779963  0.05147086104440935  0.06201165976701763  0.07255370562167013
  0.08309499217701122  0.09363936201484267  0.10418294063250155  0.11472608337994671
  0.12526638123396946  0.13580432366577005  0.14634082112365382  0.15687839283106372
  0.16742358926449308  0.17796473665915005  0.18850703511678704  0.19904797312559680
  0.20958818569242063  0.22012177609696720  0.23065320127122177  0.24117387516064603
  0.25170447177383581  0.26223131940043787  0.27277181892177266  0.28330819966037518
  0.29384408525174999  0.30438062504247848  0.31490308406524203  0.32542956946789775
  0.33595590779425322  0.34649877163524340  0.35704596792833360  0.36759438741121486
  0.37814022969425626  0.38868069336828992  0.39922328849434857  0.40976812315517641
  0.42031494023213861  0.43085987304828738  0.44140293635518668  0.45194697333955669
  0.46248412672762734  0.47302465485251832  0.48356607053177292  0.49410847595396135
  0.50464939130356046  0.51518808336541733  0.52572930737177692  0.53627127252591311
  0.54681747577411843  0.55736747332201508  0.56791199872392373  0.57845680014745626
  0.58899449467466225  0.59952631866672668  0.61005988659789523  0.62059707643120732
  0.63113936180768071  0.64167885951442671  0.65222137616179587  0.66277072756987598
  0.67332332407618523  0.68386574749671758  0.69440687103235477  0.70494693656428054
  0.71548069957701421  0.72601216858964002  0.73654452243739998  0.74708547427080607
  0.75762333918793889  0.76814605616779408  0.77867445873581842  0.78920391091164688
  0.79974847463967835  0.81028723795532087  0.82082642472207701  0.83136575923211342
  0.84190818538098533  0.85245601342100097  0.86300364654689699  0.87354431621661599
  0.88407698731462758  0.89460834288909141  0.90514429955206410  0.91568050671955592
  0.92621605053556544  0.93675879650893068  0.94730374157460240  0.95784397762725715
  0.96837830181984419  0.97891319719189818  0.98945367438181808  1.00000000000000000
 -0.00251198633279583  0.00947182679439188  0.01963063082350398  0.03014403874765390
  0.04069295568307049  0.05123992188369763  0.06178689851257872  0.07233261853216354
  0.08287811524480967  0.09342647591426478  0.10397290160580469  0.11451341766979807
  0.12505642977652326  0.13559410191432023  0.14613788303608222  0.15668086366340964
  0.16722529498955369  0.17776811928825254  0.18831107562412006  0.19885890572979192
  0.20940181002946656  0.21994391807879493  0.23049145241807373  0.24104142108921819
  0.25159059684846424  0.26213499663678452  0.27267246576960402  0.28320102465272406
  0.29373218578653931  0.30427068901153115  0.31480819181332409  0.32534456168649162
  0.33587623972315173  0.34641854110456205  0.35695705484515444  0.36750385001979491
  0.37804500269611169  0.38858916732585358  0.39913382614048831  0.40967838656362804
  0.42022664507536478  0.43076932330838874  0.44131825865017327  0.45186697675642046
  0.46242047432212630  0.47297315669744128  0.48351859256213714  0.49406138555745560
  0.50460427404470765  0.51514279311754263  0.52568310075892632  0.53622257783951455
  0.54677044948564013  0.55731138025250748  0.56784687721264926  0.57838161445664360
  0.58892261666002654  0.59947073193772438  0.61001628604415759  0.62056187786511674
  0.63110725624647679  0.64165749250778292  0.65220631673275520  0.66275523030774708
  0.67329615945312826  0.68383926595341693  0.69437732451638801  0.70492256755304539
  0.71546269366770932  0.72600442514668195  0.73654864588877567  0.74709565386569932
  0.75764608753080287  0.76819050732834437  0.77873515648329306  0.78926121795107307
  0.79979084812544177  0.81032290435115317  0.82086797030428260  0.83140681344450595
  0.84194356524322400  0.85248558862506796  0.86303618972533358  0.87358677871037771
  0.88412902156864015  0.89467073123660024  0.90520972896145635  0.91575661264521324
  0.92629883967222504  0.93684224794366888  0.94738312185367290  0.95793240696440163
  0.96844599331897607  0.97897204460788434  0.98948370739545599  1.00000000000000000
   2.5651111467952039E-008  -1.0000000000000000     
 F F F F F F F F
  <DiscreteSampler_grid>
  grouped_processes
  1 # 1 for a reference and 2 for a running grid.
  10 # Attribute 'min_bin_probing_points' of the grid.
  1 # Attribute 'grid_mode' of the grid. 1=='default',2=='initialization'
  0.0000000000000000 # Attribute 'small_contrib_threshold' of the grid.
  0.5000000000000000 # Attribute 'damping_power' of the grid.
 # binID   n_entries weight   weight_sqr   abs_weight
    10   10   1.322623097372512E+010   1.749331857703257E+020   1.322623097372512E+010
  </DiscreteSampler_grid>
