 -0.00247362820562598  0.00949069437755012  0.01964533974603893  0.03015189921015615
  0.04068464428176314  0.05122020486896955  0.06176101738695489  0.07231004346673882
  0.08285173903530742  0.09339752607967236  0.10394124860758235  0.11448778620327782
  0.12503798516098039  0.13558836691267437  0.14613792271574058  0.15668568384711176
  0.16723405634346733  0.17778084156388399  0.18832596790422487  0.19885856457209936
  0.20939389208196488  0.21992845805730657  0.23046682810174951  0.24100722165335953
  0.25154151303288702  0.26208555866422933  0.27262401489005550  0.28317359220308103
  0.29371893640977037  0.30427158914896463  0.31482019722367671  0.32536904873815831
  0.33591169794970460  0.34645693283000828  0.35699702396292210  0.36754145809421290
  0.37808186529356719  0.38862780383632911  0.39916677507208015  0.40970658320891384
  0.42023900819076093  0.43077158137829202  0.44130487761478265  0.45183938584009403
  0.46238154276346211  0.47291744959008714  0.48345451561353098  0.49398661466591670
  0.50452770387485113  0.51506868085499580  0.52561065274323571  0.53615338154009784
  0.54670446582468135  0.55725674408561243  0.56780713792988713  0.57835247351699126
  0.58889402198544571  0.59943074797323437  0.60996910256155645  0.62051351587579662
  0.63105645752727679  0.64160244139043254  0.65214373511164692  0.66269010317372556
  0.67323320620208493  0.68377125536928640  0.69431159921471330  0.70485443004882520
  0.71540636597599194  0.72595344856915267  0.73650020451381670  0.74704453651945513
  0.75759105466430410  0.76814051151114304  0.77868553014692832  0.78923015003214492
  0.79977391058269887  0.81032450136656542  0.82087889326555419  0.83143390260681815
  0.84198794952945233  0.85253346941022934  0.86307011974041714  0.87360725868465061
  0.88414696325353437  0.89469466849936297  0.90524324396611344  0.91579805918954149
  0.92633782164332112  0.93687375628128544  0.94740487615437174  0.95795594494497049
  0.96846369383005115  0.97898357898442967  0.98948638624135832  1.00000000000000000
 -0.00253727315801881  0.00961222553272652  0.01981084084608120  0.03033460430266233
  0.04086506749406901  0.05139716140488414  0.06191800410895313  0.07245205899152070
  0.08298650343060861  0.09353038656343028  0.10407448274790967  0.11461536347508658
  0.12515113558248722  0.13568653118564114  0.14621826989382089  0.15676245281654960
  0.16730119220983863  0.17783819267319462  0.18836993016504280  0.19890733059126087
  0.20945323443738020  0.22000586614684051  0.23055905589993789  0.24110932057077220
  0.25164691665128230  0.26217408626465999  0.27269720707221246  0.28323074494917450
  0.29377242724491792  0.30432148573413004  0.31486335432348705  0.32539666085220825
  0.33592192907824603  0.34645586704334219  0.35699748968573070  0.36754203668026847
  0.37808054539095992  0.38861888208821699  0.39916252910050953  0.40970694858669071
  0.42025312598926601  0.43079530649993242  0.44133757223799314  0.45186784061171537
  0.46239946846568875  0.47293173654294490  0.48347721283408196  0.49402416927312581
  0.50457140754118290  0.51511741799021638  0.52566145913871842  0.53621079098914037
  0.54675641102967631  0.55730050140345400  0.56783899441293406  0.57838222896440672
  0.58892904333463114  0.59947865651041310  0.61002965362769956  0.62057490071208132
  0.63111456772162544  0.64165242675164280  0.65218699292640925  0.66272816717403193
  0.67327079197095774  0.68381516153725830  0.69435913911265290  0.70490251173012897
  0.71544626294025737  0.72598881945460858  0.73651223805276289  0.74703854644297207
  0.75756764647627495  0.76811474438107863  0.77865662414338299  0.78919742619542776
  0.79973728468143079  0.81028631394284167  0.82083454065955208  0.83138466404491318
  0.84193493167677724  0.85248635207321866  0.86303669623330470  0.87357854957510328
  0.88411884272808983  0.89465910948921723  0.90520903858423563  0.91575081732195363
  0.92629286750312578  0.93682579225667029  0.94736630140925415  0.95789934457744397
  0.96843577053296681  0.97896876492974505  0.98948887898545024  1.00000000000000000
   2.5513872587043885E-008  -1.0000000000000000     
 F F F F F F F F
  <DiscreteSampler_grid>
  grouped_processes
  1 # 1 for a reference and 2 for a running grid.
  10 # Attribute 'min_bin_probing_points' of the grid.
  1 # Attribute 'grid_mode' of the grid. 1=='default',2=='initialization'
  0.0000000000000000 # Attribute 'small_contrib_threshold' of the grid.
  0.5000000000000000 # Attribute 'damping_power' of the grid.
 # binID   n_entries weight   weight_sqr   abs_weight
    10   10   1.322623097372511E+010   1.749331857703255E+020   1.322623097372511E+010
  </DiscreteSampler_grid>
