 -0.00234572361519113  0.00955866704649521  0.01972160443744892  0.03023756070804200
  0.04077781634617539  0.05132443346154866  0.06187407826593432  0.07241825923025162
  0.08295738139941743  0.09349450413671476  0.10403235567182284  0.11457406277994239
  0.12511685944758358  0.13565915458988009  0.14620471162048346  0.15674560502753565
  0.16728762401084191  0.17782744004775305  0.18837218450403198  0.19891261662844326
  0.20945235353159622  0.21998272475889413  0.23051855932719040  0.24105158633677032
  0.25159450607263939  0.26213841527456710  0.27268543931972050  0.28323157576743385
  0.29377365725766619  0.30431784665181971  0.31485609491027500  0.32539958464819196
  0.33593512447564400  0.34647804044163544  0.35701843936871841  0.36756510396596187
  0.37810959664812327  0.38865736606525897  0.39920676202688332  0.40975616203117043
  0.42030064674327433  0.43084466565682861  0.44139000560113412  0.45194078245171976
  0.46248634025354229  0.47302375967136623  0.48356008976913400  0.49409463617745331
  0.50462897744421109  0.51516384017571548  0.52569521671231467  0.53623118101318590
  0.54676377510465857  0.55729888822179374  0.56783706938171952  0.57837897449752473
  0.58892360837191970  0.59946952251153718  0.61001347196003530  0.62056197347287834
  0.63110978415125385  0.64165874955589819  0.65221093416488740  0.66274673055709032
  0.67328381683423055  0.68381796237321779  0.69436778148321487  0.70490978556478812
  0.71544570827139020  0.72597309180874614  0.73650500796814411  0.74704393202365038
  0.75758778158440143  0.76813349514063267  0.77866539452119654  0.78920042117663680
  0.79973003347739213  0.81027380666011806  0.82081839313571781  0.83136275879080634
  0.84190092018027785  0.85244116872693732  0.86297944147345618  0.87352144671505561
  0.88406064838190135  0.89460450657683455  0.90515018418314419  0.91569445797082016
  0.92624126235060733  0.93678132945805781  0.94731903738606837  0.95784596458614679
  0.96837241835566601  0.97890444286676148  0.98944832563613383  1.00000000000000000
 -0.00240653218036121  0.00962711856160943  0.01981152248806895  0.03032836082575366
  0.04086928283013109  0.05140427203397804  0.06195192655655137  0.07250050451662592
  0.08304639715785847  0.09358609956504621  0.10412684468065107  0.11467271166020590
  0.12522035358366757  0.13576032333633956  0.14629909145895523  0.15683990312717350
  0.16737995305614767  0.17791987277824217  0.18845691295649974  0.19899182691081435
  0.20952222046390664  0.22005455293704279  0.23059038884005209  0.24112807322787652
  0.25166240408168289  0.26220421592161591  0.27274505332277499  0.28328787297434849
  0.29383045784746670  0.30437552100627230  0.31492269696210151  0.32545894610908999
  0.33598992090327917  0.34652253159688023  0.35706240607628720  0.36760300509153093
  0.37814605751373859  0.38867894284836019  0.39921784653650699  0.40975594190776327
  0.42029816672241982  0.43084200361058861  0.44138164340199926  0.45192986798576174
  0.46246350356653415  0.47299909026822695  0.48353371314192345  0.49408057902910518
  0.50462302408190995  0.51516028073637143  0.52569672939225731  0.53623572411611375
  0.54677416689164116  0.55731421083118671  0.56784724405405695  0.57838498955381112
  0.58892274012125279  0.59946880907823386  0.61000223653815921  0.62053767791209336
  0.63107287703025028  0.64161862476509668  0.65216494444894679  0.66270126903990567
  0.67323735572738597  0.68376560327279590  0.69430196365849250  0.70484412044518585
  0.71538435976596260  0.72592527365206383  0.73645948243438908  0.74700012717305497
  0.75753699892899207  0.76807420921690872  0.77860415883717915  0.78913673927562022
  0.79967431356774077  0.81021251779325576  0.82075096037285677  0.83129069591174709
  0.84183918590266216  0.85239070080951962  0.86294220189857662  0.87348337885059024
  0.88402740364094878  0.89456451615688803  0.90510182894227664  0.91563643253528160
  0.92617730814247512  0.93672537717146520  0.94726893637451004  0.95780645686999433
  0.96834730750450071  0.97889419717873760  0.98944724850182963  1.00000000000000000
   2.5651794426398064E-008  -1.0000000000000000     
 F F F F F F F F
  <DiscreteSampler_grid>
  grouped_processes
  1 # 1 for a reference and 2 for a running grid.
  10 # Attribute 'min_bin_probing_points' of the grid.
  1 # Attribute 'grid_mode' of the grid. 1=='default',2=='initialization'
  0.0000000000000000 # Attribute 'small_contrib_threshold' of the grid.
  0.5000000000000000 # Attribute 'damping_power' of the grid.
 # binID   n_entries weight   weight_sqr   abs_weight
    10   10   1.322623097372511E+010   1.749331857703255E+020   1.322623097372511E+010
  </DiscreteSampler_grid>
