  0.00000650384945733  0.00000788772872484  0.00000860241587999  0.00000907750425452
  0.00000952681981902  0.00001001399263202  0.00001038380508416  0.00001081926486955
  0.00001130573125620  0.00001190941768382  0.00001259609404451  0.00001308989165860
  0.00001361735155931  0.00001409999421826  0.00001455364984450  0.00001507570978189
  0.00001572405187614  0.00001635967439877  0.00001681525640638  0.00001734191984375
  0.00001790037244370  0.00001847036159405  0.00001899066151660  0.00002002846102666
  0.00002108316271456  0.00002215467014769  0.00002322053667997  0.00002421623285606
  0.00002539730206388  0.00002663284991688  0.00002794337495088  0.00002951737881872
  0.00003206294265132  0.00003420797715696  0.00003608188080383  0.00003732781626194
  0.00003839562755699  0.00003954449269517  0.00004064571782885  0.00004175106680114
  0.00004339957949651  0.00004522495515584  0.00004702425987465  0.00004893095793427
  0.00005132507323396  0.00005424020341117  0.00005744563201734  0.00006016482305342
  0.00006281645426878  0.00006558194033119  0.00006863221425743  0.00007204075269482
  0.00007557293365319  0.00007922284371281  0.00008314145515637  0.00008757189296374
  0.00009114068632851  0.00009476926411515  0.00009859698140679  0.00010293278938762
  0.00010801707634605  0.00011365287694655  0.00011902288905540  0.00012428117060632
  0.00013008669585694  0.00013649985486413  0.00014413056986902  0.00015221156454489
  0.00016104160839944  0.00017019869562059  0.00017900578358404  0.00018739463040520
  0.00019595994434822  0.00020474430193278  0.00021276698028498  0.00022165498198206
  0.00023298835376323  0.00024773463721129  0.00026508155737262  0.00028191624753557
  0.00029996166751759  0.00031965843870425  0.00034309853459763  0.00036787321468314
  0.00039913805468013  0.00043317711665734  0.00047092841135497  0.00051933815365202
  0.00058289817948036  0.00068758912009380  0.00086142606547665  0.00118593417555750
  0.00193126875937626  0.00544501296545555  0.32157162924969535  1.00000000000000000
  0.00000741110013546  0.00000759511195843  0.00000772783289688  0.00000785815287197
  0.00000800147042030  0.00000813786349091  0.00000825598039408  0.00000837409729724
  0.00000853283871050  0.00000870421301764  0.00000887558732479  0.00000905144016660
  0.00000922750820920  0.00000944162815449  0.00000998325148279  0.00001063815958588
  0.00001128045053683  0.00001185925922627  0.00001233755599974  0.00001279130018164
  0.00001333253455714  0.00001401904502392  0.00001491307369604  0.00001590581965867
  0.00001688799453329  0.00001781942492491  0.00001879888433225  0.00001959722249035
  0.00002040796765295  0.00002113732605098  0.00002180389371527  0.00002245745156342
  0.00002331912655846  0.00002438375248012  0.00002590146883344  0.00002725188865124
  0.00002853738311897  0.00002981269313335  0.00003166232506229  0.00003353931417008
  0.00003568460949393  0.00003803109738855  0.00004048606141354  0.00004301641716370
  0.00004543287031825  0.00004756717297811  0.00004918957727432  0.00005110702827217
  0.00005341122088113  0.00005648841407123  0.00006039573988923  0.00006467317446060
  0.00006904385783697  0.00007371085735267  0.00007835777641640  0.00008286813617657
  0.00008678557379866  0.00009136302181854  0.00009694482650719  0.00010375985621205
  0.00011086386279515  0.00011769285319687  0.00012371076150836  0.00012945736825272
  0.00013578815621808  0.00014302952103952  0.00015090869943063  0.00015829259011090
  0.00016626878357774  0.00017404499626114  0.00018176455594876  0.00019091876482457
  0.00020021087644042  0.00020863157116640  0.00021767726897266  0.00022713786749334
  0.00024043357868423  0.00025575981527982  0.00027249846001413  0.00029071619753096
  0.00031006204652768  0.00033281932621396  0.00036271098341093  0.00039913190857749
  0.00044201071426831  0.00049122216442428  0.00055576228445716  0.00064514266928343
  0.00077351758452346  0.00095387363512448  0.00124309800157550  0.00182062919526903
  0.00358186047038577  0.03567019672174918  0.19343188982450063  1.00000000000000000
  0.00000228215940169  0.00000259868057825  0.00000293096040552  0.00000317916122647
  0.00000358838762364  0.00000413555427964  0.00000477415150918  0.00000554377692419
  0.00000633734261218  0.00000723478567934  0.00000821028444626  0.00000934345210817
  0.00001053702778410  0.00001184219416185  0.00001336737195001  0.00001495764344587
  0.00001662942157542  0.00001841915567372  0.00002021941447719  0.00002178130303669
  0.00002329201336016  0.00002501079523230  0.00002692199941549  0.00002869796728170
  0.00003064571663513  0.00003317163678368  0.00003594610846794  0.00003868216973648
  0.00004166552633418  0.00004497731502839  0.00004920256465547  0.00005331563779398
  0.00005755992073117  0.00006238036824844  0.00006748977135678  0.00007285847019690
  0.00007837744530881  0.00008486344377690  0.00009182032177510  0.00009982270625885
  0.00010753975099038  0.00011533927848645  0.00012477477822076  0.00013424308220211
  0.00014527944718139  0.00015829325019742  0.00017335782579316  0.00018998350337107
  0.00020661848294491  0.00022345741492182  0.00024029696040308  0.00025705267340618
  0.00027413152366702  0.00029136648943315  0.00030905978095806  0.00032928589290617
  0.00035009583271049  0.00037032532392483  0.00039290859962568  0.00041891297298437
  0.00044895944604828  0.00048354380414798  0.00051938024797919  0.00055515500563295
  0.00059964266017067  0.00064952337914667  0.00069981726305362  0.00076146340284827
  0.00082941376762599  0.00089042503038667  0.00093671631169470  0.00097783839139841
  0.00102293261997248  0.00107090980725658  0.00112154952079493  0.00119760106804674
  0.00128165437296411  0.00137314235475399  0.00148687004479880  0.00164012306389262
  0.00183425547737803  0.00204934446520475  0.00231868571962672  0.00261902092311319
  0.00295831369277601  0.00340502268678430  0.00384556390410265  0.00437776853318255
  0.00513890427055867  0.00614852830408495  0.00748990145692862  0.00950168909948244
  0.01181216003295270  0.01432710122955117  0.51631099349423537  1.00000000000000000
 -0.00236641078676045  0.00938382270410201  0.02043422972833524  0.03262219832515299
  0.04702637371925547  0.06161058162987110  0.07592965056898332  0.09064985021335902
  0.10650888350814117  0.12177674540804775  0.13631253134646412  0.15063797415081240
  0.16527096404109470  0.18082427524272746  0.19468068320677651  0.20696588672668825
  0.21926534510111387  0.22826102661229594  0.23717191888506675  0.24552561210395954
  0.25367397866414954  0.26278315586660683  0.27189782952134517  0.28045475230662614
  0.29059449707320184  0.30093506585467350  0.31047761113735184  0.31981301414658486
  0.33099017262948277  0.34342633416150659  0.35339621180429143  0.36400209392831329
  0.37502582169414667  0.38211839883329873  0.38922327281789926  0.39829087297987192
  0.40762350488518456  0.41957081410146330  0.43466055512582658  0.44900765326757824
  0.46216961987428495  0.47519451204857083  0.48857801237164317  0.50199698390147962
  0.51289497869063350  0.52217372890381308  0.53070457629394197  0.53986346681918607
  0.54939655494052753  0.55928697555411433  0.56791534887044415  0.57548189460949184
  0.58107448174296417  0.58813598565521497  0.59632227397827098  0.60346073681586909
  0.61667537495194347  0.62814273934343767  0.63758744503408205  0.64685724285418833
  0.65482008974769634  0.66292138291461467  0.67018560344278133  0.67812510289325534
  0.68612370946249768  0.69414297899802135  0.70164048930010459  0.70816650184987451
  0.71497027610437880  0.72224975104026934  0.73019931021520801  0.74144383876543507
  0.75263251230673511  0.76526519411565208  0.77735646525274837  0.78900638336080553
  0.80254597330985689  0.81292507992862129  0.82292199284442902  0.83140184584871624
  0.83881289390629443  0.84692658203748761  0.85598725695640521  0.86601290919365848
  0.87630290731612637  0.88490668977114162  0.89400571269231488  0.90668001275161003
  0.92115825775772187  0.93328270151274284  0.94496705486809518  0.95561845822727809
  0.96542312989674095  0.97554866189950751  0.98626185289340595  1.00000000000000000
 -0.00014491191703263  0.00046123570907888  0.00087747005089537  0.00118827332119786
  0.00146488510234730  0.00176575219238777  0.00208397586457623  0.00240454138721027
  0.00272651559984397  0.00300950066819346  0.00332102643146915  0.00366226896758497
  0.00401033863074057  0.00431562732429434  0.00462363811359295  0.00499739198000715
  0.00536141972917147  0.00575325248472497  0.00620312627518064  0.00661166467871016
  0.00689928535005441  0.00715145558839455  0.00739602284540260  0.00763765309332098
  0.00787593785627141  0.00811258530268830  0.00847646364385341  0.00889827030567954
  0.00932540672512374  0.00975073827346964  0.01017879186197931  0.01061893802638189
  0.01106415179054840  0.01151565323643090  0.01193281789338413  0.01226741987783069
  0.01261511822171368  0.01297243314829837  0.01339720329036363  0.01385549303785970
  0.01427438999533356  0.01459763378273672  0.01485900416518555  0.01510352621124923
  0.01535205124098734  0.01560032192531645  0.01600489156407877  0.01642959155956510
  0.01681623225318444  0.01718875310760669  0.01764158701516559  0.01817613790680862
  0.01877232014651435  0.01938154591392784  0.01997979312954671  0.02061496174450796
  0.02135218365138347  0.02210018848797288  0.02277319968368124  0.02345536219622240
  0.02422726785273977  0.02512755877427501  0.02615189077539492  0.02716455046325324
  0.02824213666339534  0.02920780764296366  0.03019225034055364  0.03135202833837628
  0.03254165775360910  0.03381517071318045  0.03504509194391481  0.03637800624180981
  0.03779734514667624  0.03915049321184486  0.04032347386682671  0.04158204707546000
  0.04337024566407906  0.04519402105910181  0.04649638832829450  0.04771468585371441
  0.04919130402010219  0.05106038075786445  0.05305950860042893  0.05524773647462755
  0.05707320476808445  0.05924435143450010  0.06233329793410893  0.06842606248652747
  0.07447852722521599  0.07945218648052334  0.08599628449472027  0.09315689318245872
  0.10753167284543300  0.15088217366317522  0.82393206522821716  1.00000000000000000
 -0.00170696465902997  0.00504455519742495  0.01274816952342883  0.01938832715055328
  0.02798926551812961  0.03797742240630212  0.04839631094893050  0.05986786411802332
  0.07070164998967128  0.07980646978924708  0.08831795463719332  0.09638906891764989
  0.10366512850181814  0.11156820533475416  0.12052074659129713  0.12948993264377023
  0.14051248533558039  0.14997867436389131  0.15894355554560605  0.16842571529244513
  0.17742946407446356  0.18383803669723831  0.19009431905324395  0.19704336837077055
  0.20408018221577945  0.21505558087623464  0.22648251227760188  0.23673744127584620
  0.24649521358958010  0.25626095316756492  0.26597220671616451  0.27612444630786703
  0.28655778622673045  0.29682838510983423  0.30755506510105679  0.32006404584481524
  0.33278404339149376  0.34421121169987651  0.35570795941118150  0.36901984507155999
  0.38406337850822764  0.39873286308042555  0.41261996514241589  0.42830793595789529
  0.44558500391255557  0.46184437868171851  0.47679294946698619  0.48994009483012729
  0.50174703719713909  0.51271937647775567  0.52300286232884996  0.53025271546442065
  0.53512057065581631  0.54020638229683726  0.54534932574714068  0.55191530170754310
  0.55996740081498286  0.57621279696050953  0.59158018693156322  0.60662476372000795
  0.61908650465786275  0.63208180982873885  0.64473143088015528  0.65717916515549124
  0.66874381782896153  0.67890836429687995  0.69109282589406862  0.70302413838846012
  0.71329191384021473  0.72260767426041972  0.73229948863184591  0.74839364834972744
  0.76007762058620409  0.77115563901955997  0.78248442055952894  0.79519127446964544
  0.80652017927656527  0.81968895129967256  0.83286938248258635  0.84408695214119100
  0.85453766842621626  0.86648178082938332  0.87943384185633267  0.89140045968034742
  0.90107634412684368  0.91121971855136852  0.92129032640987629  0.93189568469368500
  0.94435554462806248  0.95587784932048470  0.96534685279127574  0.97297170474078309
  0.98001716868375999  0.98639052444975472  0.99326846995463125  1.00000000000000000
 -0.00001104299970775  0.00002928062255666  0.00007092318859174  0.00011345094894149
  0.00018356755292962  0.00025169264185973  0.00031208106426235  0.00037222471549179
  0.00043065340222716  0.00048823295460573  0.00054103220384245  0.00059810158387620
  0.00066475959899752  0.00072584255908972  0.00078462349622560  0.00084318132592273
  0.00091069305813772  0.00096740683084354  0.00102194204947082  0.00107637888447539
  0.00113134663054787  0.00118711209205997  0.00127471128483907  0.00137974811509150
  0.00148557870479742  0.00159320275147457  0.00169390570340803  0.00178730041101205
  0.00187842531982669  0.00196883843915888  0.00206698636059974  0.00217202963167192
  0.00229680885965703  0.00244514618526245  0.00259553670374448  0.00274653802181672
  0.00289332839416548  0.00302919137199770  0.00316941963676787  0.00330941756704188
  0.00345206405649555  0.00360434567080682  0.00377153071219157  0.00394465743851756
  0.00413067894487589  0.00432853535139224  0.00454737754857165  0.00477899325733961
  0.00503396335142188  0.00530572790879161  0.00556545873234800  0.00582677819146500
  0.00607553281636290  0.00638703901554236  0.00675328950318915  0.00713048532675606
  0.00743907783052422  0.00774995322311417  0.00806563432666803  0.00840553646060832
  0.00889394110251996  0.00940855790454529  0.00995254592377712  0.01045716516792571
  0.01097752994323164  0.01149444814236836  0.01199238597305499  0.01244207984899293
  0.01279916297634728  0.01311523152784075  0.01342493080650023  0.01380410495355732
  0.01428889953571354  0.01482217177066562  0.01541395595511742  0.01602026513466803
  0.01670554145182877  0.01750020732484409  0.01826938709716781  0.01870287140009328
  0.01914305332057531  0.01958553262929334  0.02003575601936074  0.02060278591191391
  0.02113758712582496  0.02169950313973524  0.02233370442434141  0.02324225734512306
  0.02432756517791507  0.02553192171102008  0.02670476616095818  0.02799391155116816
  0.02964832213934249  0.03185694972184075  0.03371046234320450  1.00000000000000000
 -0.00188110341987882  0.00839199662000764  0.01717844767337713  0.02495776169769530
  0.03194630508713775  0.03920367975252546  0.04622021463005253  0.05303649170138341
  0.06121522089062632  0.07016642912869860  0.08059317320358775  0.09100100181371649
  0.10127813204212553  0.11102805907798048  0.12044448030005185  0.12987783903119271
  0.13885342889610464  0.14899387271980147  0.16143862616391427  0.17422188875501099
  0.18782325154645566  0.20033471490805677  0.21197270014689026  0.22247994711027552
  0.23319942611498232  0.24660654401988924  0.26102044699900562  0.27433238687439393
  0.28513089592253565  0.29646944836571859  0.30783976149589026  0.31925005608503904
  0.33029605356426028  0.33969045782603818  0.34802494624847813  0.35756026286815989
  0.36720954573957010  0.37582160073054099  0.38639791923073230  0.40007108818135900
  0.41450019650635689  0.42793333282564511  0.43949699069780795  0.45077513746574599
  0.45899849024646810  0.46648349832838076  0.47400115550858563  0.48395408404963974
  0.49643902186619698  0.50931177983281961  0.52104334462011503  0.53310437153473134
  0.54454991974060174  0.55589511779815037  0.56825587521836729  0.58285207602943356
  0.59762572189479191  0.61204134387678932  0.62364270283113221  0.63368224263783990
  0.64316827125679521  0.65350808316039510  0.66559065706235376  0.67954979272858607
  0.69401778521064128  0.70877733815147004  0.72330377216943820  0.73818594962128126
  0.75470714383968374  0.77042701641744793  0.78234655841159928  0.79104668005294509
  0.79917087247508622  0.80494238041230681  0.81193987015889602  0.81898397043909443
  0.82744184175684066  0.83725246694470634  0.84619005216779153  0.85534882943991075
  0.86467323428671483  0.87460476973216261  0.88500292923905444  0.89480762097964084
  0.90439551542542873  0.91531408414754356  0.92590064526749927  0.93689257109619284
  0.94765105200320077  0.95930418591037880  0.96988343293007750  0.97727659545087109
  0.98332121758263957  0.98920354609967276  0.99448468106434529  1.00000000000000000
  0.38279433823611314  0.58540030405443588  0.63078487904623648  0.65817580882586524
  0.68275030000742964  0.70353500285812143  0.72929399365119307  0.74416200268357902
  0.75551052074895053  0.76485247238909171  0.77352590445571923  0.78248695034789295
  0.79195131073517966  0.79982972353522852  0.80583739460301929  0.81234961068686973
  0.81862224143451223  0.82485340014468200  0.83040238914849529  0.83541344705828513
  0.83986324402850721  0.84452908768824486  0.84909348161551712  0.85330619406155550
  0.85723335819716218  0.86149358546376420  0.86622310618190435  0.87039267091762273
  0.87418079570566765  0.87721916370939435  0.88011860167177203  0.88353431960728057
  0.88684477896489244  0.88985909848370859  0.89292489268522413  0.89601864522058905
  0.89950848915924153  0.90299465713602967  0.90623477392672958  0.90936303873685531
  0.91237654918802746  0.91567099763330928  0.91860269377948967  0.92119912485232214
  0.92365500308310045  0.92599015024659637  0.92857628455349084  0.93128421158942321
  0.93404553785004329  0.93675691843385156  0.93932192370873124  0.94170406500354098
  0.94415836572033740  0.94638584466881670  0.94867330990517851  0.95093232724212517
  0.95320700722658602  0.95546118866058605  0.95751791317294854  0.95938136117081496
  0.96115355308915640  0.96290138610156195  0.96471804741521838  0.96642365850500378
  0.96807222110516589  0.96967147605141113  0.97122746777914548  0.97262079032333315
  0.97386710414025346  0.97503246230494944  0.97612223189508318  0.97724763518184221
  0.97845466940434378  0.97959136618406739  0.98077518802621788  0.98177909215636427
  0.98256680750041625  0.98346200459756694  0.98433280766972731  0.98528398242089044
  0.98620619991895098  0.98727344027597919  0.98822281198827611  0.98905954778864280
  0.98991326627155207  0.99075320984425086  0.99158789513007783  0.99242662865532916
  0.99328037694336468  0.99412782963931201  0.99490905987587641  0.99571428075777380
  0.99655984064359371  0.99761036612914977  0.99875865534519959  1.00000000000000000
 -0.02087115579146325  0.11124531578997512  0.15616073888735887  0.18461105508759904
  0.20979794155999151  0.23328161877601181  0.25157879215910639  0.26525858084679899
  0.27699048170786472  0.28800419973788366  0.30018320813475052  0.31271715925439136
  0.32274475114934986  0.33073680577150300  0.33787157180339711  0.34549399434964556
  0.35341529075071604  0.36180725662440966  0.37001021814065005  0.37783764387934043
  0.38392420457112797  0.39004126108839521  0.39640024505009974  0.40338006743293214
  0.41311696050340496  0.42229050486541503  0.42946571133695904  0.43575138570797689
  0.44189957788816298  0.44856961935646661  0.45628182143146395  0.46385994142605735
  0.47102384899882815  0.47786591923348581  0.48429889830319428  0.49065419760467976
  0.49738371467264958  0.50457348444491157  0.51198234621881666  0.51870893371453441
  0.52459971071029188  0.53027489323481081  0.53564278808797183  0.54056844632862711
  0.54520880586037757  0.54975785596111948  0.55484014398474701  0.56017132522125734
  0.56475494072547539  0.56878359798375078  0.57248074672977045  0.57613856646790185
  0.57960523707537559  0.58257396483623913  0.58549730854328319  0.58923384836206272
  0.59433772488366721  0.59932556328125397  0.60374510079513877  0.60904624993118350
  0.61493279526416744  0.62141215011175821  0.62846096617219394  0.63541909813262598
  0.64208430785549997  0.64782779366244925  0.65355240571108864  0.65911989944830796
  0.66516402577431499  0.67262919529975940  0.68065290322999628  0.68871546144947382
  0.69679280899527940  0.70461390192047813  0.71166042449659783  0.71857870129952517
  0.72645429656073202  0.73360937868580622  0.73933995114804463  0.74520945099141833
  0.75113664848107953  0.75720727314619296  0.76358226198897183  0.77165311435031081
  0.78002141577277639  0.78940074631888235  0.79793465281293585  0.80630226942857464
  0.81497510441230248  0.82357093324091502  0.83333983372442633  0.84609544162854688
  0.86183818910343513  0.88349937765483677  0.91792503711650131  1.00000000000000000
   1.2225035509489001E-004  -1.0000000000000000     
 F F F F F F F F F F F F F F F F F F F F F F F F F F F F F F F F F F F F F F F F F F F F F F F F F F F F F F F F F F F F F F F F F F F F F F F F F F F F F F F F F F F F F F F F F F F F F F F F F F F F F F F F F F F F F F F F F F F F F F F F F F F F F F F F
  <DiscreteSampler_grid>
  grouped_processes
  1 # 1 for a reference and 2 for a running grid.
  10 # Attribute 'min_bin_probing_points' of the grid.
  1 # Attribute 'grid_mode' of the grid. 1=='default',2=='initialization'
  0.0000000000000000 # Attribute 'small_contrib_threshold' of the grid.
  0.5000000000000000 # Attribute 'damping_power' of the grid.
 # binID   n_entries weight   weight_sqr   abs_weight
    28   10   5.346132724835856E+000   1.092144696367196E+002   5.346132724835856E+000
    31   10   1.071434854596345E+001   4.468932094913959E+002   1.071434854596345E+001
    32   10   1.071434854596344E+001   4.468932094913943E+002   1.071434854596344E+001
    34   10   4.954809771860456E+000   1.005257694028472E+002   4.954809771860456E+000
    37   10   1.063846084448473E+001   4.324389849216117E+002   1.063846084448473E+001
    38   10   1.063846084448471E+001   4.324389849216095E+002   1.063846084448471E+001
    43   10   1.076261213055992E+001   4.478146731575822E+002   1.076261213055992E+001
    44   10   1.076261213055991E+001   4.478146731575804E+002   1.076261213055991E+001
    46   10   9.859720828006347E+000   3.993560319476522E+002   9.859720828006347E+000
    47   10   9.859720828006330E+000   3.993560319476504E+002   9.859720828006330E+000
    52   10   4.954809771860454E+000   1.005257694028472E+002   4.954809771860454E+000
    55   10   9.973026979617515E+000   3.893856530601952E+002   9.973026979617515E+000
    56   10   9.973026979617497E+000   3.893856530601930E+002   9.973026979617497E+000
    58   10   5.346132724835857E+000   1.092144696367197E+002   5.346132724835857E+000
    61   10   9.859720828006349E+000   3.993560319476525E+002   9.859720828006349E+000
    62   10   9.859720828006328E+000   3.993560319476503E+002   9.859720828006328E+000
    67   10   1.005979794268108E+001   3.907979240971154E+002   1.005979794268108E+001
    68   10   1.005979794268105E+001   3.907979240971131E+002   1.005979794268105E+001
    70   10   1.063846084448473E+001   4.324389849216117E+002   1.063846084448473E+001
    71   10   1.063846084448471E+001   4.324389849216095E+002   1.063846084448471E+001
    76   10   5.346132724835859E+000   1.092144696367197E+002   5.346132724835859E+000
    82   10   4.954809771860454E+000   1.005257694028472E+002   4.954809771860454E+000
    100   10   4.954809771860455E+000   1.005257694028472E+002   4.954809771860455E+000
    106   10   5.346132724835857E+000   1.092144696367197E+002   5.346132724835857E+000
  </DiscreteSampler_grid>
