 -0.00245301018768733  0.00949463309356798  0.01965551804230049  0.03017952567429346
  0.04072370486157925  0.05126416185091594  0.06179788697537644  0.07234169795700472
  0.08288588126449445  0.09343433106973681  0.10398242973221987  0.11452930498748208
  0.12507778525649380  0.13562841109372320  0.14618010481313351  0.15673030466461807
  0.16727966218448084  0.17782287340847464  0.18836756259926896  0.19890996450723977
  0.20945839039595082  0.22000764884086207  0.23055503494057372  0.24109970320484003
  0.25163590871519403  0.26217787353387684  0.27271285072434381  0.28325615931596715
  0.29378875485281652  0.30433112725557737  0.31487075041140195  0.32541850341532985
  0.33596281373055170  0.34650578299835322  0.35704879024990960  0.36758954995021009
  0.37812834653364347  0.38866800571251042  0.39921019661517659  0.40975261319071865
  0.42029519249561637  0.43083648366889293  0.44137706978927016  0.45191724231911112
  0.46246020435116347  0.47300297569362310  0.48354750811449282  0.49409383408654151
  0.50463398683532801  0.51516127958379199  0.52568923776613985  0.53622149504601269
  0.54676157658464553  0.55728967324919954  0.56782622455478871  0.57836782279559740
  0.58891533668749807  0.59945989938982913  0.60999002061844343  0.62052653145087233
  0.63106186626816940  0.64161121698793599  0.65215964148296168  0.66271026632031882
  0.67325568336364328  0.68380069630472184  0.69434074777446320  0.70488733066931586
  0.71542736988186439  0.72596754670538144  0.73650367288705010  0.74704428492432451
  0.75758279065662470  0.76811931157049806  0.77865730506108721  0.78920221226888898
  0.79975244799117351  0.81029439978032536  0.82083320924667647  0.83136594348518011
  0.84190681268714718  0.85245058490896064  0.86299884186212028  0.87354200930226000
  0.88408244736361197  0.89461827501922953  0.90515225158137391  0.91568537650972881
  0.92622587986058780  0.93676513467777134  0.94730016377785087  0.95783425351643459
  0.96837558061595030  0.97891876593281135  0.98946042728387329  1.00000000000000000
 -0.00248092873389013  0.00956274238938243  0.01973588587486219  0.03025769185473600
  0.04080864276865180  0.05135339636086459  0.06189554104218990  0.07242980274407880
  0.08297095236743741  0.09351084857656829  0.10405810511197768  0.11460390033076231
  0.12515344998589489  0.13569950349965357  0.14624566397703223  0.15678866022815974
  0.16733529367944444  0.17788339965929892  0.18843391026397815  0.19897926996442331
  0.20952266965437574  0.22006897779616438  0.23060165072812464  0.24113210604718144
  0.25165781724240172  0.26218855363961213  0.27271520294542695  0.28324045836680678
  0.29377996692890002  0.30432868547841851  0.31487487767533595  0.32542034840085632
  0.33596484291241452  0.34651569773133889  0.35706682926389527  0.36761610794247263
  0.37816398995462830  0.38870855058690235  0.39925481550493830  0.40980208790775080
  0.42034687561491441  0.43088921972872452  0.44142789896812351  0.45196195186877564
  0.46249876241487925  0.47303313913725120  0.48357716563191600  0.49411531696842748
  0.50466206344845765  0.51520491085950859  0.52574688340910958  0.53628667500243454
  0.54681860663351545  0.55734833164333564  0.56787944369818100  0.57841495118174757
  0.58895796199105688  0.59950203621756548  0.61004483799703213  0.62058251090427474
  0.63111542233460616  0.64164190018002598  0.65216785333423621  0.66269989955633546
  0.67323760136900568  0.68377745875706675  0.69431525609175304  0.70485495094549711
  0.71538452312214940  0.72591430677825808  0.73644774938827695  0.74699136026108792
  0.75753382604494046  0.76807339803180563  0.77861843801676611  0.78916449620224483
  0.79971799901959817  0.81027126909326430  0.82081888838905204  0.83136702519410477
  0.84191617072313674  0.85245143928144951  0.86298581493942994  0.87351351814547895
  0.88405279749920296  0.89458565222446540  0.90511863287652983  0.91565369142817687
  0.92618871140326142  0.93672830897756498  0.94727404295295004  0.95782642853819611
  0.96837715218792608  0.97891881715909679  0.98946064723201999  1.00000000000000000
   2.5511564351454643E-008  -1.0000000000000000     
 F F F F F F F F
  <DiscreteSampler_grid>
  grouped_processes
  1 # 1 for a reference and 2 for a running grid.
  10 # Attribute 'min_bin_probing_points' of the grid.
  1 # Attribute 'grid_mode' of the grid. 1=='default',2=='initialization'
  0.0000000000000000 # Attribute 'small_contrib_threshold' of the grid.
  0.5000000000000000 # Attribute 'damping_power' of the grid.
 # binID   n_entries weight   weight_sqr   abs_weight
    10   10   1.322623097372511E+010   1.749331857703254E+020   1.322623097372511E+010
  </DiscreteSampler_grid>
