  0.00000467785891396  0.00000483439840195  0.00000507875651204  0.00000529984094526
  0.00000557147670978  0.00000579887536649  0.00000603341188048  0.00000628134056499
  0.00000655019235262  0.00000684464678385  0.00000716835421598  0.00000751883473177
  0.00000788684418776  0.00000826200606875  0.00000863572686948  0.00000900055473689
  0.00000937389340919  0.00000978016215592  0.00001019345293268  0.00001061117510278
  0.00001105117458320  0.00001150288227624  0.00001196453058629  0.00001245829752849
  0.00001299976503720  0.00001358418797836  0.00001419686370967  0.00001482912906185
  0.00001549081080564  0.00001619831577762  0.00001693582618070  0.00001770770855033
  0.00001850506827647  0.00001932131033855  0.00002017234536477  0.00002105613568225
  0.00002198260505425  0.00002295102004464  0.00002395814353670  0.00002500927293230
  0.00002610007818854  0.00002723776548086  0.00002844383117959  0.00002976655567764
  0.00003123303052968  0.00003276305987060  0.00003433819954467  0.00003607870381052
  0.00003784426025138  0.00003974353661132  0.00004180727693912  0.00004397553188417
  0.00004622273052356  0.00004854434974764  0.00005099207468246  0.00005366856360458
  0.00005656221895463  0.00005962775154378  0.00006291190363510  0.00006645884597896
  0.00007017872144733  0.00007415980215595  0.00007841553702433  0.00008320705948604
  0.00008853196211661  0.00009428590283689  0.00010033650027357  0.00010678128960428
  0.00011358323487820  0.00012064742396431  0.00012829722727964  0.00013671811815574
  0.00014656536177420  0.00015803557395869  0.00017023728527201  0.00018389236724970
  0.00019933598365253  0.00021754830114695  0.00023813186862536  0.00026039261420937
  0.00028463247922348  0.00031196685687477  0.00034412963967603  0.00038320947270560
  0.00043342597493858  0.00049359317901612  0.00056481471516819  0.00065744953908182
  0.00079641902130101  0.00099629226872842  0.00129258908797269  0.00184485035249533
  0.00309748602120440  0.00825549766745083  0.29649491409713191  1.00000000000000000
  0.00000507975776828  0.00000529399764113  0.00000547918750342  0.00000564833544221
  0.00000580660561316  0.00000593418582756  0.00000607381805025  0.00000623457530837
  0.00000641255907999  0.00000660265663205  0.00000679895714523  0.00000699939789759
  0.00000721220492728  0.00000745037951755  0.00000771381873245  0.00000800155247996
  0.00000832577535656  0.00000865840891825  0.00000898560429109  0.00000932150992572
  0.00000966549345977  0.00001003162719304  0.00001043015546819  0.00001084762862070
  0.00001131003363338  0.00001181202594020  0.00001229361800959  0.00001286059689388
  0.00001344849699119  0.00001405919355180  0.00001470561154925  0.00001538686241004
  0.00001608686340352  0.00001682890951118  0.00001762007204306  0.00001841547962051
  0.00001922558083272  0.00002007857487542  0.00002095687307147  0.00002187762806024
  0.00002289629306865  0.00002394955078420  0.00002502384193991  0.00002622735189351
  0.00002748418109305  0.00002883283146385  0.00003027805180716  0.00003177812114513
  0.00003331287154431  0.00003486916648531  0.00003646390002429  0.00003815704582154
  0.00003999802927722  0.00004196492512085  0.00004401225488551  0.00004617418191999
  0.00004850327696535  0.00005097993008914  0.00005368717123360  0.00005663131477397
  0.00005975679026998  0.00006313568787693  0.00006670974903283  0.00007044279268637
  0.00007433647295505  0.00007849303966223  0.00008308543744791  0.00008807105900288
  0.00009362340279772  0.00009968519198844  0.00010642926165715  0.00011389076116382
  0.00012203777980264  0.00013089812114102  0.00014046563635978  0.00015077162563696
  0.00016213064171619  0.00017503470540193  0.00019040730540564  0.00020793069193611
  0.00023034392065619  0.00025603521514423  0.00028512383219741  0.00031864810549116
  0.00036143034982790  0.00041482402920731  0.00048199355181930  0.00055539066454787
  0.00064358144680321  0.00076394508032378  0.00095643953875592  0.00132513748779840
  0.00212532566839342  0.00594950918861401  0.36079810913702526  1.00000000000000000
  0.00000529709643099  0.00000567991171937  0.00000603125337949  0.00000638617751328
  0.00000680392715094  0.00000729574519812  0.00000779374046979  0.00000823110638793
  0.00000867291391118  0.00000911312907829  0.00000959476712431  0.00001004195382502
  0.00001050543121028  0.00001095579439311  0.00001143519695576  0.00001190016346931
  0.00001236133138743  0.00001284252716124  0.00001335591646814  0.00001386098749662
  0.00001436077297951  0.00001489914576896  0.00001548164360626  0.00001606633834599
  0.00001670234234933  0.00001735754324301  0.00001802300925623  0.00001871764450183
  0.00001944176204134  0.00002017577413028  0.00002091065143047  0.00002165613162441
  0.00002242558887998  0.00002326141087902  0.00002412197663030  0.00002500462536754
  0.00002595747899292  0.00002692608726046  0.00002790105051774  0.00002889185588252
  0.00002990683086952  0.00003095184462455  0.00003201875029138  0.00003310966673237
  0.00003425690236060  0.00003547925292095  0.00003675952795790  0.00003808509746312
  0.00003945006347996  0.00004082885598974  0.00004222266089266  0.00004365915765714
  0.00004516173537057  0.00004680111100834  0.00004853747200765  0.00005019765689734
  0.00005197579341965  0.00005389386245800  0.00005590073408670  0.00005799782430195
  0.00006024155134577  0.00006266767993273  0.00006528593380849  0.00006810051678117
  0.00007103230172057  0.00007407454409307  0.00007715267026385  0.00008033777654714
  0.00008370198715568  0.00008730075476038  0.00009120553814296  0.00009553815485557
  0.00010032117515268  0.00010551468697512  0.00011133693116942  0.00011790725558401
  0.00012522470812410  0.00013377366021067  0.00014323999615769  0.00015456794884427
  0.00016757142537922  0.00018287411412303  0.00020149099847717  0.00022445034842444
  0.00025312542962351  0.00028979331388283  0.00033676185689453  0.00039931162773315
  0.00048865539427141  0.00063405087947170  0.00085687936259293  0.00121173840355792
  0.00198029758401017  0.00482593473796192  0.48375018810519865  1.00000000000000000
 -0.00119533323286762  0.00383265031657001  0.00889725211614831  0.01325868496385521
  0.01714404238799163  0.02082798542966520  0.02431531247972029  0.02744107981062326
  0.03078712220519217  0.03401055047839378  0.03719859084740620  0.04043502855588103
  0.04369961699108720  0.04691388897016362  0.05005373722549523  0.05314611831364768
  0.05636388571855100  0.05981506270089151  0.06343820248875265  0.06697489480114735
  0.07033249156740790  0.07385235017134498  0.07731778902785559  0.08109066755357990
  0.08526857493429323  0.08969455537141152  0.09422787462815914  0.09872723228784896
  0.10305984083254226  0.10725667345845302  0.11153405359338701  0.11579462561748660
  0.12040795715374604  0.12522578652494121  0.13039345465676611  0.13575873632183577
  0.14128292055997199  0.14688911757008338  0.15251269735374759  0.15808484881949894
  0.16364195798753112  0.16937209647160811  0.17506035272673198  0.18098538291831454
  0.18710143947833816  0.19366131105964368  0.20047463805394308  0.20731810475088638
  0.21409000129984368  0.22073375036677256  0.22749322851646411  0.23451471481732569
  0.24183283630120572  0.24943212607665827  0.25707821546944315  0.26482734505608335
  0.27291893894425623  0.28133341310903853  0.29004870898275809  0.29878519253799379
  0.30771314397858390  0.31671245247222718  0.32599794624312667  0.33555604662980898
  0.34560048346603012  0.35607307780904462  0.36713676907079307  0.37870864913131741
  0.39060373403628812  0.40276402535138267  0.41548310230549845  0.42888703485445767
  0.44307389636130662  0.45789694000352260  0.47313449247496331  0.48869958011956111
  0.50442902317900562  0.52054108542940336  0.53715448521207099  0.55466256240849077
  0.57392299639074484  0.59452732543968001  0.61575565799757015  0.63774876559683147
  0.66087258843548446  0.68527674359792023  0.71139591642478028  0.73843432685442689
  0.76624125527262699  0.79526615440006154  0.82459724752228614  0.85554619919422337
  0.88765974301352002  0.92134769054873178  0.95853018162176362  1.00000000000000000
 -0.00227027748703981  0.00843789379357427  0.01722096525052003  0.02638677617634625
  0.03567840569870539  0.04621846040622527  0.05785690576548599  0.07000354218759272
  0.08215988296847943  0.09363852669484206  0.10456293796589086  0.11519476902068521
  0.12591880761512253  0.13671435858589606  0.14773672791778880  0.15902406158685670
  0.17010000649310519  0.18086425904844763  0.19176679584270617  0.20279913472104141
  0.21367850498921800  0.22438709483522812  0.23556773702078151  0.24726589292740195
  0.25822879998332288  0.26927778181051903  0.28029807888329894  0.29137453409553626
  0.30215910707563209  0.31289158778842519  0.32379709204524026  0.33437721370105461
  0.34520310253392822  0.35624232916266185  0.36768738816412044  0.37921647859240665
  0.39069908406658821  0.40185704099269276  0.41240796902509702  0.42273667474149046
  0.43331369941526704  0.44382311690533960  0.45397808335314388  0.46403448969148986
  0.47431066203449773  0.48510452148418509  0.49626577274192557  0.50711821804495871
  0.51762118758440667  0.52768405149246378  0.53725448058285807  0.54625731929970267
  0.55491876756159209  0.56377259486802589  0.57266311777973111  0.58171455764074176
  0.59156040840738389  0.60175189320413713  0.61307661241622202  0.62419565179073577
  0.63531259464586221  0.64630027330692275  0.65730434900616297  0.66785496720744331
  0.67869872028095857  0.69001756840154682  0.70135368657768438  0.71205681666579324
  0.72265216863930404  0.73279994901435141  0.74245922148139287  0.75214326970884138
  0.76207954257094157  0.77189271047393837  0.78183212609802155  0.79140000577131853
  0.80156546965022546  0.81167940694122087  0.82183608047866386  0.83251348994819896
  0.84374468044927342  0.85496067416428090  0.86566272363153418  0.87626560006884113
  0.88729965140581868  0.89803936381451377  0.90868987558585612  0.91879782973228497
  0.92945656703389135  0.94013505007592268  0.95084878672503581  0.96079304629209883
  0.97040942742842196  0.98017865208332466  0.99014074897822391  1.00000000000000000
 -0.00235266634848590  0.00909826813171276  0.01917830959361717  0.02968882813941821
  0.03961771108064262  0.04971080196305382  0.05945756663059894  0.06988716775508266
  0.07963033449589957  0.09015717999243150  0.10092653707077806  0.11188535238356477
  0.12318290746573908  0.13412953788096832  0.14514896564467650  0.15578942784185654
  0.16623615895985222  0.17670639368567140  0.18727169631399482  0.19787366165405151
  0.20844967416429483  0.21930548170239947  0.22993804149752517  0.23994579511749198
  0.24978221824504285  0.26007507373118799  0.27043380032949160  0.28068277453596185
  0.29105422579684770  0.30180885983719136  0.31131840287902807  0.32063200811194981
  0.33012472801461612  0.34068660575309656  0.35210567132278320  0.36394104955057649
  0.37559630104652858  0.38645005753964817  0.39689436342666573  0.40699742986386211
  0.41712319741025955  0.42673423387668091  0.43628685840453146  0.44603915398533561
  0.45618187128771898  0.46675975805142367  0.47760082048101732  0.48808832355357151
  0.49812668024795620  0.50827589834654030  0.51901748401332359  0.53028978036523189
  0.54163636370901780  0.55283792224447559  0.56402331457862209  0.57536129844740780
  0.58678714575843749  0.59794582222220771  0.60847888823796037  0.61849266346105825
  0.62854089226534815  0.63875848364420806  0.64928606194919603  0.66010728386901996
  0.67108217393593139  0.68187929989075513  0.69238011594714077  0.70259741385290453
  0.71287434407176753  0.72347343814396003  0.73445439952786851  0.74574560517891109
  0.75711554723851637  0.76842109715297124  0.78009286777969744  0.79222791689280181
  0.80383200885208250  0.81521933041859662  0.82561732397660381  0.83659403562660239
  0.84710229770331580  0.85774754095151540  0.86830492515860536  0.87942105684000282
  0.89056242860879131  0.90068023906690142  0.90994533803124777  0.91920045302808162
  0.92860289221660630  0.93806254383322940  0.94805601156811270  0.95762043594010648
  0.96801591593459202  0.97829833901331176  0.98913449513710483  1.00000000000000000
 -0.00012519226591679  0.00048902558521346  0.00154656272884119  0.00224502934737162
  0.00290718655329374  0.00353911140651406  0.00414886037459061  0.00473173475362593
  0.00528966848376461  0.00582807506139075  0.00635061465372657  0.00687452875893115
  0.00739539150282948  0.00792516628147092  0.00846945052096119  0.00901173547999342
  0.00955230261085860  0.01008276076624935  0.01060467553052115  0.01113739635832332
  0.01167161606479714  0.01224021071854240  0.01284804562577488  0.01347731782262411
  0.01407425641772928  0.01464985997645595  0.01520682643906856  0.01574969124834424
  0.01627761435072097  0.01676583451673081  0.01725536638133727  0.01779598428434446
  0.01833388340482493  0.01892252495227414  0.01958307985381255  0.02029297131572302
  0.02099931387935748  0.02163063666549522  0.02215601425588411  0.02269139816676623
  0.02323281295354297  0.02374297564212895  0.02427594040343421  0.02488489628609586
  0.02555221690609007  0.02617125724606404  0.02679985321282091  0.02746174554579741
  0.02820960395783708  0.02907511377722743  0.02982971462409540  0.03045368630019513
  0.03111622221291096  0.03179871275015982  0.03249891871479903  0.03337300366067673
  0.03427213348197042  0.03505007103989483  0.03596073014285067  0.03709612840746847
  0.03809156107746573  0.03923934226968331  0.04039170446548801  0.04187877686538142
  0.04405904124607211  0.04684968513474703  0.04931010101931274  0.05129899335896240
  0.05279600583397145  0.05418086331300247  0.05542845174114482  0.05690529686341701
  0.05858433358928705  0.06037921546503419  0.06266566643936604  0.06546951421786072
  0.06730092933779774  0.06879359242626341  0.07108985340878747  0.07278213246050047
  0.07424246432720893  0.07588040680708641  0.07910303987598501  0.08599877514063486
  0.09273950537840236  0.09915639637974362  0.10507617405507221  0.10948691993435113
  0.11396823176430648  0.12123620795105321  0.12848712077501395  0.13567142693334577
  0.15027634903738399  0.18186860694289819  0.25521550630776069  1.00000000000000000
 -0.00297009050571394  0.01170064851349850  0.02456858519142067  0.03802794909512473
  0.05090257634809355  0.06352221920540370  0.07736543235837423  0.09082463104882189
  0.10354748341157594  0.11552651046039215  0.12734498143384046  0.13917012674886667
  0.15143539516953436  0.16389956392522334  0.17609521157070546  0.18824844082922479
  0.20059867490757291  0.21291616242073824  0.22476806467505231  0.23630998940887796
  0.24741994991591512  0.25802200206413733  0.26836386711201515  0.27856529206385394
  0.28858193308414981  0.29826264006638459  0.30785867781215953  0.31691718949819953
  0.32555537693609543  0.33396005300650783  0.34263594196185637  0.35118966097552506
  0.35957497740206029  0.36766772106101930  0.37610474122065629  0.38513986559168872
  0.39458088793002088  0.40414234545070732  0.41344485387760621  0.42245109137900178
  0.43108415003291894  0.43942532670057427  0.44761166567373745  0.45549531084458111
  0.46369566579666821  0.47264251849862204  0.48204146941543308  0.49177738663733395
  0.50172236719423702  0.51197375534644762  0.52205334320349428  0.53205369658212265
  0.54182878192105888  0.55127675271767163  0.55994317009486849  0.56777825447007335
  0.57567551413040086  0.58366780519400685  0.59157655400831688  0.59924130119513863
  0.60679752771219453  0.61435750029701419  0.62208766949791516  0.63096132606046895
  0.63993382013364353  0.64890912047944505  0.65824836706353007  0.66794480662837441
  0.67804356543914912  0.68816176588479339  0.69864316946580074  0.70948886180560611
  0.72085874633971847  0.73263988061236607  0.74451858496618695  0.75626417434831150
  0.76789168531239727  0.77968759467638782  0.79200007224765567  0.80462794816913830
  0.81654223803477832  0.82750798068115361  0.83872158047823575  0.85068649622952786
  0.86270147270157316  0.87430227282398454  0.88654243243061337  0.89910404542537870
  0.91093303080884791  0.92278886520897818  0.93504586298162440  0.94795259570962309
  0.96064726931625666  0.97322421477297960  0.98640444771880564  1.00000000000000000
  0.06800047503903542  0.09766121742985104  0.13400123642939479  0.15843385698694207
  0.18238436375651154  0.20622315218325329  0.22784625048935508  0.24960284284841375
  0.27235775835972409  0.29421325411760257  0.31495980679852770  0.33443824637888447
  0.35264900267403038  0.37068943829644957  0.38822606906460405  0.40571118326791511
  0.42137859764667657  0.43690184620893907  0.45305513447679602  0.46904249748698679
  0.48401494620349972  0.49840082134093949  0.51195778703669392  0.52527203226209518
  0.53855147475862353  0.55153809944833210  0.56413395592228732  0.57663454074842291
  0.58901089348503410  0.60129020504146902  0.61323072363304809  0.62463513689643313
  0.63544646337519251  0.64603542796420754  0.65667825604689256  0.66722959943463456
  0.67760564775804266  0.68771458907106053  0.69763245380155581  0.70722277198457517
  0.71642426363169120  0.72510259612624828  0.73323275037931512  0.74094753296174354
  0.74847468056992539  0.75583634094716923  0.76319633176178292  0.77037198316433342
  0.77758498858544045  0.78465859974061580  0.79149668669187578  0.79836907108874833
  0.80510388396753452  0.81186068916600174  0.81838009989843663  0.82473691329318888
  0.83091028123069677  0.83690822368717921  0.84283429392491604  0.84862258440985439
  0.85438066748047858  0.86006200294417434  0.86566093803972233  0.87122641224662922
  0.87665861378146692  0.88186769581262292  0.88693050959367936  0.89190696070188180
  0.89672223548688967  0.90138886852113842  0.90592022127479332  0.91042805262239568
  0.91506367153301604  0.91950251292873597  0.92383108315175977  0.92805568735464594
  0.93213597382026003  0.93610386999710682  0.94001160020241215  0.94379812914013506
  0.94741887852271245  0.95114792129184822  0.95472597443899498  0.95822388593691055
  0.96162381341527936  0.96493983573811293  0.96823246055506584  0.97153892673107234
  0.97483209702861029  0.97805088163951570  0.98121403484443193  0.98433860364473891
  0.98750854864533355  0.99093195257639710  0.99513121024762796  1.00000000000000000
 -0.01428994223525250  0.06853291410501489  0.09414568055903677  0.10972534284153924
  0.12162810836770449  0.13213436167648088  0.14168530436713928  0.15042875373442555
  0.15845124609021183  0.16591087868726814  0.17306033032217411  0.18005279457101508
  0.18689941054457981  0.19359253179543981  0.20005503604062011  0.20643295982738549
  0.21256684319913882  0.21853276240250508  0.22422034741035338  0.22972442889856753
  0.23521142837878559  0.24060228962822541  0.24591287241309653  0.25120107462761365
  0.25645402945503865  0.26171295868721794  0.26700398430542044  0.27227053750331864
  0.27756518697303678  0.28278292523940923  0.28798928554777153  0.29321734397618887
  0.29840899110574476  0.30351970656463756  0.30869321253238685  0.31383993395356835
  0.31887945319871880  0.32381402096253475  0.32869717906845469  0.33357071928348786
  0.33843120972724650  0.34332425395164240  0.34832739235229632  0.35341799828409293
  0.35848085934380608  0.36361279425430898  0.36900739988458431  0.37454174726178291
  0.38022539845256964  0.38576476747533317  0.39090322049163101  0.39610737909210902
  0.40141748655862469  0.40692944941797676  0.41232626941192463  0.41799239869302507
  0.42378944460811824  0.42957813157072189  0.43548648751509050  0.44134479004321270
  0.44739481286372362  0.45363875608479376  0.45975697624234996  0.46564143924969853
  0.47157149550253580  0.47785317500700708  0.48460582260591828  0.49157222015147611
  0.49854267805743074  0.50536528769764988  0.51205023648305359  0.51885380333636921
  0.52609001128321609  0.53388288811541906  0.54196950586752135  0.55009231411960580
  0.55855625943538800  0.56714914550869022  0.57587476957229866  0.58456384398688932
  0.59384419791238474  0.60385274992234805  0.61460159658768176  0.62619076834250664
  0.63865709472515830  0.65153251817291102  0.66463510799108927  0.67839926000762063
  0.69285952285309860  0.70828039041245727  0.72599401147663478  0.74759099924135763
  0.77166548236979660  0.80012508572344709  0.84616655877184166  1.00000000000000000
   6.7264444749875293E-002  -1.0000000000000000     
 F F F F F F F F F F F F F F F F F F F F F F F F F F F F F F F F F F F F F F F F F F F F F F F F F F F F F F F F F F F F F F F F F F F F F F F F F F F F F F F F F F F F F F F F F F F F F F F F F F F F F F F F F F F F F F F F F F F F F F F F F F F F F F F F
  <DiscreteSampler_grid>
  grouped_processes
  1 # 1 for a reference and 2 for a running grid.
  10 # Attribute 'min_bin_probing_points' of the grid.
  1 # Attribute 'grid_mode' of the grid. 1=='default',2=='initialization'
  0.0000000000000000 # Attribute 'small_contrib_threshold' of the grid.
  0.5000000000000000 # Attribute 'damping_power' of the grid.
 # binID   n_entries weight   weight_sqr   abs_weight
    13   10   9.508528457144431E+005   8.927812212480672E+012   9.508528457144431E+005
    14   10   9.508528457144347E+005   8.927812212480514E+012   9.508528457144347E+005
    16   10   9.508528457144436E+005   8.927812212480678E+012   9.508528457144436E+005
    17   10   9.508528457144352E+005   8.927812212480520E+012   9.508528457144352E+005
    22   10   9.508528457144436E+005   8.927812212480678E+012   9.508528457144436E+005
    23   10   9.508528457144346E+005   8.927812212480510E+012   9.508528457144346E+005
    25   10   9.508528457144431E+005   8.927812212480672E+012   9.508528457144431E+005
    26   10   9.508528457144352E+005   8.927812212480520E+012   9.508528457144352E+005
    31   10   9.508528457144430E+005   8.927812212480668E+012   9.508528457144430E+005
    32   10   9.508528457144347E+005   8.927812212480514E+012   9.508528457144347E+005
    34   10   9.508528457144431E+005   8.927812212480672E+012   9.508528457144431E+005
    35   10   9.508528457144352E+005   8.927812212480520E+012   9.508528457144352E+005
    40   10   9.508528457144430E+005   8.927812212480668E+012   9.508528457144430E+005
    41   10   9.508528457144346E+005   8.927812212480510E+012   9.508528457144346E+005
    43   10   9.508528457144430E+005   8.927812212480668E+012   9.508528457144430E+005
    44   10   9.508528457144346E+005   8.927812212480510E+012   9.508528457144346E+005
    49   10   9.508528457144430E+005   8.927812212480668E+012   9.508528457144430E+005
    50   10   9.508528457144346E+005   8.927812212480510E+012   9.508528457144346E+005
    52   10   9.508528457144431E+005   8.927812212480672E+012   9.508528457144431E+005
    53   10   9.508528457144343E+005   8.927812212480504E+012   9.508528457144343E+005
    58   10   9.508528457144431E+005   8.927812212480672E+012   9.508528457144431E+005
    59   10   9.508528457144350E+005   8.927812212480518E+012   9.508528457144350E+005
    61   10   9.508528457144428E+005   8.927812212480664E+012   9.508528457144428E+005
    62   10   9.508528457144346E+005   8.927812212480510E+012   9.508528457144346E+005
  </DiscreteSampler_grid>
