 -0.00237161217029823  0.00953281822198701  0.01969832777392076  0.03022127896972063
  0.04076909027872595  0.05131373542924272  0.06186171439881904  0.07241191299609624
  0.08295924079118272  0.09350481103187981  0.10404586244262816  0.11459099330367355
  0.12512294727253104  0.13565849950857470  0.14619442767706567  0.15674560227768619
  0.16729693945569232  0.17784836620851505  0.18839795104690865  0.19894646264864402
  0.20949333194430006  0.22004100330664964  0.23058561542768055  0.24113154251087401
  0.25167331850851821  0.26221089694143340  0.27274298904944388  0.28327682772302454
  0.29380594527539716  0.30433886119295017  0.31487348053468511  0.32541510716419397
  0.33595267130589923  0.34649164266836724  0.35703396511446034  0.36758249298922863
  0.37812666741510031  0.38867003842631231  0.39921043146796764  0.40975595113840457
  0.42029927977808046  0.43084401302108449  0.44138785885120230  0.45193759136545703
  0.46248563657730624  0.47303062503966442  0.48356987579190236  0.49410448141501329
  0.50464368159449102  0.51518449424285950  0.52572431301297595  0.53626180335769347
  0.54680360683451501  0.55735363953085471  0.56789390171534526  0.57843083695604314
  0.58895930750098180  0.59949868683195628  0.61004209597393155  0.62059119459875378
  0.63113173945536549  0.64167006598501675  0.65220891400765524  0.66275190016210528
  0.67329190036685660  0.68383030340754214  0.69436917162677192  0.70491098821196951
  0.71545764775710108  0.72600213909085387  0.73654854098588718  0.74709270182782150
  0.75763317187974233  0.76816916009295155  0.77870043344648388  0.78922772239041394
  0.79975863745973230  0.81028847624771871  0.82083074964575620  0.83137223215622513
  0.84191606696702959  0.85245535142931583  0.86299474998339176  0.87353859565388947
  0.88407673661550523  0.89461045894055491  0.90514661426194287  0.91568735169391624
  0.92623003742871746  0.93676470036209547  0.94729808559795314  0.95783373362813451
  0.96837329424748031  0.97891627459022978  0.98945854019997781  1.00000000000000000
 -0.00239006842671167  0.00960571443129942  0.01978533147209693  0.03030337038921035
  0.04084683811362241  0.05139136444861654  0.06193001822140885  0.07246632065047816
  0.08301042762266489  0.09355118812196109  0.10409477785819295  0.11463370930224241
  0.12518026179133296  0.13571849975043671  0.14626030263613379  0.15679739720346580
  0.16734391099997450  0.17788148282334534  0.18842453577055238  0.19895065201015144
  0.20948150657928324  0.22000810108870231  0.23055015345967958  0.24109080820181666
  0.25162891439432522  0.26215560515275804  0.27268767017099033  0.28322682552844869
  0.29377671160985103  0.30431862888984301  0.31486037559333913  0.32540170308893496
  0.33594895854423718  0.34649380014853948  0.35703339757160668  0.36757093979715694
  0.37810531536489539  0.38864510225368026  0.39918611386159009  0.40973155252915849
  0.42027878427431375  0.43082287219166460  0.44136709468693924  0.45191016095208419
  0.46245341251500260  0.47298905947801556  0.48352465763547847  0.49406752281100313
  0.50460787570661236  0.51514968823779439  0.52568847780717487  0.53623841275582851
  0.54678626440353995  0.55733403058460373  0.56787852521768067  0.57842274422068174
  0.58896935087273483  0.59951544623837028  0.61006341181932155  0.62060901856537221
  0.63115900968948546  0.64170392197468629  0.65224180477165195  0.66278113958011675
  0.67332100914687054  0.68386688843525767  0.69440435196245520  0.70494683609923581
  0.71549117890946745  0.72603999847737133  0.73658184155735584  0.74712066999039128
  0.75765812402528110  0.76820189568256181  0.77873886324773300  0.78927739347546177
  0.79981827917292159  0.81034908292142038  0.82087449167828441  0.83139588259463448
  0.84193734606139781  0.85248459123889397  0.86303061999016639  0.87357478470255945
  0.88410429906598276  0.89463020296897711  0.90515780901490484  0.91570248179655656
  0.92624786030548856  0.93679161022493174  0.94732379778332310  0.95785660890934854
  0.96839452618947119  0.97892748312365174  0.98946823693019659  1.00000000000000000
   2.5513142650815939E-008  -1.0000000000000000     
 F F F F F F F F
  <DiscreteSampler_grid>
  grouped_processes
  1 # 1 for a reference and 2 for a running grid.
  10 # Attribute 'min_bin_probing_points' of the grid.
  1 # Attribute 'grid_mode' of the grid. 1=='default',2=='initialization'
  0.0000000000000000 # Attribute 'small_contrib_threshold' of the grid.
  0.5000000000000000 # Attribute 'damping_power' of the grid.
 # binID   n_entries weight   weight_sqr   abs_weight
    10   10   1.322623097372511E+010   1.749331857703254E+020   1.322623097372511E+010
  </DiscreteSampler_grid>
