 -0.00246576253239074  0.00949427629068779  0.01965462983944623  0.03017227872333347
  0.04071881707690138  0.05126428300574493  0.06180978972145159  0.07235584717871393
  0.08289969105314923  0.09344922495727039  0.10399694267189057  0.11453951361027062
  0.12506917470026796  0.13560112947661959  0.14613675385931008  0.15668278105145381
  0.16722978112025072  0.17777863967999424  0.18832990091633953  0.19887756526208816
  0.20941514356786434  0.21994641433849332  0.23048048123890738  0.24101941348315553
  0.25156306666361872  0.26209746932814093  0.27263706952544897  0.28317372000631569
  0.29371857211278868  0.30426227078782070  0.31480483078931953  0.32534346604306896
  0.33588028072012821  0.34641413041625829  0.35695453569920488  0.36749941241038908
  0.37804742303618721  0.38859277037363343  0.39913563340803082  0.40967690952917463
  0.42021565430569624  0.43074957592464863  0.44128356068876340  0.45182074094385777
  0.46236531881477999  0.47291590629037633  0.48346087795139897  0.49399749060966736
  0.50453517590837915  0.51507526838810935  0.52562309742288083  0.53616586793510557
  0.54670872892071809  0.55724379644842759  0.56778085472409678  0.57831467431945804
  0.58885481132086637  0.59939101559751562  0.60993324432161333  0.62047572611269974
  0.63101656879938639  0.64155177168501565  0.65208935674323554  0.66263166831765496
  0.67317088976336115  0.68371053280931671  0.69425468630733356  0.70480198763844604
  0.71534660967166874  0.72588812903414834  0.73642333234277912  0.74695993873402977
  0.75749241931256228  0.76803972996767667  0.77857783257316537  0.78911510443101596
  0.79965245683387631  0.81018878977829678  0.82073127187868855  0.83127028172511541
  0.84181747057669598  0.85236107165843134  0.86289929750435490  0.87343882650114968
  0.88397824490375787  0.89452505527302661  0.90507099134941560  0.91561851712069631
  0.92616664832666051  0.93671673723048665  0.94727009494615300  0.95782068089704753
  0.96836811024654912  0.97891004083327227  0.98945467554081823  1.00000000000000000
 -0.00243439626508742  0.00949604917219911  0.01965590017780215  0.03016877285960875
  0.04071752509254435  0.05126446418101026  0.06181880035005670  0.07236659754782682
  0.08290477854735384  0.09343862931021783  0.10397562904751041  0.11452084235048116
  0.12506983903727187  0.13561894815765180  0.14617081298473900  0.15671402963282485
  0.16725072864419924  0.17778502088825351  0.18832256125630442  0.19886914270034528
  0.20941753506174124  0.21996314247378060  0.23050412399490045  0.24104092311794298
  0.25158230216263311  0.26212774489210000  0.27267528311528755  0.28322596112984899
  0.29377678287358178  0.30432718626823635  0.31486464527257912  0.32539177878365177
  0.33590492475990535  0.34642412319024185  0.35695041431184704  0.36749288894624049
  0.37802543745780337  0.38855252159059817  0.39907735991863058  0.40960661740899773
  0.42014659431785262  0.43068469868431369  0.44123096512687732  0.45177834442612624
  0.46231970030780167  0.47285521272352510  0.48338964438304366  0.49393220435130730
  0.50447897148519705  0.51502316317468544  0.52555735419815430  0.53608733304318545
  0.54661611520923414  0.55715703501491853  0.56770762864105151  0.57826380611598804
  0.58881666390191545  0.59936269628458072  0.60990783734242560  0.62044346260803185
  0.63098679296280491  0.64153084765534296  0.65207421657190012  0.66260627912311554
  0.67312860084823967  0.68366465551325573  0.69420765433200748  0.70475932424946686
  0.71530218518226363  0.72584949520099085  0.73639085766835133  0.74693356181398662
  0.75747499131057150  0.76801478543518564  0.77856162440649046  0.78910661116117309
  0.79966003282477882  0.81021183874093949  0.82076445115424224  0.83131621425023172
  0.84186509958127209  0.85241059803796593  0.86295162300756245  0.87349746429052311
  0.88404783953531807  0.89459958190612521  0.90514188602221468  0.91568519178932906
  0.92623218282346453  0.93677785627506671  0.94732222287620549  0.95785928143199028
  0.96839065332935803  0.97891820024417220  0.98945243345235157  1.00000000000000000
   2.5522305429727726E-008  -1.0000000000000000     
 F F F F F F F F
  <DiscreteSampler_grid>
  grouped_processes
  1 # 1 for a reference and 2 for a running grid.
  10 # Attribute 'min_bin_probing_points' of the grid.
  1 # Attribute 'grid_mode' of the grid. 1=='default',2=='initialization'
  0.0000000000000000 # Attribute 'small_contrib_threshold' of the grid.
  0.5000000000000000 # Attribute 'damping_power' of the grid.
 # binID   n_entries weight   weight_sqr   abs_weight
    10   10   1.322623097372511E+010   1.749331857703255E+020   1.322623097372511E+010
  </DiscreteSampler_grid>
