 -0.00251929841112019  0.00950676350729180  0.01967220920325035  0.03018591048572317
  0.04072392574977941  0.05125554627663506  0.06178619333787606  0.07232319358881559
  0.08285958213430424  0.09340042099133775  0.10394404320058193  0.11448722887173585
  0.12503204459386547  0.13557491395279173  0.14612055871900695  0.15666251187900129
  0.16720744203076524  0.17774346511237754  0.18828319227037169  0.19881788153670929
  0.20935905596552806  0.21989549992662846  0.23043463172966266  0.24097698278991109
  0.25151488226147789  0.26204558288828572  0.27256920265680062  0.28310055578539056
  0.29363718607914324  0.30417642303993941  0.31471693798507661  0.32525821685060996
  0.33579845063224956  0.34633403363335474  0.35686783032711950  0.36740970287200692
  0.37795131070658611  0.38849634359793384  0.39904122519498791  0.40958538650567433
  0.42012779959074570  0.43066986296188176  0.44121605863946173  0.45176523020133791
  0.46231405610433252  0.47286409372945959  0.48341295704608711  0.49395654002128386
  0.50450024167788443  0.51504418190233681  0.52559021940593653  0.53612646413478471
  0.54665866588275425  0.55719484875705594  0.56774072879378445  0.57829135305492685
  0.58882836849560338  0.59936610635403964  0.60990247788831176  0.62045072861113926
  0.63099292147637653  0.64153534398746082  0.65207912109203159  0.66262678852428203
  0.67317572630830336  0.68372415938551667  0.69427422816618967  0.70482421319508581
  0.71535702804872248  0.72588958142724325  0.73641937044422801  0.74696392066164841
  0.75750531362905105  0.76804660437023820  0.77858591169872571  0.78912748507875452
  0.79967019905108105  0.81021718682364396  0.82076449871587909  0.83130859304082683
  0.84185332323392170  0.85239845416167603  0.86294871070994561  0.87349405797408142
  0.88403688829164329  0.89457942863324424  0.90512643266156090  0.91567764510666350
  0.92621749374986828  0.93675073063422853  0.94728221838204141  0.95782491602073228
  0.96837163874413779  0.97891601475507450  0.98945799697376535  1.00000000000000000
 -0.00232728189042845  0.00967163156048927  0.01986510871323897  0.03040025543472999
  0.04094788233484879  0.05149241256313767  0.06203234977652888  0.07257380834185037
  0.08311367338258469  0.09365764863863353  0.10419970948645595  0.11474378371117100
  0.12528517696863800  0.13582473626599126  0.14635946862911406  0.15688619405385482
  0.16742061439784781  0.17795284865532143  0.18848734223521174  0.19901588149932664
  0.20955192589421273  0.22008760062029295  0.23062605284469281  0.24116118688298319
  0.25169944693395818  0.26224027027403507  0.27278327269181402  0.28331893090903670
  0.29385517941093564  0.30438802376906759  0.31492187492049400  0.32545504413231258
  0.33597809449086158  0.34651452789521137  0.35704220950438598  0.36758231141627329
  0.37811979064335144  0.38866449538806103  0.39920406788692792  0.40974283013207868
  0.42027886920744706  0.43081670234850600  0.44135296221453446  0.45189217805669651
  0.46243202559657681  0.47297076464914650  0.48351127125002158  0.49404819764967001
  0.50458298700164683  0.51511772905126385  0.52566033899440801  0.53620626423528250
  0.54675132761400069  0.55729677655129128  0.56783992529869254  0.57838555659005841
  0.58893189440675442  0.59947184819617716  0.61000688645784684  0.62054175438708692
  0.63108865726713426  0.64164062548454281  0.65219176969616188  0.66274300381958073
  0.67328951811357007  0.68383613479022642  0.69438337878319167  0.70492610570832059
  0.71546413581187940  0.72599181228131726  0.73652760317549448  0.74705946566209991
  0.75759220275771921  0.76812605463457506  0.77866676344112673  0.78921162622583307
  0.79975311413791805  0.81029438491321282  0.82084062691411563  0.83138975243094981
  0.84193865900663467  0.85248438892781597  0.86302184807803350  0.87355412361488427
  0.88409047758477166  0.89463054775883999  0.90517406912108100  0.91571252367870970
  0.92624725075775782  0.93678735460246831  0.94732280879299713  0.95786182960071320
  0.96839963975109489  0.97894182114830619  0.98947550621233649  1.00000000000000000
   2.5512961058365373E-008  -1.0000000000000000     
 F F F F F F F F
  <DiscreteSampler_grid>
  grouped_processes
  1 # 1 for a reference and 2 for a running grid.
  10 # Attribute 'min_bin_probing_points' of the grid.
  1 # Attribute 'grid_mode' of the grid. 1=='default',2=='initialization'
  0.0000000000000000 # Attribute 'small_contrib_threshold' of the grid.
  0.5000000000000000 # Attribute 'damping_power' of the grid.
 # binID   n_entries weight   weight_sqr   abs_weight
    10   10   1.322623097372511E+010   1.749331857703254E+020   1.322623097372511E+010
  </DiscreteSampler_grid>
