  0.00000011659570576  0.00000013998021581  0.00000016336472586  0.00000019408003725
  0.00000022636111330  0.00000026001593179  0.00000029430452281  0.00000033159397828
  0.00000037037038893  0.00000041218397320  0.00000045503832672  0.00000050029668358
  0.00000054897252112  0.00000060335498543  0.00000065833532641  0.00000071492017081
  0.00000077450469189  0.00000083825647111  0.00000090269807498  0.00000096887458058
  0.00000104994484298  0.00000113297178298  0.00000121880536508  0.00000130889467442
  0.00000140020118749  0.00000149979767536  0.00000160552352455  0.00000171515537907
  0.00000183215736200  0.00000196018791037  0.00000209309057428  0.00000222825960454
  0.00000236476069155  0.00000250198700490  0.00000264013073747  0.00000278195541056
  0.00000292760051537  0.00000308756310531  0.00000326551603399  0.00000345179320152
  0.00000364448149868  0.00000384139250498  0.00000404423920594  0.00000425572275772
  0.00000448494061790  0.00000473428712576  0.00000498996465869  0.00000523577686657
  0.00000550791178688  0.00000578702985232  0.00000608236560176  0.00000640903251255
  0.00000677110165388  0.00000719985449266  0.00000769469054339  0.00000822525473854
  0.00000876369359700  0.00000929565777870  0.00000982738657863  0.00001037550701894
  0.00001097901553192  0.00001160541898483  0.00001229296492075  0.00001306682255731
  0.00001391835834260  0.00001492403466909  0.00001610094490051  0.00001763675682878
  0.00001930977536476  0.00002105156380360  0.00002296544565200  0.00002515141538648
  0.00002745861237895  0.00003008783638642  0.00003302556932797  0.00003649210626507
  0.00004018903167576  0.00004469452433477  0.00004990285511765  0.00005616717774311
  0.00006411300010999  0.00007399327319154  0.00008585191068332  0.00010001729952047
  0.00011844067170879  0.00014368180563448  0.00017908882317446  0.00022089660502576
  0.00027674631383562  0.00037868617531356  0.00052432940276935  0.00076765083503598
  0.00121898019222489  0.00249215016523060  0.71421677417804108  1.00000000000000000
  0.00000214978338861  0.00000225099442339  0.00000234377351562  0.00000243679147065
  0.00000253460376225  0.00000263735180917  0.00000273702782069  0.00000282505592901
  0.00000290232301221  0.00000298266436254  0.00000308161204691  0.00000320049440683
  0.00000331143803703  0.00000342061649948  0.00000352865530629  0.00000364022634835
  0.00000375293191067  0.00000386201372643  0.00000398236433115  0.00000412396896260
  0.00000426827564783  0.00000442373042407  0.00000457752196694  0.00000475006899449
  0.00000494725858390  0.00000517664056079  0.00000544514061529  0.00000572615086913
  0.00000597408635259  0.00000620958383345  0.00000642802860099  0.00000665911332718
  0.00000692371258633  0.00000728296720805  0.00000763337736269  0.00000798818851372
  0.00000837003824064  0.00000876107231182  0.00000914945123585  0.00000964145252396
  0.00001024009726438  0.00001091099838487  0.00001161394153625  0.00001225504767977
  0.00001293784968871  0.00001364318949076  0.00001450954348036  0.00001551974027768
  0.00001656833772915  0.00001787889188424  0.00001929146259845  0.00002091376824505
  0.00002264554629208  0.00002443982329842  0.00002642914249299  0.00002843961310834
  0.00003055745499593  0.00003281795672473  0.00003545345351070  0.00003844388776307
  0.00004159094170422  0.00004492151423533  0.00004856481162522  0.00005247619566126
  0.00005680519442230  0.00006211801660461  0.00006832552465341  0.00007539811952921
  0.00008349430780855  0.00009234961982658  0.00010210773277522  0.00011286799401413
  0.00012496819635876  0.00013886584072530  0.00015493999952380  0.00017397875366588
  0.00019771090060915  0.00022666477602361  0.00025686771610926  0.00029270598178923
  0.00033312298382143  0.00038362319634555  0.00045657974526574  0.00055529298339063
  0.00067636334770085  0.00083412010956709  0.00106684042550126  0.00134186527654018
  0.00169913431945508  0.00222409455926441  0.00308169912774460  0.00452681160163221
  0.00766581011371506  0.01411200284025104  0.75230669083534762  1.00000000000000000
  0.00000697455041714  0.00001430723162878  0.00001832535157688  0.00002272619197186
  0.00002531370587471  0.00002734349279223  0.00002880509466726  0.00003029895000179
  0.00003231752467054  0.00003464387257119  0.00003717002327875  0.00004057329470000
  0.00004418623258050  0.00004838551717227  0.00005366252996282  0.00006006121693656
  0.00006664208268913  0.00007214894889176  0.00007702217388146  0.00008243142370931
  0.00008792647075013  0.00009225426545558  0.00009659618029718  0.00010069687517517
  0.00010482416978214  0.00011141061673903  0.00011889436096364  0.00012650241994426
  0.00013382359241395  0.00014077659881394  0.00014827388374894  0.00015604350220568
  0.00016455447139327  0.00017427771307083  0.00018367841310604  0.00019337579002792
  0.00020324201319780  0.00021369741044522  0.00022450845646152  0.00023530609581770
  0.00024613910771707  0.00025755173705503  0.00026925188490160  0.00028066847731704
  0.00029291062820276  0.00030638964264460  0.00031998268658869  0.00033368688922178
  0.00034863543705953  0.00036596776397286  0.00038283397155442  0.00040456047041397
  0.00042710667094525  0.00044905423695644  0.00047366745745886  0.00049826421638781
  0.00052454887419468  0.00055245666459112  0.00058190991181228  0.00061322912459783
  0.00064641501729949  0.00068085797398942  0.00071557971978637  0.00075019002481859
  0.00078545165191376  0.00082487247046567  0.00086768919682375  0.00092140607473396
  0.00097950893639328  0.00103645288023159  0.00110216206371735  0.00117703226041387
  0.00125580651862198  0.00133041587019101  0.00140690615346937  0.00149617492544823
  0.00160721632375907  0.00173953623437877  0.00187396267895229  0.00202742829555743
  0.00222289130195448  0.00246616232282598  0.00270193428416448  0.00293609067934425
  0.00322053876935983  0.00355615031647343  0.00394383316214833  0.00453699346122777
  0.00517478656473840  0.00602575510471028  0.00711825512534019  0.00825460891833906
  0.01057735409289588  0.01667900954242765  0.25177021485593110  1.00000000000000000
 -0.00218378842509510  0.01052730928923705  0.02038058012016833  0.02915606545174032
  0.03681315281032154  0.04478233209578197  0.05338653126893798  0.06278044440622368
  0.07292061199689120  0.08326993995165505  0.09296703066504870  0.10251677760269498
  0.11247164472187068  0.12424240555988020  0.13682254797168913  0.14996194081147274
  0.16227389908013506  0.17315602498825128  0.18331206603273489  0.19325560126179575
  0.20359314634052195  0.21362216458944000  0.22430526036204698  0.23489352640881334
  0.24633223692148892  0.25771071184560196  0.26911260427224654  0.27986887354166912
  0.29109464896840093  0.30251875344651874  0.31413692043756736  0.32483810009336167
  0.33526089353660149  0.34623607517945121  0.35725617679756733  0.36812342938742276
  0.37914789031549501  0.39011919565453024  0.40155816725210686  0.41320691484465216
  0.42497868312921644  0.43587224812712527  0.44619617511672355  0.45663476061503772
  0.46748283487521058  0.47840560227060103  0.48830248508612573  0.49789450821690884
  0.50800753748818139  0.51809066453475205  0.52782932842879149  0.53741715053184269
  0.54633431120570430  0.55464267495891495  0.56416879863273872  0.57605905968297433
  0.58958201235315233  0.60254871185899217  0.61474734937330322  0.62707719219547053
  0.64053779062646155  0.65553901049599272  0.67120540279032026  0.68582174841729782
  0.69872959927885570  0.71046554676438367  0.72181665786537152  0.73240463815330559
  0.74234270014893400  0.75214990683392613  0.76377574859600461  0.77527251756642745
  0.78417151440601962  0.79326443601160257  0.80259984228536674  0.81354915576122433
  0.82666253086635311  0.83947285663920101  0.85049291692269946  0.86005133218908369
  0.86861258949768172  0.87696809702762535  0.88572314389118822  0.89531035452485874
  0.90584365115340415  0.91623568093367602  0.92530660331163428  0.93336338442389255
  0.94103897206646470  0.94885218047011366  0.95740399000528065  0.96676883212753928
  0.97628793384898382  0.98481530030962439  0.99280711608836836  1.00000000000000000
 -0.00188605398921935  0.00874196157661820  0.01929105790659298  0.03021170135379815
  0.04086466070903985  0.05054863132841989  0.05971290252959306  0.06872312287143631
  0.07773911845457103  0.08730654554439647  0.09622033689322818  0.10477701842424141
  0.11473155460681982  0.12575335483468017  0.13819402903211994  0.15007927033712165
  0.16054957532883152  0.17061637404489496  0.18049916404874236  0.19171067836005934
  0.20479915844054075  0.21762651167706945  0.22936860927991512  0.23982687862877908
  0.24980827933728636  0.26038110230158368  0.27097922891611936  0.28082375754209288
  0.28989584835523291  0.29836120368064833  0.30700368726536453  0.31605541513646085
  0.32624488883463770  0.33632792665070377  0.34503189454456085  0.35380156064781987
  0.36326663600329046  0.37394853068781958  0.38438370277821510  0.39432501394235592
  0.40333565725807158  0.41154213582731414  0.41991977092565269  0.42915861897360491
  0.43929262075250547  0.44922831286154696  0.45922887761449543  0.46974727453616583
  0.47991524926352702  0.48999242830411410  0.50039685205441220  0.51043933082738879
  0.52056643828394888  0.53088817846480174  0.54162101322567346  0.55211751733343051
  0.56127469906082195  0.57082783154056593  0.58058903745941037  0.59104184012115402
  0.60169626503747498  0.61229491656927071  0.62258615657748784  0.63310340855246772
  0.64329388115660535  0.65443973685359103  0.66516056675996604  0.67583329610625154
  0.68531124976680113  0.69499946277934921  0.70576585694474447  0.71793815865200006
  0.72980693468804758  0.74061360809214105  0.75074240908125367  0.76060341211742377
  0.77083845038959120  0.78182885309893413  0.79325668076978528  0.80547127783690253
  0.81824889468661977  0.83085410734983267  0.84408820643310567  0.85652614819619732
  0.86999115072486355  0.88332910372367368  0.89574540980382045  0.90702317783051734
  0.91767490749027525  0.92874368429393572  0.94075851715981640  0.95230644134192588
  0.96318031630515843  0.97491715021328884  0.98646064468282513  1.00000000000000000
 -0.00110143584943311  0.00469365312141879  0.01106583311205259  0.01795532938226737
  0.02504235720621483  0.03237630670002667  0.03890903426606439  0.04496529089221325
  0.05119992117396874  0.05792534725248051  0.06521366424683975  0.07270884596599983
  0.08028036199537261  0.08658358456635389  0.09274408828958722  0.09875649976538704
  0.10555522887723801  0.11184148765618809  0.11861830449215878  0.12537019092121451
  0.13403752890460052  0.14276877207205643  0.15098796867361589  0.15756779257893630
  0.16354691210481334  0.16945481922430553  0.17585713648118811  0.18343677752862078
  0.19201122067725765  0.20045976110248437  0.20862123461091941  0.21740356946904715
  0.22683707536495387  0.23659880863554461  0.24675136520646265  0.25715520812681103
  0.26715058182935181  0.27631817381231916  0.28598240301585304  0.29475790863084855
  0.30431263259833385  0.31379650710323176  0.32341759377513468  0.33342321997913776
  0.34417436447660005  0.35624125658573980  0.36952189341235475  0.38308867936739638
  0.39596373499306819  0.40848528637623988  0.42139909350693816  0.43463948083388837
  0.44777201616158779  0.46070993117316761  0.47368921817916865  0.48702814407780093
  0.49974962614461521  0.51127537393146472  0.52207171780585515  0.53250515209193883
  0.54483526588421205  0.55755943654163409  0.56976506542688843  0.58214858990293639
  0.59386163656998803  0.60618041995858196  0.61860745701104625  0.63192561405596903
  0.64530183582914136  0.65904295932116064  0.67198768018885713  0.68523684388596273
  0.69885403107021438  0.71277973406840878  0.72600106678294529  0.74142650367170460
  0.75464479946858998  0.76671964409269822  0.77918674197839644  0.79378973098310879
  0.81112446472646293  0.83010760315321297  0.84859509052434712  0.86225450344095766
  0.87301522000219633  0.88329773808464096  0.89229205620736463  0.90097608012882568
  0.90969431541218615  0.91925073079344810  0.93094369446681946  0.94433288582583530
  0.96001877474797492  0.97385398379852750  0.98720001980278149  1.00000000000000000
 -0.00277664919497356  0.01264447916760007  0.02379841606480515  0.03384580163396267
  0.04313162277996923  0.05173936661069174  0.06198550675320098  0.07299158421496030
  0.08376720415867420  0.09472748141342333  0.10341259569452313  0.11368332042154042
  0.12437564527928208  0.13574644491255938  0.14693979252676095  0.15668645135784762
  0.16568501616013306  0.17367801056127144  0.18188956363547726  0.19183739161915286
  0.20250762016253318  0.21299400706225338  0.22278530489397003  0.23301256082191957
  0.24349338338301479  0.25456291684466409  0.26486258369724008  0.27495725338116289
  0.28412319444871575  0.29462033395018417  0.30454227358078528  0.31424510547984102
  0.32376420354948104  0.33368568488149852  0.34428795476520074  0.35483291490004693
  0.36566718122827591  0.37578608626320731  0.38681855461781545  0.39742737888543472
  0.40694972774686511  0.41628077376818295  0.42520784751677687  0.43391582131196876
  0.44241987542198991  0.45178223773626547  0.46006116703744371  0.46939620909896845
  0.47920945015265298  0.49115049734835253  0.50198183874478874  0.51245942876753070
  0.52295856918414174  0.53453267302007090  0.54652335607808800  0.55853841241828561
  0.57060493359167519  0.58234533160398516  0.59351653466541288  0.60453176336152536
  0.61464364466226373  0.62436156001306764  0.63446519412804825  0.64522995749241219
  0.65752030900143410  0.67081044509294896  0.68317684441204651  0.69425935383350246
  0.70421942910264268  0.71406349566977523  0.72437506673486085  0.73537126383278784
  0.74743270716480992  0.75968921382387788  0.77107693222501772  0.78120912437965773
  0.79059061229249949  0.79973278029990091  0.80861478005709353  0.81829119536873507
  0.82787671195208989  0.83792167994370270  0.84808970856948951  0.85893472601127963
  0.87152715888508181  0.88349086492336637  0.89565381499809715  0.90789109657189060
  0.92023216123185525  0.93192127254399282  0.94290553774735886  0.95314721357933552
  0.96326970227682107  0.97484376916523008  0.98745874101252862  1.00000000000000000
 -0.00175376607759013  0.00758289181780670  0.01648374376814455  0.02611412841946400
  0.03593612703641407  0.04475467863478670  0.05291947876420699  0.06138037483881744
  0.07065554073977792  0.08026312740009353  0.09028773171989761  0.09976923429191439
  0.11023818285794205  0.12207019042446049  0.13368764570391845  0.14620904279734190
  0.15860667106187876  0.17042347339082581  0.18010541696457086  0.18957363230773366
  0.19866890517863114  0.20801657255923989  0.21730047159525351  0.22789311444373067
  0.24045203679761093  0.25276457885811243  0.26379334935692228  0.27435703291085234
  0.28636267843587937  0.29765483627299377  0.30804013410163922  0.31828444569899750
  0.32812775306000436  0.33777457258457344  0.34746517334731541  0.35773243933329391
  0.36971262385867831  0.38189560829370200  0.39316156558796089  0.40364233545076178
  0.41331756015967475  0.42311980514714781  0.43308070409190658  0.44377216111409235
  0.45549562393833876  0.46857696069012023  0.48190850469906260  0.49389978768551196
  0.50429824490886255  0.51424348812675535  0.52432358444589711  0.53481345815541292
  0.54599284466271059  0.55705318005952476  0.56779853005292014  0.57862389876082487
  0.58899839554050326  0.59870207536828557  0.60826822897231647  0.61767506972848663
  0.62632531668848146  0.63652651783982506  0.64551089976883880  0.65516173026103863
  0.66447085959279828  0.67370751722718158  0.68382969763533841  0.69389680329586112
  0.70350118628472857  0.71298823100521724  0.72253395131555653  0.73325069843378921
  0.74565716601260923  0.75835376251520958  0.76920669851383916  0.78065792418753055
  0.79255527039341611  0.80546512046115126  0.81863528849181622  0.83108801559743661
  0.84241291075715385  0.85307045348867616  0.86256827914808609  0.87233770854336001
  0.88261062585959071  0.89260428470417552  0.90213011862591341  0.91184879689003218
  0.92290692121783591  0.93580831433751210  0.94670892254902383  0.95805436400120336
  0.96909171143832951  0.97981486981389243  0.98991365623579797  1.00000000000000000
  0.29351206853311912  0.30416606869097229  0.31328751701334401  0.32295329143068735
  0.33861169463861024  0.35339941718442819  0.36486781770753907  0.37694330696582057
  0.38697794625571419  0.39392914337333906  0.39983722636751462  0.40544739402574959
  0.41055083885757826  0.41551557251370957  0.42143975814454915  0.42752259541125481
  0.43668365915191831  0.44366151006639848  0.45076022434129331  0.45719719581718476
  0.46343042058386147  0.46985342880338915  0.47677209952474853  0.48313733706260797
  0.49073929198556038  0.49950465113355208  0.50712627115869091  0.51356031659921686
  0.52041915804253513  0.52800276889570374  0.53500160473005753  0.54138930885044778
  0.54734966746156066  0.55308388948582510  0.55844633222921070  0.56462718063299056
  0.57137712373584149  0.57889999508079559  0.58552698337404407  0.59132192469815770
  0.59703444213675150  0.60295532392381945  0.60912634748536987  0.61482085479497262
  0.62082013673493108  0.62758851930466286  0.63502415774859788  0.64184665317490941
  0.64832423534437333  0.65467417066041023  0.66090445415785726  0.66700963061354412
  0.67317021103220931  0.67929779044125416  0.68582047997080453  0.69212096251466293
  0.69770462102452746  0.70322556395405422  0.70865749108860243  0.71383487248724986
  0.71891714499002979  0.72434549913857338  0.73029667848669566  0.73685607301649259
  0.74354940997131935  0.75011045454247527  0.75707784391148547  0.76385804860930007
  0.77095631363956862  0.77808773167374823  0.78529747924262594  0.79230346115454042
  0.79888972123264657  0.80549989296504387  0.81247540548363417  0.81948188489681129
  0.82665012898049728  0.83377541305926384  0.84098665605553158  0.84846283949799439
  0.85659853523552809  0.86452697670950351  0.87233980187541382  0.87959415716207234
  0.88704427342028747  0.89501693200572296  0.90347013179635116  0.91188763889707691
  0.92037766326003523  0.92943151105250721  0.93851183648962644  0.94772733153956723
  0.95755712980410079  0.96869407862448331  0.98205997571068082  1.00000000000000000
 -0.01716793547330355  0.10155174998900050  0.12767166857529857  0.15258182836130377
  0.17643292095911250  0.19445258598331563  0.20882466377238493  0.22053939738418768
  0.23097686230479614  0.24090936343045133  0.25076935145238066  0.26078561835671366
  0.26987478065135062  0.27847932169842265  0.28689741889900794  0.29585542118794189
  0.30452535770107952  0.31313012245466459  0.32037563335459679  0.32772993244821247
  0.33466994415799001  0.34077731744001921  0.34684830623715879  0.35312353801458729
  0.35953402172227711  0.36571654947179200  0.37167982140408373  0.37732439679171620
  0.38314356263144617  0.38920458973646160  0.39504538898159236  0.40060564952220745
  0.40589104794864528  0.41131246865735510  0.41673676871454518  0.42217889090909361
  0.42768440734894525  0.43297765324376847  0.43899313646578947  0.44545191805641521
  0.45197776726139216  0.45820457344966847  0.46433378895951799  0.47067568363137247
  0.47719390878140366  0.48346675555802848  0.48986425221467672  0.49660015360541793
  0.50257394214485052  0.50783217823971938  0.51306959915361583  0.51826210087685165
  0.52368555813727136  0.52967582632298149  0.53660346912939982  0.54353556405894499
  0.55012152402639480  0.55661937715965548  0.56311086774658581  0.56940144529605774
  0.57588575117744867  0.58284618466687610  0.58927615195939864  0.59581683745634784
  0.60217827949818437  0.60881824312415533  0.61536849642743385  0.62147148359578674
  0.62708240953941685  0.63271640926445905  0.63877107590662663  0.64523244799354829
  0.65166069119087833  0.65783808367348262  0.66394446606503932  0.67008299048929632
  0.67785258140595472  0.68489220666725614  0.69253888333388969  0.70037332506995520
  0.70877407212295462  0.71765993573996945  0.72600358316288016  0.73416947327150306
  0.74241817372334695  0.75134320824258793  0.76142657376087697  0.77235879270862828
  0.78363686582406555  0.79493868826375980  0.80641830547568738  0.81892222069340725
  0.83351908720022205  0.85271097032556686  0.88805217186218077  1.00000000000000000
   1.0130378113290766E-002  -1.0000000000000000     
 F F F F F F F F F F F F F F F F F F F F F F F F F F F F F F F F F F F F F F F F F F F F F F F F F F F F F F F F F F F F F F F F F F F F F F F F F F F F F F F F F F F F F F F F F F F F F F F F F F F F F F F F F F F F F F F F F F F F F F F F F F F F F F F F
  <DiscreteSampler_grid>
  grouped_processes
  1 # 1 for a reference and 2 for a running grid.
  10 # Attribute 'min_bin_probing_points' of the grid.
  1 # Attribute 'grid_mode' of the grid. 1=='default',2=='initialization'
  0.0000000000000000 # Attribute 'small_contrib_threshold' of the grid.
  0.5000000000000000 # Attribute 'damping_power' of the grid.
 # binID   n_entries weight   weight_sqr   abs_weight
    10   10   4.903515568945238E+002   6.327518481004724E+005   4.903515568945238E+002
    16   10   4.903515568945237E+002   6.327518481004722E+005   4.903515568945237E+002
    22   10   4.903515568945238E+002   6.327518481004724E+005   4.903515568945238E+002
    28   10   4.903515568945237E+002   6.327518481004722E+005   4.903515568945237E+002
  </DiscreteSampler_grid>
