  0.00000469098131875  0.00000518983733996  0.00000548931071381  0.00000564655647391
  0.00000580204813868  0.00000595702257586  0.00000611401450266  0.00000629290600293
  0.00000647854291747  0.00000667564447189  0.00000688954207450  0.00000710925708744
  0.00000733478484483  0.00000756269035168  0.00000777901447665  0.00000800157778495
  0.00000825970244716  0.00000854388999587  0.00000884339227990  0.00000914579333187
  0.00000944570620251  0.00000976633418885  0.00001007873880038  0.00001037085873094
  0.00001064806790520  0.00001092398865140  0.00001121507306106  0.00001153667576459
  0.00001180753866390  0.00001206289064052  0.00001231630424020  0.00001258402645653
  0.00001288758283428  0.00001324559411666  0.00001367856592762  0.00001410818142177
  0.00001457704917694  0.00001504830182795  0.00001554023440996  0.00001601643109761
  0.00001657216610270  0.00001713413649048  0.00001774906804231  0.00001846563919972
  0.00001924993217819  0.00002005977822632  0.00002084871116917  0.00002158603449985
  0.00002228707483808  0.00002292151526111  0.00002356647462998  0.00002424959358753
  0.00002504152667455  0.00002594497029147  0.00002693657811515  0.00002801222445146
  0.00002911084790545  0.00003023100837584  0.00003146234358728  0.00003268049026782
  0.00003391534217585  0.00003524281828935  0.00003659623493178  0.00003794623019397
  0.00003923202977460  0.00004062415144961  0.00004217019270573  0.00004378666871712
  0.00004558997733439  0.00004758657228789  0.00004969840296794  0.00005191569706747
  0.00005436946032932  0.00005759955763149  0.00006064962778175  0.00006400839211899
  0.00006731104395899  0.00007118264703796  0.00007571501002551  0.00008148967697467
  0.00008894131356063  0.00009730317170116  0.00010747734554223  0.00012027103290893
  0.00013538120142891  0.00015214661240942  0.00017328184020849  0.00019809878229024
  0.00023162651158263  0.00027957494997997  0.00034904638109141  0.00049108364547389
  0.00087728576941711  0.00204353923109453  0.38584432105321298  1.00000000000000000
  0.00002186240961223  0.00002848470533092  0.00003337292425688  0.00003631213771011
  0.00003851142695563  0.00004005990266293  0.00004092615311319  0.00004170885539436
  0.00004256680581213  0.00004346724103503  0.00004438176443783  0.00004528336343532
  0.00004628607429814  0.00004740808291494  0.00004858285964551  0.00005022178592366
  0.00005140697128256  0.00005274631788927  0.00005413776721569  0.00005556083535079
  0.00005707685264179  0.00005864605364419  0.00006018143275891  0.00006170500931566
  0.00006334075960235  0.00006509327062563  0.00006695538827003  0.00006884776026535
  0.00007073810900984  0.00007280918530300  0.00007500586890776  0.00007742611686763
  0.00008014227181454  0.00008263266241849  0.00008536860230022  0.00008770829965954
  0.00009007938357609  0.00009263109888242  0.00009542254508219  0.00009846099811145
  0.00010161720876578  0.00010456542536590  0.00010775410811532  0.00011121168478014
  0.00011459503897311  0.00011800241105293  0.00012137113132480  0.00012473317655103
  0.00012810192711592  0.00013176247449672  0.00013601345650550  0.00014048042644795
  0.00014553968494804  0.00015073343843289  0.00015631517274870  0.00016252088092669
  0.00016913923598532  0.00017626582739369  0.00018404052548562  0.00019221016075571
  0.00020044349751828  0.00020827057096771  0.00021661538835589  0.00022650126609724
  0.00023759238765982  0.00024918232791495  0.00026161649555556  0.00027375420663834
  0.00028572887461867  0.00030050177218836  0.00031665342678178  0.00033413507218945
  0.00035432318792273  0.00037761802709250  0.00040663112579516  0.00044011307874647
  0.00047473859970717  0.00051160985827014  0.00055699286234296  0.00061225708212423
  0.00068051456689577  0.00075865214290977  0.00086497452631337  0.00098758445635219
  0.00110767786990793  0.00121717945394981  0.00135252059621240  0.00157208013783596
  0.00186777974360271  0.00245879330448913  0.00334182773450306  0.00486533939805097
  0.00718039279490909  0.01241536392618463  0.52138042168147491  1.00000000000000000
 -0.00000239672356233  0.00011607398499002  0.00055655561576436  0.00143621812857929
  0.00273572220256987  0.00438510597722304  0.00650202959223671  0.00901775282442024
  0.01218581902202220  0.01611189675520656  0.02036668934438321  0.02486552883561603
  0.02958558874229579  0.03429510594736960  0.03925103074108428  0.04474168558681383
  0.04963642355269593  0.05495216663973278  0.06120101275713240  0.06834373584546870
  0.07447759314120084  0.08051206783202797  0.08659007730718632  0.09287360334026556
  0.09959525635547023  0.10667680086132307  0.11471152891367621  0.12299875481146769
  0.13103820747837278  0.13934281984599284  0.14803023803764437  0.15814236054752517
  0.16898409593697672  0.17994273625675034  0.19040032918736233  0.20015746946784588
  0.20967436005691018  0.21906450111592274  0.22889780617913430  0.24015739665406208
  0.25029412756567465  0.26027030655292299  0.27041298542931741  0.28043441153770382
  0.29035516886524548  0.30057734979943163  0.31060735923007615  0.32129548266667879
  0.33318208924588238  0.34600296105687556  0.35783192591914181  0.36911071018804498
  0.37990205573403568  0.39084788135570303  0.40230322987412709  0.41414492257976859
  0.42653707110252653  0.43903988585094583  0.45146519439534022  0.46386158266646721
  0.47696882910692556  0.48978405575575695  0.50235129436424597  0.51493041587117483
  0.52783265891136433  0.54098041017102061  0.55389385544971648  0.56656370167136227
  0.57988512015771099  0.59712990769862517  0.61384969353259666  0.63005221321356075
  0.64667488687250219  0.66637010690478893  0.68549473585805976  0.70420691336468355
  0.72251400046421099  0.73978295740593714  0.75684193142427314  0.77338361719711046
  0.78844791690356975  0.80485426953765060  0.82102508772287019  0.83687344430503563
  0.85245449724764133  0.86781322769279490  0.88305066964142698  0.89825323648437150
  0.91271492450203151  0.92622510442555128  0.94010232570761454  0.95290571696404880
  0.96542105383496979  0.97720780873749746  0.98848864088268396  1.00000000000000000
 -0.00245664232675986  0.00989994418132162  0.02020065531087560  0.03174211596641134
  0.04259290789941850  0.05206436421676298  0.06153959322741180  0.07176401851479941
  0.08301611467090256  0.09242901209015143  0.10267758294250050  0.11212082927469108
  0.12220854346801897  0.13154243254816980  0.14239888306530243  0.15394582060277365
  0.16717359448564076  0.17982097872372341  0.19169816330318629  0.20286553479153094
  0.21299716656316992  0.22272154335396910  0.23241458181224703  0.24176187027749482
  0.25206347569859761  0.26119969163615087  0.27051586445473214  0.27863326602655059
  0.28639398132797284  0.29522052794778841  0.30513954450725878  0.31617196577472861
  0.32791591445923302  0.33990488860932749  0.35211394652809463  0.36443519853056344
  0.37697204740314816  0.38847685199382614  0.39864532446001200  0.40880959548310686
  0.41901581331279153  0.42875422387541090  0.43890072839111344  0.44894458537828835
  0.45869317105171853  0.46917887201155645  0.48078017914876064  0.49413703084733229
  0.50894531772784490  0.52230520967738014  0.53673900681918940  0.55090631706363058
  0.56425295358586069  0.57690933472985817  0.58827755537397464  0.59884936460381544
  0.60970286945530794  0.62166323811729496  0.63469403976263439  0.64886224112977353
  0.66012353819386593  0.67125459885777217  0.68205144657579453  0.69166166413605357
  0.70100805803231581  0.71104730115803449  0.72076281433265399  0.72989184074691771
  0.73839389667817068  0.74740546417001508  0.75701533598434578  0.76693037397107233
  0.77769536721474808  0.78949709369444865  0.79974903939021447  0.80925998906866714
  0.82039377555112347  0.83415661053516876  0.84607121629367477  0.85720572248821403
  0.86619099248703890  0.87618311952788230  0.88599215605419535  0.89546885524142616
  0.90443190873230417  0.91286227301408807  0.92129848490686972  0.93013930930146294
  0.93953310128028922  0.94818780426225180  0.95403605984465567  0.96176081147955328
  0.97062050163135594  0.97916720057478723  0.98839081105465632  1.00000000000000000
 -0.00017135901884223  0.00747478070269786  0.01465159027591326  0.02155975047188226
  0.02886559812772594  0.03544538673003610  0.04309463934517620  0.05583892726636866
  0.07044522176993853  0.08340554263325416  0.09687081168326694  0.11098248632859281
  0.12334227321981137  0.13893307851810707  0.15005001555041050  0.16205035397413589
  0.17370261860051139  0.18392852534625218  0.19394015318978480  0.20268883897786533
  0.21027699326803276  0.21778564420796420  0.22608562916910355  0.23607226195388584
  0.24711692228107260  0.25646114987958279  0.26392006458370348  0.27203652139680412
  0.28147520962996797  0.29159237283133654  0.30116029660980187  0.31017476022849982
  0.31990966793033249  0.32991579143905209  0.33929422223376354  0.34875427384844726
  0.35886537523199391  0.36942740673526825  0.37996659201283783  0.39022945637752687
  0.40182199147240033  0.41396829560795162  0.42603647909226422  0.43769302878137906
  0.45124777111289721  0.46431192664869964  0.47598922736517135  0.48616365802057482
  0.49563089224737650  0.50503160323983043  0.51414675736597415  0.52397826196576458
  0.53484195337594787  0.54830519322357252  0.56096713110379004  0.57295447644481046
  0.58469370121877540  0.59692845631870062  0.60858875037104876  0.61997564837538977
  0.63207571744910218  0.64349230416677072  0.65339131189620836  0.66191181927840492
  0.67114519136048212  0.68209033101403449  0.69461290730787439  0.70796984721653367
  0.71913087864976033  0.72910954102515102  0.73944611537850469  0.75180328568873833
  0.76437712452953999  0.77595731974552984  0.78683464167125849  0.79739654738369725
  0.80841653825520032  0.81982664040656561  0.83150011349605246  0.84395991758515609
  0.85581384732767884  0.86823135510661342  0.87944202353786771  0.88981162528122881
  0.90006593395004142  0.91024512028946625  0.92062702521285578  0.93108796490737233
  0.94088439339361063  0.95055141951529776  0.96064033253724401  0.96994425997732703
  0.97810991312176587  0.98526031277763793  0.99274414790882459  1.00000000000000000
 -0.00239689213784961  0.01117647560090803  0.02341931907367023  0.03557840909238111
  0.04722264373746427  0.05803753923191033  0.06877634115360877  0.07841719109094714
  0.08749641013241885  0.09642925439273259  0.10638260647264608  0.11754483413627598
  0.12817523814542228  0.13821813650062964  0.14710168944577626  0.15654164860098996
  0.16650045775229322  0.17622747357469773  0.18501751151502716  0.19316266219836786
  0.20240810691051861  0.21366438142650085  0.22765313221215810  0.24345085229758384
  0.26003546922616638  0.27556401598308400  0.28696648936222585  0.29952777426781058
  0.31139899865994680  0.32195801174236388  0.33107200667132747  0.33957675823842909
  0.34808306793059346  0.35684491513171290  0.36644451044374082  0.37662156264820246
  0.38618603553860886  0.39570259892658177  0.40466383278580126  0.41290255763144112
  0.42185917623014596  0.43262812531347938  0.44374469665249250  0.45376785170934730
  0.46407834022601513  0.47582490041913611  0.48828353194236102  0.50077556283575175
  0.51277225817379612  0.52351995266811235  0.53252257528612301  0.54088424634915033
  0.54930821623020409  0.55844869590178303  0.56916533943609926  0.58126281671681945
  0.59362619117885573  0.60474123953079340  0.61583506332595295  0.62647238194309929
  0.63603784884490200  0.64482471572438060  0.65343609006368419  0.66253089092287609
  0.67169643633718223  0.68057715778277561  0.69025557476567156  0.70090334262673992
  0.71182830234551298  0.72234611959736761  0.73404251130629916  0.74559879737837331
  0.75561303287784354  0.76513456162787508  0.77593085612172119  0.78685803182182423
  0.79804800550802946  0.81213614046925420  0.82591890461148232  0.83866017666338466
  0.85016833757039778  0.86064375838611207  0.87157259742566229  0.88160621455659138
  0.89267665098336157  0.90431362704539531  0.91553327670338369  0.92669721946513084
  0.93732697384627894  0.94724526631955419  0.95702358339630489  0.96484814990855317
  0.97136267456347125  0.98157491533771213  0.99068015067326809  1.00000000000000000
 -0.00064428236953489  0.00702098362316654  0.01434664875817639  0.02123833845444850
  0.02774124591594414  0.03452161378621178  0.04153074115134953  0.04793425378373176
  0.05602672295814965  0.06390876414342769  0.07169042686847324  0.07941223133357123
  0.08697798939163873  0.09449575959613973  0.10236287764956178  0.11228839743361128
  0.12371797295544272  0.13865391443861888  0.15167444161274041  0.16170052819940051
  0.17214635276991574  0.18218230324334184  0.19246519483212726  0.20173372372346415
  0.21084462265127799  0.22044605104855319  0.22984973127099592  0.23913227792855105
  0.24774783612498380  0.25685988763437456  0.26743594230211987  0.27838064159542669
  0.28771797432307628  0.29928511385055484  0.31347131619690383  0.32651110592766114
  0.33975925824515874  0.35273169294552464  0.36470580231358124  0.37753806113182808
  0.39131793756513450  0.40433826216414104  0.41581767512006923  0.42800435906645928
  0.44191865649226292  0.45789620525720082  0.47522925348039768  0.49174600119072642
  0.50594390635256870  0.51799007684467946  0.53010886325303253  0.54256028651799826
  0.55512582805223487  0.56752601982190110  0.58122490587567233  0.59700190761528815
  0.61478422054105419  0.63249105609285905  0.64769205256975504  0.66064835293282964
  0.67287567907172574  0.68535703587417451  0.69855522924883429  0.70984733783119092
  0.72248716578172967  0.73509139407418134  0.74958931376937987  0.76590627479125462
  0.77976165065994218  0.79244822982026986  0.80413348516243743  0.81577551370232471
  0.82612073110329787  0.83588797488697708  0.84540843352693651  0.85503695719932082
  0.86418068256103553  0.87269567166647122  0.88168140393202421  0.89050263017137077
  0.90035621848130609  0.90916269286095186  0.91800143843231330  0.92654431739398313
  0.93471696042727570  0.94247642794664865  0.94723200827455356  0.95263339231601341
  0.95855276543355794  0.96470442054374661  0.97016989816378307  0.97509449406033333
  0.98013565514146517  0.98596129095370655  0.99302266283890628  1.00000000000000000
 -0.00566028204949315  0.01635544706718720  0.03125176520801921  0.04291472486564226
  0.05492326617131075  0.06635117617635290  0.07615261184095209  0.08646882015282636
  0.09660870597437952  0.10706721373020790  0.11901392603711010  0.12974365284268946
  0.14153031583139489  0.15440278935152726  0.16741753564369896  0.18027544572972243
  0.19338412560593793  0.20671733432890202  0.21898892469876774  0.23104929104804633
  0.24374798239345638  0.25559843181261094  0.26650136112566364  0.27681521345369914
  0.28684970097973422  0.29715742969318909  0.30834471291814586  0.32002380809875369
  0.33108073580953679  0.34319771388325604  0.35613674885904667  0.36983946157163894
  0.38469454283824706  0.39807518517878304  0.40954345779423768  0.41839914588403787
  0.42781348689373799  0.43767780939608597  0.44783299869449394  0.45854367720192823
  0.46961905627289818  0.48137864031720068  0.49217325194438027  0.50222356378127986
  0.51192580786260466  0.52220046107137297  0.53155616044822107  0.53982030200093256
  0.54754124310009855  0.55564460883843092  0.56463804742679669  0.57317070602008424
  0.58147275741773274  0.59031660599291680  0.60089766058417282  0.61053389165804339
  0.61908192564738029  0.62740294740310942  0.63549519190852732  0.64376315332107470
  0.65352640601341772  0.66369731084910344  0.67402463970244786  0.68502440235797069
  0.69584194641934394  0.70730091608949552  0.71926964877410238  0.73021819708650815
  0.73946405171280538  0.74841451791329872  0.75808571126618796  0.76716271155968530
  0.77708384905172623  0.78686106889133056  0.79671024816457681  0.80718760278763235
  0.81799783177955765  0.82927517125611316  0.83909780703349501  0.84822302353149681
  0.85624206111475953  0.86536472851815394  0.87487423476921233  0.88536423072586334
  0.89531498393063447  0.90488409099228451  0.91460729179219302  0.92313728706426157
  0.93207518525936184  0.94206039390171215  0.95273117230481119  0.96217396097097219
  0.97096948876657008  0.98000825800248559  0.98996124860698687  1.00000000000000000
  0.10425938340666849  0.11951455579540747  0.13392092282126114  0.14790332163400677
  0.15915323354632210  0.17127952900655449  0.18234075057187343  0.19237767973385406
  0.20242104070904485  0.21336644631178225  0.22544554711178505  0.23560693401691551
  0.24525989765336492  0.25617929912420589  0.26674863999177773  0.27556727723602054
  0.28259799800955449  0.28962660531520484  0.29832959368891482  0.30830856078987195
  0.31784482477197590  0.32743379427224878  0.33636640192483341  0.34738972859069128
  0.36031256043449855  0.37164347804090897  0.38487163821742831  0.39804758678750907
  0.41246440179466648  0.42279564385743090  0.42968120362982964  0.43676810337983890
  0.44408126410660004  0.45314616867595187  0.46284596339600698  0.47177021999272423
  0.48021111270937289  0.48955391811129340  0.49958156455043651  0.50941407694480811
  0.51849656549885281  0.52750398535023146  0.53684555271238865  0.54784425577616003
  0.55874000384331113  0.56860421201027400  0.57822450441383111  0.58743122144135884
  0.59574338693564532  0.60318441260606237  0.61082097040442263  0.61877709817032844
  0.62716505623313712  0.63570585897593135  0.64485766984892179  0.65436076084687722
  0.66394354738526717  0.67317397861313577  0.68221419329385324  0.69155875565438474
  0.70022091252922691  0.70852015778863453  0.71671165228415745  0.72511776619464752
  0.73405721222844600  0.74254627826622144  0.75078685092625308  0.75900234567315084
  0.76735333595966171  0.77483391771463916  0.78071105984791989  0.78658256024616491
  0.79256407815176799  0.79835038876522801  0.80538316826804857  0.81336397083967582
  0.82096140442440957  0.82861325361751847  0.83621130778470543  0.84281244184940873
  0.84898951458376348  0.85481210257627271  0.86298327120296514  0.87019753459848581
  0.87798320603192082  0.88661234576067594  0.89499730429480306  0.90379931951989745
  0.91320572558594726  0.92279194630426209  0.93338602613900545  0.94404841156460806
  0.95453850084000191  0.96549962633066533  0.97888331716354393  1.00000000000000000
 -0.02145882212198176  0.14503115355794235  0.19014089863965639  0.21936626528267170
  0.24090875288590616  0.26014019276947636  0.27980266162218687  0.29681983045900850
  0.31062227135303466  0.32388620704973181  0.33625207985199135  0.34601881917706034
  0.35582926321245878  0.36661164725093986  0.37685968871990805  0.38620657620064891
  0.39553182923096630  0.40668686217157668  0.41753438955277639  0.42707939198635081
  0.43622923496840887  0.44494350272057803  0.45363961746254089  0.46201377262139764
  0.47013912592381885  0.47852992858569005  0.48682069609369855  0.49524966595512010
  0.50495113646467027  0.51604528803353078  0.52699424391782546  0.53666275082981663
  0.54473431936947392  0.55179584231019541  0.55934454360846797  0.56677371549274669
  0.57317291839300155  0.57915773527715997  0.58402321902336440  0.58851801912591095
  0.59304036359092582  0.59762773031154359  0.60189702517999599  0.60619622572226928
  0.61075617659990677  0.61521793283029047  0.61955697451512448  0.62388432719541687
  0.62886715350871703  0.63429806041903392  0.63999703189313384  0.64582781154343882
  0.65141734184891587  0.65642438742979503  0.66126358543087316  0.66624302183627493
  0.67188410901193241  0.67788970181534758  0.68390619503765471  0.68945784495892404
  0.69507092600429965  0.70053103084522794  0.70590420258699438  0.71165761194920596
  0.71715659419386935  0.72286453366707970  0.72836387032817151  0.73362166160478159
  0.73888485873511722  0.74460705646109548  0.75122357084439173  0.75784830128487479
  0.76383048882406701  0.76925925676656959  0.77424118569833289  0.77901439887962698
  0.78390553085911685  0.78886859076592464  0.79379213083013156  0.79905376118714633
  0.80480237346774675  0.81076283107653890  0.81691931508900917  0.82347990725171594
  0.83047167480817086  0.83753448121032859  0.84452387508465476  0.85155604548320940
  0.85998749230538185  0.87027711138291941  0.88052656223742198  0.89128735152961813
  0.90407426470382379  0.92030078204014099  0.94374026371394526  1.00000000000000000
   2.6926549647532427E-005  -1.0000000000000000     
 F F F F F F F F F F F F F F F F F F F F F F F F F F F F F F F F F F F F F F F F F F F F F F F F F F F F F F F F F F F F F F F F F F F F F F F F F F F F F F F F F F F F F F F F F F F F F F F F F F F F F F F F F F F F F F F F F F F F F F F F F F F F F F F F
  <DiscreteSampler_grid>
  grouped_processes
  1 # 1 for a reference and 2 for a running grid.
  10 # Attribute 'min_bin_probing_points' of the grid.
  1 # Attribute 'grid_mode' of the grid. 1=='default',2=='initialization'
  0.0000000000000000 # Attribute 'small_contrib_threshold' of the grid.
  0.5000000000000000 # Attribute 'damping_power' of the grid.
 # binID   n_entries weight   weight_sqr   abs_weight
    31   10   3.206370180789784E+000   2.691664096371318E+001   3.206370180789784E+000
    32   10   3.206370180789786E+000   2.691664096371321E+001   3.206370180789786E+000
    40   10   2.297199511230291E+000   1.501468820181660E+001   2.297199511230291E+000
    41   10   2.297199511230293E+000   1.501468820181661E+001   2.297199511230293E+000
    55   10   3.634515534024136E+000   3.638055490870852E+001   3.634515534024136E+000
    56   10   3.634515534024139E+000   3.638055490870858E+001   3.634515534024139E+000
    64   10   1.443509461062407E+000   5.931190760395139E+000   1.443509461062407E+000
    65   10   1.443509461062408E+000   5.931190760395141E+000   1.443509461062408E+000
  </DiscreteSampler_grid>
