 -0.00235546515831150  0.00962906652120154  0.01982170113939349  0.03033491699412151
  0.04087111164791334  0.05140757932145970  0.06194028905015231  0.07246787597055461
  0.08299536785196766  0.09353771396684647  0.10407726737179561  0.11460808628159268
  0.12513463074027920  0.13567072997397805  0.14621685778174051  0.15676830808331921
  0.16731566466619005  0.17786296675007543  0.18840834484752964  0.19895343393756540
  0.20949290788612487  0.22003397708723937  0.23057269284408072  0.24111387232149445
  0.25165476723204733  0.26220161402651410  0.27274464623100658  0.28328467369645399
  0.29382227081489243  0.30436486125275530  0.31490662917602164  0.32544976855085633
  0.33599344607175702  0.34653828750254750  0.35708119591270665  0.36761853586154802
  0.37815670427364501  0.38869842899927282  0.39924554402558665  0.40978697220501764
  0.42031969803920610  0.43085466697923908  0.44139576606889930  0.45194102736951886
  0.46247769435682973  0.47300906861257408  0.48354552707163889  0.49408999159640854
  0.50463130687090219  0.51517078998115429  0.52570724955618231  0.53624695491701979
  0.54678354186410028  0.55732064021236583  0.56786406980341597  0.57841226977403781
  0.58895961117128515  0.59950757523195142  0.61005553958243219  0.62060360990278918
  0.63114631899535989  0.64168886380799572  0.65223343207371465  0.66278121491429465
  0.67332756251501957  0.68386097296074488  0.69439054276441103  0.70492196174540789
  0.71546448870184987  0.72601310773159577  0.73655558771365548  0.74709781376757256
  0.75763720316488803  0.76817298662267119  0.77871041428599275  0.78924448436805783
  0.79978077233992806  0.81031742236414084  0.82085976159938967  0.83140608581203512
  0.84194250420180483  0.85248018194236208  0.86301150480231181  0.87355190123014004
  0.88408953291479087  0.89463710351126779  0.90517728921190921  0.91571681435305852
  0.92625168321614937  0.93679150063310968  0.94733126677607926  0.95786518970959600
  0.96839606468428030  0.97892966842822782  0.98946336466751361  1.00000000000000000
 -0.00241917584323355  0.00957778887418943  0.01975707234994008  0.03028237158478676
  0.04083065279767342  0.05137821681486642  0.06192184035961805  0.07245661937127945
  0.08299314070670710  0.09353103363266055  0.10406825267092625  0.11460663333130952
  0.12514287889705908  0.13568826770363612  0.14622353338593433  0.15676242556812395
  0.16730193936742530  0.17785052574387222  0.18840066246989742  0.19895041955554571
  0.20950142186024637  0.22004918143105900  0.23059706026508586  0.24114331751040424
  0.25169264004902692  0.26224052054834029  0.27278976810770938  0.28333597118619608
  0.29388273041682039  0.30441985838012448  0.31495840257199043  0.32549480633461891
  0.33604108431739527  0.34657530011502419  0.35710753688389335  0.36764016726351828
  0.37818486244304067  0.38872743288150913  0.39927068205281646  0.40980838315933038
  0.42034982507562874  0.43088869321943069  0.44143191391163955  0.45197363997593676
  0.46251159715320889  0.47304762391460403  0.48358342172024327  0.49412153238601308
  0.50466494870881473  0.51520871781121835  0.52575622342559480  0.53629948041411857
  0.54684310710693784  0.55738139411022025  0.56790522704698509  0.57843389961244895
  0.58895906394509712  0.59949681913304631  0.61003326537130176  0.62057389871863922
  0.63112068694688483  0.64166292367414590  0.65220346565467413  0.66272882524446242
  0.67325919563239445  0.68379053926851663  0.69433627856586744  0.70487381409226368
  0.71541282780652304  0.72595059548603613  0.73649209974566876  0.74703646258919765
  0.75757438506187558  0.76811336045902978  0.77865164523847819  0.78919223576073239
  0.79972356745589546  0.81025243833543503  0.82078530517910475  0.83133065447242638
  0.84186752679620880  0.85240546870976575  0.86294002127791103  0.87348535650567360
  0.88403044262970076  0.89457297478711462  0.90511203904915682  0.91565297538716239
  0.92619604292768376  0.93673989258034684  0.94728196065158865  0.95782208221521914
  0.96836132752739090  0.97890149418426486  0.98944823378267910  1.00000000000000000
   2.5511844404576738E-008  -1.0000000000000000     
 F F F F F F F F
  <DiscreteSampler_grid>
  grouped_processes
  1 # 1 for a reference and 2 for a running grid.
  10 # Attribute 'min_bin_probing_points' of the grid.
  1 # Attribute 'grid_mode' of the grid. 1=='default',2=='initialization'
  0.0000000000000000 # Attribute 'small_contrib_threshold' of the grid.
  0.5000000000000000 # Attribute 'damping_power' of the grid.
 # binID   n_entries weight   weight_sqr   abs_weight
    10   10   1.322623097372511E+010   1.749331857703255E+020   1.322623097372511E+010
  </DiscreteSampler_grid>
