 -0.00250045773921185  0.00961250193240543  0.01980828884753450  0.03032933158590929
  0.04086793939790669  0.05140994051270734  0.06195036262996059  0.07249577118544427
  0.08303931632903223  0.09358530272620642  0.10413383730492458  0.11467671322576818
  0.12521822724084067  0.13576151915337370  0.14630803583473106  0.15684725432642327
  0.16738427235143558  0.17792717837463465  0.18846692760992440  0.19899222229055930
  0.20951452831920389  0.22004528475289542  0.23058793909943348  0.24112727142617080
  0.25166863295456909  0.26221215393655678  0.27276094675198598  0.28330584684709170
  0.29385356035036431  0.30439608671688634  0.31494073414800000  0.32548258614520814
  0.33602802655322189  0.34656807478926654  0.35710719417319581  0.36763946944698278
  0.37818048381818303  0.38872025453529263  0.39926675424717734  0.40980823509090480
  0.42035445917743286  0.43089850022749715  0.44144755577301076  0.45198803551863642
  0.46253088485740723  0.47307342658682777  0.48362205968563826  0.49416999962183539
  0.50471705775721853  0.51525726911126657  0.52579320838208499  0.53632801230718408
  0.54687087089432485  0.55741687078309909  0.56796699791633853  0.57849978706592275
  0.58903580825940205  0.59955376958243800  0.61008477721809729  0.62061381997349485
  0.63114561703079608  0.64167162400297040  0.65219792553419520  0.66273789508633407
  0.67327967900807617  0.68381583389263589  0.69435303609518007  0.70489137889682518
  0.71542990031682319  0.72596617141062036  0.73650403995384428  0.74704069873433232
  0.75757798642982954  0.76812210723796559  0.77866628059707299  0.78920900077596978
  0.79974736149991454  0.81029370295735004  0.82083456225676510  0.83137512641384770
  0.84191660624624787  0.85245510921148793  0.86299533833609665  0.87352999417479982
  0.88406621406608610  0.89460367327204382  0.90514579039163323  0.91569503519199191
  0.92623740011798306  0.93677776106317057  0.94730541985326722  0.95783970321428402
  0.96837705776578009  0.97892099764168894  0.98946345095277166  1.00000000000000000
 -0.00251789844894629  0.00949961407324607  0.01965894124344909  0.03017360744642218
  0.04072089763590481  0.05126740036301212  0.06180760859150321  0.07234457849247139
  0.08287849915750861  0.09341827577070200  0.10395559458662426  0.11449957222693583
  0.12504592805026812  0.13559372575728501  0.14613959789323452  0.15668744496229026
  0.16723328969087198  0.17777423661888353  0.18831283794358636  0.19885124780842414
  0.20939278581915408  0.21993582246952159  0.23048170260354561  0.24103079644881154
  0.25158059401092286  0.26212334542444432  0.27266628165407369  0.28320690175501140
  0.29375745024386035  0.30430582201923795  0.31485603995395894  0.32540079992752785
  0.33594290934194665  0.34648355354253635  0.35702252125095646  0.36755654423325507
  0.37809262442573072  0.38863183293759129  0.39917929151860354  0.40972616075249901
  0.42027222538916326  0.43081659807996048  0.44135519825008507  0.45189582347465579
  0.46243485158363140  0.47296868875997561  0.48350351941131769  0.49403357942890136
  0.50457408117257618  0.51510757954447117  0.52565140491409335  0.53619441672877144
  0.54674300499022077  0.55728912017389676  0.56782175587049366  0.57835434928453211
  0.58888472039086792  0.59942541548694073  0.60996030236050880  0.62049584407218239
  0.63103531819482661  0.64158478502516203  0.65213397233741477  0.66268173460664226
  0.67323002098079365  0.68377793011027987  0.69432208880286095  0.70486442559859341
  0.71540775229154130  0.72594618797092747  0.73648104348626475  0.74701197211639758
  0.75754836506330070  0.76808791821661393  0.77863422746361965  0.78918509728628372
  0.79972271133403283  0.81025723323645005  0.82079248246876302  0.83134204012711754
  0.84189456927511974  0.85244627797368988  0.86298055161584342  0.87350412205771311
  0.88402975823662655  0.89456475577986339  0.90510725297339545  0.91564523993618629
  0.92618619380915712  0.93672450072008862  0.94726397991225952  0.95780691822677178
  0.96835427913989924  0.97890135833433423  0.98945027902227367  1.00000000000000000
   2.5639092566457183E-008  -1.0000000000000000     
 F F F F F F F F
  <DiscreteSampler_grid>
  grouped_processes
  1 # 1 for a reference and 2 for a running grid.
  10 # Attribute 'min_bin_probing_points' of the grid.
  1 # Attribute 'grid_mode' of the grid. 1=='default',2=='initialization'
  0.0000000000000000 # Attribute 'small_contrib_threshold' of the grid.
  0.5000000000000000 # Attribute 'damping_power' of the grid.
 # binID   n_entries weight   weight_sqr   abs_weight
    10   10   1.322623097372511E+010   1.749331857703255E+020   1.322623097372511E+010
  </DiscreteSampler_grid>
