 -0.00252733527137123  0.00945103234757963  0.01960175332488313  0.03011783840700725
  0.04066971092741245  0.05121144435002169  0.06175417255857969  0.07230054093418060
  0.08284784415462254  0.09338780161559813  0.10391201823573136  0.11444221035075425
  0.12497568211249316  0.13551972385266689  0.14606438420638079  0.15660914508339366
  0.16715301130320950  0.17769460320975253  0.18823777596043037  0.19878463629086207
  0.20933038411991869  0.21987392371497966  0.23041431673702625  0.24095581581277517
  0.25150227863609848  0.26204897735706012  0.27258770388694720  0.28312585042886657
  0.29366854663463093  0.30422091524916733  0.31476954286481845  0.32531337241687991
  0.33584409072512106  0.34637832986767270  0.35691828724165792  0.36746617744350202
  0.37801270965519823  0.38855856517003923  0.39910955281699517  0.40966191256184775
  0.42021240675095428  0.43076372915532918  0.44131084648366997  0.45185677850229589
  0.46239886303104483  0.47294396815584921  0.48348504263146952  0.49402607032948026
  0.50456678610278760  0.51511448045795638  0.52566547225064986  0.53621826501968484
  0.54676756532358195  0.55731309270091356  0.56785694097105366  0.57840374096256852
  0.58894419440845491  0.59948333562284961  0.61002325719383010  0.62057210506091531
  0.63111767575595912  0.64166112195999048  0.65220453216746355  0.66274752433327078
  0.67328796619300812  0.68382055511894135  0.69435907611358105  0.70489728252840334
  0.71543137021976144  0.72596466286643635  0.73649146723404413  0.74702105350490944
  0.75754565480673886  0.76808307840752521  0.77862264481936316  0.78915280887163664
  0.79968092879562336  0.81021791819265965  0.82076348368358432  0.83130794811870068
  0.84184500329623113  0.85238929156708931  0.86293553773806064  0.87348268048542144
  0.88402880503134618  0.89457098150200021  0.90511492222327095  0.91565343882840089
  0.92619631338590680  0.93674357469441349  0.94729528924336814  0.95782895224505549
  0.96836411405804668  0.97890010867363630  0.98945167024895575  1.00000000000000000
 -0.00252847655477906  0.00953352105472517  0.01970466235376165  0.03023061172252249
  0.04078236458804401  0.05133515699500533  0.06187807148994082  0.07241839011300633
  0.08294497865780501  0.09347932459709693  0.10401454470811552  0.11456674667313213
  0.12510585045797548  0.13564263042373945  0.14617574696250649  0.15672350470273594
  0.16727383507199881  0.17781972564635792  0.18836457920795807  0.19890873771295159
  0.20945401821294041  0.21999910818943860  0.23054198549896446  0.24107343122582772
  0.25160103402943901  0.26212639676915628  0.27266886376027544  0.28320793109945919
  0.29375332009107979  0.30428201873579452  0.31481346438342528  0.32534020953855541
  0.33587516430213515  0.34641550597281967  0.35695550627400291  0.36749971614600252
  0.37804012589305069  0.38857919529508644  0.39911972756120295  0.40965479349023243
  0.42018808278090714  0.43071533585931254  0.44125103191394210  0.45179186274408728
  0.46234018081238359  0.47287947777819089  0.48341090045481883  0.49393757324811660
  0.50447508800830521  0.51501743926823629  0.52555495087988779  0.53608574243790263
  0.54662035611072146  0.55715827857760658  0.56769725040601837  0.57822589640103772
  0.58876265224816438  0.59929893160504344  0.60984122778101568  0.62038292188801925
  0.63092887082456028  0.64147797344151813  0.65202651322467586  0.66257672563144343
  0.67312116591807003  0.68366574486370135  0.69420856934152153  0.70475663769993180
  0.71530452123414190  0.72585002462075998  0.73639785738056163  0.74694392249356323
  0.75749197311918326  0.76804143126645141  0.77859155037904859  0.78913978396889439
  0.79968024936669968  0.81021635535919612  0.82075526884978145  0.83129311713069076
  0.84183389160454591  0.85237227446492414  0.86291780780631044  0.87346586504114432
  0.88401561574148635  0.89456752248431004  0.90511545468966537  0.91566242729300884
  0.92620022368238331  0.93673711347628696  0.94727769960026176  0.95782132847556800
  0.96836318124180143  0.97890263742239159  0.98944823740355903  1.00000000000000000
   2.5512983123460379E-008  -1.0000000000000000     
 F F F F F F F F
  <DiscreteSampler_grid>
  grouped_processes
  1 # 1 for a reference and 2 for a running grid.
  10 # Attribute 'min_bin_probing_points' of the grid.
  1 # Attribute 'grid_mode' of the grid. 1=='default',2=='initialization'
  0.0000000000000000 # Attribute 'small_contrib_threshold' of the grid.
  0.5000000000000000 # Attribute 'damping_power' of the grid.
 # binID   n_entries weight   weight_sqr   abs_weight
    10   10   1.322623097372511E+010   1.749331857703254E+020   1.322623097372511E+010
  </DiscreteSampler_grid>
