  0.00000514879245502  0.00000537061196067  0.00000555445778947  0.00000571062355666
  0.00000587371275352  0.00000602996081149  0.00000619035041022  0.00000637727273396
  0.00000658904634197  0.00000682243298634  0.00000705805998662  0.00000729379296490
  0.00000754033060684  0.00000777949637247  0.00000802122587040  0.00000827529868116
  0.00000854657260863  0.00000883646275893  0.00000913216228571  0.00000943844716295
  0.00000974400121422  0.00001006963326113  0.00001042750188492  0.00001078994535273
  0.00001117259761585  0.00001158312045298  0.00001201037459033  0.00001246954202414
  0.00001293179183766  0.00001337867244278  0.00001381505532675  0.00001423428524468
  0.00001473885432375  0.00001530792182813  0.00001590842455917  0.00001655736127017
  0.00001726619661364  0.00001798728204158  0.00001871311993059  0.00001947929376691
  0.00002028439588093  0.00002109124065151  0.00002192826517338  0.00002282413380160
  0.00002376098625801  0.00002469875042498  0.00002564662369003  0.00002664761287063
  0.00002768508440148  0.00002881115389522  0.00002997060370169  0.00003121759214696
  0.00003242602018995  0.00003363266313757  0.00003502883548113  0.00003655839940051
  0.00003818085493487  0.00004000419237797  0.00004186926045697  0.00004383937949043
  0.00004601605963373  0.00004835765219346  0.00005078790318609  0.00005320186080159
  0.00005577146426308  0.00005834604228495  0.00006122169179751  0.00006442271967320
  0.00006781841144502  0.00007174380764535  0.00007594256291037  0.00008077149975941
  0.00008654046538307  0.00009331873210650  0.00010135884971913  0.00011042921876878
  0.00012068752562227  0.00013151962718363  0.00014359541132046  0.00015760116653157
  0.00017377150082057  0.00019293169920572  0.00021633127582120  0.00024654626732579
  0.00028381042295078  0.00033481757672066  0.00040385665977795  0.00049085000032594
  0.00059675839035156  0.00074430571797892  0.00101644492385755  0.00150566366946309
  0.00242884787069508  0.00557247588717256  0.22650586257821231  1.00000000000000000
  0.00002785088890252  0.00003113512058422  0.00003591998511648  0.00004039322546654
  0.00004480260388262  0.00005026075942898  0.00005667704890356  0.00006333469501808
  0.00007011948480215  0.00007784495365415  0.00008767342489015  0.00009979651496976
  0.00011444695199012  0.00013112237587724  0.00014816282422225  0.00016530691872267
  0.00018376109478467  0.00020345190208096  0.00022416355349016  0.00024561714038648
  0.00026771972450971  0.00028993254740269  0.00031361046907898  0.00033829250826215
  0.00036407947568763  0.00039127479340127  0.00042054572446300  0.00044951243598568
  0.00047935225850865  0.00050957667447300  0.00054300485317063  0.00057684226480316
  0.00060942790194489  0.00064141956480238  0.00067388733350718  0.00070925524382027
  0.00074741286426572  0.00078914236191320  0.00083561703167287  0.00088352152971622
  0.00093266376771807  0.00098174533454646  0.00103288187072432  0.00109106656094332
  0.00115564239368326  0.00122267468540907  0.00129065618528777  0.00135735771768219
  0.00143225810573513  0.00150776802049807  0.00158763169221644  0.00167168291478733
  0.00175155557904783  0.00183703009567146  0.00192971220187350  0.00204003190053419
  0.00216642946164240  0.00230896116920951  0.00247231814835883  0.00259846520714579
  0.00271204350107801  0.00282151722599290  0.00294033929068048  0.00308207454606443
  0.00324742102114832  0.00342967927359413  0.00360550087574462  0.00376759517576143
  0.00392914448624094  0.00409452874631367  0.00428159190637113  0.00448251442133671
  0.00470451529367510  0.00496935649363445  0.00526245382843552  0.00560646641861163
  0.00601783828509538  0.00646913568404591  0.00698095880515290  0.00758235438336651
  0.00833858591358998  0.00916821496375521  0.00955850026346981  0.00986152142476700
  0.01015960246776611  0.01046158754672623  0.01076804107598533  0.01107449460524442
  0.01140082418708326  0.01172736075743471  0.01282393413867079  0.01473309426259163
  0.01879701164989107  0.03001694151851023  0.48628712465785262  1.00000000000000000
  0.00000511538038593  0.00000643719182138  0.00000701218853349  0.00000763960723522
  0.00000831726090676  0.00000910360543887  0.00000992410164282  0.00001077343316861
  0.00001155059885448  0.00001223809037538  0.00001286895865709  0.00001345664937810
  0.00001402639522460  0.00001461016266935  0.00001522005602330  0.00001588653229532
  0.00001658137723701  0.00001730509329322  0.00001806584097907  0.00001885977075439
  0.00001972695363793  0.00002067896205408  0.00002164023594902  0.00002266189216725
  0.00002381809700514  0.00002501762663466  0.00002619182922755  0.00002733000060086
  0.00002844736775335  0.00002967420158292  0.00003103468374850  0.00003240458007835
  0.00003377317695148  0.00003526084782825  0.00003679765516357  0.00003833174825692
  0.00004000461795651  0.00004195205792013  0.00004412332984654  0.00004642758644815
  0.00004883475105450  0.00005125506136969  0.00005386380389317  0.00005673577215041
  0.00005963740561617  0.00006282231030708  0.00006591813827235  0.00006907286131061
  0.00007259138989257  0.00007624680158509  0.00008026535416646  0.00008461383663492
  0.00008915354283114  0.00009400189666354  0.00009932214730337  0.00010513216161583
  0.00011129922813584  0.00011797059304639  0.00012530952188633  0.00013346121212650
  0.00014282662746097  0.00015404047324650  0.00016645786779299  0.00017903840746977
  0.00019216079821505  0.00020548933637301  0.00022094925122188  0.00023869842523331
  0.00025832258902369  0.00027954132071849  0.00030380163107860  0.00033303362933531
  0.00036741598424698  0.00040765645162338  0.00045322648543879  0.00050597654265931
  0.00056944586323880  0.00064692327887759  0.00073794228536428  0.00082946735739828
  0.00092267989259414  0.00102824299268378  0.00113598445413539  0.00127248852827984
  0.00143147985171538  0.00159483645437472  0.00182875286538524  0.00208880608226935
  0.00239980508283093  0.00284162667464924  0.00343495301337968  0.00421820161468030
  0.00561070056073222  0.00883363578594480  0.21447549298292981  1.00000000000000000
 -0.00239239780862956  0.00800771442371045  0.01779955884720420  0.02732223673122467
  0.03744694008122713  0.04714536240700524  0.05645193515518040  0.06584903823640993
  0.07544936831356820  0.08459227448151030  0.09516145932295048  0.10702560352639486
  0.12023096522833218  0.13325218459136295  0.14599153986644342  0.15813344252799444
  0.16937756643773771  0.18018735607537253  0.19074853739948214  0.20091313138022399
  0.21082588308067898  0.22050842115051050  0.23015494636462261  0.23985398085176521
  0.25052611362065946  0.26237982689375150  0.27386656072748705  0.28439504516152347
  0.29491910680857097  0.30746918838906823  0.32105807427129945  0.33464706827404755
  0.34769159799746746  0.36035461672742430  0.37296250409869547  0.38566366418531522
  0.39888760673120305  0.41307989906344328  0.42755302636386344  0.44298278353219767
  0.45632777579350481  0.46929443650540165  0.48139864466398768  0.49308193504292264
  0.50554448819804065  0.51745146065905567  0.52929986545723529  0.54108247207919491
  0.55238727128409504  0.56348618397738792  0.57452878673703134  0.58559687316232301
  0.59712345948117396  0.60963333248965135  0.62261783627122214  0.63402137388510582
  0.64567215562324642  0.65593252656644263  0.66699532458701760  0.67586867310452325
  0.68489835070400451  0.69472898889381829  0.70483464448161226  0.71448595115078561
  0.72380796212174914  0.73389703604815870  0.74522573091457545  0.75481312661410804
  0.76467576096077616  0.77469157442829095  0.78510736242054047  0.79569431834240945
  0.80599992450455238  0.81602148702650024  0.82559933083278658  0.83484844177785067
  0.84422705512477636  0.85377523780119491  0.86234651807760687  0.86987955765982250
  0.87767487345801065  0.88588407255802337  0.89465880822240662  0.90367144129159038
  0.91284354853729610  0.92244069508300397  0.93209963154164988  0.94130211605551695
  0.95009733996771095  0.95830271625505425  0.96564546139069052  0.97295384236030735
  0.97942147675412095  0.98633049305460807  0.99330167769343403  1.00000000000000000
 -0.00148238934964585  0.00802793967497552  0.01518074150721184  0.02284233771323164
  0.03099025502606489  0.04035888486054992  0.05020318217396173  0.05886995457063573
  0.06870402975913256  0.07936430241628441  0.08983328088610007  0.10124783443018394
  0.11299478441472136  0.12436639653347401  0.13515641639656459  0.14572607712094512
  0.15663309170756132  0.16744507743525552  0.17801955551366941  0.18798893192936666
  0.19792342791055917  0.20781402168750440  0.21835891824329082  0.22977542798519926
  0.24154287534755325  0.25360443920160314  0.26595851037587492  0.27782675354204089
  0.28880573431050688  0.29952203270983202  0.31032540649766638  0.32190685066944430
  0.33353646212375343  0.34532359217428182  0.35558831442908184  0.36524731462843490
  0.37524770257439333  0.38534812278494046  0.39536642990516369  0.40396262448742165
  0.41188015168642844  0.42077249587427279  0.43023741833421869  0.43996329872552398
  0.45006543294555978  0.45959494287321101  0.46946013426226951  0.47916263774118284
  0.48964985500967567  0.50022225721575786  0.51203981904886897  0.52490361187305368
  0.53508566748862907  0.54515781947834319  0.55504736749262928  0.56503118582943035
  0.57601342733587579  0.58621742431863311  0.59732431045159606  0.60866648526522726
  0.62016187300490944  0.63110261774595788  0.64265200815964008  0.65306938186560526
  0.66339568626807877  0.67422235080018389  0.68527512454231765  0.69602236959572661
  0.70578115055181168  0.71592178474231172  0.72675853838753013  0.73816940614649340
  0.74743981095002754  0.75710228163111126  0.76673190265590607  0.77744227815046663
  0.78856936219329588  0.79986539585192162  0.81154102182313326  0.82385891444643111
  0.83717516425135130  0.84944972786710793  0.86107566968062654  0.87179697438572357
  0.88244655481481993  0.89302089968758691  0.90411616436369946  0.91581290701464335
  0.92810721251460104  0.93997160028449156  0.95140881026095792  0.96200941930366013
  0.97245305694533712  0.98157998480848874  0.99100595414593329  1.00000000000000000
 -0.00262911937467488  0.01216306343768301  0.02311544109656063  0.03262118041300126
  0.04184829465883327  0.05149825454369683  0.06098561360144829  0.07166803697106672
  0.08245250361340836  0.09356072901730267  0.10446818294574367  0.11357879550874109
  0.12216373850335902  0.13101105835596891  0.14042844229779858  0.15005385087312950
  0.15929937143713990  0.16850651188031371  0.17841595214662478  0.18891585389993398
  0.19979233319146064  0.21036862974985376  0.21968610456888915  0.22781833295093648
  0.23511990653292783  0.24254726934219867  0.25108964814459028  0.25969688757631759
  0.26908477282538840  0.27881978261182649  0.28864461406175740  0.29830793434279168
  0.30868289835460577  0.31997961713230866  0.33113392679431464  0.34052229745380524
  0.34916146276012811  0.35807033552513590  0.36744337314788605  0.37765962738143172
  0.38756642440917755  0.39749954292439704  0.40777698772581256  0.41893772601998491
  0.43032347970830959  0.44141094148452853  0.45170244607659504  0.46204275264705291
  0.47285732927182145  0.48333156631145974  0.49273608253754481  0.50135737809714165
  0.51016895505135618  0.52017342088311780  0.53145458987944283  0.54283118849442602
  0.55400918705655666  0.56552012063167167  0.57714615728093688  0.58749366614874132
  0.59756956804879047  0.60777946232462665  0.61894060220525038  0.62933239399741425
  0.64088443818235030  0.65181559094552177  0.66207967245436850  0.67274561082040674
  0.68452407165469009  0.69792572046372248  0.71141517474852123  0.72425553732290082
  0.73687647655369171  0.74846901279466893  0.75918033699221288  0.76968702569526060
  0.78078648802158968  0.79215925997821790  0.80271567886822026  0.81410016836852972
  0.82664501172630755  0.83912799708977071  0.85121120049074905  0.86402455476342499
  0.87512107875798584  0.88472083491657982  0.89318626846187410  0.90323662878809174
  0.91315000404175806  0.92332878928717299  0.93294472249505667  0.94260370415579153
  0.95333618091205918  0.96600320878984902  0.98167211463150350  1.00000000000000000
 -0.00281054905897917  0.01039717911978541  0.02174640017465773  0.03310624957459631
  0.04452531881524682  0.05584215272460347  0.06723572410965042  0.07885787790942521
  0.09073014474089316  0.10295169819935850  0.11509531203290341  0.12719609848414806
  0.13874139088780646  0.14860101072467127  0.15730151532436562  0.16574942898607276
  0.17414004797715030  0.18671767742518355  0.19836759424443695  0.20951466630552409
  0.22000466081381720  0.22988973060506168  0.23944825385418048  0.24898633923740537
  0.25833338817758905  0.26777856912375853  0.27793658052856840  0.28874464837267871
  0.30034029684707314  0.31228151653195690  0.32559839814578467  0.33849213751127993
  0.35142175696081768  0.36450619393535522  0.37765562566576666  0.38935151525578188
  0.39983763906069542  0.40951119488942572  0.41875167887076747  0.42741303063995578
  0.43568473280874664  0.44389693620077986  0.45252598312838183  0.46258138586668635
  0.47377213966650827  0.48454063213841170  0.49383787395358864  0.50348346316296855
  0.51254590516123266  0.52187283958086639  0.53029508450873875  0.53888785496278524
  0.54951271614314412  0.55903323140026895  0.56784728432919129  0.57657141851578753
  0.58657370611657922  0.59869077389412673  0.61025362546977346  0.62108138621722664
  0.63136281789453796  0.64157135702904822  0.65231529350880846  0.66368626930034269
  0.67544608700871123  0.68650394264568126  0.69677095497450037  0.70694248571604013
  0.71703420073573754  0.72660744050302950  0.73574688634932139  0.74522208558468495
  0.75478871389813940  0.76512182355809422  0.77586410278377138  0.78751617584832312
  0.80018898572080910  0.81290433272242624  0.82425901695762305  0.83426388207233382
  0.84360220076374037  0.85242378768834537  0.86143757533520149  0.87030024743945422
  0.88026582644979845  0.89166039111030992  0.90214761091267848  0.91241149095476237
  0.92360764593958389  0.93450864498864339  0.94466107027863866  0.95434060540258947
  0.96590292821660029  0.97816729607753083  0.98932598239710945  1.00000000000000000
 -0.00239147053296682  0.00936866766489214  0.01951353901594977  0.03074281099106523
  0.04272957553858317  0.05390750342439463  0.06506923208113835  0.07625648646481439
  0.08759147126060626  0.09995209431957991  0.11152254876848505  0.12245198459117997
  0.13203552991826520  0.14087299671776640  0.14997117178092567  0.15923119062795341
  0.16975726237388739  0.18040544536670558  0.19213452907165143  0.20552008037756914
  0.21873991776026475  0.23209111523860779  0.24480759717798126  0.25695945028306111
  0.26763472991457155  0.27779873580793202  0.28734960542780197  0.29696083635127601
  0.30728857374776136  0.31932931545430204  0.32918556342623734  0.33909255343295436
  0.34818576783696603  0.35806648866770474  0.36906756735849683  0.38047700443986737
  0.39239884381889756  0.40463800615233281  0.41564481782127022  0.42544421352691003
  0.43540510828813561  0.44713091097630980  0.45974626296107729  0.47091530991894359
  0.48167033425875910  0.49268119897836182  0.50343944482620595  0.51334932603920769
  0.52278168077783060  0.53277817296094032  0.54278615219259219  0.55220011387900969
  0.56131215959442371  0.57033244334320832  0.57957270087431922  0.58942565534110414
  0.60035834326730864  0.61159908969710497  0.62236451743076215  0.63320471451557381
  0.64369811330038340  0.65329184096144644  0.66248243223095338  0.67209247727175248
  0.68297501859390952  0.69398421685358513  0.70437389092909020  0.71467036892285785
  0.72555603210015474  0.73577421338961890  0.74558637597348265  0.75472307787298609
  0.76413902596475136  0.77294356712754908  0.78068858603340685  0.78979825152101479
  0.80113432296631193  0.81368313958953276  0.82622475372596194  0.83694358486980680
  0.84633011822412574  0.85505433439346068  0.86363492004774256  0.87311468507361445
  0.88382675137215327  0.89513326889465183  0.90652802814892308  0.91718837235158091
  0.92801935078759601  0.93851651644397904  0.94985404864854295  0.96071292065424962
  0.97052517018083473  0.98017889851621132  0.98957744209488840  1.00000000000000000
  0.09604785748132748  0.10611613799171056  0.11569487347933056  0.12275502910975492
  0.12937869762386564  0.13745020779329792  0.14887854676092732  0.15971014233329670
  0.17141463167994089  0.18501154861386751  0.19775982849438559  0.20939746169906268
  0.21975824589893692  0.23063262729247339  0.24130277037449022  0.25256868143926064
  0.26498146942720285  0.27690312790554750  0.28718612856145787  0.29690508146337047
  0.30585223727813909  0.31471187076853585  0.32325337967298173  0.33175083050815540
  0.34148434466585764  0.35156477302428246  0.36232454867694813  0.37224519642258314
  0.38165000509095681  0.39044141088079409  0.40019746473885959  0.41019369938973593
  0.42038378959545203  0.43050074909583252  0.44069581404281766  0.45133760706236475
  0.46228496163022903  0.47295314228733754  0.48271245722412470  0.49144096915724506
  0.49975792397732383  0.50805098155788719  0.51614643536197879  0.52449223557215152
  0.53280931595532011  0.54135025272564419  0.55061808689796654  0.56025271373382490
  0.56928077441303493  0.57753738083626405  0.58563313258535565  0.59423922006896457
  0.60362383313971357  0.61291908295489672  0.62219693079777305  0.63113349645923000
  0.64011222004073809  0.64857767161288993  0.65693136459931678  0.66636318787508875
  0.67520165562313039  0.68330250717774121  0.68977560590294018  0.69653712177266158
  0.70307388436553775  0.71014534824556874  0.71923175700053432  0.72818478672847053
  0.73739770887746781  0.74572657729503533  0.75461081961387177  0.76303002111652318
  0.77180041673103550  0.78009286932715560  0.78747136606038914  0.79475670506475604
  0.80202005060649995  0.80971723560507269  0.81783267069482968  0.82586488743692898
  0.83406605943879564  0.84282825875031941  0.85191582071892891  0.86115782986480360
  0.87024650029963591  0.87933081092296428  0.88879849611910888  0.89901015156292075
  0.90910779739876169  0.91875967656923607  0.92889251602774592  0.93957191121025507
  0.95103030411111222  0.96345207040135827  0.97963111195672992  1.00000000000000000
 -0.01931516750364930  0.13672971994212879  0.18398751275782008  0.21135741376510941
  0.23190311393349436  0.25237813163845180  0.27145906367726530  0.28734589520498721
  0.30161573552262461  0.31572531307805163  0.32911129909040981  0.34302522398113072
  0.35609698380916915  0.36871080350726998  0.38001276506036574  0.38996874483831262
  0.40010201445826349  0.41060783439380610  0.42100613583278435  0.43150610653445437
  0.44242786493858305  0.45347918112632013  0.46346054396927205  0.47356754069608964
  0.48307154913203193  0.49120909940621005  0.49852362423920188  0.50606442550461617
  0.51412218853655378  0.52129716422652872  0.52788754400327742  0.53398020421659609
  0.53997311199929587  0.54634049016906738  0.55240667320789039  0.55849518990741653
  0.56437581631872591  0.57040205973005953  0.57673728770154864  0.58202228283012736
  0.58737809332072011  0.59269091782360717  0.59803826298118801  0.60366016671571321
  0.60917431942251121  0.61486842020240962  0.62053663407847337  0.62659856989457585
  0.63334100064103915  0.64011116785803568  0.64700042019755777  0.65309704102181909
  0.65913629826430975  0.66503163931467302  0.67075376922328145  0.67634831753473856
  0.68186700819574786  0.68728579996959571  0.69253770755088484  0.69770841756972379
  0.70245711368321073  0.70761703018723310  0.71317563312087995  0.71893490148632166
  0.72423708971941303  0.72937477313111276  0.73455009702341523  0.73992846712012772
  0.74559593648378697  0.75135753885578194  0.75744408258587725  0.76362604154727975
  0.76912704669588339  0.77399961869311940  0.77865084807656559  0.78336907403221034
  0.78832045504145787  0.79324065024689028  0.79795017662054724  0.80311289796594221
  0.80863496949634317  0.81414483406551064  0.81976421987189796  0.82546794072543472
  0.83161384613004707  0.83789098745863544  0.84402129300286854  0.85052632938240602
  0.85756533668106505  0.86626883461538751  0.87556583178894076  0.88821575764954497
  0.90213215897410404  0.92025508571762671  0.94750584236582003  1.00000000000000000
   4.2900785511302024E-004  -1.0000000000000000     
 F F F F F F F F F F F F F F F F F F F F F F F F F F F F F F F F F F F F F F F F F F F F F F F F F F F F F F F F F F F F F F F F F F F F F F F F F F F F F F F F F F F F F F F F F F F F F F F F F F F F F F F F F F F F F F F F F F F F F F F F F F F F F F F F
  <DiscreteSampler_grid>
  grouped_processes
  1 # 1 for a reference and 2 for a running grid.
  10 # Attribute 'min_bin_probing_points' of the grid.
  1 # Attribute 'grid_mode' of the grid. 1=='default',2=='initialization'
  0.0000000000000000 # Attribute 'small_contrib_threshold' of the grid.
  0.5000000000000000 # Attribute 'damping_power' of the grid.
 # binID   n_entries weight   weight_sqr   abs_weight
    31   10   1.839832310450803E+002   3.020623106489797E+005   1.839832310450803E+002
    32   10   1.839832310450803E+002   3.020623106489796E+005   1.839832310450803E+002
    40   10   1.591999764950537E+002   2.332285405369052E+005   1.591999764950537E+002
    41   10   1.591999764950536E+002   2.332285405369048E+005   1.591999764950536E+002
    55   10   2.169143691721893E+002   4.271888624329998E+005   2.169143691721893E+002
    56   10   2.169143691721892E+002   4.271888624329992E+005   2.169143691721892E+002
    64   10   2.140831718317364E+002   4.345914977121897E+005   2.140831718317364E+002
    65   10   2.140831718317364E+002   4.345914977121897E+005   2.140831718317364E+002
  </DiscreteSampler_grid>
