 -0.00237912014608034  0.00960719180698863  0.01978490115986641  0.03031056471534552
  0.04085575652185850  0.05140137678512084  0.06194995664558402  0.07250046665096349
  0.08303784815961390  0.09357558216201343  0.10410524905284750  0.11464540672737908
  0.12518402765892467  0.13573004614011849  0.14627871062066009  0.15683023109579899
  0.16738146244140598  0.17793130336768750  0.18848053480620980  0.19902524151362827
  0.20957030961600237  0.22010676761299719  0.23064775230402662  0.24117973267955256
  0.25171976658420980  0.26225555700798081  0.27279640585601611  0.28333602326834095
  0.29387979191092511  0.30442301373017400  0.31496203156857244  0.32549885342752910
  0.33603967055319439  0.34658520830602568  0.35712880838668626  0.36767113537922375
  0.37821429374604554  0.38875403563303218  0.39929245386975804  0.40982340693185415
  0.42036254965630920  0.43089108201308912  0.44142790867308512  0.45195896144085312
  0.46249753888127021  0.47303681079731813  0.48356417554336956  0.49409277760884646
  0.50462009329968571  0.51516168391981609  0.52570565987196882  0.53624603883457489
  0.54677848392056849  0.55731199321238056  0.56784860566512441  0.57838987554843180
  0.58893090956481131  0.59946948634653785  0.61001196987989992  0.62055476530471532
  0.63109388447765402  0.64163307770585543  0.65217259510990122  0.66271177925057323
  0.67325390963270115  0.68379553210144994  0.69433815957131129  0.70487903211453229
  0.71542268410355569  0.72597193443236574  0.73652198303966676  0.74706971043758774
  0.75761060984658501  0.76815240334224133  0.77869642479593293  0.78924895671260986
  0.79979869874068965  0.81034431721239730  0.82088405982653789  0.83142744112362321
  0.84196667918174151  0.85250011450428642  0.86302619984739237  0.87354706623290568
  0.88407048118791742  0.89459812344422363  0.90513238390227102  0.91567126629071072
  0.92620658652124155  0.93674201946944180  0.94728209505741479  0.95782249734938474
  0.96837042043494614  0.97891076335171656  0.98945718823556683  1.00000000000000000
 -0.00238018238201787  0.00963898850648899  0.01981984943681078  0.03034348080728953
  0.04088502817412550  0.05142214610881993  0.06195908482191786  0.07250170326679552
  0.08305165872685423  0.09359637645675055  0.10414067400931090  0.11467966169535442
  0.12522400092019320  0.13576629175710225  0.14630223226867822  0.15683287125576828
  0.16736623423323874  0.17790447348585017  0.18844887305681224  0.19899104329579798
  0.20953443895080873  0.22007678918420787  0.23061275133420978  0.24114943376418910
  0.25168658169995589  0.26222366537719066  0.27276609080283809  0.28330378681053880
  0.29384950192852155  0.30439030012234719  0.31493055383036705  0.32545908772492721
  0.33598841102173199  0.34651905106125097  0.35706278683808290  0.36759561296945492
  0.37813485496385335  0.38865700965221539  0.39919237362678633  0.40972592121606483
  0.42027564951844226  0.43082146365430973  0.44136723679381912  0.45191126323675795
  0.46245871288483181  0.47300120414421898  0.48353992280362273  0.49408022756722725
  0.50462604718114290  0.51516770111595556  0.52570956172136041  0.53624603044867303
  0.54678927743513239  0.55732315565467205  0.56786212284595972  0.57839864020471610
  0.58893818707496504  0.59946623825701206  0.60998896981570250  0.62050740418517547
  0.63103433060350700  0.64157013488014003  0.65211635288734404  0.66265957985155932
  0.67320477596242645  0.68374963170235348  0.69429719473143370  0.70484310547422147
  0.71538740368840203  0.72593158496520138  0.73647750632394016  0.74702465595653467
  0.75757339138327440  0.76811978526745550  0.77866274085262566  0.78920582804961359
  0.79974690174457708  0.81028680388501717  0.82082380524527521  0.83136491403379742
  0.84190964994950324  0.85245952232925337  0.86300060068985252  0.87353826369301202
  0.88406562206453165  0.89459885239448500  0.90512669104684229  0.91566351044548178
  0.92620210950957771  0.93674115811324121  0.94727924431749111  0.95781504794459571
  0.96835769419323303  0.97890179362842489  0.98944934530266437  1.00000000000000000
   2.5524561535910606E-008  -1.0000000000000000     
 F F F F F F F F
  <DiscreteSampler_grid>
  grouped_processes
  1 # 1 for a reference and 2 for a running grid.
  10 # Attribute 'min_bin_probing_points' of the grid.
  1 # Attribute 'grid_mode' of the grid. 1=='default',2=='initialization'
  0.0000000000000000 # Attribute 'small_contrib_threshold' of the grid.
  0.5000000000000000 # Attribute 'damping_power' of the grid.
 # binID   n_entries weight   weight_sqr   abs_weight
    10   10   1.322623097372511E+010   1.749331857703255E+020   1.322623097372511E+010
  </DiscreteSampler_grid>
