  0.00000044144825015  0.00000047840035453  0.00000051420228984  0.00000054887177432
  0.00000058507903541  0.00000061987223113  0.00000065332559323  0.00000068643057809
  0.00000072017671965  0.00000075590798845  0.00000079669567392  0.00000083681806139
  0.00000087810286702  0.00000091938371644  0.00000096078576949  0.00000100138820027
  0.00000104241376503  0.00000108846614950  0.00000113839671343  0.00000119088838620
  0.00000125179226485  0.00000132412718618  0.00000139828193431  0.00000147661511714
  0.00000156419966139  0.00000165985513832  0.00000176636444199  0.00000188529319038
  0.00000200006155822  0.00000211990171842  0.00000224956338823  0.00000238821223328
  0.00000254098778134  0.00000269490257351  0.00000284816051358  0.00000300840507574
  0.00000317810456610  0.00000338616513244  0.00000360601257550  0.00000383182724848
  0.00000406772855719  0.00000432412667707  0.00000457359086892  0.00000483350898783
  0.00000513200274956  0.00000547993747935  0.00000587605031757  0.00000629641919377
  0.00000673305558012  0.00000735086997483  0.00000811516420125  0.00000896825917474
  0.00000991618162081  0.00001083683187737  0.00001174577649740  0.00001276575291081
  0.00001372252163124  0.00001503819329607  0.00001648371346639  0.00001808038246500
  0.00001995931253300  0.00002204698795037  0.00002451591535312  0.00002728330868317
  0.00003065217487640  0.00003439033362906  0.00003876018904316  0.00004390252257027
  0.00004965113679102  0.00005590894550850  0.00006338336312192  0.00007358407262352
  0.00008637261542941  0.00010100452601507  0.00011874237756255  0.00014044377409929
  0.00016699386902328  0.00019923981166650  0.00024153050694874  0.00029162512284219
  0.00034415326161707  0.00040315326109618  0.00048045014551470  0.00060611545853500
  0.00079090805422536  0.00111007848936475  0.00154963528915079  0.00197687162171205
  0.00242047629553844  0.00299857809830198  0.00394523757850981  0.00541108919842030
  0.00788228200148367  0.01212698561324864  0.11321314955378228  1.00000000000000000
  0.00000648564925161  0.00000764805665312  0.00000895717570652  0.00001024495545685
  0.00001173277402729  0.00001345564681078  0.00001514027904473  0.00001695062981741
  0.00001893772874746  0.00002168513117709  0.00002523665479378  0.00002842830763756
  0.00003173794227004  0.00003541115558664  0.00004002767941219  0.00004542756076942
  0.00005086516926345  0.00005674922134796  0.00006238219526921  0.00006846180834118
  0.00007452237589892  0.00008198716166366  0.00009037412295639  0.00009927472467123
  0.00010797266457154  0.00011674501745507  0.00012702037353161  0.00013970973175605
  0.00015443949724878  0.00017083876812885  0.00018826802371492  0.00020622347468651
  0.00022398584431498  0.00024264465483249  0.00026036140477783  0.00027835122298996
  0.00029719761656019  0.00031729525235009  0.00033721657537903  0.00035631541353736
  0.00037497475796597  0.00039675209539229  0.00042014866236461  0.00044581328715875
  0.00047348432743286  0.00050117476485176  0.00053055734640413  0.00056009893833637
  0.00059003450346138  0.00062396869067429  0.00066031977574090  0.00069825012519077
  0.00073768626161609  0.00077444414425388  0.00081502409851655  0.00085948415834587
  0.00090604510542850  0.00095821214932457  0.00101639005659843  0.00107253722448522
  0.00112828035270798  0.00118463895247655  0.00124382792746451  0.00130721250064878
  0.00137200958469193  0.00144169578708581  0.00152218464251900  0.00161121632477983
  0.00171091118214257  0.00181514417191603  0.00193028974777507  0.00205775787987828
  0.00219350388001525  0.00232007631081103  0.00243974060191743  0.00256855880288787
  0.00270007541616799  0.00284730119488151  0.00301392819469404  0.00320152681042208
  0.00345954217138351  0.00379168429257403  0.00418065498092502  0.00462573933725125
  0.00518824493905633  0.00587439573019431  0.00665153695856843  0.00760361105674587
  0.00846509207408357  0.00935065142684521  0.01067118332255918  0.01274703053728219
  0.01704085889131664  0.02244985915585423  0.37845029815238185  1.00000000000000000
  0.00000015745626983  0.00000023497676964  0.00000032925886120  0.00000043018178617
  0.00000051950875984  0.00000062027866846  0.00000075580928745  0.00000092443988873
  0.00000110410759196  0.00000129769557396  0.00000151387932990  0.00000178040997142
  0.00000208223712171  0.00000243421296135  0.00000284678719107  0.00000330656040078
  0.00000384770564846  0.00000448055215061  0.00000521764407350  0.00000603723366262
  0.00000696750701757  0.00000801945184205  0.00000917623657946  0.00001045503453684
  0.00001191558986677  0.00001356865640608  0.00001543783506907  0.00001745154814478
  0.00001955648757861  0.00002188591032840  0.00002441298445012  0.00002716042257539
  0.00002982402314642  0.00003266092982545  0.00003568796373216  0.00003909421071861
  0.00004270410391060  0.00004655532235879  0.00005080837699152  0.00005546659114471
  0.00006054684160913  0.00006605494034638  0.00007210252388522  0.00007830863336227
  0.00008488238093555  0.00009222741732544  0.00009967388509840  0.00010732545041489
  0.00011557222622681  0.00012480592570637  0.00013476614236810  0.00014434010983496
  0.00015450016866399  0.00016636114486731  0.00017974498293732  0.00019454475006829
  0.00021113045598352  0.00022987450901384  0.00025122056042013  0.00027482955557090
  0.00030052617417650  0.00032744236658068  0.00035547628095898  0.00038643221429044
  0.00042407544334431  0.00046702907438003  0.00051697365895872  0.00057209475748163
  0.00062999273489080  0.00069407689189328  0.00075484737554556  0.00082080395735979
  0.00089282118010138  0.00096986481246010  0.00107438531705590  0.00118244731935867
  0.00130896009965334  0.00145922272937948  0.00163666866278090  0.00185248195528299
  0.00208643541834607  0.00235331524810525  0.00267165549506765  0.00305024736886038
  0.00347084902776235  0.00393445032293560  0.00443655950224935  0.00489699091934965
  0.00529653921929243  0.00567797569238043  0.00614162514128940  0.00670274019490293
  0.00737130209166538  0.00922874565736827  0.34929056457973795  1.00000000000000000
 -0.00322332862462559  0.01187414737749900  0.02485420488917198  0.03871796474786888
  0.05260269344526960  0.06515770821425987  0.07587038559954752  0.08673430588047321
  0.09767053804499608  0.10872936109507621  0.11960750766244228  0.13196905599306991
  0.14378229082694102  0.15488890906962774  0.16562188300487285  0.17620951973987437
  0.18684150835778335  0.19731119448916043  0.20758875994383089  0.21803105299206452
  0.22914502950712254  0.24081647738570855  0.25118640306464196  0.25964582527860897
  0.26750761116192495  0.27589761785399058  0.28482994201234557  0.29474001963960195
  0.30486517395212814  0.31642285943752974  0.32785726012832461  0.33817340560525289
  0.34777346658748154  0.35737322131406546  0.36756926133339485  0.37802596220281531
  0.38933769092827702  0.40082694015213377  0.41218623859065501  0.42421361089224247
  0.43439665993581461  0.44375716004714860  0.45289691413597205  0.46270096910539948
  0.47411381814251158  0.48579160232116220  0.49700297325486331  0.50836832082886740
  0.52050623978759758  0.53303738518034804  0.54302000224570790  0.55202910342459732
  0.56040988151433513  0.56971234065279841  0.58007950755376447  0.59027748657460943
  0.60096715878414264  0.61224122734039099  0.62363733589989956  0.63507728791369755
  0.64639046109759479  0.65834734980421883  0.66976733467202809  0.67953256210341195
  0.68809896886738753  0.69625845345860016  0.70517711029958474  0.71542116570736247
  0.72356730638637690  0.73130842473969870  0.73894096291224953  0.74739981269615352
  0.75546104915079204  0.76362061517692370  0.77150543621174750  0.78046370770604223
  0.78962571998015640  0.79936557025640276  0.80943843000131854  0.81944904745306402
  0.82977491293261441  0.84130205972692307  0.85381437584115816  0.86634221443670101
  0.87808494304562845  0.88915986541474001  0.90026788695371684  0.91100733523476185
  0.92333406648787963  0.93500899879431354  0.94579911592125521  0.95671299796218789
  0.96846262623454016  0.97951553601689212  0.99009587831094370  1.00000000000000000
 -0.00251289848421373  0.00887479649209722  0.01938996233294448  0.03082937577047390
  0.04318257417984953  0.05404895735401262  0.06312477496970204  0.07168052271736369
  0.07902877171466222  0.08699704872785856  0.09519214934753413  0.10356063988237649
  0.11240299064450916  0.12157852735208324  0.13126260290635033  0.14125205852703865
  0.15130265258135731  0.16153625571325461  0.17261878776321857  0.18402428800470849
  0.19518304101925452  0.20599392310690218  0.21701915289230100  0.22892180047816596
  0.24132493471075189  0.25403367557830830  0.26670481447876770  0.27944222880794078
  0.29186660541790649  0.30389671584605576  0.31544769542382051  0.32686233797551417
  0.33813535974950748  0.34830511912150042  0.35767315478395195  0.36713427773211277
  0.37752102032707968  0.38885373299344672  0.39945449217386181  0.40954088070700995
  0.41975626531220683  0.43057640224015686  0.44189188265698515  0.45269503981601167
  0.46337296985740772  0.47395576849123511  0.48392841412857213  0.49445586236998162
  0.50525905742249855  0.51643367320668332  0.52748340071517785  0.53885341308204604
  0.55037081737392213  0.56124647026429286  0.57046041023115923  0.57916526230331700
  0.58835308646058349  0.59883557406683152  0.61012266144271998  0.62171192813270615
  0.63292378298599683  0.64224094371027940  0.65057322667982143  0.65916439639746471
  0.66846264813932232  0.67858602561783465  0.68892516638465484  0.69946010515039658
  0.71002889902008803  0.72043043816342578  0.72927394356423181  0.73756671074732649
  0.74578889863967646  0.75459500900012000  0.76415096626929724  0.77420933228447519
  0.78527548102917744  0.79666122536731576  0.80824905448715967  0.81930056801022644
  0.83039461638578138  0.84212620783526271  0.85319665755090779  0.86422008410568285
  0.87525791090697591  0.88731269113606692  0.90027007295033235  0.91191290535043967
  0.92338429282739165  0.93506954711551893  0.94667533861879383  0.95838473969852755
  0.96966178108452206  0.98028277457027857  0.99057823277171231  1.00000000000000000
 -0.00195007130911245  0.01115798907463163  0.02323455442286406  0.03598461559742935
  0.04980108436136411  0.06392551269216025  0.07608293279470701  0.08960607911268041
  0.10326340811502614  0.11932304551847482  0.13527613551150133  0.14823884819235517
  0.15792368006834953  0.16600607838101725  0.17356665955349820  0.18123317853365331
  0.18983850524376644  0.19987527688631926  0.21165301786335317  0.22257255851216268
  0.23274656523548692  0.24315037748937296  0.25334184309788171  0.26331012857536806
  0.27402624503815665  0.28516614838447985  0.29603523077392763  0.30646430540573910
  0.31715420939755834  0.32861053619998049  0.33987796837930695  0.35040904243898008
  0.36103100130146359  0.37201026660323955  0.38346244824312081  0.39464629977067806
  0.40515218722285606  0.41523574029395977  0.42521138521666718  0.43601875897258291
  0.44677730806337362  0.45766155587008023  0.46833996200638345  0.47836642480716701
  0.48759940439358040  0.49685719429899999  0.50746661508509117  0.51871180209562717
  0.53000794960901587  0.54110096137252695  0.55256319042606294  0.56432842715409581
  0.57619358934858500  0.58884223885795994  0.60060345164398066  0.61235222514170229
  0.62350858833102196  0.63434468870664029  0.64449776971427997  0.65420640931567509
  0.66445607621699665  0.67471135811703409  0.68569080181087616  0.69608190573276119
  0.70606288266155903  0.71649198182834561  0.72641795932995479  0.73526827824940766
  0.74359117198689506  0.75230193119040911  0.76174758653873476  0.77188664547842645
  0.78255052311333828  0.79296210684983237  0.80255790165013297  0.81121061083802826
  0.81895403424586732  0.82698394346164183  0.83447587125755240  0.84312981459343506
  0.85205878504094834  0.86139990251329235  0.87130628451878411  0.88083899641682672
  0.89007126649780877  0.89964450615241198  0.90949148138655411  0.91966503338806471
  0.92955715737905487  0.93992693642575986  0.94944732263776799  0.95797552436726241
  0.96695509911682076  0.97632038313211844  0.98714526338977915  1.00000000000000000
 -0.00236543529173462  0.01031378293484828  0.02018275991536218  0.02924613954852265
  0.03659824494602210  0.04402820947426972  0.05180447597282675  0.06099111885820820
  0.07128586998592613  0.08138575385311836  0.09106855293627585  0.10091530323692877
  0.11096465759022756  0.12085083829337262  0.13077890812471427  0.14033882670445191
  0.15085332483313835  0.16132391227832538  0.17152066792563508  0.18320294553538372
  0.19418564162875324  0.20444930327966893  0.21476207505888362  0.22351106394933140
  0.23296997042406839  0.24273137488411917  0.25384582398080852  0.26583722084863132
  0.27681037007161419  0.28768100856959544  0.29743202539826052  0.30745094221547764
  0.31697159859093554  0.32650845752866448  0.33586838472744834  0.34629235572434969
  0.35652561635725721  0.36691322782797398  0.37645368237105203  0.38584424197036321
  0.39542231067762729  0.40547052501488312  0.41596607554207005  0.42641331109722724
  0.43720796746845703  0.44831436776670641  0.45971138594324562  0.47102960025810753
  0.48316077824682657  0.49572242267729122  0.50748341995858370  0.51874131839949778
  0.53092940846309211  0.54446659402498787  0.55808644630858761  0.57204124869334183
  0.58552712080542080  0.59781424070506728  0.60901556486915054  0.61958851338989485
  0.62926402902325651  0.63821980941830980  0.64701810361132162  0.65632699581608889
  0.66657900805162362  0.67783372265853004  0.69073289556686401  0.70362443716108380
  0.71514383412517646  0.72645057217398723  0.73907521372045071  0.75189274893206304
  0.76413417157747765  0.77498895849927185  0.78461521638762866  0.79390088748410115
  0.80323067373386137  0.81359998351192797  0.82281118356767713  0.83159098488543115
  0.84056990104217977  0.85030535960002462  0.86093484709184021  0.87152701266246457
  0.88199091214735814  0.89246797838727454  0.90243103706098671  0.91163997996127299
  0.92167174008432340  0.93232216110124111  0.94387507873188370  0.95470832692966023
  0.96595022051500601  0.97692350171444231  0.98844618760383096  1.00000000000000000
 -0.00299815550714103  0.00932681815269638  0.02033988245697731  0.03146130378312404
  0.04224959549655853  0.05228378748181588  0.06185644120298192  0.07099100916969164
  0.07994312586494962  0.08870194686058830  0.09918137040128620  0.10978947694159769
  0.12041749184444961  0.13051392277508289  0.14146150698072624  0.15233878910074705
  0.16270846716451895  0.17373792889747394  0.18472698280210520  0.19605919815713427
  0.20672199348086970  0.21727196007069069  0.22802728021751312  0.23957389821034281
  0.25119636117252520  0.26350413266932604  0.27408602498633955  0.28412643607274601
  0.29399289312795368  0.30406661405469437  0.31349487041265955  0.32262247733977256
  0.33194797708023566  0.34223837291183057  0.35286456029068219  0.36404291628077573
  0.37565128391529462  0.38618298983831573  0.39524033313278728  0.40439777059622312
  0.41355140406476598  0.42400822229438484  0.43527808085854275  0.44671462621445240
  0.45777743665898929  0.46771594946262796  0.47792668774370045  0.48948162693769631
  0.50184982670111200  0.51262006682552774  0.52269145857753374  0.53259989170639355
  0.54179200485606316  0.55055190207558868  0.55985120034787195  0.57040726295915078
  0.58199050263207541  0.59412502563405134  0.60455821624785289  0.61477652269217065
  0.62436185357163299  0.63423868743864764  0.64514119098135125  0.65677636204630163
  0.66898118288663722  0.68173082522719564  0.69365403262125236  0.70432123833647398
  0.71420508677435879  0.72391776805163477  0.73354257702212022  0.74267759677828593
  0.75153492638107100  0.76100273272164709  0.77272286221596875  0.78463917318948706
  0.79553581227984316  0.80517362380034885  0.81458738806157471  0.82292269288862241
  0.83147111216286274  0.84052431467696465  0.85069628512185713  0.86155236813097980
  0.87253988967628648  0.88425968419640633  0.89669939766564544  0.90959051610717156
  0.92244031901097312  0.93535438788267355  0.94893507770726904  0.96012710559213399
  0.96966717937256031  0.97878598125544425  0.98864321854603099  1.00000000000000000
  0.17849930983584888  0.22364714376750186  0.24763979203330094  0.26175657815100867
  0.27074121376197519  0.27978243122827412  0.28940906711223541  0.29910367474550459
  0.30845792312000370  0.31568805163545577  0.32168955749113104  0.32743064557706386
  0.33268991455223940  0.33735638889073039  0.34107821390265103  0.34480743431208538
  0.34938744087308055  0.35599688979963290  0.36107713833866578  0.36481690170050141
  0.36851012266385869  0.37244019571475484  0.37748411412384636  0.38360299367400197
  0.39046405444048404  0.39757704436507713  0.40390670589407068  0.40932209920222279
  0.41435252896276886  0.41944537348659983  0.42491706705858995  0.43095412834681318
  0.43687421437091134  0.44270383510028560  0.44822557445479211  0.45373243389795215
  0.45919899996580088  0.46383817962441098  0.46840501222756292  0.47297162414361038
  0.47817506853911851  0.48463870956288579  0.49098636810313490  0.49751323428734062
  0.50477477626012213  0.51273356602514153  0.52081648091332244  0.52875892108502054
  0.53645745182738636  0.54374862864164630  0.55099949335929355  0.55887222873207165
  0.56718387628911926  0.57535636893168540  0.58289228314045183  0.58950089037782161
  0.59577951132935236  0.60257631642064424  0.60919118156071073  0.61650701991087364
  0.62397736765053646  0.63213576580448938  0.64025054989776942  0.64809116667274236
  0.65625301772843581  0.66407310917667883  0.67234451865325151  0.68127071842433196
  0.69042798511965087  0.69984248554569983  0.70902112149821273  0.71746292050205263
  0.72582373717484761  0.73380016563838191  0.74206661712191990  0.75000367023521597
  0.75871543923637474  0.76737866794718168  0.77614068351277432  0.78425850688915677
  0.79188132081893903  0.79992695190431018  0.80892610917791585  0.81887711857493350
  0.82920896877404560  0.83965915420512294  0.85082125946906018  0.86246668489788036
  0.87436051306178642  0.88607729087064668  0.89926982316700177  0.91345138377849944
  0.92952096152207064  0.94746737826806382  0.97027027274449196  1.00000000000000000
 -0.02006893996923626  0.12864109584110925  0.17979089751509783  0.21203858682874874
  0.23378806243639255  0.25129897444446442  0.26842727280633627  0.28566701235267666
  0.30164729556697206  0.31564116618128391  0.32929337259218927  0.34256382793704193
  0.35502842556929687  0.36615678612193520  0.37674888995741557  0.38749415079856253
  0.39831541120161162  0.40900331181403893  0.41867635344067106  0.42814735120818775
  0.43696290978889996  0.44635517597161273  0.45460976073246973  0.46259199052295041
  0.47060672464443204  0.47948288148185536  0.48740810548713487  0.49436648561862173
  0.50111408047953898  0.50777783166294022  0.51498941285362765  0.52239052171016676
  0.52956734255080151  0.53615708710899668  0.54239922315237810  0.54867091375408361
  0.55512490395999725  0.56231874991134823  0.56936747211918537  0.57650646484666623
  0.58366391532820094  0.58930573759524740  0.59439635633430821  0.59938768878824678
  0.60416086759430121  0.60999992724789764  0.61612159592512961  0.62209614054561213
  0.62786569972370654  0.63325195176902715  0.63873368460285840  0.64453766967023374
  0.65031392257585519  0.65605918161559651  0.66170518266530420  0.66732494508382323
  0.67348237381904941  0.67940663871353635  0.68512587639025913  0.69071404269843839
  0.69639776280758925  0.70157564475622769  0.70633075561648628  0.71075642566297448
  0.71506856556256937  0.71957731376513057  0.72447811264807649  0.72979671860210615
  0.73549589330419041  0.74152934925386504  0.74742495931787989  0.75341858500180892
  0.75940827176048997  0.76493541690983913  0.77037112323889045  0.77595988478005984
  0.78162718426923139  0.78755189547227111  0.79348919666967876  0.79912779208882989
  0.80418455971354641  0.80947761933663964  0.81509576329298927  0.82090379174323413
  0.82756391113421301  0.83458833055571657  0.84215397671193026  0.85037976733289988
  0.85930252376184590  0.86902861526405362  0.88014414557000897  0.89301726417841987
  0.90755716416602561  0.92349183770390830  0.94604188617664275  1.00000000000000000
   6.2409449007242877E-005  -1.0000000000000000     
 F F F F F F F F F F F F F F F F F F F F F F F F F F F F F F F F F F F F F F F F F F F F F F F F F F F F F F F F F F F F F F F F F F F F F F F F F F F F F F F F F F F F F F F F F F F F F F F F F F F F F F F F F F F F F F F F F F F F F F F F F F F F F F F F
  <DiscreteSampler_grid>
  grouped_processes
  1 # 1 for a reference and 2 for a running grid.
  10 # Attribute 'min_bin_probing_points' of the grid.
  1 # Attribute 'grid_mode' of the grid. 1=='default',2=='initialization'
  0.0000000000000000 # Attribute 'small_contrib_threshold' of the grid.
  0.5000000000000000 # Attribute 'damping_power' of the grid.
 # binID   n_entries weight   weight_sqr   abs_weight
    31   10   6.213516781639897E+003   1.142036867872195E+008   6.213516781639897E+003
    32   10   6.213516781640041E+003   1.142036867872264E+008   6.213516781640041E+003
    40   10   5.816556967770955E+003   1.030523411211804E+008   5.816556967770955E+003
    41   10   5.816556967771090E+003   1.030523411211866E+008   5.816556967771090E+003
  </DiscreteSampler_grid>
