 -0.00234222689867965  0.00955339673671510  0.01972199011350448  0.03023858064230111
  0.04077722438322809  0.05131288849291733  0.06185623811355011  0.07240809006830566
  0.08295866698030363  0.09350604136257196  0.10404889124028069  0.11459152397974978
  0.12513252043024337  0.13567557755608986  0.14621424211077097  0.15674960126505716
  0.16728290582318667  0.17782218402421707  0.18836811885028082  0.19890732278678669
  0.20944502891015962  0.21997849149772630  0.23050926665730456  0.24103873832849915
  0.25156830175779082  0.26210709314624675  0.27264692356546028  0.28319329059244225
  0.29373751471364024  0.30427936254369314  0.31481168593060205  0.32534343647197983
  0.33587914989999262  0.34641293925688615  0.35694705738389904  0.36747798431346007
  0.37801269257893666  0.38854642247706028  0.39908219803381811  0.40962530829173610
  0.42016819324840504  0.43070678539322915  0.44123832035791788  0.45177838054506508
  0.46232143738469739  0.47286520894412087  0.48340923767753036  0.49395665479969170
  0.50450858163021073  0.51505450344159465  0.52560072545136227  0.53614300690372552
  0.54667997879476460  0.55721449596164863  0.56775426632498349  0.57830549590844338
  0.58885804468778535  0.59941190784890486  0.60995028582806377  0.62048735021483803
  0.63102328417553655  0.64157319797002854  0.65211945781725211  0.66266525607409932
  0.67319780980543509  0.68372903851068767  0.69425535601259136  0.70479453854684493
  0.71533895917314338  0.72588231977250561  0.73642337781620948  0.74695685529384337
  0.75749760397792831  0.76803618682801467  0.77858236038133855  0.78912388108544540
  0.79966755955471369  0.81021214220165894  0.82076188163669062  0.83130864848978769
  0.84185260570925591  0.85239474382729152  0.86294357701744984  0.87349167384998516
  0.88403602314551477  0.89457666470644293  0.90511987778966119  0.91565986938876631
  0.92620318222119291  0.93673799667943136  0.94728045310765518  0.95782210075828200
  0.96836705406890822  0.97890990912884668  0.98945256425353623  1.00000000000000000
 -0.00251537421784076  0.00948908977960216  0.01965388767392032  0.03017328713693578
  0.04072090656368085  0.05126305022763223  0.06179710203182402  0.07233855538230183
  0.08287306491668921  0.09341666602950743  0.10395145371027577  0.11449562997333951
  0.12504078522010101  0.13558437492972372  0.14612496216463497  0.15666460830656484
  0.16721190801728020  0.17775874129472269  0.18830401985438480  0.19884527023162343
  0.20938806059942694  0.21993209682695011  0.23048392610906848  0.24103184601206928
  0.25157890492113949  0.26212012228404774  0.27266021282305897  0.28319970429565555
  0.29374383350516120  0.30428439086378434  0.31481879889801706  0.32535098017732533
  0.33589403515326666  0.34643686041883415  0.35697666092213148  0.36750784366834560
  0.37804063413004374  0.38857799403005550  0.39912210703682699  0.40967249899850278
  0.42022423601282194  0.43077645110715113  0.44132267312856277  0.45186088172736349
  0.46240014682468727  0.47294646659349454  0.48350129741789555  0.49404768058438714
  0.50459013500217309  0.51512845276836294  0.52567643882701032  0.53621722643307479
  0.54675629125171976  0.55729338623848679  0.56783683255917650  0.57837621259166527
  0.58890989692851581  0.59943628111388902  0.60997037406009869  0.62050456989716818
  0.63104999744004142  0.64159589383838977  0.65214241164925890  0.66267816625091724
  0.67321254822995125  0.68374583873010408  0.69429023233545550  0.70483233968839998
  0.71538184549542172  0.72592220636651061  0.73646643320515492  0.74700463174127518
  0.75754546206735551  0.76808452205005273  0.77862770353127086  0.78917021976601520
  0.79971581406910575  0.81025970076260334  0.82080547153860572  0.83134948447426382
  0.84189683640799762  0.85244065996880214  0.86297934202677351  0.87351496401750184
  0.88405709684249778  0.89460622306551651  0.90515607406248599  0.91570538176560234
  0.92624683080509251  0.93678638169726491  0.94731883770658010  0.95785974582999334
  0.96840287837681394  0.97894019145480438  0.98947379975861793  1.00000000000000000
   2.5643059423238980E-008  -1.0000000000000000     
 F F F F F F F F
  <DiscreteSampler_grid>
  grouped_processes
  1 # 1 for a reference and 2 for a running grid.
  10 # Attribute 'min_bin_probing_points' of the grid.
  1 # Attribute 'grid_mode' of the grid. 1=='default',2=='initialization'
  0.0000000000000000 # Attribute 'small_contrib_threshold' of the grid.
  0.5000000000000000 # Attribute 'damping_power' of the grid.
 # binID   n_entries weight   weight_sqr   abs_weight
    10   10   1.322623097372511E+010   1.749331857703254E+020   1.322623097372511E+010
  </DiscreteSampler_grid>
