  0.00000485892536154  0.00000496930493648  0.00000507379903019  0.00000517427895973
  0.00000527161274688  0.00000538293412325  0.00000552089697695  0.00000566277419303
  0.00000580558930041  0.00000593743379372  0.00000605798768071  0.00000618402846242
  0.00000631856672798  0.00000647390558184  0.00000664641689544  0.00000682805850585
  0.00000699651985985  0.00000718322362815  0.00000738298694607  0.00000758029314967
  0.00000779023927348  0.00000800352103469  0.00000820906987413  0.00000844444653109
  0.00000868205671214  0.00000892561547344  0.00000917973982005  0.00000946650672438
  0.00000978294762759  0.00001008930233873  0.00001039026564247  0.00001068773099348
  0.00001099928493394  0.00001132216867174  0.00001165408790754  0.00001199648966571
  0.00001234246041752  0.00001269578387507  0.00001307259089987  0.00001345398742763
  0.00001383648767612  0.00001421353968476  0.00001462722801238  0.00001506193311485
  0.00001551532675638  0.00001597435264838  0.00001643637563374  0.00001695323423011
  0.00001749459896749  0.00001802125321433  0.00001858670927792  0.00001920735909119
  0.00001989318306169  0.00002059474242676  0.00002128358701297  0.00002198854411642
  0.00002274028507209  0.00002352744049955  0.00002437365833935  0.00002526724052202
  0.00002621891563936  0.00002719223581428  0.00002816927365243  0.00002919576395248
  0.00003031558879808  0.00003151240766478  0.00003281108593005  0.00003421024102333
  0.00003576756852766  0.00003742508474017  0.00003927006848697  0.00004123102146116
  0.00004335732721913  0.00004573204294968  0.00004849849956788  0.00005150221386232
  0.00005480855718723  0.00005840042898044  0.00006236912032299  0.00006695504233464
  0.00007238452551742  0.00007901331836679  0.00008714907006974  0.00009729515930819
  0.00011013072850737  0.00012648474843154  0.00014934343983082  0.00018059488950114
  0.00022237210806267  0.00029368122091248  0.00040161608004191  0.00059158151513089
  0.00105819115643152  0.00325267213998854  0.18208257023990126  1.00000000000000000
  0.00003874800774492  0.00004064840538088  0.00004232566373165  0.00004394371813390
  0.00004550069050820  0.00004705918945734  0.00004867739117375  0.00005027775473419
  0.00005188472996007  0.00005364476763601  0.00005562605901927  0.00005774074379538
  0.00005992378884337  0.00006220354770213  0.00006456538503356  0.00006704340085268
  0.00006948465330424  0.00007183644149864  0.00007415133233486  0.00007656654179948
  0.00007906074162689  0.00008162109457517  0.00008425471323070  0.00008700106436943
  0.00008989998189850  0.00009289069765741  0.00009628790120692  0.00009986300387004
  0.00010328975483631  0.00010699479107681  0.00011182737663164  0.00011716788785702
  0.00012238219368850  0.00012787203076510  0.00013344862767970  0.00013936112158131
  0.00014607681194372  0.00015323842187191  0.00016032689198110  0.00016822253242413
  0.00017721131633167  0.00018701730870985  0.00019881771529964  0.00021150526855693
  0.00022540205922320  0.00024095225315036  0.00025821343720198  0.00027763848336989
  0.00029953723787998  0.00032514586159525  0.00035270038597227  0.00038264102185878
  0.00041554897274272  0.00045230273244409  0.00049482945794082  0.00054275817566650
  0.00059792250237818  0.00066228695381108  0.00073058894656854  0.00080423028671191
  0.00088239636291699  0.00096680704842638  0.00105425700120158  0.00114757765953914
  0.00124880058170962  0.00136622838042084  0.00149511371207060  0.00162157395021767
  0.00174095544189804  0.00186798645323524  0.00201087227604676  0.00217930059214114
  0.00240308472073859  0.00265526541590855  0.00297943855269923  0.00335950584306017
  0.00373873634501233  0.00415379646304939  0.00466676618202651  0.00525216064274267
  0.00564060563946200  0.00608301510863232  0.00656639858688678  0.00705390785982377
  0.00756900975435755  0.00825229746850048  0.00884192311140048  0.00943798710518774
  0.01016035895213618  0.01110451624152211  0.01349801557250149  0.01813794591750680
  0.02290098490984537  0.03012740279274179  0.43123490336732312  1.00000000000000000
  0.00000627433701287  0.00000682119154868  0.00000745000106096  0.00000822660759368
  0.00000909620952837  0.00001001197414596  0.00001097610762258  0.00001205554601369
  0.00001316998653612  0.00001437970354243  0.00001572451168210  0.00001701945470315
  0.00001825558504509  0.00001954084426174  0.00002085133858921  0.00002235934734944
  0.00002398188597099  0.00002583391877834  0.00002790864843664  0.00003010284956238
  0.00003236232417140  0.00003473448488633  0.00003741794081245  0.00004026462200692
  0.00004324409218066  0.00004635159830284  0.00004970853991718  0.00005330919334899
  0.00005738244869010  0.00006186522966260  0.00006659297299593  0.00007120650254680
  0.00007582960056610  0.00008062317147863  0.00008582398180895  0.00009161783863388
  0.00009782137768117  0.00010480027958273  0.00011250515070543  0.00012151333524345
  0.00013105309585767  0.00014140515754079  0.00015220731708570  0.00016350206117068
  0.00017589020506789  0.00018981294141815  0.00020589971596579  0.00022444641909182
  0.00024430519869249  0.00026550300608855  0.00028711014808837  0.00030935620608899
  0.00033439874030296  0.00036311673409729  0.00039529374778088  0.00042863377151213
  0.00046420269973399  0.00049938037017912  0.00053980835582608  0.00058169923930899
  0.00063591829877919  0.00069274980838284  0.00074850380017637  0.00080474275456714
  0.00086130360176287  0.00092107340633322  0.00098190235609103  0.00104676093412112
  0.00112320245424196  0.00120260732255490  0.00128395034796468  0.00137403394720150
  0.00147737463545832  0.00160365385556341  0.00175225019204475  0.00192809980212066
  0.00213164621290704  0.00233691206173426  0.00255121701502981  0.00277686372732647
  0.00305294316315321  0.00336539423064576  0.00371843653317620  0.00414686231882640
  0.00468128571896259  0.00512914157739263  0.00547157581009008  0.00585232100935546
  0.00634257356868242  0.00750236581973648  0.00969925355128772  0.01247012053425516
  0.01637717768433243  0.08845703305904837  0.36022730650432422  1.00000000000000000
 -0.00260745292801754  0.00986716302235438  0.01990146019142873  0.02951701006596914
  0.03856490860186895  0.04692425109788306  0.05478562863906241  0.06297723286793719
  0.07104492152980683  0.07997325407841706  0.08982616423257701  0.10065837232821734
  0.11250146775472820  0.12418976282344420  0.13426690619283349  0.14316195915399735
  0.15178253071275946  0.16081782659944885  0.17052578185705392  0.18055486170719762
  0.19224668455912292  0.20563718264670156  0.21903148845550088  0.23176421803288944
  0.24378882929704723  0.25611720638391572  0.26825678032823752  0.28045071743932026
  0.29291816159767275  0.30558699083687063  0.31727949282865830  0.32770034742509607
  0.33844002908478676  0.34879062645378445  0.35902486719093291  0.36982520381160683
  0.38161932206557608  0.39404521079876376  0.40629927682950578  0.41849190836574013
  0.42993664402266640  0.44250663233889354  0.45569122843432269  0.46773115726299541
  0.47925430762748250  0.49081107886983938  0.50236545486209694  0.51403694908866226
  0.52626766440773476  0.53838320125000494  0.54986892149080535  0.56070443435509698
  0.57166923164393524  0.58250198258266939  0.59306860016908014  0.60390987824142583
  0.61507641112056077  0.62580415596492622  0.63592716922602188  0.64612188633063805
  0.65620738977458903  0.66642458196099352  0.67716069027101877  0.68774897127466661
  0.69821966949917580  0.70860372151032069  0.72003088219118705  0.73064039767389144
  0.74064135719373148  0.75044147404728057  0.76171954668155117  0.77294221010849817
  0.78235606430201965  0.79181772924228944  0.80228554882033254  0.81313175519129299
  0.82347770181991320  0.83373122536066402  0.84378471089790386  0.85401225572716744
  0.86342828780609193  0.87301073087944570  0.88294070455272888  0.89234792218908199
  0.90132528047692784  0.91042230720528194  0.91985133151768295  0.92916704613409484
  0.93799955647161248  0.94709260683570140  0.95562485610729320  0.96477345499431877
  0.97290615283961590  0.98148850302445279  0.99064598244535851  1.00000000000000000
 -0.00199138299567585  0.00881123118179188  0.01852837386750300  0.02811742782774627
  0.03821250626842260  0.04917183929386102  0.06111924559196550  0.07286656933017178
  0.08429554700051310  0.09563279257658801  0.10642783510945848  0.11598399100741902
  0.12611278921098990  0.13611685318474712  0.14628898896153350  0.15631817929974781
  0.16613967080797082  0.17666300058203513  0.18700046280547789  0.19701821968527347
  0.20690092932291290  0.21723660773018211  0.22801078168363789  0.23917817388708282
  0.24994356926407654  0.26047301951185975  0.27091758092467816  0.28201497441496864
  0.29343739068194497  0.30474793011070400  0.31737233944284204  0.32919796403673784
  0.34052549567063511  0.35109944793928638  0.36216806728598716  0.37382967353179142
  0.38558265523645130  0.39725659526777263  0.40816172990500665  0.41910159720418144
  0.43068852475235780  0.44197691806303463  0.45301403241244759  0.46382074254826344
  0.47497423456826454  0.48673357336976170  0.49781762477498342  0.50814694470358468
  0.51841150675036618  0.52878444816253156  0.53887070844917351  0.54872165266036221
  0.55884443013524809  0.56890965230806967  0.57905727139258090  0.58859024408865068
  0.59761051133620002  0.60650141797353652  0.61501335623105657  0.62395146380053901
  0.63349383888592015  0.64423619096150941  0.65535067576042949  0.66659482459311348
  0.67822718939470894  0.68973605021360518  0.70035800232264078  0.71165880501167889
  0.72279869193498014  0.73347077952374495  0.74392872031454638  0.75393643020678391
  0.76369047519960231  0.77347344871466284  0.78330723137388991  0.79294748796842285
  0.80271589456114234  0.81259643036754836  0.82261378191641910  0.83251063542025450
  0.84200809168329882  0.85154690760918306  0.86128506655700832  0.87080479530097354
  0.88064714937740274  0.89066903597792435  0.90138613498424391  0.91283110679080914
  0.92343893193658244  0.93338665289459266  0.94347212911216727  0.95398387525386097
  0.96526384963364020  0.97651604178683826  0.98805432609270960  1.00000000000000000
 -0.00326816417837999  0.01499702618833908  0.02832399169307804  0.04197121073865358
  0.05610779284691537  0.07158428772620390  0.08621439412007942  0.09953039930954051
  0.11192642858336194  0.12453737515232322  0.13662188267418079  0.14746546389285178
  0.15830737255448732  0.16899231005818593  0.18214674374052664  0.19556102407607115
  0.21002391472986870  0.22287981156285519  0.23450962445485019  0.24494657443252243
  0.25502921408668006  0.26510001314253651  0.27616936164191175  0.28822252114042357
  0.30090933421721233  0.31405684978390835  0.32725663293291091  0.33944268763946572
  0.35015916511738987  0.36075583089542179  0.37196763998551935  0.38377743882234522
  0.39588082177186007  0.40789611646972618  0.42003260211488036  0.43181924590477649
  0.44364576681565226  0.45550880124047199  0.46692378520735273  0.47785227877244535
  0.48885404017189066  0.50001253565808101  0.51087717867629667  0.52130918159618600
  0.53190744154458314  0.54259575486283917  0.55290757420757441  0.56271684371562969
  0.57216493395007595  0.58158453637273433  0.59110948831649268  0.60091140263119958
  0.61118501514768397  0.62193415712735167  0.63305136201387779  0.64366002581258519
  0.65352236193873980  0.66280493423624942  0.67180228086481641  0.68071497070402853
  0.68952844759102472  0.69802297602515817  0.70633945523999209  0.71496078226360071
  0.72353148903052789  0.73217499199029779  0.74158977700052431  0.75093774040699068
  0.76005545233195682  0.76853471574007615  0.77661919317910111  0.78467159482909965
  0.79286538922514960  0.80098024562570636  0.80879688574984421  0.81680301916426512
  0.82510355512169620  0.83308681103511595  0.84086487460184633  0.84848799710428990
  0.85623854361288210  0.86544340441699064  0.87433655682454692  0.88339452275923758
  0.89215479354325422  0.90164161783590446  0.91183003266074991  0.92218656745044203
  0.93265228496566355  0.94293854293458934  0.95170469072203023  0.96269103315061466
  0.97311311227608555  0.98317504754243723  0.99166979455841531  1.00000000000000000
 -0.00213271743433149  0.00920667818836400  0.01908009657553406  0.02893400220928287
  0.03901904988354437  0.04936133915169395  0.05971979942829176  0.07024529507515836
  0.08091978514826784  0.09263842545596102  0.10442124216160667  0.11572229137990570
  0.12673242438952045  0.13747460001131198  0.14929425233047500  0.16162268748758132
  0.17327544344338500  0.18417356610485439  0.19504234957403546  0.20561031285163997
  0.21634362975759372  0.22736850572913628  0.23884937857184615  0.25048371914770268
  0.26122666721957372  0.27128805923953647  0.28119505761532182  0.29112141420639676
  0.30209115398255110  0.31332928828704326  0.32527357293250297  0.33637546153146808
  0.34660674223801047  0.35633015393069134  0.36610453843365537  0.37641685498973998
  0.38706440041006479  0.39851941955155012  0.40927360778596666  0.42038279401863066
  0.43099588951451645  0.44179199117389989  0.45215721415716131  0.46222802342038255
  0.47231699424550450  0.48212865744898636  0.49178911895837418  0.50127239182437244
  0.51006810238315481  0.51856621028034433  0.52737568261873757  0.53751338655864467
  0.54863393667878513  0.56033862067517060  0.57256588031037459  0.58487666479200073
  0.59712487949465998  0.60877273167845580  0.62060897226971501  0.63266441142613261
  0.64276543736357106  0.65259403988096443  0.66189211047695595  0.67113355133937991
  0.68102796263126730  0.69174439901458551  0.70164448016212266  0.71185281555023050
  0.72189744058675809  0.73220049756731953  0.74165345913577496  0.75099808640314947
  0.76081064038633028  0.77068356184960551  0.78010765557313788  0.79005860130177830
  0.80102317740826356  0.81185856185739247  0.82186066781708444  0.83209411732029970
  0.84331624994129750  0.85448918811331309  0.86509216144571344  0.87556982163753794
  0.88624953493816727  0.89690540789940276  0.90686445413578232  0.91624789034519971
  0.92602746538430847  0.93644921945944648  0.94878503611077891  0.96024650966336145
  0.97048273986250999  0.98028510924763135  0.99002138480283908  1.00000000000000000
 -0.00203412621904977  0.00835256683642771  0.01740230300394001  0.02715071597758624
  0.03745354209538922  0.04846023031363678  0.05960336278046895  0.06946050851256966
  0.07988654482601186  0.09060887537939812  0.10129730132030455  0.11094738947386443
  0.12070030785642595  0.13085512378170966  0.14201887893609963  0.15374718893146955
  0.16601798736778844  0.17867772782557981  0.19052931933783224  0.20103525616439569
  0.21076789855221290  0.22084358999284504  0.23176375191849796  0.24197822901852784
  0.25166918837264152  0.26133449644193135  0.27118151890695918  0.28137339396045347
  0.29121573423330643  0.30080725475412140  0.31040724164899797  0.32050396309706153
  0.33125411912480135  0.34105596434781338  0.35064665260850486  0.36022154583487576
  0.37000656287731498  0.37996446452693200  0.38975886542182553  0.39972894686154881
  0.41055202629960835  0.42175994212054019  0.43214753168992748  0.44159097001586511
  0.45058225944749086  0.46027200662734652  0.47068360397013659  0.48147118374336756
  0.49264663245282053  0.50418220554783921  0.51603334684007851  0.52721882518137242
  0.53775045768578933  0.54818031553308899  0.55849244979465984  0.56912197769789652
  0.57996699348559333  0.59088882602108828  0.60210820463154691  0.61346790927555583
  0.62469468196454414  0.63542912810383034  0.64633081543633242  0.65780547419023849
  0.66941170265715688  0.68061870006577996  0.69127743593292701  0.70170063897826218
  0.71242076220978090  0.72389304657897013  0.73662016414571052  0.74976409966192836
  0.76243109197951431  0.77323121864530531  0.78343316674250585  0.79301537617720641
  0.80280865797875312  0.81406750138089035  0.82620069226550230  0.83758968684672941
  0.84879911714814382  0.85943642356314887  0.87065779003826349  0.88276859375013561
  0.89496148516906859  0.90624479695671178  0.91655982255891033  0.92621589496751910
  0.93547446211508212  0.94421740694897527  0.95276728556828083  0.96152126470652421
  0.97106927940562171  0.98123002547237514  0.99099543108237387  1.00000000000000000
  0.10871125696079749  0.13337340775282541  0.14544937498445612  0.15502552411092210
  0.16722381624642746  0.18530232082668779  0.20020088589479978  0.21378316711756093
  0.22509679598445098  0.23635846721039491  0.24678200326933200  0.25748081772580189
  0.26928121456094734  0.28359320987009229  0.29718032289804164  0.30900254373070901
  0.32084221254815748  0.33113833033955586  0.34097801159917296  0.35180688262939103
  0.36344233303232937  0.37434449232208367  0.38485157535767611  0.39564881723756723
  0.40592931663693438  0.41518081999858025  0.42430703681033821  0.43372302424874409
  0.44393920180792301  0.45445145703415679  0.46528773665185763  0.47689896754142269
  0.48799272425112000  0.49884725628509130  0.50723987250296687  0.51598431177302284
  0.52513649463590706  0.53415655969219811  0.54356761515829544  0.55272908252319786
  0.56147343141453843  0.56977402152379630  0.57822556394684388  0.58744604372083009
  0.59689418555501583  0.60608541761219348  0.61485586358022049  0.62304471129201799
  0.63151616739354077  0.64028802595832868  0.64986812771202607  0.65890466574177420
  0.66790803055137771  0.67672782867908554  0.68544152695959304  0.69365081690214669
  0.70149135574487809  0.70901101906744657  0.71667249536831279  0.72424420399465461
  0.73193092427085638  0.73975096011340413  0.74757493051571355  0.75544844614220164
  0.76341655160482680  0.77109581303266339  0.77860120769335894  0.78601712911964683
  0.79355428443625342  0.80108798507450030  0.80824923353557909  0.81536224440614224
  0.82215828415923764  0.82937451198488943  0.83647327188460630  0.84332753942468131
  0.85019120044201690  0.85697735833553124  0.86375964637524272  0.87028665270349670
  0.87680574556146995  0.88366559728914218  0.89076925820880481  0.89791787612799423
  0.90513104069685291  0.91232955171017993  0.91998901294172930  0.92782539968857669
  0.93566086102236046  0.94314279920250088  0.95004138995054710  0.95669813638000401
  0.96375740512071884  0.97225259583246881  0.98407709191906978  1.00000000000000000
 -0.02079797999541994  0.13229629377176999  0.17806229923437072  0.20978225475629664
  0.23590425061194509  0.25736608369129976  0.27660927424769122  0.29355944692157415
  0.30874036831185814  0.32299916260123696  0.33614351253959540  0.34849111950838219
  0.36018215726409225  0.37190585929306369  0.38365818474992353  0.39496546329385107
  0.40589257248566030  0.41630956747489017  0.42610718636601685  0.43596710109845377
  0.44458402092133431  0.45388793195431104  0.46247022546850108  0.47037110327384080
  0.47791823084497331  0.48493205075721352  0.49177710991835888  0.49861892803290503
  0.50529610892337096  0.51171312542339631  0.51819372398716290  0.52536797320557405
  0.53283798899842816  0.54034471125587114  0.54784310786048662  0.55508773969483216
  0.56204458470837193  0.56811485255754757  0.57387675412747552  0.57967681833838625
  0.58542031809450445  0.59129918153203476  0.59680220552904606  0.60197453895388020
  0.60710120464771444  0.61253859123481502  0.61839247662360086  0.62415539073010085
  0.62963804271956569  0.63497441176634961  0.64013959623934968  0.64538891936124676
  0.65046035610512509  0.65591705329787364  0.66128202979053152  0.66690159731832177
  0.67265761321370998  0.67838824604812864  0.68354359900024142  0.68872402141935840
  0.69416886129024125  0.70001405242437242  0.70635527176509716  0.71300840549806821
  0.71957833541519700  0.72586797872588216  0.73160593577540189  0.73728235448402102
  0.74297455956116232  0.74865007700655173  0.75410613058210940  0.75903225645366446
  0.76417784777561382  0.76928029741168824  0.77447829900152243  0.77979042203784177
  0.78496568518148413  0.79010523646244812  0.79531390709947758  0.80089171161453809
  0.80700783914972252  0.81314209022263806  0.81930158991407187  0.82538209248940853
  0.83175108590949509  0.83880597921420763  0.84644945513442693  0.85469286842491121
  0.86356752222855804  0.87284017534185276  0.88234409998567231  0.89260616834389950
  0.90412597556443353  0.91876331317848503  0.94136429584233827  1.00000000000000000
   3.0318386246070490E-004  -1.0000000000000000     
 F F F F F F F F F F F F F F F F F F F F F F F F F F F F F F F F F F F F F F F F F F F F F F F F F F F F F F F F F F F F F F F F F F F F F F F F F F F F F F F F F F F F F F F F F F F F F F F F F F F F F F F F F F F F F F F F F F F F F F F F F F F F F F F F
  <DiscreteSampler_grid>
  grouped_processes
  1 # 1 for a reference and 2 for a running grid.
  10 # Attribute 'min_bin_probing_points' of the grid.
  1 # Attribute 'grid_mode' of the grid. 1=='default',2=='initialization'
  0.0000000000000000 # Attribute 'small_contrib_threshold' of the grid.
  0.5000000000000000 # Attribute 'damping_power' of the grid.
 # binID   n_entries weight   weight_sqr   abs_weight
    10   10   2.224250013266131E+002   2.956747770402979E+005   2.224250013266131E+002
    11   10   2.224250013266131E+002   2.956747770402979E+005   2.224250013266131E+002
    16   10   2.224250013266131E+002   2.956747770402979E+005   2.224250013266131E+002
    17   10   2.224250013266131E+002   2.956747770402979E+005   2.224250013266131E+002
    22   10   2.224250013266131E+002   2.956747770402979E+005   2.224250013266131E+002
    23   10   2.224250013266131E+002   2.956747770402979E+005   2.224250013266131E+002
    28   10   2.224250013266130E+002   2.956747770402977E+005   2.224250013266130E+002
    29   10   2.224250013266130E+002   2.956747770402977E+005   2.224250013266130E+002
    34   10   2.224250013266130E+002   2.956747770402977E+005   2.224250013266130E+002
    35   10   2.224250013266130E+002   2.956747770402977E+005   2.224250013266130E+002
    40   10   2.224250013266130E+002   2.956747770402977E+005   2.224250013266130E+002
    41   10   2.224250013266130E+002   2.956747770402977E+005   2.224250013266130E+002
    46   10   2.224250013266129E+002   2.956747770402975E+005   2.224250013266129E+002
    47   10   2.224250013266129E+002   2.956747770402975E+005   2.224250013266129E+002
    52   10   2.224250013266129E+002   2.956747770402975E+005   2.224250013266129E+002
    53   10   2.224250013266129E+002   2.956747770402975E+005   2.224250013266129E+002
    58   10   2.224250013266130E+002   2.956747770402976E+005   2.224250013266130E+002
    59   10   2.224250013266130E+002   2.956747770402976E+005   2.224250013266130E+002
  </DiscreteSampler_grid>
