 -0.00251079020032371  0.00950642910603612  0.01967139818402178  0.03019197929930132
  0.04073444669096256  0.05126422099005166  0.06179667132717825  0.07233575233029141
  0.08287990980715484  0.09342514268565268  0.10396904708624974  0.11451878799028016
  0.12506679331539156  0.13561601556403702  0.14616050181900864  0.15670794447494571
  0.16724983164066734  0.17779207856317664  0.18833500327335559  0.19888294260845696
  0.20943503544362219  0.21998640810523784  0.23052827777072871  0.24107037854670710
  0.25161249638466299  0.26216442245951727  0.27271119250728015  0.28325916626911607
  0.29380150555881274  0.30435031900086235  0.31488156752740737  0.32541167286703671
  0.33593437334984960  0.34646472545218981  0.35699900411511853  0.36753980597827984
  0.37808384988564758  0.38863053687399796  0.39917365644835195  0.40972306508593903
  0.42027111713725274  0.43082233820389498  0.44136778242876074  0.45190442713538603
  0.46243491202180997  0.47296501184721124  0.48350091309007776  0.49404308136670105
  0.50458445311327660  0.51512164394072868  0.52565997853098367  0.53619298510437463
  0.54673389967566111  0.55727138448621161  0.56781840550835971  0.57836404702264432
  0.58891004412633419  0.59945700877229557  0.61000651178825871  0.62055078701910471
  0.63109697050903280  0.64163837747781560  0.65218435092075744  0.66271877825045455
  0.67324709070201227  0.68377709307749823  0.69431699091730781  0.70486384590266371
  0.71541017166222498  0.72595286206303145  0.73649383783866518  0.74702625371824471
  0.75755870614902332  0.76808961015691624  0.77862794919840261  0.78916779653325764
  0.79971486795659363  0.81026037638505743  0.82079840517473091  0.83133536682770237
  0.84187327614059071  0.85241372892788825  0.86294823948174115  0.87348361518733897
  0.88402216566577041  0.89456795397526545  0.90511621904317829  0.91566288020177122
  0.92620912516094223  0.93675453873114245  0.94730645801051605  0.95785261872186245
  0.96839493323186709  0.97892991659895789  0.98946597384030255  1.00000000000000000
 -0.00236147051490305  0.00968066309354660  0.01987923201003890  0.03041534300442529
  0.04096201805539883  0.05150533879765421  0.06203924404802571  0.07257985445075091
  0.08312135521023926  0.09367108580079950  0.10421578095399527  0.11476231977370394
  0.12530306166235036  0.13584321309837732  0.14638488660500712  0.15691679260867289
  0.16744279278915289  0.17795987928570650  0.18849046037617545  0.19902025934894246
  0.20954844479079862  0.22007489902403651  0.23061483956893003  0.24115098195680218
  0.25168924112052937  0.26221555128243629  0.27275227271369662  0.28328612763634431
  0.29382875109019574  0.30436814285577146  0.31491129806470747  0.32545091055838210
  0.33598929652410447  0.34652707173788538  0.35707067756254918  0.36762069640645434
  0.37817365624379562  0.38871337064327377  0.39924661671376432  0.40977882078967598
  0.42032178450756963  0.43086062310004242  0.44139830239286804  0.45193476076623362
  0.46246983190289070  0.47300286198340230  0.48353464299736670  0.49406930291337853
  0.50460005703990807  0.51513590235667805  0.52568078770541060  0.53623100704407634
  0.54677541408888797  0.55731868156274356  0.56786385437778875  0.57840623695355209
  0.58894845541537633  0.59948901146981837  0.61003296747950020  0.62057849986244540
  0.63112565662145903  0.64166996859102055  0.65221163080516942  0.66274471861693851
  0.67328580174951835  0.68382623151916277  0.69436604217900155  0.70490092541926630
  0.71544000498839955  0.72598043844164017  0.73651932658422103  0.74705129120113833
  0.75758932661791301  0.76813109590402184  0.77867186070185379  0.78921503072715049
  0.79975412343032248  0.81029882930214414  0.82084256270428113  0.83139290265104804
  0.84193208497906347  0.85247289839490636  0.86300529730299158  0.87354538991985831
  0.88407654978216788  0.89461478367466807  0.90515594920605702  0.91570474052857165
  0.92624835413852513  0.93679592951006707  0.94732902220159243  0.95786721703603284
  0.96839564927217248  0.97893349017152986  0.98946586180943563  1.00000000000000000
   2.5646057616109116E-008  -1.0000000000000000     
 F F F F F F F F
  <DiscreteSampler_grid>
  grouped_processes
  1 # 1 for a reference and 2 for a running grid.
  10 # Attribute 'min_bin_probing_points' of the grid.
  1 # Attribute 'grid_mode' of the grid. 1=='default',2=='initialization'
  0.0000000000000000 # Attribute 'small_contrib_threshold' of the grid.
  0.5000000000000000 # Attribute 'damping_power' of the grid.
 # binID   n_entries weight   weight_sqr   abs_weight
    10   10   1.322623097372511E+010   1.749331857703255E+020   1.322623097372511E+010
  </DiscreteSampler_grid>
