 -0.00242494251563297  0.00955180723035880  0.01972005888726960  0.03024749710229468
  0.04079843704083845  0.05134361097302013  0.06188809028596069  0.07243776306664966
  0.08298784684592801  0.09353788873327441  0.10407821564771441  0.11461946288061654
  0.12515435866242908  0.13569206608326778  0.14623093786385347  0.15677801973159761
  0.16732716493753300  0.17786847874286507  0.18840959864924561  0.19894406317627336
  0.20947852574854928  0.22001393222238672  0.23054945281476402  0.24108579797448196
  0.25161203373508101  0.26214767506874398  0.27268648132388373  0.28323403642454842
  0.29378446850106821  0.30432304684877265  0.31486246525419781  0.32539322233029055
  0.33593808671400172  0.34648111202423321  0.35702360610855327  0.36756784501334339
  0.37811040816981151  0.38865381121016163  0.39919711925267770  0.40974286834602236
  0.42029587072143054  0.43084633128657296  0.44138806681075260  0.45193026814322396
  0.46246943330140855  0.47300845073900888  0.48353892549624511  0.49407314367429739
  0.50460712411823361  0.51514939445710761  0.52569365573870130  0.53624339906074625
  0.54679081891595760  0.55733407568212923  0.56787371311876700  0.57840538717222489
  0.58893725107273676  0.59947482150240394  0.61001343554134557  0.62055011460921139
  0.63108875200608272  0.64163520878319591  0.65217970229018130  0.66272288438835192
  0.67326169458784590  0.68380509694558045  0.69434114046419904  0.70487812940979899
  0.71541829052366379  0.72596333358284992  0.73651016255154145  0.74705083160470021
  0.75759045318487650  0.76812940929219697  0.77867567951077554  0.78921079614471823
  0.79975059232925760  0.81028799418985731  0.82083171309859160  0.83137283243920623
  0.84191521456227447  0.85246620154062447  0.86301129172464153  0.87354984749985409
  0.88407612521513113  0.89460138758522412  0.90513120988870077  0.91567104891128437
  0.92621309261309448  0.93675149864046381  0.94728646806751815  0.95782037910751217
  0.96836059103117489  0.97890755561232667  0.98945575071679459  1.00000000000000000
 -0.00242482491077288  0.00949559797054716  0.01965568710446508  0.03017794323493382
  0.04072623464607262  0.05126576543205940  0.06180934126314183  0.07235650739914280
  0.08290758333085695  0.09345658915114907  0.10399791111722112  0.11453664491247491
  0.12507753578192440  0.13562302418904507  0.14616690785535974  0.15671002214368296
  0.16725532217419889  0.17779844940951445  0.18834442609858873  0.19889111529231701
  0.20942887843544630  0.21996119405345482  0.23048634147774819  0.24102299491870718
  0.25154905822503504  0.26208166699434748  0.27261077735602446  0.28314098295159074
  0.29366267676437730  0.30418024203697802  0.31470975455627054  0.32523952562423936
  0.33577718814247459  0.34631649407517046  0.35686471133092229  0.36740797039543727
  0.37795135313197242  0.38849512156802019  0.39904454286467755  0.40959073655152978
  0.42013509926020581  0.43068378537301549  0.44123034809745759  0.45177680632876038
  0.46232426920354375  0.47287142398094878  0.48341704676195463  0.49395843176527265
  0.50449980388358406  0.51504452156445668  0.52559072359761827  0.53614107450967852
  0.54669040422693926  0.55723343443705231  0.56777944553258808  0.57832625302353990
  0.58887732793414416  0.59942501145083993  0.60996942775024454  0.62051130421765055
  0.63104485959129786  0.64157971131862657  0.65211584874276396  0.66265058112859487
  0.67318670171671857  0.68371884019584195  0.69426137462196025  0.70480128893794236
  0.71535014671424291  0.72589407060450495  0.73643261214314981  0.74696775810067761
  0.75750874163113791  0.76805846559405577  0.77861145209555382  0.78915854096325755
  0.79970558362319211  0.81025213539141561  0.82080636198694301  0.83135881262367384
  0.84191188658331961  0.85245825964138244  0.86300196025152509  0.87354223735962910
  0.88408034890734588  0.89462306285763904  0.90515034242619319  0.91567750862960640
  0.92620593800647066  0.93674244011187058  0.94728860516588853  0.95783267989591370
  0.96838493729100250  0.97892354128872927  0.98946368179381261  1.00000000000000000
   2.5525404836941981E-008  -1.0000000000000000     
 F F F F F F F F
  <DiscreteSampler_grid>
  grouped_processes
  1 # 1 for a reference and 2 for a running grid.
  10 # Attribute 'min_bin_probing_points' of the grid.
  1 # Attribute 'grid_mode' of the grid. 1=='default',2=='initialization'
  0.0000000000000000 # Attribute 'small_contrib_threshold' of the grid.
  0.5000000000000000 # Attribute 'damping_power' of the grid.
 # binID   n_entries weight   weight_sqr   abs_weight
    10   10   1.322623097372511E+010   1.749331857703254E+020   1.322623097372511E+010
  </DiscreteSampler_grid>
