  0.00000477766377733  0.00000490678161215  0.00000500923514285  0.00000511625805983
  0.00000522593961340  0.00000535356281719  0.00000550490241501  0.00000566876688562
  0.00000582791082234  0.00000597315254350  0.00000615691578896  0.00000637861800805
  0.00000661022542718  0.00000683444829069  0.00000706810560923  0.00000734610405080
  0.00000764121053827  0.00000795504409186  0.00000829965425645  0.00000865940870450
  0.00000902582795279  0.00000939642611035  0.00000976855735392  0.00001013179566975
  0.00001048749265140  0.00001085722171001  0.00001125743451631  0.00001168501314927
  0.00001213000180120  0.00001259153018975  0.00001308042165228  0.00001358594259064
  0.00001411653718239  0.00001468673858118  0.00001532558629518  0.00001599428212675
  0.00001665881532119  0.00001736595196288  0.00001814403874974  0.00001900491759850
  0.00001990104598467  0.00002081722936054  0.00002174153763788  0.00002269815729308
  0.00002367617714809  0.00002464509223747  0.00002563204679017  0.00002669182625516
  0.00002780330692027  0.00002897054575536  0.00003026520768679  0.00003173154688925
  0.00003324754681728  0.00003502395226621  0.00003702620061389  0.00003901358194961
  0.00004116919227609  0.00004336388420571  0.00004569616154681  0.00004826171842050
  0.00005111386737914  0.00005431249682244  0.00005783971059076  0.00006170323797163
  0.00006584373727328  0.00007040912412571  0.00007560530237186  0.00008146246028457
  0.00008781373961698  0.00009488615349923  0.00010273778782722  0.00011189133113451
  0.00012289374003421  0.00013490384721157  0.00014849735365643  0.00016511837100313
  0.00018459785478207  0.00020737700777823  0.00023415587232987  0.00026680008800407
  0.00030872066641105  0.00036174765683499  0.00042582329168490  0.00050489100450448
  0.00060256099562483  0.00074432431244408  0.00095479722773793  0.00120733347421829
  0.00151629714844838  0.00198477924796066  0.00281079498562169  0.00450931531495806
  0.00780002359663379  0.01437222859798181  0.56498207624492702  1.00000000000000000
  0.00000648104966213  0.00000719043017574  0.00000760191334073  0.00000796069395640
  0.00000834879823337  0.00000880035369614  0.00000930907772811  0.00000983903917139
  0.00001037370300272  0.00001090605039442  0.00001143226645097  0.00001197266980069
  0.00001255041202921  0.00001317152622220  0.00001383965135540  0.00001454082406940
  0.00001523410447849  0.00001594769334216  0.00001666176051259  0.00001744890907237
  0.00001824293992290  0.00001901998996395  0.00001988979227654  0.00002076568354650
  0.00002173974532357  0.00002281102786368  0.00002394937143203  0.00002510034077822
  0.00002633315978703  0.00002765185208644  0.00002893325135552  0.00003029096363138
  0.00003170717002564  0.00003312964649127  0.00003472510844597  0.00003648155661795
  0.00003822500416012  0.00003996895363297  0.00004173133530109  0.00004353230257174
  0.00004554235616041  0.00004784512626102  0.00005024910310915  0.00005268215118486
  0.00005515002030975  0.00005767141627762  0.00006039415250515  0.00006350307855731
  0.00006678307254033  0.00007025899096306  0.00007391804367914  0.00007787336937287
  0.00008216639498850  0.00008688730692462  0.00009177812078450  0.00009696704680503
  0.00010227011908396  0.00010791660673170  0.00011428693333675  0.00012125596974203
  0.00012880780042398  0.00013724732651389  0.00014597300028387  0.00015526175002682
  0.00016519435807830  0.00017558778846318  0.00018626681779241  0.00019820502270962
  0.00021182489755692  0.00022796233663854  0.00024611406953389  0.00026551433985285
  0.00028628995705802  0.00030733300345411  0.00033081420523062  0.00035967915844101
  0.00039373611837496  0.00043245062392007  0.00047339311809300  0.00052352545555379
  0.00058133600799658  0.00064183649852914  0.00070541335915672  0.00077721941240757
  0.00087534892807569  0.00100817815534299  0.00118685145843163  0.00141933471782259
  0.00173019899398998  0.00213189023201517  0.00258579131386377  0.00330571026698154
  0.00465295874760132  0.00751514934223500  0.03539142724475101  1.00000000000000000
  0.00000564290395074  0.00001033097322347  0.00001274548464481  0.00001478462765971
  0.00001672777439186  0.00001899975075538  0.00002166113763689  0.00002446604034840
  0.00002716228043612  0.00003009366218549  0.00003302208589687  0.00003617530600653
  0.00003960662532467  0.00004316096661694  0.00004661929455899  0.00004996731983558
  0.00005347333842028  0.00005705840056717  0.00006070817376073  0.00006452751735517
  0.00006835371379110  0.00007261725585815  0.00007701495713858  0.00008145662881592
  0.00008589236505093  0.00009038080194432  0.00009514451659289  0.00010020150276936
  0.00010516032986852  0.00011032318646237  0.00011557108616216  0.00012114467344597
  0.00012745448590176  0.00013447485621871  0.00014153499887410  0.00015002929698512
  0.00015819865769220  0.00016687307431046  0.00017597102393232  0.00018563458037885
  0.00019637985152498  0.00020761975082348  0.00021949903303069  0.00023245431914182
  0.00024574620825082  0.00026112059407464  0.00027764016850639  0.00029607326133189
  0.00031590806686828  0.00033710764145886  0.00036060649717818  0.00038627585874665
  0.00041340722749628  0.00044419897609206  0.00047746143784569  0.00051350336440990
  0.00055046695438292  0.00058491276597653  0.00062260254031962  0.00066213483017770
  0.00070578603647152  0.00075160482156658  0.00080118724304436  0.00085770490900380
  0.00092256585618952  0.00099396914127612  0.00106696020932601  0.00114656328243685
  0.00123882579071371  0.00134308827397155  0.00144790859222664  0.00155255342692607
  0.00167070183851905  0.00179411978483181  0.00191390829035981  0.00203700145096199
  0.00216601799344955  0.00234243492542795  0.00256814086897812  0.00274841468728420
  0.00293736311511529  0.00313904169482164  0.00336166072278473  0.00367937272262595
  0.00407503403189718  0.00452531884215404  0.00503887236348398  0.00562819524402735
  0.00632166320711474  0.00705480229231200  0.00776846584784529  0.00848212940337858
  0.00935966573825439  0.01024820917921412  0.20317401056041451  1.00000000000000000
 -0.00215036034919167  0.00669321805620098  0.01483922434538371  0.02285989900222849
  0.03112657386894103  0.03935817758502295  0.04721837568269575  0.05459929222489603
  0.06207544807933388  0.06999513098163523  0.07812944950331427  0.08657329070879363
  0.09597077242087418  0.10535701256324161  0.11664431365635292  0.12757033748583260
  0.13861875418442898  0.14975647284917137  0.16085426567062130  0.17109001776017888
  0.18068196643251205  0.19052459264262167  0.20097810298324870  0.21193915960502804
  0.22254924303498222  0.23395501921016398  0.24477038760314518  0.25553329689624099
  0.26602071360205570  0.27720621176748428  0.28850127770648926  0.29915809188593484
  0.30976061928084603  0.32107330292349373  0.33227736283552772  0.34396207485763097
  0.35645406892187909  0.36961153014748122  0.38177865146053097  0.39328745683883609
  0.40480808894567560  0.41702282100611154  0.43026506124279934  0.44415139923039221
  0.45746158166741768  0.46996417871504254  0.48184511700648364  0.49353552676621976
  0.50514552742591878  0.51693717673320905  0.52928663838386292  0.54243072991196917
  0.55614602293990834  0.56898991877099037  0.58066449905914819  0.59237801605502327
  0.60395142020712045  0.61513523173929396  0.62633456837752399  0.63854806424142985
  0.65145830744636513  0.66442564991161090  0.67631637989746551  0.68801788038632872
  0.70057401696581234  0.71354564847114588  0.72575489131268212  0.73671662679967231
  0.74718748950080693  0.75714259852620780  0.76742916256766591  0.77722757680890853
  0.78749951788541694  0.79783904688320673  0.80806980482645618  0.81776417749302610
  0.82682663525517297  0.83566124783492113  0.84489511426124564  0.85429843955974882
  0.86398061342542642  0.87371673570269226  0.88271743042312245  0.89126133678191211
  0.89980322600384610  0.90869056281178262  0.91800142659886763  0.92715471623404633
  0.93606784154299383  0.94505814721062487  0.95386937827973040  0.96249579900846838
  0.97131581322497274  0.98024712529148672  0.99014730727565459  1.00000000000000000
 -0.00263743853768131  0.00978939988083892  0.02059135405587400  0.03089736237353094
  0.04167077652357545  0.05256323032632881  0.06330415948638225  0.07392913130251492
  0.08461806101271449  0.09658777965890725  0.10842638696562208  0.11946366217173310
  0.13004280253489603  0.13961304152410492  0.14960052204670707  0.15969123662212104
  0.17051843329269867  0.18172525773022635  0.19287999316436474  0.20362651547621713
  0.21433429727239686  0.22545872269505821  0.23634732673101416  0.24646804299603800
  0.25601928864136281  0.26558597123359456  0.27467322907807834  0.28345695453845060
  0.29265979401698883  0.30275872895432276  0.31313733237676583  0.32341321671938977
  0.33367018602537984  0.34394344904154511  0.35461520877464581  0.36498843672207343
  0.37521823859779202  0.38566128490430679  0.39626242851934251  0.40689775525235738
  0.41733509549654285  0.42832930010264580  0.43928596787005297  0.44992390501057672
  0.46091855519009450  0.47227690076977386  0.48389397560809322  0.49531324960812168
  0.50629209558816235  0.51664718065885384  0.52668712834263909  0.53714417488601951
  0.54805886371547063  0.55972059067189739  0.57100059888385002  0.58176885988271365
  0.59218100341142454  0.60259990274034514  0.61316264497050765  0.62360232709498398
  0.63420328071536691  0.64441280461845396  0.65431242321509997  0.66406735703586750
  0.67371509950921538  0.68330411506925492  0.69322402121385318  0.70370115816753920
  0.71434429291950741  0.72503056092810547  0.73599324911238539  0.74764449338447869
  0.75947674813871968  0.77063301966518971  0.78090967479545847  0.79124645843435515
  0.80227922299543075  0.81365735371496650  0.82471358996971678  0.83504096699017671
  0.84609781150580987  0.85728633343712746  0.86804881189277305  0.87880077670427992
  0.88854893914086885  0.89726611592157124  0.90566497545363600  0.91382282978526264
  0.92442014472318046  0.93583829235862226  0.94817831644294237  0.95905431916551631
  0.96931416130346704  0.97946659903115030  0.98980153306550100  1.00000000000000000
 -0.00224988173075463  0.00751946921772005  0.01666082812487827  0.02662314384793004
  0.03736403069032119  0.04879864904946254  0.06000605313556019  0.07104919949135910
  0.08151779671108832  0.09195671783621708  0.10224098733812607  0.11241876862235751
  0.12252512621558966  0.13301244475958307  0.14318527107962903  0.15329636146720738
  0.16307991071604994  0.17342783356821656  0.18397355353408781  0.19459611685822595
  0.20496612140701384  0.21557478152599130  0.22650322468130982  0.23713415270818083
  0.24791863009210793  0.25834638450952657  0.26879553635935222  0.27993112370414563
  0.29091968093045811  0.30092332539562955  0.31057449554854527  0.32107759875569764
  0.33260412382816135  0.34343804006182937  0.35432452213982435  0.36590675272841117
  0.37719483917102836  0.38809348906963909  0.39907434676949533  0.40996676593618142
  0.42007125315203919  0.42961243656391379  0.43895596525897668  0.44771246560143707
  0.45621235382588687  0.46575992329715482  0.47639043728817149  0.48701014961215033
  0.49770148048847329  0.50961603596892080  0.52279249138023554  0.53616691851672893
  0.54913580164002829  0.56092663999704040  0.57192736950169998  0.58216784361520990
  0.59113311282178349  0.60091729525059223  0.61070952399504475  0.62083101568923194
  0.63125739080104692  0.64176791484475859  0.65183016317649578  0.66223706731415721
  0.67305998937609424  0.68417361174766544  0.69410590575286113  0.70354016516038664
  0.71357475351801114  0.72460864648215784  0.73570480242439151  0.74653444168391969
  0.75760109938852915  0.76911100231279128  0.78024226702017796  0.79121316974704803
  0.80149950052114738  0.81176458725268696  0.82157541602057715  0.83135343642645398
  0.84132322776941593  0.85151702559124232  0.86255321076582703  0.87394026119695190
  0.88494409338494839  0.89612230586510766  0.90636961972284902  0.91650672143599421
  0.92665831317375502  0.93658706009427584  0.94658619390205301  0.95684196921187026
  0.96810878108048859  0.97911254834144212  0.98971793141206754  1.00000000000000000
 -0.00010984229002537  0.00038286498292508  0.00078491812350015  0.00109311995279650
  0.00135186622373932  0.00161090020468039  0.00186640151045445  0.00211508895344574
  0.00236157573202423  0.00260868709182321  0.00286253019861037  0.00311198159142370
  0.00335480310845354  0.00358833271626266  0.00381142126426203  0.00404422621491393
  0.00428085853013270  0.00451871274175156  0.00475444197649081  0.00497974600899923
  0.00521191532298300  0.00545136434768824  0.00570320598070429  0.00594723950838931
  0.00619547789566102  0.00645764349889499  0.00671024106436481  0.00696908998499012
  0.00724188094957113  0.00749895571997084  0.00776730186548239  0.00803718262376264
  0.00830137078695552  0.00855924234097539  0.00881112121708151  0.00910917205718748
  0.00942034227038703  0.00974768132402731  0.01008367579188594  0.01035451655998355
  0.01054932304073637  0.01072953837615093  0.01090816329844985  0.01108560046426382
  0.01126834105713118  0.01146763921117128  0.01169474730585422  0.01213378835098853
  0.01263139884002208  0.01305943980405265  0.01341594723629293  0.01381433132575816
  0.01417297493413291  0.01455862291962873  0.01503522910980459  0.01543306724536514
  0.01586415557611954  0.01623010705768941  0.01650227780643969  0.01671379225220804
  0.01693670678184809  0.01719977156915159  0.01747242785519380  0.01778520057453468
  0.01817641367314243  0.01876216771360804  0.01954501622230776  0.02049139760612283
  0.02087155610560748  0.02126184615776440  0.02167452746453373  0.02208230957849086
  0.02247855302002005  0.02291479315713377  0.02369038555423319  0.02465500025065057
  0.02613184511173297  0.02761381432398706  0.02924786602332173  0.03010358280689825
  0.03083101639523422  0.03130142684852889  0.03222759744424410  0.03300582478828081
  0.03367606941139942  0.03472556501116416  0.03687680549231996  0.03823395660051292
  0.03962270898667213  0.04091288357530554  0.04261842622169978  0.04511356981943750
  0.05377246152452171  0.06075810576984644  0.54207912840629890  1.00000000000000000
 -0.00137654999641943  0.00712763779577728  0.01409583563990148  0.02114983881181948
  0.02834237415491586  0.03579241082385173  0.04343677454951832  0.05139153177595195
  0.05897308484418086  0.06743332643888980  0.07671044665983323  0.08627205845388763
  0.09581116083143354  0.10559802110466252  0.11600345781953554  0.12707957413822635
  0.13849340238754729  0.14968248646991045  0.16060002554591615  0.17188101999127806
  0.18366333967341067  0.19589950909760556  0.20800794054345020  0.21962486733559544
  0.23152471376098802  0.24328941866538953  0.25591628819654350  0.26770332795853385
  0.27943336360539711  0.29059398797359104  0.30171559328025238  0.31331834408563108
  0.32569638528577777  0.33777798341280479  0.34958507571694891  0.36161148278330424
  0.37422671282641068  0.38707323904958252  0.40065683279260189  0.41416914886416922
  0.42681610621786142  0.43903611593123210  0.45117907060735613  0.46284993915655037
  0.47418381921238484  0.48651227535295050  0.49963174239537622  0.51313852071919464
  0.52746021830047696  0.54192670291624645  0.55492518299127114  0.56662290673512461
  0.57789889172881048  0.58916860044001673  0.60066493384957675  0.61192234180647143
  0.62347083920329927  0.63520878500433331  0.64675663912327752  0.65788307648748012
  0.66851236950994963  0.67905360607060816  0.68961969444036963  0.70022352764616713
  0.71089359577286382  0.72187535493145727  0.73316540185756196  0.74455890553616966
  0.75573425001980266  0.76718958792242165  0.77837445720295872  0.78959252271858527
  0.79991507554448149  0.80983729535575177  0.81962972151998215  0.82951465850510642
  0.83914484150531798  0.84888905073555276  0.85854559893239202  0.86855496723386194
  0.87882239059729095  0.88926386001269231  0.89893713726336499  0.90776239542658133
  0.91664353467120419  0.92501197471581398  0.93303842551509253  0.94055142129965796
  0.94772053529551914  0.95472452063259594  0.96165377227626736  0.96891380778822833
  0.97634346746781320  0.98408333654016988  0.99195297096151791  1.00000000000000000
  0.06898904314054329  0.12001840239368133  0.13562427978192890  0.14939809189502329
  0.16324551737240914  0.17453821988815885  0.18772625695538972  0.20411621621618192
  0.21908202294699991  0.23135506439793027  0.24253475554472684  0.25328062038093407
  0.26403650372135395  0.27433490194266003  0.28457531082783516  0.29614787910630141
  0.30714892687981366  0.31670425266896546  0.32565391724425130  0.33500356256444885
  0.34583464662042579  0.35686403957471718  0.36761295788021175  0.37860649964834497
  0.39035360978593808  0.40238020451354634  0.41371493284354893  0.42350028392853262
  0.43273117073582928  0.44192257656848372  0.45121488451674086  0.46039339568975257
  0.46918973921968604  0.47816456684226072  0.48749278242750077  0.49744262874019884
  0.50669673879714938  0.51565019977700410  0.52515003006462813  0.53524217604719448
  0.54582274979840029  0.55607107535341382  0.56511452135132345  0.57419750958174476
  0.58333919830284287  0.59236717816632556  0.60144602679866255  0.61053009464537156
  0.61889812829766444  0.62728410385536859  0.63549375367768113  0.64360364945813042
  0.65234325257186021  0.66074319356371525  0.66904233128116453  0.67729283576421728
  0.68571886726524900  0.69422087910960983  0.70273038700539125  0.71129550554481114
  0.71956747964907652  0.72781834016637004  0.73598621760948912  0.74383767987845484
  0.75177344063114671  0.76002769418728344  0.76862760849241885  0.77739356314880970
  0.78596934811794761  0.79397202692429258  0.80111349609479143  0.80840108595706717
  0.81581705963503570  0.82351898441894156  0.83107029322100423  0.83854995353556327
  0.84577456202648260  0.85275356040128392  0.85959771457049383  0.86663326550535003
  0.87397639742130584  0.88120009617437356  0.88864268180793315  0.89588109521470760
  0.90314307575278574  0.91052168212922480  0.91806812312337471  0.92565984241442711
  0.93311386660480933  0.94062720521594967  0.94845882350946287  0.95667378075218334
  0.96561549533617042  0.97498694195631330  0.98648902746144196  1.00000000000000000
 -0.02004090860423147  0.13340393594348654  0.18189023328058396  0.21551680825752231
  0.24200203487395452  0.26279570814174669  0.28049102326857650  0.29637932260103950
  0.31107635430360225  0.32506826988873960  0.33848532165795719  0.35084624383094359
  0.36227056990910378  0.37295307204748329  0.38295107779994819  0.39281858545328319
  0.40317819355250351  0.41374367906386877  0.42407307514709397  0.43380481912761010
  0.44322739919205134  0.45265567887226066  0.46176964036721851  0.47065268217194839
  0.47929147692562379  0.48758922754926792  0.49549338195505588  0.50270851975716691
  0.50934217397363735  0.51610137133861345  0.52303635491353584  0.53032455769102282
  0.53749806076966777  0.54434758247633541  0.55071989230332008  0.55635668510269654
  0.56162991388344718  0.56669083172138934  0.57247647282640435  0.57825133932933837
  0.58397455018652999  0.58946514190714649  0.59482954480260641  0.60043350088391534
  0.60632137142044407  0.61210961370660844  0.61756516466916478  0.62282894699462399
  0.62785017603599025  0.63325846365714056  0.63851764044891934  0.64359771788613152
  0.64846049969506103  0.65344437747134609  0.65865089547932643  0.66412299462690261
  0.66969328969925412  0.67490804185900488  0.67992319401370127  0.68481977677806238
  0.68978801492396125  0.69519145196882315  0.70081640873258422  0.70661831653333385
  0.71262552169719173  0.71848177432805826  0.72430287139435034  0.73016712261697858
  0.73612293717777444  0.74219991430266619  0.74790332635738765  0.75325776881860307
  0.75840047447395287  0.76393455241993402  0.76967325484735460  0.77558256131629255
  0.78125124808334390  0.78684270610866469  0.79242858946129735  0.79780186431709277
  0.80314502553861367  0.80852015926429499  0.81431380016015653  0.82069176955996426
  0.82742247612949071  0.83472783667869466  0.84255043764661952  0.85037967460564023
  0.85876579837664690  0.86790384931759867  0.87808529961304893  0.88909764247602452
  0.90289321158393576  0.91892639297523093  0.94229387474376647  1.00000000000000000
   3.2887572435355214E-004  -1.0000000000000000     
 F F F F F F F F F F F F F F F F F F F F F F F F F F F F F F F F F F F F F F F F F F F F F F F F F F F F F F F F F F F F F F F F F F F F F F F F F F F F F F F F F F F F F F F F F F F F F F F F F F F F F F F F F F F F F F F F F F F F F F F F F F F F F F F F
  <DiscreteSampler_grid>
  grouped_processes
  1 # 1 for a reference and 2 for a running grid.
  10 # Attribute 'min_bin_probing_points' of the grid.
  1 # Attribute 'grid_mode' of the grid. 1=='default',2=='initialization'
  0.0000000000000000 # Attribute 'small_contrib_threshold' of the grid.
  0.5000000000000000 # Attribute 'damping_power' of the grid.
 # binID   n_entries weight   weight_sqr   abs_weight
    10   10   2.585664409513066E+003   1.900105140000408E+007   2.585664409513066E+003
    11   10   2.585664409513066E+003   1.900105140000408E+007   2.585664409513066E+003
    16   10   2.585664409513068E+003   1.900105140000410E+007   2.585664409513068E+003
    17   10   2.585664409513068E+003   1.900105140000410E+007   2.585664409513068E+003
    22   10   2.585664409513066E+003   1.900105140000408E+007   2.585664409513066E+003
    23   10   2.585664409513066E+003   1.900105140000408E+007   2.585664409513066E+003
    28   10   2.585664409513067E+003   1.900105140000410E+007   2.585664409513067E+003
    29   10   2.585664409513067E+003   1.900105140000410E+007   2.585664409513067E+003
    34   10   2.585664409513066E+003   1.900105140000409E+007   2.585664409513066E+003
    35   10   2.585664409513066E+003   1.900105140000409E+007   2.585664409513066E+003
    40   10   2.585664409513066E+003   1.900105140000408E+007   2.585664409513066E+003
    41   10   2.585664409513066E+003   1.900105140000408E+007   2.585664409513066E+003
  </DiscreteSampler_grid>
