  0.00000464257787210  0.00000474260589402  0.00000488528444817  0.00000502992893631
  0.00000518081699024  0.00000536603932944  0.00000554162731899  0.00000571320272936
  0.00000588003447195  0.00000604575295748  0.00000621829220961  0.00000640152852706
  0.00000659115384530  0.00000678018922708  0.00000697466664384  0.00000716812556970
  0.00000737377134555  0.00000758457195169  0.00000779721287256  0.00000801273867510
  0.00000823753674603  0.00000850466883605  0.00000876965631789  0.00000903864629764
  0.00000930666193533  0.00000959286973564  0.00000988494286578  0.00001017302612893
  0.00001046058209050  0.00001075453188171  0.00001108229033880  0.00001143064128698
  0.00001178705052284  0.00001215682128953  0.00001254283566644  0.00001294753466254
  0.00001337483996926  0.00001378364389174  0.00001420699808715  0.00001464912556756
  0.00001511026404789  0.00001558696681880  0.00001608178334152  0.00001660098317677
  0.00001714694974458  0.00001771868092081  0.00001832004072981  0.00001891251348010
  0.00001955519128542  0.00002027506491992  0.00002100975244341  0.00002176894435103
  0.00002259409665551  0.00002346862503289  0.00002436124090392  0.00002527207486282
  0.00002622846849507  0.00002725290128097  0.00002835429437064  0.00002952187844304
  0.00003078802042301  0.00003210585859486  0.00003350675510834  0.00003516449272749
  0.00003700285296110  0.00003889172036272  0.00004087076038985  0.00004297548501752
  0.00004518269295797  0.00004757632330686  0.00005023087391109  0.00005320407257800
  0.00005664669049037  0.00006032713889882  0.00006440764186190  0.00006875401530712
  0.00007369769366520  0.00007912090003758  0.00008501413934244  0.00009183445657453
  0.00009983076101165  0.00010897986087401  0.00011912464394447  0.00013262517787574
  0.00015018128626959  0.00017269414710451  0.00020066590003767  0.00023351774605075
  0.00027639081039907  0.00034171499304605  0.00044072994954428  0.00063614427983773
  0.00111365933399666  0.00300308879149265  0.29175978188365004  1.00000000000000000
  0.00002180363820038  0.00002480212308869  0.00002625536761504  0.00002762326228799
  0.00002890518580310  0.00003008998371257  0.00003122911328376  0.00003240528750456
  0.00003368392989933  0.00003505849951277  0.00003641986352265  0.00003775604212137
  0.00003913810918026  0.00004057211947704  0.00004206195374381  0.00004353893159138
  0.00004510846976515  0.00004676170733682  0.00004853386372445  0.00005046559974659
  0.00005225102357895  0.00005430617951951  0.00005638295795916  0.00005847917523075
  0.00006072108043152  0.00006320063618567  0.00006568173257392  0.00006837635267753
  0.00007123704617715  0.00007449400007372  0.00007796879118608  0.00008157184293046
  0.00008531455938102  0.00008922204510452  0.00009323087167748  0.00009730783863467
  0.00010145761027938  0.00010564062711330  0.00010989246080830  0.00011445174261648
  0.00011915731403846  0.00012414284694597  0.00012925377885197  0.00013452014298094
  0.00014007516581529  0.00014602155970827  0.00015213045287158  0.00015812724756476
  0.00016453895790813  0.00017234400623147  0.00018065618297092  0.00018952834821430
  0.00019944286856141  0.00021001826645244  0.00022195248638685  0.00023520784778720
  0.00024995221555456  0.00026596233333560  0.00028255091178174  0.00029965381667317
  0.00031783332944671  0.00033711866381936  0.00036005112846280  0.00038379203463513
  0.00041155717614685  0.00044037441437494  0.00047531638503547  0.00051272516489905
  0.00055841252829513  0.00060681124106420  0.00066399939302991  0.00072351768306523
  0.00078559504925639  0.00085502828262299  0.00093850985276153  0.00103914143307626
  0.00114492336999371  0.00125716554997293  0.00138254552144206  0.00152631024882763
  0.00170697805812824  0.00193474825714109  0.00220684425238952  0.00252069000199824
  0.00290198212695018  0.00338458881194411  0.00401592463709469  0.00483272698401500
  0.00588377540369870  0.00741090004445320  0.00910779372689625  0.01138693858391253
  0.01562777325969883  0.02560316907244290  0.05298482113869523  1.00000000000000000
  0.00000471478658665  0.00000486015964818  0.00000496147571228  0.00000505592213331
  0.00000515341199899  0.00000525656915133  0.00000535959414886  0.00000547681415417
  0.00000559983927765  0.00000573556509888  0.00000588133311402  0.00000603878743407
  0.00000620795879093  0.00000637847961677  0.00000654142239254  0.00000670123161973
  0.00000685549565290  0.00000703241180425  0.00000723885235108  0.00000747406089075
  0.00000771894600310  0.00000797588588818  0.00000826783471280  0.00000859476201206
  0.00000893855565842  0.00000930326434311  0.00000970257498030  0.00001012818987497
  0.00001056187314109  0.00001101631592542  0.00001151804978188  0.00001205181378222
  0.00001264495510567  0.00001326784349895  0.00001387779660806  0.00001452906551470
  0.00001523624924113  0.00001598928450922  0.00001680735434018  0.00001769757601308
  0.00001864114451568  0.00001961913446689  0.00002066279845877  0.00002180032228430
  0.00002304185827596  0.00002438391482437  0.00002581724342483  0.00002732347908505
  0.00002887864597947  0.00003050322018857  0.00003227279864569  0.00003411665319739
  0.00003619423452984  0.00003831665615674  0.00004058922010787  0.00004308487637440
  0.00004563123177485  0.00004855291410993  0.00005172984692310  0.00005512533245138
  0.00005875947407356  0.00006267407249127  0.00006684157645938  0.00007095609628497
  0.00007560982369478  0.00008032937484882  0.00008549210221052  0.00009145861766377
  0.00009787602369450  0.00010476108750197  0.00011241496348733  0.00012091666163504
  0.00013051901086467  0.00014165782955456  0.00015435647201994  0.00016861330447617
  0.00018501007587948  0.00020410722796645  0.00022629135550362  0.00025295103119641
  0.00028547514246276  0.00032494888516081  0.00037497249974366  0.00043937235814100
  0.00051894162902387  0.00061516571528196  0.00073863338370482  0.00092099585096259
  0.00116767625228864  0.00150314937754007  0.00204538626686551  0.00299636456469665
  0.00504423691221425  0.01184792590055843  0.15577587805077406  1.00000000000000000
 -0.00233580726250070  0.00851686637143643  0.01735718730980563  0.02578188457608697
  0.03420000542057265  0.04306858602384388  0.05236848276175309  0.06130735354835712
  0.06998224615072735  0.07856645250417300  0.08704713263221386  0.09518846910309421
  0.10309778461004653  0.11104106392856247  0.11938062947474837  0.12823399812931408
  0.13720367262313979  0.14647024535263931  0.15649737042815723  0.16699899014151273
  0.17762836975645016  0.18834974385044800  0.19851878496221953  0.20902972247259663
  0.21970689897195073  0.23044415139660893  0.24108027300242485  0.25253264163218336
  0.26490720007958285  0.27710527596094564  0.28902177858637856  0.30077597059710365
  0.31261408560289905  0.32376178603490419  0.33529582203406350  0.34754432935523705
  0.35996175582543583  0.37209002895091398  0.38492090689919345  0.39811717864429041
  0.41094549187330842  0.42359032165803734  0.43616325669284828  0.44855327626673308
  0.46060030725321854  0.47253457504682161  0.48440831074760610  0.49673147934963907
  0.51018661592793091  0.52384359078328724  0.53676387487803123  0.54942288319248733
  0.56223337409719065  0.57536384873682822  0.58865213035590458  0.60229577318760097
  0.61458490451514203  0.62628937493254377  0.63754285785340614  0.64916061482169329
  0.66125674579642579  0.67393734690367957  0.68667716629779962  0.69868041266745862
  0.71026371605449712  0.72179800287548945  0.73306151058379054  0.74420645421857390
  0.75534824359759989  0.76629390484531479  0.77631403008320576  0.78618853462190952
  0.79616079784617033  0.80645996145059662  0.81680138457741502  0.82683945435967676
  0.83646944068792617  0.84581257217501216  0.85515617881734773  0.86453824722775674
  0.87379139537829975  0.88272626152539513  0.89117672585628616  0.89937038138675773
  0.90765265135653572  0.91604697772189303  0.92449999492600710  0.93280888474113266
  0.94132675091925244  0.94947890838982663  0.95716294691860782  0.96460861663661301
  0.97182482740238574  0.97987778720622143  0.98935898975936987  1.00000000000000000
 -0.00272364594270155  0.01043871002215752  0.02096265149855174  0.03105966573804756
  0.04095306725381402  0.05067445572220639  0.06083618559818055  0.07129608320232168
  0.08170074608365657  0.09202674566990425  0.10220104446686167  0.11215389627578563
  0.12229920497537264  0.13248384836538427  0.14352899580371750  0.15470503021794707
  0.16619959271041401  0.17675752871626604  0.18714269556887239  0.19753195045560759
  0.20834558067208064  0.21883993583547035  0.22942438575586113  0.23992007089691583
  0.25033945076943454  0.26096562818096808  0.27120663398192174  0.28160631689076465
  0.29192771819005181  0.30235487898169333  0.31250714223430431  0.32293421602632055
  0.33356561726317779  0.34432803986550042  0.35542144657890851  0.36630765992031106
  0.37711394908860374  0.38787343398785529  0.39884896897528543  0.41035113170340554
  0.42117472442536463  0.43110034275450576  0.44078650183651569  0.45030833327049558
  0.46007544958456242  0.46990625704609168  0.48049445123004797  0.49224896884299024
  0.50424574185732107  0.51580034192553004  0.52680773285968019  0.53779346052311905
  0.54939452838105574  0.56116258185186896  0.57257320354551966  0.58350896083929304
  0.59429563198854396  0.60506879819468540  0.61565071198525645  0.62613809201888704
  0.63664569093087042  0.64697514973272552  0.65708757351073976  0.66713430216318204
  0.67713420162796945  0.68730196923096643  0.69734969951043602  0.70716498321740762
  0.71711088625690234  0.72737100887970096  0.73790564283855720  0.74872156409068613
  0.75876662324417310  0.76831450435104465  0.77760523988223551  0.78724861066212448
  0.79833054828193306  0.80980502620172568  0.82105511386451280  0.83200957114626140
  0.84277794242869097  0.85332050976859253  0.86394787656899885  0.87442492198407018
  0.88513310412567403  0.89611745028407852  0.90746408935750200  0.91901147296376773
  0.93034575601415304  0.94085097907989146  0.95100701953210887  0.96125329064975518
  0.97136705269270940  0.98130472134276048  0.99048030671629250  1.00000000000000000
 -0.00152946899641745  0.00450900131485814  0.01130200601875818  0.01733269170179593
  0.02270784816648698  0.02775056854802003  0.03295377841517099  0.03831350186453675
  0.04346789176760062  0.04844799944781325  0.05352817341901415  0.05856789030997909
  0.06395516112124473  0.06924082902232094  0.07461383704265369  0.08017158269232497
  0.08604571916164465  0.09238521028130438  0.09928883181287264  0.10634242448379667
  0.11338001021908109  0.12026245613565371  0.12691869786092799  0.13334563398802549
  0.13996797737982469  0.14682901161148385  0.15374029832561362  0.16085479076126119
  0.16833954123014586  0.17620575322021104  0.18434299943649432  0.19272927641532689
  0.20149186387964391  0.21055405392143209  0.21986290378328618  0.22898021781170208
  0.23789770706063240  0.24690954924613007  0.25629103517918506  0.26582880474577120
  0.27504793576087400  0.28405411774290773  0.29342195774246188  0.30334171551992983
  0.31287531715898798  0.32308740762174898  0.33382003310775510  0.34567050998055454
  0.35745574119862988  0.36902281801329073  0.38078732488133782  0.39289742336929995
  0.40552013288752847  0.41831480137681576  0.43094050169691422  0.44349663158929037
  0.45628956428164097  0.46960458029416396  0.48342302797431530  0.49740466381360288
  0.51144211475397516  0.52622614745462126  0.54136169397841938  0.55643934235288950
  0.57113101484404827  0.58569007080683899  0.60026559977145777  0.61468937209885477
  0.62947484285247657  0.64403120878935671  0.65820199767678444  0.67302448628730749
  0.68907078668579436  0.70400343466610427  0.71811023191025736  0.73224670231964040
  0.74649471091367969  0.76043530126571013  0.77502218108468013  0.79038199755981198
  0.80470178008220006  0.81880343457211546  0.83351340701848808  0.84713233772419239
  0.86018311212334531  0.87289999345054836  0.88487984125011443  0.89613655965968997
  0.90724854394795207  0.91853460270909437  0.93022168796460603  0.94255082087566999
  0.95519482745344453  0.96845569349986060  0.98304678042269311  1.00000000000000000
 -0.00248321257808354  0.00928525922484654  0.01883898308995974  0.02906594893259709
  0.03921826334957669  0.04881458687604476  0.05892121343139359  0.06858093768037454
  0.07900175487971220  0.09020091832708398  0.10171487353303302  0.11353285115265799
  0.12524298362170680  0.13717092704438563  0.14923405837429984  0.16165938161461518
  0.17186254076783034  0.18140333962801375  0.19077317345688696  0.20063991212909424
  0.21019084931702789  0.22014477218525916  0.23011592639669953  0.24079676782693668
  0.25103748665153913  0.26065196375818400  0.27057693804835442  0.28054373518618586
  0.29074764246631285  0.30053823330158097  0.31044118045247210  0.31980123647345554
  0.32933629748831911  0.33877578278598663  0.34859545477019260  0.35878831223669005
  0.36993008352523782  0.38212525466578284  0.39470384422707150  0.40554474552509784
  0.41586931784652265  0.42573887309736230  0.43543612947836291  0.44476423340003801
  0.45438036869250081  0.46459990075336854  0.47516264481963338  0.48583902666745254
  0.49646692090979089  0.50735494005122950  0.51802778812198047  0.52826095537795170
  0.53826642127443902  0.54834648050111467  0.55835998737315584  0.56826395433351773
  0.57829417933839633  0.58855823119838402  0.59891723793620100  0.60945411865436461
  0.62012282519450823  0.63068594667244526  0.64105941843997571  0.65139469279780349
  0.66186527275704432  0.67257462750486763  0.68387886222205541  0.69541704722042375
  0.70692882471304275  0.71849136455180551  0.73012735019266506  0.74083614834242650
  0.75116720580367824  0.76186816113383637  0.77251872960882551  0.78315150338131123
  0.79396561295002932  0.80514473406212006  0.81617216195294584  0.82696189646199736
  0.83850083265800346  0.84980882232212540  0.86085532772755813  0.87184298250726755
  0.88374358791941621  0.89552470163450681  0.90655723624005724  0.91725094324409551
  0.92753692148363898  0.93765513170747794  0.94788880443982804  0.95831058833826321
  0.96865087319359167  0.97887053586767192  0.98928744803668744  1.00000000000000000
 -0.00212830992492712  0.00843712645977415  0.01750080891136106  0.02729306390810907
  0.03696229923303002  0.04663283281582277  0.05669275229254981  0.06710464989753105
  0.07775070018539007  0.08738460771039053  0.09724644010516585  0.10755404009296173
  0.11832561339143462  0.12856145161868715  0.13802891546131466  0.14758044424886319
  0.15757929161155584  0.16771785794131980  0.17793291777363673  0.18845216240917850
  0.19958263443416172  0.21075028753724800  0.22193776874985657  0.23322384454568035
  0.24461183889881072  0.25592904630650753  0.26698341349290100  0.27826652943159358
  0.28944278708098153  0.29993467335890400  0.30957322806055659  0.31927742103148693
  0.32905050499651445  0.33876833919390492  0.34845476779868306  0.35860593111599659
  0.36930494332809594  0.38021488321423424  0.39148119949109778  0.40300066171517096
  0.41469734712546724  0.42563280442357981  0.43625991091459737  0.44682619618533748
  0.45733198040480127  0.46787581686722146  0.47854911725820998  0.48991437892730660
  0.50207841858153512  0.51437936014646002  0.52602732556502940  0.53667783764424493
  0.54737139997711792  0.55818815345761552  0.56906007804960679  0.57999015772907991
  0.59092048811320363  0.60190527495012813  0.61309246953430607  0.62408762914170013
  0.63487025488821280  0.64531555379382266  0.65533435020651554  0.66513009158826808
  0.67519169215251218  0.68585292145609256  0.69681111168248266  0.70753848303261768
  0.71754010438782545  0.72698796660472065  0.73658125533127317  0.74649586774114751
  0.75781096241652568  0.76915091948906589  0.78006538428672967  0.79079264183238551
  0.80211540736776687  0.81402448444935205  0.82571544983592582  0.83665352050738517
  0.84674365858131639  0.85690817982413792  0.86731169294002697  0.87785563912183862
  0.88822325589388951  0.89905135575935669  0.91053328426239222  0.92166345408672212
  0.93199828575799459  0.94222064851029486  0.95245506823863157  0.96240263166468432
  0.97153765742944220  0.98067908570256834  0.99017344801343588  1.00000000000000000
  0.00076673285087815  0.06859123607017101  0.10498009302439983  0.12990572465927175
  0.15466130154405675  0.17292662378549639  0.19239907808662401  0.21396537595186604
  0.23886960681957989  0.26268055653199041  0.28551732112392658  0.30731279455959026
  0.32896353702644421  0.35027787438391805  0.37202587497418077  0.39153212813996668
  0.41055307333790642  0.42826545416020956  0.44578442085521597  0.46168574866300915
  0.47682237771010566  0.49141514199137210  0.50596313359217571  0.52079052393449865
  0.53585206536054752  0.55011445426839800  0.56367148854652738  0.57610915869907553
  0.58859844289654240  0.60072137750818611  0.61237205276041151  0.62317027413103188
  0.63360320506660162  0.64394618350217581  0.65426822084798986  0.66422590231789835
  0.67359794617209268  0.68318185141823196  0.69261223790151560  0.70173844689576248
  0.71038092041764123  0.71923660429379710  0.72781669272199190  0.73645348433187552
  0.74497079338857097  0.75327323295019188  0.76127380214767038  0.76885867427837962
  0.77642171568265594  0.78391104819162827  0.79118443225932256  0.79790499749166044
  0.80447272427087868  0.81119059781333058  0.81764353582988580  0.82407796451480275
  0.83037822315234222  0.83650590687131210  0.84257532150025771  0.84858659679950488
  0.85455381134786423  0.86029775239386153  0.86578309879753113  0.87104340874021735
  0.87612810150899256  0.88111499166989482  0.88595907607982449  0.89092694372080328
  0.89561192195401340  0.90023796753504881  0.90479707391845088  0.90934880929829909
  0.91392326395400691  0.91848600376082712  0.92296565309578826  0.92730968162244365
  0.93148944149868496  0.93565913954936686  0.93956795547696004  0.94344464784322735
  0.94731677365954581  0.95111517727383432  0.95485093126226828  0.95847107492004413
  0.96184709293510517  0.96515617980805501  0.96843243315976202  0.97164372684046540
  0.97475548208205987  0.97785266623329836  0.98108178388770462  0.98431671979414515
  0.98763935241767387  0.99121264826279998  0.99540805410721733  1.00000000000000000
 -0.01063535543534160  0.05806800205405089  0.08474335287519051  0.10259230736854021
  0.11584091983021026  0.12671950442640423  0.13604810957402549  0.14530922517875186
  0.15339326778953113  0.16086078280310140  0.16832087977075985  0.17548601157276233
  0.18249446725120186  0.18901555730026787  0.19516824425051379  0.20104191676232147
  0.20685948390825198  0.21255424427118944  0.21842323644640985  0.22429957353417718
  0.23021480813808726  0.23589765554942763  0.24119137093732407  0.24631914378268729
  0.25151347172319083  0.25710319400200649  0.26289132703663914  0.26867084206741049
  0.27420740949964367  0.27957057234074217  0.28487440162335476  0.29035190737446098
  0.29609442288337950  0.30179904153102011  0.30727230334404387  0.31228688255958659
  0.31710816451027057  0.32227730752102163  0.32759461301340559  0.33325276047127500
  0.33929794519614337  0.34523761966304656  0.35083227496162955  0.35643137354829696
  0.36209349419069675  0.36785056865163218  0.37379832643762084  0.37988107169233948
  0.38598229816912655  0.39208549965614115  0.39839278801065403  0.40470396246989948
  0.41100943523211303  0.41732702894312240  0.42346374634226519  0.42955785237781352
  0.43544689178820528  0.44137235911012124  0.44742380785801256  0.45373481216101563
  0.46028285148287079  0.46649931285210056  0.47226076922221261  0.47792923369926477
  0.48369593716032550  0.48993004157764214  0.49654264420069932  0.50343075681339977
  0.51046110493547536  0.51759081553132957  0.52482446878032063  0.53214944534378439
  0.53973354954216801  0.54775878380347964  0.55615238226578212  0.56484761679544249
  0.57380485704684026  0.58287951618764822  0.59188018602155468  0.60097931958056483
  0.61029915710671634  0.62005583862557800  0.63032915374330778  0.64112342102004061
  0.65280093950645057  0.66545041088988155  0.67889017901207538  0.69384654702953796
  0.70974474468907445  0.72626773685174595  0.74427556206282852  0.76501902877508610
  0.78946868839819373  0.81989397687143561  0.86490227602374170  1.00000000000000000
   5.7996358849015411E-002  -1.0000000000000000     
 F F F F F F F F F F F F F F F F F F F F F F F F F F F F F F F F F F F F F F F F F F F F F F F F F F F F F F F F F F F F F F F F F F F F F F F F F F F F F F F F F F F F F F F F F F F F F F F F F F F F F F F F F F F F F F F F F F F F F F F F F F F F F F F F
  <DiscreteSampler_grid>
  grouped_processes
  1 # 1 for a reference and 2 for a running grid.
  10 # Attribute 'min_bin_probing_points' of the grid.
  1 # Attribute 'grid_mode' of the grid. 1=='default',2=='initialization'
  0.0000000000000000 # Attribute 'small_contrib_threshold' of the grid.
  0.5000000000000000 # Attribute 'damping_power' of the grid.
 # binID   n_entries weight   weight_sqr   abs_weight
    13   10   2.571655153176853E+004   2.663591667684180E+009   2.571655153176853E+004
    14   10   2.571655153176851E+004   2.663591667684151E+009   2.571655153176851E+004
    16   10   2.571655153176853E+004   2.663591667684180E+009   2.571655153176853E+004
    17   10   2.571655153176851E+004   2.663591667684152E+009   2.571655153176851E+004
    22   10   2.571655153176853E+004   2.663591667684179E+009   2.571655153176853E+004
    23   10   2.571655153176851E+004   2.663591667684150E+009   2.571655153176851E+004
    25   10   2.571655153176854E+004   2.663591667684183E+009   2.571655153176854E+004
    26   10   2.571655153176851E+004   2.663591667684151E+009   2.571655153176851E+004
    31   10   2.571655153176853E+004   2.663591667684179E+009   2.571655153176853E+004
    32   10   2.571655153176851E+004   2.663591667684151E+009   2.571655153176851E+004
    34   10   2.571655153176853E+004   2.663591667684179E+009   2.571655153176853E+004
    35   10   2.571655153176851E+004   2.663591667684149E+009   2.571655153176851E+004
  </DiscreteSampler_grid>
