  0.00000012466150408  0.00000021440415487  0.00000028055988836  0.00000033477144844
  0.00000038607798802  0.00000044684864137  0.00000051046893763  0.00000057625004815
  0.00000064652898898  0.00000072057233314  0.00000079749517092  0.00000087516243165
  0.00000095369485751  0.00000103776316430  0.00000112266308508  0.00000120733481560
  0.00000129433621056  0.00000139839522924  0.00000151518189320  0.00000163861180619
  0.00000177474645120  0.00000191451029150  0.00000205585322105  0.00000219679497496
  0.00000233579869383  0.00000249189748227  0.00000264340034584  0.00000280749164755
  0.00000298933671314  0.00000318581590901  0.00000338870710335  0.00000358587527173
  0.00000376295392409  0.00000394022200908  0.00000412009770421  0.00000435047692612
  0.00000453731378453  0.00000477173020168  0.00000500875766505  0.00000522938905559
  0.00000551105194421  0.00000578576115489  0.00000605571508914  0.00000644277045193
  0.00000680631059633  0.00000717567678431  0.00000760899078654  0.00000809994445003
  0.00000862264001131  0.00000921552012307  0.00000974110875922  0.00001029757385115
  0.00001091544767006  0.00001159061767344  0.00001227515804403  0.00001285262749887
  0.00001340620581099  0.00001399578080042  0.00001476560481553  0.00001561871000131
  0.00001639337679976  0.00001712799395445  0.00001792916600148  0.00001880658946798
  0.00001990121468492  0.00002104027057270  0.00002215450303698  0.00002336720108649
  0.00002479113668360  0.00002641563156636  0.00002801573044758  0.00003024670257131
  0.00003343945567691  0.00003725050380187  0.00004159150659438  0.00004634521181783
  0.00005163440317495  0.00005773716469024  0.00006464962855358  0.00007253276224968
  0.00008115736052585  0.00009092733743082  0.00010304260358161  0.00011584360731439
  0.00013142608187012  0.00015119397884356  0.00017615732820585  0.00020798843878183
  0.00024730641581063  0.00029969537414880  0.00038467144609598  0.00057139956335097
  0.00100897321215142  0.00222772174812117  0.23090300341939807  1.00000000000000000
  0.00001727280189718  0.00001938823909854  0.00002099659130587  0.00002233801525320
  0.00002329105758759  0.00002437397399454  0.00002554689357123  0.00002662669693931
  0.00002778993147463  0.00002890199124672  0.00002993119650167  0.00003084461045194
  0.00003176805853594  0.00003274636461908  0.00003392423926571  0.00003523749911917
  0.00003675260009991  0.00003859158913327  0.00004104616660840  0.00004273607774584
  0.00004392507123436  0.00004541996124679  0.00004701615758652  0.00004862303130392
  0.00005041601390582  0.00005213200348583  0.00005438227397542  0.00005720454342968
  0.00006043335892269  0.00006419766292022  0.00006831236467258  0.00007281462559693
  0.00007780252256750  0.00008090798028801  0.00008353309552398  0.00008631365298904
  0.00008922209493257  0.00009218253791668  0.00009526105937209  0.00009830110708907
  0.00010131009127049  0.00010437907520220  0.00010767172291074  0.00011104885200808
  0.00011470248197109  0.00011820820878462  0.00012127101612097  0.00012378048601034
  0.00012679706894635  0.00013046886505255  0.00013361225420801  0.00013729095121273
  0.00014328625395469  0.00015048164588850  0.00015735085926624  0.00016313314934055
  0.00016841192392435  0.00017456429388645  0.00018033684619532  0.00018755410334749
  0.00019576914852519  0.00020412398442683  0.00021293188863080  0.00022181897843971
  0.00023061049388072  0.00024006600336305  0.00024955356316569  0.00026218109531762
  0.00027828461226600  0.00029514887612370  0.00031164788470516  0.00032721808773283
  0.00034563095170854  0.00036785449013666  0.00039321338291695  0.00041670310690711
  0.00044100321480645  0.00047130891756207  0.00050950427123534  0.00055421571005969
  0.00060955002967151  0.00068595200630748  0.00078193204609518  0.00088557157287911
  0.00100147572113646  0.00113943884131525  0.00131828526167235  0.00154147825493373
  0.00177067891101098  0.00211783176193761  0.00259744273461416  0.00368978352968648
  0.00625919878568756  0.01495456891525603  0.59416980137795528  1.00000000000000000
 -0.00000340526292514  0.00014307139936969  0.00068880072603924  0.00138887113974372
  0.00258278208723107  0.00416002446974866  0.00580167270829161  0.00810556003337185
  0.01100398073727232  0.01336982061577589  0.01565222722505562  0.01851920039477621
  0.02152227859751564  0.02525589817363017  0.03021567580284307  0.03528409899741370
  0.04029436382041892  0.04543176082199188  0.05064029891559821  0.05596125163718680
  0.06109314515565765  0.06598702197997391  0.07106955877759692  0.07715595182651896
  0.08462732559702735  0.09102981163817651  0.09700135607566150  0.10333699502893950
  0.11046428326580812  0.11830396491391715  0.12599326701852098  0.13380718842336697
  0.14349986969651665  0.15315318897435315  0.16394815933494469  0.17329141368343548
  0.18290788544648898  0.19264000356312605  0.20276131459348778  0.21253499631348027
  0.22148149214379761  0.23137881282920886  0.24386540726797465  0.25799719389573311
  0.27244356823273980  0.28506658644744365  0.29778728518185221  0.31121491386643524
  0.32556856852010418  0.34137756241075595  0.35710739112308482  0.37251885596085454
  0.38897322997563788  0.40515908006352752  0.42170812611666869  0.44008074285751586
  0.45762170363758314  0.47423495950809375  0.48881290817117007  0.50125520547749358
  0.51250343272132626  0.52189839505837687  0.53157330733181374  0.54187261621183025
  0.55285515998042323  0.56464766250951781  0.57763461061869392  0.59188177972068268
  0.60666589383128366  0.62114926073964050  0.63470095875491783  0.64828336712309076
  0.66232358356615650  0.67742058791435189  0.69338407488444032  0.70877018712470985
  0.72045823847553703  0.73135734687496434  0.74228369935894156  0.75356118181436516
  0.76553629014495439  0.77747024733319892  0.78951878836074940  0.80228176407958518
  0.81488928001966321  0.82768474013536564  0.84126782279820167  0.85445472714856863
  0.86892043367256955  0.88465689682148640  0.90183205927387522  0.92013626961674555
  0.94058920949287073  0.96095002985489764  0.98064067083861550  1.00000000000000000
 -0.00244062880689739  0.01121300191728756  0.02225470321500134  0.03240862783498947
  0.04191520694372516  0.05126449399805934  0.06150906983814318  0.07232009238317608
  0.08372296236793704  0.09397638329479152  0.10357173118811605  0.11306677345739348
  0.12299467563738875  0.13343468685795631  0.14227454605468831  0.15273784340215332
  0.16386783211136613  0.17566721545192243  0.18847707495112839  0.20048347045460058
  0.21274512631595124  0.22636091040884532  0.23954330706233035  0.25027239028812204
  0.26276129167937712  0.27254285311161247  0.28126912917874369  0.28926281438316104
  0.29737541381149435  0.30550195255965001  0.31469419974912877  0.32373023441947441
  0.33240940025029969  0.34297222086653401  0.35469685632402415  0.36475971989386841
  0.37367600268188234  0.38204887545276872  0.39155075443044163  0.40221603838965142
  0.41374416795561375  0.42388693266633815  0.43397411706398753  0.44347329266979407
  0.45415584778250123  0.46397880260051150  0.47082479598461313  0.47828506222562378
  0.48551618302434524  0.49204481235298680  0.50062119205333766  0.50976801782870218
  0.52184418092509954  0.53061695546104370  0.54319662366122679  0.55432916237239516
  0.56594896896293356  0.57797025689584391  0.59426334618050203  0.60991243909929704
  0.62301707129381878  0.63418069465747196  0.64397508993494457  0.65567460497550623
  0.66839268420048825  0.68148283178440838  0.69226739483686384  0.70119165022720886
  0.70915119577297703  0.71793154441763640  0.72717649937978712  0.73776024004954155
  0.74963821521064933  0.76181897044524050  0.77330710420995130  0.78427197138934113
  0.79661591360931061  0.80831582706215133  0.82109887027077577  0.82949215419280298
  0.84047525525839450  0.85265397843654711  0.86556772739271925  0.88312472180385959
  0.89174520423252435  0.90129865922849683  0.90981310736363974  0.91755949223529176
  0.92481441877653414  0.93792115013738664  0.94875885164764540  0.95854987137325565
  0.96942205894050726  0.98021967128918508  0.99057294505657056  1.00000000000000000
 -0.00275167595745801  0.01329263035626907  0.02324351651144435  0.03412239367866808
  0.04452976523260212  0.05394480164640585  0.06613417323631234  0.07508768078069764
  0.08446780323490914  0.09485749985202462  0.10682330576911532  0.12013480674007797
  0.13415493969707309  0.14741297397407116  0.16091904149661504  0.18072999904756562
  0.19764338081800542  0.21285529975115933  0.22768637271309644  0.24003734115743330
  0.24904905940882466  0.26252010853474844  0.27510654964491882  0.29025249491169447
  0.30893020640811059  0.32910849054461194  0.34557500753033205  0.35834027039474264
  0.36904157482442190  0.37802055576986560  0.38745978005001941  0.39668775742376217
  0.40551923385541361  0.41478280997991163  0.42285930937683702  0.43086125741383186
  0.43985450489077554  0.44902867323564816  0.45745958637131146  0.46601951256757473
  0.47427553606627781  0.48374721184026009  0.49420143077656598  0.50783555240964673
  0.52515111772182976  0.54173357632142838  0.55596579991149064  0.56848325402465938
  0.57974805071907243  0.59096518936294595  0.60343715976602885  0.61694079593464679
  0.63093417375953142  0.64376313737163426  0.65524550673287729  0.66596299920902380
  0.67392623785814532  0.68187787096488239  0.69000665612594958  0.69828028611304704
  0.70656673897333755  0.71540019387355580  0.72409797158266731  0.73360875950967286
  0.74379256490074175  0.75258078892387681  0.75982364310344297  0.76829728721749113
  0.77572313162046536  0.78249651117422725  0.79001027353854325  0.79826769766473682
  0.80596195133440307  0.81407775858091347  0.82425557320910992  0.83579608817930207
  0.84758440491619524  0.85873894934993311  0.86953883163424717  0.87926485044301750
  0.89164389014127576  0.89992103686415459  0.90618957871363093  0.91236562617257821
  0.91831879587527721  0.92369922754904166  0.92938991776027491  0.93538852840060338
  0.94159598009245715  0.94781346343464823  0.95415487818606037  0.96136679600670705
  0.96990322231761394  0.97877663072314414  0.98847320659038984  1.00000000000000000
 -0.00065493396389060  0.00382875409259342  0.00881989901412189  0.01360675779243096
  0.01805124331448811  0.02660748780352017  0.03423991539226679  0.04041338059530802
  0.04741999481021170  0.05498561749437880  0.06166528160639248  0.07354719178243148
  0.08729968218001324  0.09884785789434415  0.11129457866014342  0.12432638593367822
  0.13962069841016736  0.15662884208216127  0.16819228773879583  0.18015419725522105
  0.19416204022829409  0.20460456513545594  0.21747736056213593  0.22909402944015664
  0.23979799982390032  0.25084248905332807  0.26259127518537240  0.27470898281480122
  0.28729868482302978  0.30072652929560567  0.31408126662512859  0.32705454320567967
  0.33979949177435242  0.35401883189768280  0.36634823410365180  0.37776437637371596
  0.38919900749300546  0.40009503540578323  0.41336037943866411  0.42740505941696882
  0.44178273180099631  0.45509648528271385  0.46593842524554285  0.47373776546697005
  0.47986716434437371  0.48533408832947522  0.49167349688479906  0.49892929022469668
  0.50584546219352911  0.51409913628792903  0.52195806444935466  0.52946230188117682
  0.53664869073484567  0.54724734268404429  0.56116856674757642  0.57225879732020202
  0.58194597837428652  0.59115986362293071  0.60121816121866345  0.61202684185088563
  0.62385606250356285  0.63670634955418148  0.64899610106039995  0.66141537378549142
  0.67434054261126342  0.68864343368467540  0.70084284777082184  0.71248226923449332
  0.72361256849205924  0.73395678500968420  0.74360432347338246  0.75302047443742992
  0.76323574204783740  0.77500465726737833  0.78810768261315589  0.80061557653224347
  0.81070143734296340  0.82210200617092311  0.83371727483437652  0.84534202190918173
  0.85669265887288171  0.86940955121886931  0.88140022605992874  0.89272954366539392
  0.90172447637523578  0.91052394587845453  0.91884671123353312  0.92604906912814855
  0.93235748357881165  0.94071794013587107  0.94924506010898901  0.95869247166490235
  0.96794280770977048  0.97804550406745294  0.98869766984610741  1.00000000000000000
 -0.00168686050432575  0.01470745238844844  0.03307964202042002  0.05021631371252180
  0.06825597366089826  0.08331737582995234  0.09743866721887193  0.11237545064324464
  0.12647263917415114  0.14240962357095477  0.15813485679730335  0.17363280858432839
  0.18690573505158614  0.19783013815254971  0.20824801399161794  0.21993522990877989
  0.23228061770287958  0.24853825818511630  0.26328341534449939  0.27605239794016551
  0.28442886151036062  0.29233484369263829  0.29926857228127030  0.30639389344693851
  0.31278911728113590  0.32188221512115789  0.33211903910814844  0.34138150629141084
  0.35041158989801918  0.35908036933884990  0.36733373872289299  0.37477768706741132
  0.38307988192099091  0.39166868267744492  0.40111845445493199  0.41240278406439501
  0.42499388509435199  0.43610549576911600  0.44553084198576115  0.45485062238273194
  0.46411744716662079  0.47346106168682550  0.48210958768976614  0.49128001394532683
  0.50112536176179168  0.51016487106528274  0.51862238830922536  0.52795893020452467
  0.53900478523380546  0.55267237005823688  0.56647635991067857  0.57818006155566082
  0.58953314039898774  0.59987267855337756  0.61113898118190380  0.62288040975859704
  0.63280080193657651  0.64284159735051638  0.65224066638278455  0.66215712111611780
  0.67313847245424951  0.68290752809300748  0.69236876166324757  0.70252826161144033
  0.71254891133077258  0.72288852518006819  0.73302449565314953  0.74243326414346023
  0.75260240866318473  0.76368805377509741  0.77519449377745642  0.78714648319497571
  0.79986586043211638  0.81146224050187066  0.82251102423916589  0.83297398419494761
  0.84266817102457259  0.85228180499066186  0.86222515722663895  0.87346428042913127
  0.89425538260225401  0.90347861090222192  0.91053078573523605  0.91662483481256984
  0.92246709456846787  0.92831836350645747  0.93443490536828766  0.94191464224002497
  0.94962324240842810  0.95724018775189479  0.96368227916498084  0.96991646289599376
  0.97661707119153263  0.98389208052603772  0.99112472705068411  1.00000000000000000
 -0.00265372669620863  0.01248088950753396  0.02563856637394825  0.03970553211095088
  0.05389797762298527  0.06317233610365412  0.07555853270821954  0.08869979465952496
  0.10294767011597850  0.11556939473710730  0.12777178477381237  0.14014387646595594
  0.15087777633127647  0.16074336659083582  0.17072213212567661  0.17865946578277322
  0.18512567249280215  0.19189883027774546  0.19990739596907972  0.20688255404643072
  0.21303951395216084  0.21962907646272636  0.22766170667377800  0.23737559940468311
  0.24741610756365071  0.25681775942102986  0.26574770146144655  0.27658686229647994
  0.29042015787088188  0.30433756938265272  0.31653770067808523  0.32720823075955874
  0.33861169884043774  0.34872346002018151  0.35579594467276032  0.36152676327994515
  0.36705059545464996  0.37333648013416221  0.38097104207988791  0.39016967373764605
  0.40029851741144690  0.41201443876380883  0.42767697799493248  0.44215731031762229
  0.45595760997427687  0.46828740357537196  0.47915300944908185  0.48929373788215491
  0.49774423585162764  0.50744036736480358  0.51707213222318638  0.52849803142112395
  0.54234359650310493  0.55676584922431938  0.56867831415360881  0.58070301427502569
  0.59285453935191601  0.60433254636273337  0.61536403109270010  0.62618808251468994
  0.63752237827466329  0.64899408039371786  0.65957569792389259  0.66855877157538868
  0.67677817312004196  0.68556266502018848  0.69273633372160071  0.69960152125767461
  0.70661563373532699  0.71414713748180858  0.72242180917196441  0.73196516573071657
  0.74119680445910918  0.75117044415686252  0.76276935169324489  0.77519000328067955
  0.78557160287301353  0.79577835186858104  0.80504180793367275  0.81254832700940849
  0.82127286725953430  0.83040396500790403  0.84021718295513437  0.85227363136127898
  0.86997472832566280  0.88231512678903201  0.89202717255387654  0.90271133096808365
  0.91335489873353892  0.92462460969506777  0.93551663282969810  0.94865971508479663
  0.96231672984050520  0.97500158938879256  0.98728302302073945  1.00000000000000000
  0.41547844401874939  0.47893404277922336  0.51244840002291725  0.53344442180302398
  0.55246651450864381  0.57159044607292797  0.58395968494531614  0.59576810690692361
  0.60615469606431205  0.62014179863932317  0.63221660549013081  0.64140366445309771
  0.65088106116545308  0.66411953887639574  0.67800245618150790  0.69023686123903483
  0.69965208433009518  0.70893299688698497  0.71556342476303403  0.72297526037427773
  0.72991763903960827  0.73677548612938359  0.74342356959531541  0.74931636413512392
  0.75468692580868058  0.76020671422321895  0.76551642629211003  0.77209680003537495
  0.78045092009364203  0.78797777894758159  0.79393942684977814  0.79942493110462276
  0.80514714455272418  0.81039092022367742  0.81472151897319978  0.81816867897515877
  0.82181093194515242  0.82505388614280661  0.82818014762763648  0.83109964816531756
  0.83428188275156601  0.83758678604796399  0.84111231380976670  0.84483948367261252
  0.84821694289783933  0.85117347115816189  0.85384964287652287  0.85648392399736806
  0.85919917373009702  0.86190104990502125  0.86467280029167581  0.86765894336776261
  0.87074627010079975  0.87381111460063976  0.87676033226747863  0.87945072374301403
  0.88213592045655176  0.88489024984123732  0.88768580236631711  0.89030618838987818
  0.89283395909101104  0.89546981560241501  0.89861188480384413  0.90202752735475333
  0.90549370387833361  0.90836638145608639  0.91090371302006345  0.91339820055213206
  0.91580640564901095  0.91822268880484437  0.92071562786698302  0.92304923055947474
  0.92548250747870142  0.92798675735560376  0.93049892865997008  0.93292834633660959
  0.93527231855722481  0.93763546531713993  0.93994616232804751  0.94255248393235513
  0.94558322386840632  0.94868414461982076  0.95223269478208206  0.95545271760021577
  0.95840070648173536  0.96109080887693410  0.96377426557833124  0.96648775017274779
  0.96924753718967660  0.97230099846844942  0.97544225267387874  0.97872821466889315
  0.98228830760053598  0.98637501014767848  0.99184373839148188  1.00000000000000000
 -0.01950365425318764  0.12997742754507893  0.18645052253693079  0.22142060826924595
  0.25057231536671093  0.27322938466530011  0.29314826989618203  0.31163118712292248
  0.32879704955656208  0.34625690012295934  0.35773202763751827  0.36482896302149642
  0.37209978336023330  0.37954302191824918  0.38780091279277396  0.39640733603833944
  0.40452574665678076  0.41003861207231029  0.41679332500310762  0.42816739120431052
  0.44211017607317415  0.45547978674899514  0.46724690969034122  0.47670421923388268
  0.48389261481392654  0.49037269880641476  0.49758961834758336  0.50557160228085829
  0.51190023940398144  0.51735618430284913  0.52231092814307101  0.52723391462459401
  0.53217092354671536  0.53732364645634234  0.54335498846299368  0.54964385978266994
  0.55577423977489726  0.56137730816830145  0.56659522711786470  0.57141600976696005
  0.57646558245513924  0.58223519361165121  0.58867331037016490  0.59617305299859136
  0.60270547442137234  0.60814850202162618  0.61300333249982619  0.61870055272697322
  0.62468565341261839  0.63093722738689473  0.63761657157585339  0.64424798074209944
  0.65043709585046972  0.65518408621963231  0.65983699504133364  0.66434764812870828
  0.66909863152440474  0.67387561837194299  0.67849729249883572  0.68315975932787276
  0.68754027865413103  0.69213281371703306  0.69682202368549706  0.70152348236280848
  0.70630213282507648  0.71150597888042821  0.71761462982192503  0.72280627688321175
  0.72651639589630923  0.73041330202008226  0.73486554114665070  0.73900416598466423
  0.74308685569188981  0.74820607342303180  0.75383244019873430  0.76062712531672372
  0.76646447984702115  0.77307756412288708  0.78051828932230616  0.78799274020051113
  0.79442140442652343  0.80042273536578468  0.80633649264289886  0.81180366187892616
  0.81685985872457523  0.82199764082860927  0.82748557834436509  0.83611097507224197
  0.84608689351976296  0.85759520661329480  0.86915749409236720  0.88040625752353507
  0.89247505378254299  0.90719759049785298  0.93076555870938615  1.00000000000000000
   9.4017705530100557E-006  -1.0000000000000000     
 F F F F F F F F F F F F F F F F F F F F F F F F F F F F F F F F F F F F F F F F F F F F F F F F F F F F F F F F F F F F F F F F F F F F F F F F F F F F F F F F F F F F F F F F F F F F F F F F F F F F F F F F F F F F F F F F F F F F F F F F F F F F F F F F
  <DiscreteSampler_grid>
  grouped_processes
  1 # 1 for a reference and 2 for a running grid.
  10 # Attribute 'min_bin_probing_points' of the grid.
  1 # Attribute 'grid_mode' of the grid. 1=='default',2=='initialization'
  0.0000000000000000 # Attribute 'small_contrib_threshold' of the grid.
  0.5000000000000000 # Attribute 'damping_power' of the grid.
 # binID   n_entries weight   weight_sqr   abs_weight
    10   10   8.318759379989723E+000   5.199681237460082E+002   8.318759379989723E+000
    11   10   8.318759379989729E+000   5.199681237460089E+002   8.318759379989729E+000
    16   10   5.808218443995015E+000   2.264407152207708E+002   5.808218443995015E+000
    17   10   5.808218443995019E+000   2.264407152207710E+002   5.808218443995019E+000
    22   10   8.318759379989723E+000   5.199681237460080E+002   8.318759379989723E+000
    23   10   8.318759379989729E+000   5.199681237460089E+002   8.318759379989729E+000
    28   10   5.808218443995017E+000   2.264407152207708E+002   5.808218443995017E+000
    29   10   5.808218443995019E+000   2.264407152207711E+002   5.808218443995019E+000
  </DiscreteSampler_grid>
