  0.00000495655095222  0.00000546289872706  0.00000573132322491  0.00000597308826448
  0.00000621552510133  0.00000646558275318  0.00000672010232503  0.00000696985217925
  0.00000725444143141  0.00000754162096031  0.00000783972673874  0.00000816074668734
  0.00000852832914801  0.00000893236620605  0.00000934691359258  0.00000976781698222
  0.00001019480899319  0.00001061932442287  0.00001103762327306  0.00001145994875046
  0.00001187347052583  0.00001230634497059  0.00001275322539565  0.00001324814051021
  0.00001374519978859  0.00001425044222866  0.00001476834824872  0.00001530598890122
  0.00001586768799502  0.00001646874825662  0.00001719094681673  0.00001795176752565
  0.00001863991764917  0.00001932812741403  0.00002002113708534  0.00002074643248929
  0.00002152547709892  0.00002237684619112  0.00002325283111190  0.00002411395802616
  0.00002497195836314  0.00002586043294129  0.00002677996084772  0.00002768049000135
  0.00002859467601869  0.00002957435360395  0.00003071341822690  0.00003206067632292
  0.00003348809915815  0.00003512217869987  0.00003684975507422  0.00003861424519333
  0.00004041788805794  0.00004226626398981  0.00004421214304094  0.00004634065042417
  0.00004857076463059  0.00005086199326404  0.00005331574538009  0.00005604984532635
  0.00005911847578211  0.00006271027201055  0.00006650029407502  0.00007038059943128
  0.00007441766974828  0.00007880413101926  0.00008365830065388  0.00008887238201081
  0.00009468228334970  0.00010113221341994  0.00010790438440503  0.00011524851748999
  0.00012319822081878  0.00013245669723942  0.00014328813245076  0.00015560945760564
  0.00016853123323562  0.00018287851432745  0.00019969739960576  0.00021914925485962
  0.00023844929348978  0.00025962376794786  0.00028532726851053  0.00032139060147655
  0.00036989495040749  0.00043151700533469  0.00050172013515570  0.00058128623682756
  0.00068910912932529  0.00088510895129577  0.00113361585226892  0.00158378275521053
  0.00238889743216517  0.00471191466685652  0.21626808125781175  1.00000000000000000
  0.00000473171416556  0.00000535765440750  0.00000571050462824  0.00000604433074493
  0.00000633748573108  0.00000665851848769  0.00000697571357058  0.00000731947772635
  0.00000772973459918  0.00000818829190808  0.00000863650238451  0.00000909939613985
  0.00000948762590920  0.00000990066758518  0.00001031946694828  0.00001076620760943
  0.00001125069073903  0.00001174273968246  0.00001222073855571  0.00001270389626344
  0.00001321691262261  0.00001376540551817  0.00001431741372944  0.00001484936773848
  0.00001535276661283  0.00001586052579924  0.00001639821508383  0.00001699582413090
  0.00001764347765115  0.00001828466136599  0.00001897650878404  0.00001977265327158
  0.00002061556525887  0.00002144325890193  0.00002224979888246  0.00002316499022140
  0.00002413350053362  0.00002506396777831  0.00002606116477017  0.00002715115827239
  0.00002827135798548  0.00002942619771310  0.00003074659458414  0.00003211926655567
  0.00003348838016758  0.00003488988556768  0.00003632353939229  0.00003780769353462
  0.00003941509597083  0.00004117120667033  0.00004304012923894  0.00004500812856816
  0.00004710867471070  0.00004945070592783  0.00005206520958817  0.00005524418093271
  0.00005871947826502  0.00006219728012560  0.00006569500821126  0.00006907849214005
  0.00007268756856280  0.00007659580495724  0.00008110088666985  0.00008625617609931
  0.00009186952993119  0.00009800795746559  0.00010479962434138  0.00011245960761543
  0.00012103376558506  0.00013075496454730  0.00014199527180366  0.00015385920175823
  0.00016676361656018  0.00018121119729749  0.00019705331754238  0.00021569860295342
  0.00023713510845141  0.00026156046255151  0.00028837386660181  0.00031716680387496
  0.00035014255471980  0.00038887343074756  0.00043732402388506  0.00049655931534808
  0.00056523951030787  0.00066002901511723  0.00081937932250521  0.00104614968203733
  0.00130674440055808  0.00166710598783123  0.00205550389645968  0.00261194226135893
  0.00385408049521138  0.00993028963667465  0.22133025691838748  1.00000000000000000
  0.00000723463397120  0.00000827465074466  0.00000939725394800  0.00001064256540482
  0.00001197448314589  0.00001323784138651  0.00001448328923250  0.00001579882050297
  0.00001709118507350  0.00001822096563360  0.00001919778752417  0.00002008779743304
  0.00002112784327463  0.00002254808748491  0.00002419274098113  0.00002591008153346
  0.00002769092922164  0.00002949349823377  0.00003122985909153  0.00003309625101872
  0.00003495771503538  0.00003684283821152  0.00003868662476611  0.00004071372573980
  0.00004282390489170  0.00004504966910867  0.00004719759124016  0.00004925747955656
  0.00005140534605439  0.00005373903410675  0.00005610000169746  0.00005865315791755
  0.00006157760520345  0.00006470435174090  0.00006779585024523  0.00007089134451135
  0.00007399086646278  0.00007702252302456  0.00008023073529015  0.00008326480218688
  0.00008677287039787  0.00009045507134300  0.00009430793928806  0.00009849223475719
  0.00010310851122757  0.00010836625197432  0.00011448775634037  0.00012071604825648
  0.00012807582652978  0.00013561441257950  0.00014418298096783  0.00015358601390380
  0.00016345480260079  0.00017397012870708  0.00018577366645585  0.00019930616653448
  0.00021463037607552  0.00023185368862434  0.00025122759896651  0.00027292416999925
  0.00029817723985501  0.00032678610078425  0.00035911837386211  0.00039515494734295
  0.00043569155833639  0.00048066270132868  0.00053111631395912  0.00058777932497388
  0.00065270242475673  0.00072988216805021  0.00080973217983846  0.00089007838704711
  0.00098245354595082  0.00109635879530605  0.00123371752935982  0.00139398954504447
  0.00156779097645634  0.00176588250998038  0.00201899243735986  0.00230460582146276
  0.00256809905641828  0.00289412467423490  0.00318494318082124  0.00357842573238983
  0.00416514211675211  0.00502792782895227  0.00592727897440232  0.00655381183752164
  0.00743438507105797  0.00845846970234008  0.00958756360883969  0.01063864286801364
  0.01175356166299527  0.01320833680464838  0.29618156708204418  1.00000000000000000
 -0.00283802106980540  0.01070335893831815  0.02159917532692138  0.03161428846857220
  0.04021551941174790  0.04715479831291025  0.05311288680769130  0.05972054545184449
  0.06686692482814229  0.07469237064333296  0.08270779273567878  0.09045488816586070
  0.09784924775256836  0.10610397572921418  0.11579045068305821  0.12577479427344768
  0.13544930174229000  0.14442535802775436  0.15336054834014978  0.16224755685298645
  0.17120286463929096  0.18057493119375753  0.19039996492931308  0.20042206622114866
  0.21001042293867989  0.21941084316070539  0.22973145818911955  0.24112561420040823
  0.25266577235682575  0.26411239059429020  0.27601013088670995  0.28783239035703534
  0.30019140383713611  0.31323766647796902  0.32647669479461566  0.33975496764533225
  0.35327502113001258  0.36642682073001465  0.37884244311957971  0.39054451556511122
  0.40270377289356141  0.41605848691085773  0.42910600199384019  0.44108146905198908
  0.45299807045952606  0.46519187120036354  0.47872753456633627  0.49340966911175288
  0.50801045512861831  0.52196424573195754  0.53571216461235505  0.54900739785588604
  0.56145565664206620  0.57350884063603957  0.58567124012727489  0.59806899554936865
  0.61071580618299703  0.62356881407604337  0.63642143501510395  0.64870885316149818
  0.66090626074101344  0.67321296390474650  0.68603892774851416  0.69701336618285814
  0.70766103990867546  0.71846376913858323  0.72978968034504510  0.74113996374587654
  0.75220269929230010  0.76317756804504111  0.77383092342667348  0.78406923148447916
  0.79422308679907205  0.80381743040043407  0.81318530908038478  0.82217478918140074
  0.83068487511395395  0.83892800992618932  0.84744469176366966  0.85696904020809772
  0.86683102150420610  0.87654497214268645  0.88644161515345987  0.89635686490899413
  0.90588306256620776  0.91519540031193525  0.92427781014870258  0.93324242468895957
  0.94166917868023536  0.94928141709890312  0.95673070644720559  0.96412791306840373
  0.97190118003885084  0.98128244170005730  0.99031569866701696  1.00000000000000000
 -0.00308630395489213  0.01235469291324198  0.02462173836260650  0.03636312951365671
  0.04764985715466643  0.05807063857577517  0.06848243445855344  0.07863531134476780
  0.08985468700352617  0.10152588627570892  0.11409022452958222  0.12589344060358343
  0.13613913876386927  0.14592273776104547  0.15612161554706183  0.16638830468264562
  0.17590373663887390  0.18498831609496802  0.19441392378993072  0.20441653632449519
  0.21494268202573544  0.22526473012590278  0.23425115454836329  0.24287670687256654
  0.25144423651073539  0.26096564429192137  0.27102952731910612  0.28179538598122106
  0.29260694846682483  0.30293986161795433  0.31244957092089887  0.32163537513400170
  0.33126476024271806  0.34150912684804269  0.35179691045508071  0.36097748938762458
  0.36960934209836716  0.37821697427141643  0.38758778612318534  0.39816902017586786
  0.40823812243149721  0.41874539633076596  0.42922573939556641  0.43969485542595832
  0.44996188996978392  0.46016336452504164  0.47026263606432095  0.48026117564312987
  0.49076292985189529  0.50199362858473540  0.51384763603772232  0.52538528798128070
  0.53591127633688840  0.54548761446521399  0.55464804712916682  0.56413321239669745
  0.57370631409667650  0.58274696807303250  0.59124226471365715  0.60008876386306742
  0.61005513613882267  0.61968490993428249  0.62918248019534295  0.63846952699215853
  0.64824164384428673  0.65874468406495101  0.66997195124889330  0.68136363333044414
  0.69293940289449218  0.70459408375112009  0.71560606041052810  0.72625974135439630
  0.73714207224539974  0.74861891643561917  0.75964290291870240  0.77032423919406046
  0.78150464056375768  0.79307817388578705  0.80411779300291830  0.81466589491488395
  0.82474809251135017  0.83508322533230483  0.84561223791635109  0.85706598150132463
  0.86903495893814164  0.88144775419485744  0.89395407051456877  0.90688779955282306
  0.91877406768695091  0.93022000273366312  0.94148118759944133  0.95294571412891615
  0.96512542550832259  0.97686619229562688  0.98847847030390323  1.00000000000000000
 -0.00190245570779761  0.00717911574794510  0.01583303444004257  0.02361128524081208
  0.03157223240926618  0.03961507563892241  0.04768491083037737  0.05557013270314104
  0.06330319146537824  0.07115985495214666  0.07917304279515248  0.08758933866742635
  0.09615758960510745  0.10448834748400512  0.11322120107359182  0.12203147567529281
  0.13124117392109039  0.14082737784830704  0.15044026599953914  0.15966651594024464
  0.16910605469814455  0.17904077404472704  0.18924548505788824  0.19989779545696493
  0.20936833392598828  0.21998324362801028  0.23035180327885010  0.24170285446137105
  0.25407801217412695  0.26704588581689076  0.28012595581925503  0.29282122542721001
  0.30455161290526828  0.31645965430916534  0.32916971887846896  0.34271796290689965
  0.35757151482465432  0.37141684043185880  0.38332469235697803  0.39472094819001741
  0.40630509887484278  0.41987747583441987  0.43430881126155230  0.44933563737860133
  0.46406789093598494  0.47710960606262032  0.49020159924190143  0.50382276864611886
  0.51777153851968738  0.53154645020140234  0.54507427647340168  0.55849740090157551
  0.57086635002709818  0.58253550146745836  0.59414754007747450  0.60579840050868061
  0.61696706637706167  0.62840594135408911  0.64085398755251499  0.65292191297570557
  0.66482180825992698  0.67541834025208114  0.68589687180105097  0.69718800566956829
  0.70938482890896570  0.72203466125314875  0.73363021233023340  0.74423219793658224
  0.75400142097265699  0.76321086606702260  0.77214108241184898  0.78124492361495701
  0.79081019452000212  0.80113099867065451  0.81142908174369310  0.82150349449135585
  0.83084463699746858  0.83971294979554278  0.84877092315337443  0.85818187525936207
  0.86770864885616306  0.87715278857473922  0.88666875753767449  0.89625474515263825
  0.90563259292367393  0.91505164244191772  0.92491439623422711  0.93500764354643806
  0.94437772946986054  0.95241997194091366  0.95992534421591047  0.96780230079559348
  0.97544086346483427  0.98346551516769909  0.99201969968180126  1.00000000000000000
 -0.00206158990643207  0.00728855122649871  0.01617996971445827  0.02522442986354786
  0.03433059381094285  0.04471229915161473  0.05546790171053771  0.06583971330898696
  0.07548489914156052  0.08501803660024648  0.09445983689416235  0.10521192846313640
  0.11657820578609324  0.12737048287684427  0.13638574148515720  0.14539275440661464
  0.15317413040094816  0.16171591136397034  0.17025104332830779  0.17959552609934970
  0.19009137111562860  0.20078472521026700  0.21173118260236071  0.22204444769130033
  0.23205237246303506  0.24179961534440153  0.25147113516937281  0.26118078352459467
  0.27052235749729164  0.28030444559672896  0.28937691516597780  0.29900402256531217
  0.30883364589557460  0.32020713132224876  0.33208109448375445  0.34419419040297206
  0.35592678295713337  0.36642049911617486  0.37603040016625716  0.38538100131385428
  0.39544458270525268  0.40598702892247385  0.41670508307559506  0.42804437957628777
  0.43881232152020422  0.45057971547540554  0.46127462019694992  0.47250983704933008
  0.48331963950466711  0.49465921817731384  0.50581120023894754  0.51652695494692247
  0.52685406618190656  0.53745581905195627  0.54823967355612258  0.55927607868926477
  0.56993394566109656  0.58059680163805361  0.59141262417973173  0.60282345673242177
  0.61438299688652309  0.62603291534554273  0.63835437179276011  0.65067299956172098
  0.66180555396971463  0.67199170340123582  0.68187609543288907  0.69228002738594796
  0.70340899777636168  0.71515470001721471  0.72648809623227217  0.73794603393548452
  0.74911325822920338  0.75979932974574338  0.76991526540935851  0.78032537213140529
  0.79179343364696042  0.80472710145874193  0.81625889060165380  0.82621795846672119
  0.83590302217108858  0.84555816983247267  0.85514288243915892  0.86433802618934530
  0.87372386923662049  0.88349799923899675  0.89351759516685114  0.90370453610874468
  0.91357587115035466  0.92485434509860909  0.93694811497622854  0.95069504236441060
  0.96410112105936974  0.97684102314887755  0.98878224419516969  1.00000000000000000
 -0.00275777108092315  0.01143576539150165  0.02371634451585727  0.03555528699685249
  0.04639695507518388  0.05677732740456422  0.06597110053155360  0.07447952896749047
  0.08276363239513418  0.09123943861153146  0.10038977687309211  0.11020852619174260
  0.12066251362509371  0.13142256918300185  0.14286376080998067  0.15381103986206693
  0.16434229564307190  0.17426584707414100  0.18411964294146918  0.19440365783452607
  0.20527605803432755  0.21677830594954833  0.22800625778444525  0.23884124559461586
  0.24917578996878006  0.25938215763405315  0.26900374180138675  0.27827604996547667
  0.28736471145977438  0.29627535554168455  0.30594241478516604  0.31608036623629104
  0.32678952221428548  0.33780765486315611  0.34892979054159040  0.36070734592646958
  0.37231709621157683  0.38442139516630319  0.39604660813012715  0.40744580814384040
  0.41826410177319506  0.42827898213219961  0.43716223102328816  0.44561463055361261
  0.45407250764451518  0.46378496867587954  0.47476139521092869  0.48679505554885028
  0.49863517908669575  0.51006875229050896  0.52042022205748872  0.53012124928085513
  0.53967992604545811  0.54969103028623256  0.56027290466235624  0.57084239655979685
  0.58183369337892732  0.59313546300725684  0.60466201270555842  0.61565399367993379
  0.62633915077995417  0.63497974351973152  0.64410348690952324  0.65309036096531936
  0.66280390461595329  0.67290760651772130  0.68321168459471848  0.69412271604425924
  0.70570708953174133  0.71759399642945598  0.72862268193022883  0.73906641045525756
  0.74942951168609506  0.76026218239511212  0.77205657345298684  0.78417525709479274
  0.79627274845311324  0.80770571414673553  0.81844607127892433  0.82947258567380522
  0.84093963884997491  0.85240136076492690  0.86264788637331835  0.87259112465230215
  0.88308954339374623  0.89369448256701611  0.90365157080814051  0.91317327056249864
  0.92289096343878685  0.93308474077555215  0.94372648849866780  0.95418648566261699
  0.96482369806308910  0.97567057744777752  0.98753222536377672  1.00000000000000000
  0.04479319185048530  0.05611510132429735  0.06743701079810942  0.07604259538364012
  0.08362197319816597  0.09528520410683571  0.10920562048204911  0.12304591311749345
  0.13423405385660780  0.14409520968637332  0.15298647550036237  0.16340193702336006
  0.17420195868019581  0.18490440057908863  0.19961809946481734  0.21349681607286286
  0.22544337379888046  0.23705090972251430  0.24846101573181151  0.25984453820115633
  0.27032805976860785  0.28181674940593959  0.29381936336159914  0.30725079342879003
  0.32208847903383570  0.33690663258135384  0.34956148867197900  0.36286035761834567
  0.37736940494894317  0.39169195269003754  0.40467550721126239  0.41756907582056391
  0.42969940197947937  0.44134074615096269  0.45115608390754791  0.46188659123308606
  0.47252571780823532  0.48274258266652365  0.49245122461350466  0.50262497436674969
  0.51285175398019267  0.52272783924467336  0.53246301632852322  0.54301596702664912
  0.55447612494857657  0.56549037675586999  0.57590136667382263  0.58619520131121017
  0.59612702421573838  0.60579113556292652  0.61466471273820733  0.62327009170524794
  0.63238600231277031  0.64206397033474694  0.65243873172766265  0.66290905035852321
  0.67261337169476099  0.68204701282418756  0.69148055749236192  0.70083031608235791
  0.70986938904774477  0.71825834063062211  0.72665540428727970  0.73517463880084732
  0.74409490947816070  0.75330987504238101  0.76266271643827732  0.77199194100743518
  0.78102853131462036  0.79015824181416117  0.79898386572394853  0.80801986166874329
  0.81694364349375370  0.82517916446045614  0.83309430775816318  0.84096647627618082
  0.84875909556091023  0.85660170498631949  0.86412225573651325  0.87183402512000541
  0.87907568297331207  0.88655521215901789  0.89431868232111111  0.90240309894651760
  0.91032858568808628  0.91787422780587402  0.92534585563168414  0.93311303200512263
  0.94087580329171450  0.94885971458521112  0.95639321109377151  0.96399197525980074
  0.97157776427730513  0.97926241729019381  0.98800417063491530  1.00000000000000000
 -0.01785961984213139  0.10872147492958989  0.14542776410248551  0.16790612779333336
  0.18451233466805317  0.19871487553306524  0.21097497789397604  0.22168165380822516
  0.23139294112459841  0.24130964578753608  0.25144916677919887  0.26124735736780774
  0.27059597588063933  0.27908105651999698  0.28739909374499284  0.29549782332081798
  0.30396202185796006  0.31276253962116507  0.32136859772956011  0.32947476597167030
  0.33724415530097152  0.34494493721458513  0.35275741860090115  0.36066402423768223
  0.36819442098353028  0.37518117992143712  0.38184217906318929  0.38820671627781728
  0.39424932676699520  0.40011575454762865  0.40587626654104425  0.41180265122294102
  0.41744942325758477  0.42299048855016896  0.42853618910250013  0.43408192486070585
  0.43966803566908985  0.44512975013157174  0.45093647042811147  0.45669778922104531
  0.46308891747257774  0.46895760538861564  0.47514945813821963  0.48037687288612413
  0.48503110431215507  0.48960191622491778  0.49419636640368847  0.49913318478283686
  0.50473403230151692  0.51048823840803770  0.51600201271507373  0.52141024719131979
  0.52666475144819236  0.53172058309205772  0.53699456000956425  0.54242628205264698
  0.54801814685104044  0.55449838849133670  0.56053391983363454  0.56679773232665753
  0.57308751053275842  0.57952380340070375  0.58612732901560127  0.59235442195164989
  0.59826873901571176  0.60382538736890767  0.60898629992534115  0.61396033975803177
  0.61888354395116441  0.62379554346513089  0.62919895330791809  0.63514894018834811
  0.64119890467153084  0.64687767120220374  0.65252801773697378  0.65839080198861777
  0.66478921421918369  0.67195148945708971  0.68003303493940548  0.68809502501511999
  0.69633058242549906  0.70456095598571034  0.71315520382954556  0.72205963713754706
  0.73127223023573173  0.74085946184359353  0.75111179102204251  0.76301080798730680
  0.77545331968289477  0.78860600623664390  0.80269678636553843  0.81912903432497253
  0.83919074391564608  0.86424520700247398  0.90074668735046615  1.00000000000000000
   8.0732937971276272E-002  -1.0000000000000000     
 F F F F F F F F F F F F F F F F F F F F F F F F F F F F F F F F F F F F F F F F F F F F F F F F F F F F F F F F F F F F F F F F F F F F F F F F F F F F F F F F F F F F F F F F F F F F F F F F F F F F F F F F F F F F F F F F F F F F F F F F F F F F F F F F
  <DiscreteSampler_grid>
  grouped_processes
  1 # 1 for a reference and 2 for a running grid.
  10 # Attribute 'min_bin_probing_points' of the grid.
  1 # Attribute 'grid_mode' of the grid. 1=='default',2=='initialization'
  0.0000000000000000 # Attribute 'small_contrib_threshold' of the grid.
  0.5000000000000000 # Attribute 'damping_power' of the grid.
 # binID   n_entries weight   weight_sqr   abs_weight
    10   10   2.772475921235319E+005   4.606312623264865E+011   2.772475921235319E+005
  </DiscreteSampler_grid>
