 -0.00253296580878017  0.00947647928444040  0.01963157689643252  0.03015042368171161
  0.04069900264353715  0.05124696973623628  0.06179189146915595  0.07232103529003098
  0.08285555953117686  0.09338807798361390  0.10393000985367015  0.11447284431108984
  0.12501305190232581  0.13555999423654178  0.14610668194876048  0.15665565409326654
  0.16720474283828524  0.17775348314599820  0.18830405097303041  0.19885444447862072
  0.20940194064049861  0.21995166625520643  0.23049816056481326  0.24103898578795580
  0.25157779628038790  0.26211190278693508  0.27264674544274536  0.28318371093389128
  0.29372472010341716  0.30426590312366231  0.31480770356979265  0.32534764091192814
  0.33589359092689558  0.34643833295610071  0.35698593375295784  0.36753421132057956
  0.37807284871258173  0.38861312982095286  0.39915406678112170  0.40969106592311710
  0.42022069861174377  0.43074892713829510  0.44129410820736920  0.45184318038804372
  0.46238823553995084  0.47291805605356579  0.48345427341881275  0.49398422665481206
  0.50452780520186602  0.51506393710524245  0.52560560954079683  0.53614747812231589
  0.54669495553573033  0.55723988512678324  0.56778154034246997  0.57832362595597886
  0.58887284007310692  0.59942028663537372  0.60996723995936719  0.62051325302131455
  0.63106167391936496  0.64160684775766341  0.65215120409836791  0.66268247633574351
  0.67320962733761569  0.68373531489194983  0.69427127482433781  0.70480964409151547
  0.71534814696857751  0.72588272580607194  0.73641789150196679  0.74695647234928231
  0.75750305844550314  0.76804824829510621  0.77859535838420502  0.78914437776186963
  0.79969446581242531  0.81024038855526626  0.82078409343589598  0.83131690394150803
  0.84185275630649126  0.85238510820491220  0.86293229767069590  0.87347654575624967
  0.88402455588264484  0.89456662650844254  0.90511045974247850  0.91565397432354345
  0.92620631758874583  0.93674735210901727  0.94728651348478221  0.95782500284156258
  0.96837329663009930  0.97892463877348668  0.98946374619225186  1.00000000000000000
 -0.00242418460570811  0.00959625420159650  0.01977566309266371  0.03029479436258117
  0.04083249220272036  0.05136264947479643  0.06190410415134687  0.07245375187633474
  0.08300045405849978  0.09354854898850845  0.10408198721928900  0.11461496438286574
  0.12514610641102103  0.13567875153585168  0.14621240079893139  0.15674666045591984
  0.16728921953888456  0.17782981753045779  0.18836936233974713  0.19890923422454482
  0.20945306360128926  0.21998812012991045  0.23052591456143987  0.24105352509937150
  0.25159102254798654  0.26212749180653827  0.27267431317882163  0.28321342842591851
  0.29375409018834669  0.30430238977378243  0.31484296735193446  0.32537084637027186
  0.33589569188476875  0.34643074382357247  0.35697792117359978  0.36751351879894445
  0.37804541681939258  0.38857236923819932  0.39911051952911675  0.40965653789968459
  0.42019570583579868  0.43073699514122843  0.44127661130396889  0.45182331964235278
  0.46235661587865839  0.47288323240998964  0.48340936875884799  0.49394424194277620
  0.50448275948722665  0.51502531886159364  0.52557253232197332  0.53611977657681420
  0.54665963226871284  0.55719281262069476  0.56772457272647969  0.57825674210648836
  0.58879366127326860  0.59933653600963066  0.60988140327119489  0.62041648583146991
  0.63095122741613607  0.64149285620685637  0.65204559214256008  0.66259528856072025
  0.67313909861629539  0.68367313702497734  0.69421073429511460  0.70475369119236086
  0.71530356878565293  0.72584535294881314  0.73638896370376183  0.74692460236597058
  0.75746633110214556  0.76800464814291702  0.77855413448399446  0.78910615951774155
  0.79966025667160756  0.81020332336227963  0.82074313392760323  0.83128251947126486
  0.84183075204007718  0.85238143676452571  0.86292926092061784  0.87347777145969796
  0.88402777654918496  0.89457456946977343  0.90512196562288294  0.91566735951261413
  0.92621768151998352  0.93675806659029381  0.94729853097644867  0.95783421838047578
  0.96837298653407089  0.97891296315716259  0.98945396066943059  1.00000000000000000
   2.5648389815454776E-008  -1.0000000000000000     
 F F F F F F F F
  <DiscreteSampler_grid>
  grouped_processes
  1 # 1 for a reference and 2 for a running grid.
  10 # Attribute 'min_bin_probing_points' of the grid.
  1 # Attribute 'grid_mode' of the grid. 1=='default',2=='initialization'
  0.0000000000000000 # Attribute 'small_contrib_threshold' of the grid.
  0.5000000000000000 # Attribute 'damping_power' of the grid.
 # binID   n_entries weight   weight_sqr   abs_weight
    10   10   1.322623097372511E+010   1.749331857703254E+020   1.322623097372511E+010
  </DiscreteSampler_grid>
