 -0.00247321725717642  0.00962482600422137  0.01981993071075143  0.03033558923817918
  0.04086992944559233  0.05140435175684321  0.06194836969174036  0.07249932056220412
  0.08304850134014455  0.09359412715145723  0.10413320503508217  0.11466875154782476
  0.12520719522064733  0.13575332431218351  0.14629195520021507  0.15682410230403365
  0.16734906043580064  0.17788738703171500  0.18843352283968220  0.19897237117587582
  0.20950585179779624  0.22003607143045195  0.23057673397192291  0.24110907363962536
  0.25163987048701419  0.26216700242864771  0.27270710206703214  0.28324693904918197
  0.29378890572825733  0.30432467912188965  0.31486405779109922  0.32540430570924311
  0.33595011185656576  0.34648802386537153  0.35702522784650259  0.36755984645483070
  0.37808705113752128  0.38861941566429442  0.39915599649181627  0.40970376929057700
  0.42025040616827258  0.43079687303723296  0.44134716346004749  0.45189011200707851
  0.46243138772090153  0.47297299055582653  0.48352152732175840  0.49406603849619879
  0.50461365898707811  0.51515283148635482  0.52569693366910963  0.53623185964711606
  0.54676892906491548  0.55730513833002360  0.56784936490913329  0.57839719461139205
  0.58894511490990886  0.59948656084461049  0.61002893949038728  0.62056906383224419
  0.63111350307889369  0.64166050069563640  0.65220900758487477  0.66275605917256575
  0.67330462687662773  0.68384193377779945  0.69437199778343017  0.70489846768271980
  0.71543794369751657  0.72598927014714643  0.73653494419379406  0.74707464538163793
  0.75760540780829444  0.76814448221721920  0.77868952593630625  0.78924110610733300
  0.79978868908394973  0.81033280648554795  0.82087533283774017  0.83141269710308752
  0.84195255059397345  0.85249598006768668  0.86304274795312119  0.87357817656649994
  0.88410617372368039  0.89463692918304749  0.90517813555090787  0.91572670633716413
  0.92628031422433721  0.93681547052031044  0.94734808818676330  0.95786605043642326
  0.96839801388177560  0.97893407344865946  0.98946717317499477  1.00000000000000000
 -0.00250015737200880  0.00946815305008294  0.01962073788525624  0.03013832357490941
  0.04068440516036494  0.05122932269327808  0.06177095354408453  0.07231757269697775
  0.08285905083144468  0.09339932195475045  0.10393696473106145  0.11447967410290838
  0.12502854897340651  0.13557941746864410  0.14612708673108976  0.15667455249603068
  0.16721833934272071  0.17776161142866770  0.18830332433442862  0.19884887623772346
  0.20939857541485746  0.21994266964574269  0.23047846685294898  0.24101557014653821
  0.25155960335293714  0.26211018700240107  0.27265749006615109  0.28320576398741659
  0.29374572193178561  0.30428333604545393  0.31481888352512172  0.32536285860694381
  0.33590647084686498  0.34644618180004355  0.35697791856088884  0.36751516609903573
  0.37805428014314119  0.38859163995966589  0.39912785363131392  0.40966557600856729
  0.42021313286216572  0.43075060773569057  0.44128967712212613  0.45183030664458618
  0.46238068076304245  0.47292792764913205  0.48346804615177524  0.49400694663607930
  0.50454205644764283  0.51507893535232696  0.52561327242048905  0.53615094188787049
  0.54669367157881377  0.55724234242991544  0.56778847416263711  0.57833525621050108
  0.58887845236751579  0.59942190258981354  0.60996541274412552  0.62050486676303729
  0.63104724890694119  0.64158594495136767  0.65213215162229177  0.66267648221961550
  0.67322290753279002  0.68376409635474666  0.69431195429910719  0.70484536925384866
  0.71538498529083483  0.72591923426036042  0.73646432188612676  0.74700710305999596
  0.75755221283262431  0.76809653451683146  0.77863615680139864  0.78917157285178130
  0.79970571006381030  0.81024583918219661  0.82078993637318665  0.83133955462596654
  0.84188136444591399  0.85242720655406368  0.86295747027608516  0.87349738240341845
  0.88402874800752984  0.89457865819365523  0.90511991181817431  0.91566622462488378
  0.92620705669531467  0.93674986052191933  0.94728319022052432  0.95781472753607688
  0.96835071220360203  0.97889700926712064  0.98944874563768170  1.00000000000000000
   2.5649688613671163E-008  -1.0000000000000000     
 F F F F F F F F
  <DiscreteSampler_grid>
  grouped_processes
  1 # 1 for a reference and 2 for a running grid.
  10 # Attribute 'min_bin_probing_points' of the grid.
  1 # Attribute 'grid_mode' of the grid. 1=='default',2=='initialization'
  0.0000000000000000 # Attribute 'small_contrib_threshold' of the grid.
  0.5000000000000000 # Attribute 'damping_power' of the grid.
 # binID   n_entries weight   weight_sqr   abs_weight
    10   10   1.322623097372511E+010   1.749331857703255E+020   1.322623097372511E+010
  </DiscreteSampler_grid>
