 -0.00251081693619911  0.00950042951524826  0.01966340772564671  0.03018286033018361
  0.04073414786988099  0.05128466128324179  0.06183482017890414  0.07237963423856200
  0.08292283633703325  0.09346394877754136  0.10400521726287124  0.11454491534293647
  0.12508175956405895  0.13561579622160122  0.14614929926315473  0.15669031194170935
  0.16723626209480430  0.17777646364596250  0.18831466331437877  0.19885055503301027
  0.20939030554671267  0.21992433957126975  0.23045878944566739  0.24099374981111160
  0.25153592350689186  0.26208368399900550  0.27262825407049135  0.28316820330269699
  0.29370724325703051  0.30424651051032842  0.31479168236584537  0.32532481665531104
  0.33586561679816346  0.34639815303116883  0.35694297307580530  0.36748670690882468
  0.37803148285567845  0.38856912184418846  0.39910652891240550  0.40965052322160561
  0.42019242272124679  0.43073441093482190  0.44127641926741135  0.45182043771819591
  0.46236599487587016  0.47291029096352077  0.48345854639572805  0.49400695641452574
  0.50455091809483388  0.51509149479940108  0.52563066512900947  0.53617007163864916
  0.54670526720387913  0.55723565441432665  0.56777147339212009  0.57830939863442510
  0.58885293066223054  0.59939634360133265  0.60994332297282394  0.62048953342937685
  0.63102903039723957  0.64157121984208565  0.65211286925394452  0.66265272774654027
  0.67318935851252548  0.68371593226085492  0.69424587769780510  0.70478242430071558
  0.71532628021581202  0.72587418504232981  0.73642139127862483  0.74696977173832602
  0.75751692457128383  0.76806258321785814  0.77860712472875093  0.78914718161659303
  0.79968360108526826  0.81022419761100506  0.82076788904931597  0.83131690842792549
  0.84186468650957458  0.85240926944672157  0.86295273629903368  0.87349573936426872
  0.88404526450504406  0.89458963506397837  0.90513183791238827  0.91566697903982708
  0.92620503908684315  0.93674563810634792  0.94728247754354145  0.95782342268223941
  0.96836574030244105  0.97891777227686294  0.98946112167051659  1.00000000000000000
 -0.00246587510793940  0.00954504249336488  0.01971913409875140  0.03024821628982994
  0.04079791194258784  0.05133876188879802  0.06188143641199419  0.07242164388753529
  0.08296703434800440  0.09350104578331024  0.10403392845548400  0.11456471076705932
  0.12509676432694530  0.13563972900895194  0.14617588428458583  0.15671294240497527
  0.16724563179636792  0.17778957387963629  0.18833164973475683  0.19887271144631305
  0.20941243272495719  0.21996096042004917  0.23051201680696815  0.24106006478105044
  0.25160063345370925  0.26214296684384658  0.27267778272153287  0.28321553996465304
  0.29375274247214728  0.30429122036793504  0.31483324232921428  0.32537635383721847
  0.33592710528326025  0.34647492301505423  0.35701589733390143  0.36755028781247245
  0.37808589080115218  0.38862221590466051  0.39916203782979298  0.40969571160044083
  0.42022940571865791  0.43076555726922666  0.44130970802469971  0.45185968546956345
  0.46240772159864318  0.47295611070942478  0.48350498857941482  0.49404906552199701
  0.50458785753165614  0.51512543752432582  0.52565767644241435  0.53619018160860787
  0.54672168642390828  0.55726794499061549  0.56781514690446100  0.57835990273453830
  0.58890205479310065  0.59945019098456975  0.61000358523268494  0.62054867824349225
  0.63109448299290749  0.64163706755338201  0.65218608768866526  0.66273275625592420
  0.67327477063950258  0.68381839639018616  0.69435562835957187  0.70489803349239200
  0.71543598009544984  0.72598193569799119  0.73652786401526082  0.74708138210159380
  0.75762672160871414  0.76817129351009827  0.77870848681905469  0.78924608350554371
  0.79978621598020883  0.81031740793959339  0.82085726505681811  0.83139749913138328
  0.84194441825786370  0.85249072450363383  0.86303109857273563  0.87356735577217759
  0.88409825337573467  0.89463044710052564  0.90517161779528676  0.91570145987477769
  0.92623727060676797  0.93676757542941247  0.94730868530128465  0.95785135456541370
  0.96838552147202861  0.97892792352335678  0.98946247573206170  1.00000000000000000
   2.5649207695329128E-008  -1.0000000000000000     
 F F F F F F F F
  <DiscreteSampler_grid>
  grouped_processes
  1 # 1 for a reference and 2 for a running grid.
  10 # Attribute 'min_bin_probing_points' of the grid.
  1 # Attribute 'grid_mode' of the grid. 1=='default',2=='initialization'
  0.0000000000000000 # Attribute 'small_contrib_threshold' of the grid.
  0.5000000000000000 # Attribute 'damping_power' of the grid.
 # binID   n_entries weight   weight_sqr   abs_weight
    10   10   1.322623097372511E+010   1.749331857703254E+020   1.322623097372511E+010
  </DiscreteSampler_grid>
