  0.00000410148882736  0.00000582926135030  0.00000722983305984  0.00000863040476939
  0.00001003097647894  0.00001143154818849  0.00001225458194354  0.00001245044357500
  0.00001264630520646  0.00001284216683792  0.00001308360339414  0.00001372242458289
  0.00001438027712577  0.00001504999372631  0.00001573762816443  0.00001644727851475
  0.00001712135290668  0.00001775062845081  0.00001840278575830  0.00001896935817574
  0.00001949634157709  0.00002000802900906  0.00002037929335579  0.00002058757079142
  0.00002091646020057  0.00002140955576440  0.00002192112963602  0.00002246884398983
  0.00002305319809269  0.00002366340799132  0.00002433725173801  0.00002500310247871
  0.00002580143023924  0.00002674415552571  0.00002776391583165  0.00002892847828489
  0.00002994771545161  0.00003090970196865  0.00003207158554487  0.00003340558274609
  0.00003484320376187  0.00003625198624136  0.00003758228031328  0.00003895742994347
  0.00004045585244481  0.00004199424329960  0.00004347823333196  0.00004515357949941
  0.00004718552105567  0.00004947467986992  0.00005183198944287  0.00005459705937801
  0.00005767546324044  0.00006071891333175  0.00006376695998386  0.00006693594559715
  0.00006985859817680  0.00007243557959665  0.00007489776575261  0.00007745216440073
  0.00007981689102944  0.00008163741826279  0.00008302217753852  0.00008481558524286
  0.00008684829824643  0.00008885995482115  0.00009092086584510  0.00009311142911699
  0.00009496528524486  0.00009664463866419  0.00009898245558469  0.00010235028774816
  0.00010546201063387  0.00010905188009948  0.00011316773657202  0.00011807468143214
  0.00012292515679300  0.00012760426022083  0.00013260233997267  0.00013941873002785
  0.00014754452282331  0.00015595955270270  0.00016621503265328  0.00017960513763989
  0.00019601127749560  0.00021521245517233  0.00023823641054529  0.00026857490446337
  0.00030483708083964  0.00036242252672319  0.00046486407625522  0.00063556521525616
  0.00113036475648861  0.00426878520099187  0.24996918549643707  1.00000000000000000
  0.00000225381551573  0.00000246171457154  0.00000262968155287  0.00000277031534283
  0.00000289302589700  0.00000300699073283  0.00000306375319482  0.00000310767515014
  0.00000315695339033  0.00000321297908885  0.00000327983209738  0.00000336290040372
  0.00000346394067222  0.00000357988238398  0.00000370356102446  0.00000383557688984
  0.00000397924196331  0.00000414102871660  0.00000432383611701  0.00000451338885264
  0.00000470233329843  0.00000488639031045  0.00000506941142295  0.00000537776862952
  0.00000568337768778  0.00000597242188794  0.00000614785300523  0.00000632804667025
  0.00000651207742078  0.00000669776116229  0.00000688524300136  0.00000700690247554
  0.00000707696785829  0.00000714934199388  0.00000722661074134  0.00000730294090946
  0.00000742837724715  0.00000755094155060  0.00000767140289101  0.00000780742801980
  0.00000794561390900  0.00000808802556043  0.00000821767414011  0.00000834830025439
  0.00000850215225310  0.00000867441694509  0.00000891274736741  0.00000916624149169
  0.00000942767284014  0.00000975177204883  0.00001019537576509  0.00001072969838491
  0.00001113710203876  0.00001146674365887  0.00001178592142183  0.00001212957972230
  0.00001251114831496  0.00001300235820680  0.00001346458749251  0.00001387916376967
  0.00001426342878373  0.00001466610772058  0.00001512380076236  0.00001559628013938
  0.00001631068491473  0.00001731119709187  0.00001833854172853  0.00001935192691356
  0.00002038424150442  0.00002162034026538  0.00002308683639860  0.00002469789329249
  0.00002635646247106  0.00002797772562954  0.00002970087248425  0.00003183042766455
  0.00003444770246266  0.00003752441497064  0.00004122935599524  0.00004563971672506
  0.00005079306495864  0.00005579604739362  0.00006150436819006  0.00007034006400009
  0.00008341148830161  0.00009902732943201  0.00011750411014332  0.00013936063819018
  0.00017282128561836  0.00021966928037429  0.00027880879875812  0.00039452197604275
  0.00071514935898424  0.00232477232760471  0.18261655908233038  1.00000000000000000
  0.00000001481852376  0.00000003383712177  0.00000005153029398  0.00000006873695694
  0.00000008495748433  0.00000010228649315  0.00000012056881048  0.00000014223653956
  0.00000016507646378  0.00000018569862290  0.00000020520842343  0.00000022409593539
  0.00000024283798334  0.00000026446975595  0.00000028925542795  0.00000031557976190
  0.00000034231193900  0.00000036715724354  0.00000039255935575  0.00000042010694367
  0.00000045093560728  0.00000048329340232  0.00000051381963025  0.00000054409494057
  0.00000058060365765  0.00000061848014909  0.00000065743757361  0.00000070836703233
  0.00000076990788273  0.00000083672058974  0.00000090063104960  0.00000094943397392
  0.00000100190881292  0.00000105627404447  0.00000111265389520  0.00000116970938706
  0.00000122467836333  0.00000128188072807  0.00000135751413951  0.00000145401030670
  0.00000155503647984  0.00000165194537566  0.00000175419554078  0.00000185642090709
  0.00000198280142968  0.00000213141934634  0.00000228940119180  0.00000245240513741
  0.00000261603072493  0.00000277116076214  0.00000295009086461  0.00000313778640379
  0.00000336244258255  0.00000360027586379  0.00000384231884282  0.00000410736890405
  0.00000436968670957  0.00000463927178801  0.00000499544702714  0.00000538013675831
  0.00000571593985244  0.00000606803982646  0.00000646673497065  0.00000692249178828
  0.00000749055947471  0.00000823246237747  0.00000910898204016  0.00001002318846971
  0.00001093353910858  0.00001186599919810  0.00001292995088823  0.00001431730727469
  0.00001617009462707  0.00001845337885365  0.00002110083040463  0.00002438647681725
  0.00002839853016494  0.00003332623899424  0.00003864951207574  0.00004437307359673
  0.00005074805254534  0.00006051711679038  0.00007505043120307  0.00009052357747818
  0.00010591821707140  0.00012118121125870  0.00014648731109384  0.00019310801145010
  0.00026868705363586  0.00036864110634845  0.00053813992764069  0.00088156290899370
  0.00141074429686730  0.00236420503650808  0.03800739153507840  1.00000000000000000
 -0.00328112513907401  0.01211128519860909  0.02371216150693816  0.03518159111646296
  0.04529406123127986  0.05650807768655994  0.06866791037029972  0.08135621097541400
  0.09292181913320213  0.10503102049315957  0.11694516095668003  0.12703159769322711
  0.13462874238649064  0.14142620831682159  0.14801399048325609  0.15568231475988883
  0.16620108886490831  0.17640541111954050  0.18703950905210620  0.19817301848631502
  0.20949078825375306  0.22095178915580971  0.23060041696607234  0.23891786343295285
  0.24703113904817225  0.25473279648442604  0.26343150486351385  0.27323747774038420
  0.28376432170500998  0.29449626689508968  0.30508063800302354  0.31573197405911613
  0.32742440837927456  0.34084524063283550  0.35495041459353283  0.36851663972615467
  0.38145594582343401  0.39423151796743872  0.40676245451181109  0.41997791894349812
  0.43161865750927986  0.44274660959286016  0.45358525254932969  0.46475421473375017
  0.47737063458126106  0.49190354834341204  0.50582467392400488  0.51589082181751733
  0.52333401867048812  0.53001424893191573  0.53671987616428840  0.54651118876404403
  0.55607916373883726  0.56454118405185405  0.57241034287363934  0.58110768723526129
  0.59168896946197491  0.60435818195797197  0.61692647201166806  0.62702821244201012
  0.63647727735004200  0.64568553229549752  0.65463278267313707  0.66457702049289724
  0.67639553918076689  0.68919478393548850  0.70097444420150268  0.71152062980479769
  0.72197720830071244  0.73279729532655602  0.74511165141930147  0.75753087942953279
  0.76973376479735944  0.78184336740688587  0.79533024303127664  0.80869172896511043
  0.81960858692381933  0.82921887509714454  0.83879423443225432  0.84864553346942995
  0.85892387137139314  0.87054618477878265  0.88143973880122195  0.89170564620134374
  0.90155105517695366  0.91319455855928566  0.92598164596669696  0.93904909537014802
  0.94918579066518882  0.95553157504735919  0.96089139161496706  0.96613677486998284
  0.97202815604283233  0.98027301641161257  0.98984615679816446  1.00000000000000000
 -0.00002282263618684  0.00007149170600550  0.00024832180030906  0.00042549919774034
  0.00058646152665606  0.00072875954090213  0.00085454796765850  0.00097658954053201
  0.00110089447930688  0.00125154138881500  0.00142188638775075  0.00159936380173445
  0.00177899206803486  0.00196460636944507  0.00215595385366435  0.00235989985025675
  0.00256226447457066  0.00275791714907659  0.00295738061484380  0.00317106887399634
  0.00340045189698436  0.00366484425823928  0.00394140830719793  0.00420869702640469
  0.00445440954179632  0.00469132356974010  0.00494959704048929  0.00518688976412269
  0.00542747200069420  0.00565193586642489  0.00586459529006462  0.00606123911319460
  0.00620677207590591  0.00633624699961952  0.00646489478447793  0.00659394861964577
  0.00674592419367527  0.00692819966559352  0.00712627344559979  0.00733586289194515
  0.00756396765421525  0.00779370503741992  0.00805802810255893  0.00840469060147664
  0.00882037957916215  0.00925624397047428  0.00970451524225759  0.01015247889478576
  0.01051872005587611  0.01087433364902380  0.01120014333870875  0.01151751744117715
  0.01187638574205315  0.01235703030897507  0.01292051749883313  0.01345440184475936
  0.01392153336345313  0.01438821666524686  0.01484583700002916  0.01524763772783230
  0.01562518361447866  0.01613603594751322  0.01668125363869383  0.01722616403909782
  0.01783993201345226  0.01851493414616628  0.01927271442908953  0.01991614652612923
  0.02052019255933712  0.02128700076866659  0.02204745350191311  0.02256904799504831
  0.02302788783147356  0.02332021971848987  0.02373963627433961  0.02418755444603730
  0.02481565592384848  0.02578518802976298  0.02690491921820622  0.02820925322873414
  0.02995972838242225  0.03192151305310642  0.03318228080730023  0.03410390555330499
  0.03522208691596965  0.03592199711731350  0.03650341073774421  0.03705276239019037
  0.03748130181891621  0.03849588784359007  0.04151231061233402  0.04691951197238094
  0.05337439629650356  0.06272121219440352  0.64192961143824290  1.00000000000000000
 -0.00240894980736820  0.00935205894395614  0.02017828550993937  0.03292522128208536
  0.04794733111064477  0.06260051013966100  0.07542926293305358  0.08646129586188268
  0.09630922064823594  0.10575411819432802  0.11596959033968121  0.12806933103230406
  0.13987864047796150  0.15062342171348495  0.16128394042308569  0.17077444476916898
  0.17930696461588885  0.18690176420117177  0.19393557542657061  0.20047374952421626
  0.20743825910718744  0.21609303889889969  0.22521772299693985  0.23367768083446419
  0.24247970400771002  0.25176818040948212  0.26201217925720327  0.27336338789313397
  0.28325079192816421  0.29095206204239166  0.29775566326495395  0.30395082677477753
  0.31082288767837352  0.31928602556038288  0.33055362043584086  0.34181043695127905
  0.35161576320889620  0.36095237221949555  0.37092421456349578  0.37916768690760516
  0.38859861143422192  0.39896470191704064  0.41055010158332778  0.42251671362463733
  0.43386919547896591  0.44606461482790427  0.46062092225224543  0.47619473059635470
  0.49036775055248444  0.50328264155358338  0.51459636135507747  0.52599921421698492
  0.53740451457341931  0.54943664884609678  0.56165685214149064  0.57393425407344956
  0.58556128539899643  0.59816646354557235  0.61121656793358814  0.62290001226750835
  0.63330290147235047  0.64383709150263402  0.65563910267498360  0.66839792908453333
  0.67999014903215649  0.69143568081960594  0.70338014817087913  0.71572003049146937
  0.72830281869348235  0.74101712779028006  0.75339438884041898  0.76507530156763637
  0.77553518858925741  0.78405215128464023  0.79122111675318163  0.79766741287916965
  0.80423752092723055  0.81043548119597297  0.81689662069346314  0.82568066715247779
  0.83502947658261739  0.84436196736786640  0.85318270199727764  0.86228183027129657
  0.87295088155869605  0.88138500304259271  0.89035606288358926  0.90017564429948504
  0.91073282371083475  0.92340047912623735  0.93735959933484636  0.95157918736193803
  0.96590195762997089  0.97851514428371933  0.98971738143318355  1.00000000000000000
 -0.00000051309310892  0.00000075647323123  0.00000210542723426  0.00000466476144609
  0.00000732865397567  0.00001051396522705  0.00001398383718577  0.00001813162338823
  0.00002240782784416  0.00002678819041102  0.00003187185398817  0.00003714239521798
  0.00004261599155260  0.00005013116711018  0.00005861555906196  0.00006720751733940
  0.00007674726058299  0.00008720875568037  0.00009823965952159  0.00010976995103735
  0.00012169987444532  0.00013394165327132  0.00014808668899578  0.00016282229936720
  0.00017866247313013  0.00019846709610701  0.00021885705494223  0.00023972771476690
  0.00026108347434856  0.00028297969877043  0.00030614463720115  0.00032891898092604
  0.00035108709266921  0.00037365725574322  0.00039595217998855  0.00041777147582836
  0.00044446724907385  0.00047323605787421  0.00050320405723411  0.00053562196271335
  0.00056080767353991  0.00058893658552976  0.00062243320132291  0.00065513293759772
  0.00068260250786795  0.00071202923341160  0.00074236540150797  0.00077104634551915
  0.00079907908276550  0.00082913541815469  0.00086749172852156  0.00090732834962289
  0.00094713250673822  0.00098690636943923  0.00102993826549646  0.00108503253412997
  0.00116058842175128  0.00123246211406186  0.00130508745169766  0.00138159332097328
  0.00146548682769228  0.00155727226449589  0.00165336105821548  0.00175785280695848
  0.00187847708420921  0.00200785535832206  0.00214017628749282  0.00227696353927883
  0.00242817193468054  0.00263478634785364  0.00284383155871468  0.00306085869430087
  0.00327922124961648  0.00349777172907524  0.00373111013081065  0.00398828305028614
  0.00429192089225401  0.00464147249275579  0.00501348215530023  0.00546520202216866
  0.00602503246290464  0.00659171576971675  0.00699478309367272  0.00738849714200684
  0.00781064581556691  0.00830599458358758  0.00904238341509179  0.00989447238619669
  0.01098996391175083  0.01225367691695735  0.01425988094850069  0.01659818766712532
  0.01874378189189865  0.02073792282221199  0.40609770112803167  1.00000000000000000
 -0.00335707426117395  0.01451703447617677  0.02539423184142137  0.03606502587781801
  0.04675558172273569  0.05948796439505283  0.07436384462962908  0.08993740590303533
  0.10405752372645316  0.11633650677015325  0.12691411701552727  0.13678904277502416
  0.14736314084007732  0.15930903490810791  0.16958265378796517  0.17960337427399178
  0.19006720917940839  0.20171938482108262  0.21433798866334328  0.22695318762875341
  0.23668636267962542  0.24685937497949401  0.25640503921262547  0.26427321832547340
  0.27238685260384593  0.28016226323256121  0.28821017437259971  0.29860470671558975
  0.31013153362765555  0.32216719406953781  0.33391926029295371  0.34293534748535126
  0.35185716104086284  0.36031803500479143  0.36899343548338687  0.37823601796732292
  0.38827319124048787  0.39908155781587257  0.40976366020424781  0.42107092587617528
  0.43008205688852191  0.43812211413038277  0.44621390368637509  0.45451842431108319
  0.46337716634175613  0.47172744577062048  0.48037853193250601  0.49006064170857183
  0.49983380519980358  0.50981736270808498  0.51787177340691459  0.52445654878426862
  0.53147111881494868  0.53847735998630297  0.54677482746063910  0.55579181362735885
  0.56531109091370302  0.57571251544445257  0.58682515212443953  0.59756995565723448
  0.60723061437734283  0.61743536342016991  0.62796576049583774  0.63858610063724575
  0.64901490811586582  0.65912985840773608  0.66939302874349171  0.67956386948446523
  0.69025012326972646  0.70124086315901568  0.71213935048428989  0.72294610300810702
  0.73466476574153394  0.74636929453305845  0.75820138933696613  0.77031953464119196
  0.78282439410257398  0.79544791864373743  0.80818624235374215  0.82165928989283765
  0.83380764846687794  0.84376402428624642  0.85208677785911580  0.86288105912176016
  0.87599120342875314  0.88748893472425971  0.89727115086344111  0.90607916302388558
  0.91369456640109548  0.92184458792478408  0.93095377126914691  0.94826418814663482
  0.96185766384965687  0.97502688583766051  0.98744403520780977  1.00000000000000000
  0.29257345622483200  0.31635885192407909  0.32981753673402081  0.34414820487339581
  0.36029461660402640  0.37484858339386795  0.38978379328503154  0.40607575236209520
  0.42707809456993578  0.44308341643965576  0.45417685395416729  0.46459895902408183
  0.47640035979563022  0.48794315200295169  0.49902942235075937  0.51067246979327896
  0.52237029952719549  0.53266538814212250  0.54371521932453137  0.55548918966195693
  0.56646307354054715  0.57647254203161624  0.58582970688753122  0.59511736951163252
  0.60598093560503363  0.61636354160255236  0.62481116874597331  0.63266434207001909
  0.64105007786951795  0.64908921104718453  0.65701391914372742  0.66464483986111145
  0.67216474608364840  0.67951774340483817  0.68681084084559341  0.69440541617615903
  0.70236615317736018  0.71010230080291448  0.71698330075279892  0.72357412950557332
  0.73026259337467858  0.73674012279394463  0.74310324586437659  0.74934143369045580
  0.75525267121039330  0.76055573588118475  0.76605426367486373  0.77159749531684962
  0.77716941099002668  0.78294660891627843  0.78892465249170407  0.79526088986237697
  0.80209184260194188  0.80909438613467621  0.81616350663851378  0.82294604259021209
  0.82922394550844158  0.83518005734321721  0.83941841803534911  0.84359869977622126
  0.84778990507110286  0.85173339962043582  0.85548838929843196  0.86000584698578320
  0.86544395599158452  0.87126988925347926  0.87705846800167753  0.88245323015941790
  0.88764054945352966  0.89267583695825869  0.89761456980559784  0.90234297590342849
  0.90706421148942717  0.91185097148792116  0.91636447867666482  0.92082559400650321
  0.92555621862391435  0.93055433631519802  0.93550765641158229  0.94006610309021743
  0.94445598235422090  0.94874928751369014  0.95300152078194245  0.95722295098916044
  0.96135931673770048  0.96533943861015092  0.96883778057886749  0.97205264643241351
  0.97516141350895968  0.97837010473227848  0.98178045146382287  0.98484419142814084
  0.98810036701864412  0.99161542115818613  0.99548782405113734  1.00000000000000000
 -0.01488413473783734  0.06659989682891933  0.09573020686895667  0.11188341300913035
  0.12598872964003519  0.13679766464259924  0.14561148164836701  0.15398086066180214
  0.16167100902690601  0.16921678646321039  0.17660049171765480  0.18376699897188320
  0.19196512919491043  0.20051104547219012  0.20784410167925749  0.21423335038374242
  0.21966635786165159  0.22432854055140383  0.22844672956458023  0.23234998699220596
  0.23662795508505366  0.24082787455349988  0.24435117707540094  0.24796570838285203
  0.25236484281557936  0.25727395053400504  0.26121118792374903  0.26470459023576953
  0.26946439070566941  0.27592671151850778  0.28295513016715274  0.28958864563087605
  0.29585009798606676  0.30168868685593775  0.30701824020994201  0.31209671258354110
  0.31715315762644364  0.32223671253267905  0.32724397800579563  0.33260587998340502
  0.33839684949924526  0.34431649555263849  0.35030491515584350  0.35628219817981260
  0.36226249537267147  0.36840163141975635  0.37461049954936709  0.38083745697886145
  0.38724786891127905  0.39370834810913619  0.39962121125446520  0.40520547987651989
  0.41091761640768898  0.41677327202485548  0.42285538306195353  0.42911933519511519
  0.43532320876678759  0.44118577684368465  0.44677549986468612  0.45247954168677712
  0.45832787034063560  0.46414512954515058  0.46982446374600628  0.47550861635690900
  0.48200603353814131  0.48873415220519673  0.49403038779639741  0.49875402880884950
  0.50350918246731124  0.50910089894665711  0.51671593846056407  0.52530912834786281
  0.53470883174493800  0.54515355371516994  0.55478766530035484  0.56378143637587019
  0.57262713554994327  0.58116112001273801  0.58964422734439570  0.59826794686511431
  0.60739806135566687  0.61716853108351843  0.62672285990807530  0.63605979062627815
  0.64660768628854259  0.65850045670284729  0.67020511305981778  0.68302567077476617
  0.69710962216314165  0.71175228420889258  0.72725327898585312  0.74138864071709742
  0.76241398952650263  0.78907848330202823  0.83743972296486779  1.00000000000000000
   2.5077486427150411E-003  -1.0000000000000000     
 F F F F F F F F F F F F F F F F F F F F F F F F F F F F F F F F F F F F F F F F F F F F F F F F F F F F F F F F F F F F F F F F F F F F F F F F F F F F F F F F F F F F F F F F F F F F F F F F F F F F F F F F F F F F F F F F F F F F F F F F F F F F F F F F
  <DiscreteSampler_grid>
  grouped_processes
  1 # 1 for a reference and 2 for a running grid.
  10 # Attribute 'min_bin_probing_points' of the grid.
  1 # Attribute 'grid_mode' of the grid. 1=='default',2=='initialization'
  0.0000000000000000 # Attribute 'small_contrib_threshold' of the grid.
  0.5000000000000000 # Attribute 'damping_power' of the grid.
 # binID   n_entries weight   weight_sqr   abs_weight
    13   10   3.040401099636225E+004   7.040572389161829E+009   3.040401099636225E+004
    14   10   3.040401099636291E+004   7.040572389162473E+009   3.040401099636291E+004
    16   10   2.874080757725286E+004   6.490624760612828E+009   2.874080757725286E+004
    17   10   2.874080757725358E+004   6.490624760613432E+009   2.874080757725358E+004
    22   10   2.874080757725286E+004   6.490624760612828E+009   2.874080757725286E+004
    23   10   2.874080757725357E+004   6.490624760613427E+009   2.874080757725357E+004
    25   10   3.040401099636225E+004   7.040572389161832E+009   3.040401099636225E+004
    26   10   3.040401099636290E+004   7.040572389162466E+009   3.040401099636290E+004
  </DiscreteSampler_grid>
