  0.00000481825178509  0.00000506361861237  0.00000525378116865  0.00000540514231222
  0.00000555078516123  0.00000569637676090  0.00000585534374741  0.00000603027347990
  0.00000623377202495  0.00000644790888812  0.00000664671635988  0.00000682686336089
  0.00000699529400164  0.00000717094637533  0.00000735541419525  0.00000754048331298
  0.00000772334434132  0.00000791386532435  0.00000813109902149  0.00000837117038078
  0.00000862536052786  0.00000889715597435  0.00000918090895773  0.00000946839616236
  0.00000975894729240  0.00001003282344925  0.00001031478932333  0.00001060288445865
  0.00001090982285842  0.00001124617680300  0.00001160204301364  0.00001195531940826
  0.00001230261792798  0.00001267642468972  0.00001308823737471  0.00001346623255744
  0.00001388330176691  0.00001429724660442  0.00001471001693348  0.00001513999615000
  0.00001558851571676  0.00001605341492923  0.00001655283819257  0.00001711964848138
  0.00001775538752733  0.00001842618775445  0.00001912826790800  0.00001987587824823
  0.00002062453250282  0.00002132514642163  0.00002199331360958  0.00002274571768134
  0.00002362091144004  0.00002456905085427  0.00002560644010252  0.00002675847698611
  0.00002793439862369  0.00002909640482864  0.00003027640990061  0.00003148940002875
  0.00003274115632080  0.00003406003732986  0.00003543929794692  0.00003686140674455
  0.00003836182749837  0.00003998775826728  0.00004186090860726  0.00004392614268474
  0.00004618031415404  0.00004875935961391  0.00005151680605932  0.00005477442353070
  0.00005837389842711  0.00006230080044336  0.00006658106747900  0.00007147132149340
  0.00007717350468194  0.00008377612420264  0.00009154181889374  0.00010084603966578
  0.00011204282460443  0.00012546488497075  0.00014142740770054  0.00016188788020668
  0.00018811477400202  0.00022372043151717  0.00027254602504957  0.00033694744117303
  0.00042292046206256  0.00055687913954831  0.00077809500461260  0.00119376326739918
  0.00198475655207186  0.00404122929807106  0.16300538622762756  1.00000000000000000
  0.00000701370381510  0.00000774905097230  0.00000845815739428  0.00000924052857813
  0.00001002547084527  0.00001085662396877  0.00001176808317179  0.00001286675746602
  0.00001412971740404  0.00001559492105406  0.00001722882791574  0.00001903825197438
  0.00002104565469198  0.00002332191934197  0.00002581147826703  0.00002839056780682
  0.00003114519678217  0.00003402115624528  0.00003691415263927  0.00003992157888949
  0.00004321158881510  0.00004652042139841  0.00005013768482995  0.00005407305426734
  0.00005854412528244  0.00006330399096828  0.00006824904849815  0.00007361284989773
  0.00007952802282499  0.00008624026549228  0.00009329418179440  0.00010051109168352
  0.00010783612871470  0.00011569725993471  0.00012359277074070  0.00013145299791661
  0.00013899449318432  0.00014711032556717  0.00015618293779893  0.00016561054154732
  0.00017553150447376  0.00018591463416852  0.00019728291192380  0.00020942283193701
  0.00022190787609097  0.00023492045915016  0.00024862270098313  0.00026426615905146
  0.00028087574058510  0.00029674677784557  0.00031374399720548  0.00033051502891137
  0.00035116049610303  0.00037246661528995  0.00039492796090603  0.00041909893537351
  0.00044433451407558  0.00047070576943512  0.00049797270382218  0.00052578815214471
  0.00055462186593271  0.00058552289719922  0.00062466369606051  0.00066806190345533
  0.00071562063987775  0.00076868453835543  0.00082901087531119  0.00089651848672558
  0.00097410806614869  0.00105818293322320  0.00114225412963137  0.00122907633206962
  0.00131836566696821  0.00140636306738864  0.00148648100716547  0.00158731976179343
  0.00169870103450589  0.00183035985616415  0.00200813096433205  0.00222354536358735
  0.00244499733869541  0.00268181977358407  0.00295871595893421  0.00321538103012158
  0.00349201995365525  0.00379859381496533  0.00410627159146223  0.00443079176298366
  0.00498279734464386  0.00573071306183257  0.00631174046970022  0.00664885777007537
  0.00781754195533691  0.00997244649683358  0.09025382316458698  1.00000000000000000
  0.00000654366726492  0.00001017833938999  0.00001186319482295  0.00001362456450280
  0.00001556944847004  0.00001778110140244  0.00001998349986412  0.00002225835998966
  0.00002452468290590  0.00002673185934389  0.00002880458960983  0.00003091331076242
  0.00003305159303478  0.00003520412525997  0.00003737746859144  0.00003960082177030
  0.00004195516583802  0.00004451505715986  0.00004728752021869  0.00005008078691499
  0.00005299551708545  0.00005589922291127  0.00005888674685957  0.00006197231625033
  0.00006513979776382  0.00006853074895892  0.00007219746706680  0.00007594792791909
  0.00007986392922590  0.00008391831638475  0.00008853005051985  0.00009341320364107
  0.00009826857848117  0.00010319200269722  0.00010799005992089  0.00011271054476258
  0.00011750915023293  0.00012261137898385  0.00012859636874687  0.00013509960053523
  0.00014176821183554  0.00014870046629568  0.00015604848950883  0.00016359956463379
  0.00017163635000484  0.00017993686739471  0.00018860625076194  0.00019773456420815
  0.00020718314472274  0.00021686993836694  0.00022682082373018  0.00023699465596257
  0.00024770517661576  0.00025974928767526  0.00027311368269596  0.00028742774671710
  0.00030298108060788  0.00031971627522400  0.00033767219527206  0.00036030724806480
  0.00038194728436206  0.00040643408586239  0.00042927119610661  0.00045512464542846
  0.00048265978765710  0.00051374287475832  0.00054825771815348  0.00058515600812264
  0.00062514103790111  0.00066813104868082  0.00071981885684754  0.00077824340408160
  0.00084681784625496  0.00092446241030458  0.00101366792169635  0.00111331231333217
  0.00121837260422142  0.00132360693446268  0.00143330793107722  0.00157318254949106
  0.00172099759128616  0.00187517525336576  0.00205206556689386  0.00227708573596228
  0.00257491712663758  0.00293175723558228  0.00337817390628396  0.00379039071818843
  0.00429046843314437  0.00498645294295112  0.00608630657694827  0.00738801688303425
  0.00849902484400924  0.00945458493172853  0.15928584934061910  1.00000000000000000
 -0.00177422579953058  0.00710060038538419  0.01472298098213799  0.02149745997689933
  0.02896959709068793  0.03670214174721336  0.04502694144211600  0.05358977689554624
  0.06225839758423023  0.07105021808045980  0.07975669846877234  0.08846053270635416
  0.09724162917765986  0.10667471982150399  0.11601676644401843  0.12545259391868835
  0.13499941636580129  0.14538412732585118  0.15537331150109662  0.16555901683083063
  0.17518274610854731  0.18479242466241411  0.19626957260021530  0.20817174826478690
  0.22086149116925322  0.23298086248770408  0.24522273181819876  0.25679984327767147
  0.26935675310232288  0.28055945271651189  0.29305384602308676  0.30595882630754917
  0.31769054216963138  0.32855726571949895  0.33967745356259821  0.35182688649149368
  0.36452120807724553  0.37670614158445154  0.38844862166875999  0.39994533502094687
  0.41146928540322253  0.42363578605060631  0.43526125784285130  0.44592069861876482
  0.45667915172352153  0.46881231050476846  0.48176345913073226  0.49381159026481353
  0.50614648501644210  0.51835215006428570  0.53129684891884443  0.54434945143566216
  0.55806751720874859  0.57088269723270357  0.58343819845348766  0.59629380782686503
  0.60879312062171431  0.62022096049980668  0.63087663740050060  0.64165414266552412
  0.65321277429992475  0.66589061862480814  0.67845358430885849  0.69020168588544817
  0.70171361101524510  0.71329287646521899  0.72500289357074910  0.73721780518111224
  0.74875559645967404  0.75918113850307767  0.76924863531499332  0.77940933314523897
  0.79010725239492519  0.80081742809727807  0.81124598811749560  0.82244988461039903
  0.83363984760575660  0.84443084476878860  0.85505128950895726  0.86599929953391674
  0.87708363957307367  0.88715588067210061  0.89749708211540635  0.90621294889248805
  0.91515778997703834  0.92368356315680089  0.93221963559679155  0.94156619672096475
  0.94987088887777227  0.95848140718541774  0.96558997367627919  0.97237971633931464
  0.97852133373984318  0.98506204056184066  0.99190890836110968  1.00000000000000000
 -0.00232611343642887  0.00892584602167206  0.01872077332792367  0.02880513589955525
  0.03917890077957927  0.04944075183223098  0.06031632166384437  0.07114425259380792
  0.08183002760556060  0.09213388780230876  0.10272874122830326  0.11398894929549327
  0.12536284482165100  0.13616452427372078  0.14652537621727627  0.15740565220505728
  0.16767506243120678  0.17656192712204719  0.18563397539432147  0.19488150274111665
  0.20495511392307617  0.21587394951588190  0.22674766644006800  0.23723596914042946
  0.24738249029671977  0.25780172069470264  0.26847835802229769  0.28063959959164031
  0.29224474072785522  0.30437815703269355  0.31549277058080033  0.32498212396648701
  0.33514790014732715  0.34614112849132767  0.35700311494422782  0.36702079427437068
  0.37695741999141569  0.38893556433104193  0.40169990845477249  0.41366935424326035
  0.42512279359328092  0.43680716287536814  0.44780257290431136  0.45860562286076062
  0.46906078940317864  0.47968347337772288  0.48833176567188391  0.49644796790455431
  0.50479586684561817  0.51440050315884589  0.52557247217899938  0.53708646474632549
  0.54886676691987368  0.56043059576390453  0.57115912032895622  0.58132083160687631
  0.59146916427175489  0.60202254850732018  0.61289505488041252  0.62453495704412743
  0.63624248355173918  0.64811579633577077  0.65970704337729913  0.67202403678197109
  0.68433965403850172  0.69561880876624116  0.70630446462984131  0.71667090069038719
  0.72706519462825292  0.73824438960878869  0.74936870559004920  0.75947165600425992
  0.76891339287370553  0.77845728729425101  0.78900456112771677  0.79984873599192963
  0.81066467106277662  0.82090981251809370  0.83123509189301803  0.84103574744798970
  0.85051149199247345  0.86006647339165276  0.86995681689523252  0.87991984091049058
  0.88941132167458059  0.89889055365984116  0.90837177139708059  0.91797947401265922
  0.92756631867486938  0.93776407332207379  0.94849085268331812  0.95971848631208723
  0.97072889458413747  0.98082796652121151  0.99041949177488564  1.00000000000000000
 -0.00247370556055705  0.01000816406533971  0.02019250151103722  0.03082138096690927
  0.04098437703099261  0.05232646244896517  0.06370056629586589  0.07476406517210778
  0.08562683596917625  0.09602105498676197  0.10696250893575285  0.11777718777847183
  0.12877496169116431  0.13936924994857910  0.15019552396877214  0.16172184866433556
  0.17286174048888298  0.18378942839308743  0.19431533852527050  0.20496883986118727
  0.21628153311847692  0.22788006246307455  0.23913909108138703  0.25032553412069242
  0.26112448073316230  0.27208273858494547  0.28267824610352577  0.29317297070869802
  0.30443729923901575  0.31567182199149779  0.32653613770376838  0.33806077198912371
  0.34936116253379834  0.36019857755672624  0.37066564174928784  0.38107876769485366
  0.39125109607324221  0.40087364640482009  0.41000944724194227  0.41905342366507770
  0.42875685795582141  0.43926295067812271  0.45055284071817953  0.46173634518685192
  0.47266579162293965  0.48374717886580804  0.49504992909263384  0.50618623574294130
  0.51696081582566777  0.52777195125343923  0.53909333380097801  0.55114449890386574
  0.56334901959656170  0.57459131421017307  0.58518494346513639  0.59520668831380030
  0.60544941370414018  0.61585595609769739  0.62709203695318327  0.63784645946051655
  0.64833301759581219  0.65800898651904027  0.66743018884585126  0.67738169418371763
  0.68778081973519745  0.69822626397580867  0.70808324163774328  0.71796557064981348
  0.72803124820471221  0.73870510181584803  0.74931714072329902  0.75878808206553983
  0.76762112110628833  0.77622504632643841  0.78552629708157595  0.79543968573134383
  0.80543956452363086  0.81480362043288401  0.82407540102711208  0.83394993277133755
  0.84436828920793938  0.85496809353670045  0.86586488249209359  0.87754188897574015
  0.89005469054633135  0.90330380861847925  0.91656709142301884  0.92884098830931405
  0.93955952579881374  0.94959368409016498  0.95906659573078135  0.96784918529542951
  0.97564356947468689  0.98336063256734063  0.99081736559574385  1.00000000000000000
 -0.00006444936646114  0.00015035005843009  0.00035960349067878  0.00053258855565521
  0.00070268629104337  0.00081442460952796  0.00092718461003495  0.00104342295933663
  0.00116116545964973  0.00127981938018106  0.00141630920990527  0.00155258573096529
  0.00168846957895635  0.00182560115469688  0.00196341563481352  0.00210320497621735
  0.00224526488243248  0.00238995092743896  0.00253827949456542  0.00268728495125972
  0.00283698869611021  0.00298175359389892  0.00312560116039588  0.00328802603106947
  0.00345221241600376  0.00361970726116823  0.00379477466749678  0.00397498753183247
  0.00416707251996138  0.00434923871918562  0.00452677780808867  0.00470343638241486
  0.00488230800570856  0.00506357515018749  0.00527205365374498  0.00548255371277010
  0.00568958591252024  0.00587598067362265  0.00606108695344414  0.00624651367141706
  0.00644065866167676  0.00663931290734646  0.00684076901985032  0.00703413086511606
  0.00721967947684682  0.00739512737133364  0.00762246841457439  0.00788118481697779
  0.00819518798553165  0.00856171740475237  0.00887475053674558  0.00918956892416567
  0.00951886626096721  0.00988039671515218  0.01027536374613326  0.01066890324547649
  0.01102685737479386  0.01133227638059341  0.01161906118663481  0.01190633772826847
  0.01230742494895241  0.01264676998835196  0.01294784595536516  0.01323747253659799
  0.01356224877461137  0.01391362535382453  0.01422036079518487  0.01449388020674858
  0.01474475892632866  0.01496449139441268  0.01520200040045122  0.01545720202667477
  0.01567755113628010  0.01591505388661272  0.01617234918273349  0.01646199859934238
  0.01689429631659705  0.01752260504958383  0.01877586570713981  0.01933569216108727
  0.01982410612435270  0.02279262711747066  0.02460695546137298  0.02638881362368267
  0.02790996547921662  0.02888281212739948  0.03111894013662275  0.03220492099470130
  0.03442177046644276  0.03548191274967277  0.03659167831668099  0.03893656716223104
  0.04803703256990672  0.09924127933240803  0.39117732687596168  1.00000000000000000
 -0.00363084343575325  0.01325815679485507  0.02790184566263572  0.04193023910744043
  0.05515972013742888  0.06742703452850787  0.07949670338268966  0.09246038878914629
  0.10542495015643036  0.11755426853032706  0.12912608116641566  0.14038237167875070
  0.15115234340454523  0.15987941154506627  0.16873321521671836  0.17720299327833627
  0.18695503761509005  0.19665035475554782  0.20538793390357366  0.21436189473105394
  0.22404428512279909  0.23410962144716563  0.24402938231705107  0.25381393803054847
  0.26333083343402758  0.27346517572576401  0.28415665835464798  0.29456144148129998
  0.30449374578670413  0.31384914388654372  0.32348874748733253  0.33334384370668585
  0.34343060292730931  0.35381061504060668  0.36449997352674013  0.37482891354386461
  0.38485968692335221  0.39518623531540353  0.40616512978829822  0.41694131494170494
  0.42691037825352057  0.43603787466181732  0.44537114284502177  0.45534535306635432
  0.46563063446678798  0.47557069435953192  0.48581221307656997  0.49644665957061368
  0.50736288222608283  0.51774025672728996  0.52775227006303327  0.53801470679292096
  0.54872386461410683  0.55990886648526073  0.57093310252436524  0.58175247126537966
  0.59300464263123787  0.60423935178955657  0.61515665970813138  0.62608029110638386
  0.63677162620843342  0.64650995968410718  0.65562772608147635  0.66445543280641639
  0.67308866007407042  0.68286500881282408  0.69314037086276514  0.70424731029291643
  0.71476662087537868  0.72446495011995793  0.73397234608414408  0.74348320765645115
  0.75305391460705207  0.76276193216011279  0.77304368247335120  0.78378580444756829
  0.79438731734709467  0.80366898430463118  0.81228872555917564  0.82093383993547642
  0.82980861550697738  0.83981792493383634  0.84875569650194260  0.85805507889052723
  0.86726776556330565  0.87712406393253139  0.88724620714706182  0.89825373277583187
  0.90997968416707142  0.92168918569034652  0.93339068901819300  0.94600224135827549
  0.95990266759042864  0.97412177944709644  0.98755805456618073  1.00000000000000000
  0.13599703731403343  0.13670174527253343  0.13740645323103343  0.13811116118953343
  0.13881586914803343  0.13961484935605140  0.14046836329387283  0.14132187723169426
  0.14275752830904823  0.14948241204007495  0.15918679844895184  0.16773568269230701
  0.17604768334556276  0.18440532827406655  0.19353068183210465  0.20349362704937388
  0.21313539171217802  0.22314567398709756  0.23247696015174915  0.24051887222054077
  0.24874119991648597  0.25772890085380029  0.26763496524694741  0.27717117271109315
  0.28668635042636914  0.29683289444322097  0.30765211120420449  0.31803909955324106
  0.32813456285687043  0.33803734161126975  0.34758563715321589  0.35773898088912642
  0.36820115179473201  0.37834262416823944  0.38806239350410371  0.39753086061644222
  0.40700884660461439  0.41695870250308598  0.42635864311972171  0.43526026722663214
  0.44322478049969372  0.45154506943505629  0.46061825918800753  0.47000599089960077
  0.47945612496746964  0.48808371304196257  0.49638593324600394  0.50492480243391002
  0.51359420755193075  0.52174650652042776  0.52981199837521820  0.53819796532673425
  0.54673525375744791  0.55507201110060000  0.56326522314918936  0.57179754810488204
  0.58060181521002396  0.58990783167140648  0.59890088376570683  0.60768838056363150
  0.61596713405955839  0.62382284237885210  0.63188291160413501  0.64027421824686381
  0.64954470494674899  0.65922275494207816  0.66862856011152361  0.67789148458942106
  0.68734503370300870  0.69749588305629484  0.70827320241674929  0.71937315701755611
  0.73038407996237731  0.74127785471057217  0.75206199370485327  0.76251633951008124
  0.77250785513427378  0.78178377870862303  0.79124427910733175  0.80078319684457511
  0.81102189279984238  0.82124502894013296  0.83131195447465389  0.84125252767775027
  0.85076802179934430  0.86096396752256266  0.87187546376655833  0.88348710436419875
  0.89575076350580618  0.90939768617624284  0.92236739782521271  0.93406782536254063
  0.94603172182255668  0.95963467230665611  0.97670231216622327  1.00000000000000000
 -0.00945241813055324  0.05290698741234285  0.07914809860499974  0.09628962090235337
  0.10930892089248805  0.11964346045254155  0.12809112217847365  0.13537886640119856
  0.14242090846130770  0.14928761337375715  0.15596005213308170  0.16221785227042410
  0.16858101539595263  0.17487024875158141  0.18123192982528016  0.18725520594603656
  0.19332065052056183  0.19949174798126687  0.20596787381587658  0.21272615835258346
  0.21956169811861656  0.22631342728262138  0.23251028013124639  0.23822580141482902
  0.24366625208557541  0.24906233043654094  0.25491004389627997  0.26116454996077615
  0.26678783577451987  0.27212810236409291  0.27729309239999389  0.28213131802824148
  0.28730521294583028  0.29249944643268078  0.29799188586423403  0.30379108774825225
  0.30989256666868087  0.31581173537012242  0.32131758309756542  0.32692618429564579
  0.33233012679612089  0.33771537487574221  0.34331662771627236  0.34923937032015584
  0.35541350379105002  0.36129933547499182  0.36684273423772912  0.37202789010708975
  0.37742949248806579  0.38320551172521616  0.38890319340966706  0.39508737988474685
  0.40187953995142811  0.40853999813002234  0.41543261694156319  0.42247097921389082
  0.42966123102239623  0.43709898326336799  0.44466065275641375  0.45214088303594530
  0.45957725966817786  0.46636072736856943  0.47331664829730918  0.48036145435238803
  0.48672010836937901  0.49269101596401149  0.49857221417762609  0.50434063608618140
  0.51116368021912995  0.51881502974213478  0.52679302644515535  0.53531050500552435
  0.54314647059554932  0.55105747905657487  0.55877332361654108  0.56668513657681019
  0.57546002306601851  0.58463701106169907  0.59388400716397960  0.60316883660846932
  0.61326746531088161  0.62424234502300646  0.63622682190933177  0.64912105467784209
  0.66290092501068110  0.67727114936142663  0.69204281457192507  0.70560963797098986
  0.71949333644620939  0.73451794092619271  0.75431973852787348  0.77768882341250101
  0.80178159894496115  0.82932544942011965  0.87529607978123314  1.00000000000000000
   3.0387264082531160E-003  -1.0000000000000000     
 F F F F F F F F F F F F F F F F F F F F F F F F F F F F F F F F F F F F F F F F F F F F F F F F F F F F F F F F F F F F F F F F F F F F F F F F F F F F F F F F F F F F F F F F F F F F F F F F F F F F F F F F F F F F F F F F F F F F F F F F F F F F F F F F
  <DiscreteSampler_grid>
  grouped_processes
  1 # 1 for a reference and 2 for a running grid.
  10 # Attribute 'min_bin_probing_points' of the grid.
  1 # Attribute 'grid_mode' of the grid. 1=='default',2=='initialization'
  0.0000000000000000 # Attribute 'small_contrib_threshold' of the grid.
  0.5000000000000000 # Attribute 'damping_power' of the grid.
 # binID   n_entries weight   weight_sqr   abs_weight
    13   10   1.269080818646771E+002   4.503723209207402E+004   1.269080818646771E+002
    14   10   1.269080818646770E+002   4.503723209207397E+004   1.269080818646770E+002
    16   10   1.269080818646770E+002   4.503723209207402E+004   1.269080818646770E+002
    17   10   1.269080818646770E+002   4.503723209207399E+004   1.269080818646770E+002
    22   10   1.269080818646771E+002   4.503723209207403E+004   1.269080818646771E+002
    23   10   1.269080818646770E+002   4.503723209207398E+004   1.269080818646770E+002
    25   10   1.269080818646770E+002   4.503723209207399E+004   1.269080818646770E+002
    26   10   1.269080818646770E+002   4.503723209207399E+004   1.269080818646770E+002
    31   10   1.269080818646771E+002   4.503723209207402E+004   1.269080818646771E+002
    32   10   1.269080818646770E+002   4.503723209207397E+004   1.269080818646770E+002
    34   10   1.269080818646771E+002   4.503723209207401E+004   1.269080818646771E+002
    35   10   1.269080818646770E+002   4.503723209207398E+004   1.269080818646770E+002
  </DiscreteSampler_grid>
