 -0.00243731724106154  0.00949948302972895  0.01965226713126449  0.03016240808497433
  0.04070349083141887  0.05125234548303613  0.06179624408421554  0.07234638217162748
  0.08289011070801361  0.09343664803929783  0.10398232163756309  0.11453231902192071
  0.12508552165233991  0.13563863541760940  0.14619378950631171  0.15674168111737416
  0.16728969088023504  0.17783567818712140  0.18838334652152317  0.19892304634068236
  0.20945958184974164  0.21999871649742889  0.23054473975050796  0.24109721593822847
  0.25163635414100760  0.26217474266398022  0.27270535034750915  0.28325291355510801
  0.29379961156548351  0.30434573448278363  0.31487926198301025  0.32541055613525649
  0.33594601194526746  0.34648892953276100  0.35702289566324297  0.36755284969241059
  0.37808748510770701  0.38863251721385228  0.39918451991056136  0.40973532711442118
  0.42028199857497023  0.43082719604841563  0.44136407899287888  0.45190678001709705
  0.46244796005768413  0.47299017253084469  0.48352952039689184  0.49406881736488345
  0.50460970282035966  0.51513969960406891  0.52566416147569506  0.53618688810763981
  0.54671883536806010  0.55725576664334997  0.56780148367954586  0.57834938106964440
  0.58889360597639295  0.59943653068558544  0.60998427399218447  0.62052423118920630
  0.63106523679002591  0.64160737129665546  0.65215003350837508  0.66268699782710028
  0.67322056508776584  0.68376344777411990  0.69429306818360936  0.70481990013076767
  0.71535117404654747  0.72589122218816804  0.73642579649204132  0.74695640498621230
  0.75749359758790247  0.76803424460391134  0.77857380051304659  0.78911819745078093
  0.79965220094034195  0.81019028283291938  0.82071861902644727  0.83126247028017097
  0.84179392224229577  0.85233100635072123  0.86286453681276931  0.87341179405527170
  0.88395043096500991  0.89449335892026027  0.90503428429477040  0.91558735290216353
  0.92613514289042298  0.93668577308785195  0.94723399052773360  0.95778849222349982
  0.96833996434845060  0.97889298623051857  0.98944547884721545  1.00000000000000000
 -0.00244964760235095  0.00954045531810285  0.01970754006371108  0.03023312014079394
  0.04076723151414020  0.05130059279675468  0.06183173496853409  0.07237271777144023
  0.08291400853717078  0.09345713350006707  0.10399508290369915  0.11453600446584489
  0.12505963022605970  0.13559762471469566  0.14612407229278404  0.15666901117992571
  0.16719863012155500  0.17773647236479903  0.18827350717725616  0.19882571072785823
  0.20937853757889779  0.21992847696534223  0.23047249801377098  0.24101693577896732
  0.25155492422259640  0.26209247480827863  0.27263156606750860  0.28317514099492747
  0.29371561410534214  0.30425534103920876  0.31479835536917899  0.32534495112387307
  0.33588564271628907  0.34642875471621298  0.35697712676513893  0.36753062308900109
  0.37807656401731832  0.38861367635852317  0.39915016139017656  0.40969359823539575
  0.42024611852373017  0.43080005295401996  0.44135085240474792  0.45189392006509488
  0.46243432596605755  0.47297762565882312  0.48352641923510048  0.49407448014068966
  0.50462192263214267  0.51516086201747302  0.52569467039443563  0.53622836709639898
  0.54677041546666771  0.55731389467021197  0.56785595432646985  0.57838371807491340
  0.58891702532545709  0.59944610604778115  0.60998259544597322  0.62051603607518035
  0.63105585091148830  0.64160301077874871  0.65215596939103138  0.66269854208538537
  0.67324239603268266  0.68378131619252924  0.69432044766351952  0.70484531022409824
  0.71537287876123545  0.72591160212147177  0.73645854716190351  0.74699217424715247
  0.75752639253022547  0.76806190923854900  0.77860513662635500  0.78914622419244973
  0.79968392404567756  0.81022558865390926  0.82076698040367768  0.83131147723721999
  0.84185156880123069  0.85238916834654077  0.86293013309197553  0.87347940122509149
  0.88402156596731096  0.89456807819347472  0.90510742682815193  0.91564890472827432
  0.92618676209410544  0.93671869897972604  0.94725930318341001  0.95779544324231147
  0.96834409078993011  0.97889218731654859  0.98944640370985804  1.00000000000000000
   2.5510535696587703E-008  -1.0000000000000000     
 F F F F F F F F
  <DiscreteSampler_grid>
  grouped_processes
  1 # 1 for a reference and 2 for a running grid.
  10 # Attribute 'min_bin_probing_points' of the grid.
  1 # Attribute 'grid_mode' of the grid. 1=='default',2=='initialization'
  0.0000000000000000 # Attribute 'small_contrib_threshold' of the grid.
  0.5000000000000000 # Attribute 'damping_power' of the grid.
 # binID   n_entries weight   weight_sqr   abs_weight
    10   10   1.322623097372511E+010   1.749331857703254E+020   1.322623097372511E+010
  </DiscreteSampler_grid>
