 -0.00247765813786890  0.00954971758689030  0.01972299752360994  0.03023957051740003
  0.04078325187756077  0.05132261715493368  0.06186303030906810  0.07240614908046149
  0.08294492256098751  0.09348603335934995  0.10402892394026883  0.11457675495438055
  0.12512624098104869  0.13567211749224903  0.14621450992775162  0.15675257483911592
  0.16729392557448994  0.17783609031743372  0.18838195667104643  0.19892253887610736
  0.20946605012489103  0.22001032030187520  0.23055950485029128  0.24110922010908559
  0.25165419650805232  0.26219959288811318  0.27274386175861082  0.28328629536987437
  0.29382359941409752  0.30436271409609766  0.31489786897414201  0.32543251663878525
  0.33596357829293449  0.34650219550845229  0.35704645537180019  0.36758658967745639
  0.37813000991391299  0.38867045752281465  0.39920915704533261  0.40974278488228610
  0.42026540049644617  0.43078554230778277  0.44130129139203145  0.45183086245287224
  0.46235887765305272  0.47289482854935966  0.48343038972568364  0.49396861154573329
  0.50450698089746171  0.51504401279960221  0.52559217810635328  0.53613884189999406
  0.54667969903720370  0.55721877784108620  0.56775904172516289  0.57830695563648216
  0.58885382057994584  0.59939925384474979  0.60994442005006266  0.62049059812162721
  0.63103960067995069  0.64158618600251249  0.65212357982059477  0.66265879886145174
  0.67319607140046778  0.68374159402814305  0.69428602849406906  0.70482291957260856
  0.71536163578407930  0.72590187447857879  0.73644784096175397  0.74698562997646012
  0.75752493002638810  0.76806478821148594  0.77861270935294657  0.78915795263491673
  0.79970472976514106  0.81025116005544462  0.82080017816540607  0.83134075921713568
  0.84187772497793933  0.85241545148806819  0.86296160965771651  0.87351161552571288
  0.88405870298166023  0.89459503123545214  0.90512837860747697  0.91566000152834615
  0.92619511923400566  0.93673361475770334  0.94727712808257647  0.95782452494735948
  0.96837086932950600  0.97891427993564617  0.98945753334894937  1.00000000000000000
 -0.00250833071534892  0.00962171529794686  0.01982195743113657  0.03034840167034441
  0.04089831950204204  0.05144290577255368  0.06198005868769645  0.07251892273742483
  0.08305936582999586  0.09360575068488389  0.10414720541091294  0.11468789150606165
  0.12523048680223961  0.13577485935377118  0.14630814229560835  0.15684204298196597
  0.16737016610642996  0.17791119780667236  0.18845210511541075  0.19899218435491897
  0.20953251843665655  0.22007189456065640  0.23062146015576040  0.24116741175888953
  0.25170666148123771  0.26224633967312622  0.27278769377527012  0.28333398446067604
  0.29387871312978037  0.30441657377079373  0.31495681367749218  0.32549669636167494
  0.33603879864794967  0.34658105743375722  0.35711655589913999  0.36765339791036206
  0.37819050675133253  0.38873105371748784  0.39926884294851617  0.40980456093445849
  0.42034559433283342  0.43088722447222788  0.44143097536974379  0.45196536685291039
  0.46250042186770457  0.47303098193109189  0.48357043418692763  0.49411714882193569
  0.50465943284940940  0.51519897521229874  0.52573770272384235  0.53628558084403888
  0.54682852777102764  0.55737196566399139  0.56790991539275881  0.57845568419434090
  0.58899922354470369  0.59954678360025815  0.61009232779701927  0.62063427331411070
  0.63117010547008723  0.64170491150872278  0.65224448529874113  0.66278299337122593
  0.67332638012645318  0.68385358309985167  0.69438728085346202  0.70491506086941258
  0.71544650149807587  0.72597612129930778  0.73650607013970604  0.74704412747697513
  0.75757856139481039  0.76811401845120153  0.77864985244160034  0.78919248370853812
  0.79973301231913119  0.81027808948981650  0.82081607055689709  0.83135931336912228
  0.84190266417507365  0.85245064008015414  0.86299485012025590  0.87353937807371596
  0.88408192970122257  0.89462740118509299  0.90516770949028313  0.91571166412413807
  0.92624330881065620  0.93677555126496881  0.94730777704050506  0.95784993323561207
  0.96839063519251667  0.97893330172634163  0.98946633911469917  1.00000000000000000
   2.5515067511596944E-008  -1.0000000000000000     
 F F F F F F F F
  <DiscreteSampler_grid>
  grouped_processes
  1 # 1 for a reference and 2 for a running grid.
  10 # Attribute 'min_bin_probing_points' of the grid.
  1 # Attribute 'grid_mode' of the grid. 1=='default',2=='initialization'
  0.0000000000000000 # Attribute 'small_contrib_threshold' of the grid.
  0.5000000000000000 # Attribute 'damping_power' of the grid.
 # binID   n_entries weight   weight_sqr   abs_weight
    10   10   1.322623097372511E+010   1.749331857703254E+020   1.322623097372511E+010
  </DiscreteSampler_grid>
