 -0.00251601440119780  0.00965403841992167  0.01986202445201702  0.03037504194044070
  0.04091117571483702  0.05145253781443228  0.06199814058522659  0.07253858925858700
  0.08307779699263229  0.09362530343808673  0.10417319752403810  0.11472188589673024
  0.12526007284897439  0.13580143472729039  0.14634281741876437  0.15689507843905512
  0.16744268015553948  0.17798084572811143  0.18851798387939017  0.19905578314786698
  0.20960370069567022  0.22013947521953697  0.23068088925385910  0.24121833686593236
  0.25176192962691474  0.26230066678054725  0.27284239793987058  0.28339001620869853
  0.29394250256633281  0.30449596991885597  0.31503906569044987  0.32557346428891110
  0.33609633814093770  0.34663067574330009  0.35716876865635871  0.36770951596874957
  0.37824790476360193  0.38877952104333907  0.39932000868832379  0.40985317717617697
  0.42039830803010575  0.43093889602435409  0.44148247349761804  0.45201855791758205
  0.46255247163677071  0.47309026914497587  0.48363345670867902  0.49418099945673555
  0.50473125549137166  0.51527559815393198  0.52581686238589120  0.53635083942054163
  0.54689123531222039  0.55743324692764562  0.56797265677956266  0.57851198668046744
  0.58905418893131201  0.59958471378272227  0.61011878083800741  0.62063412486607727
  0.63116410368450027  0.64168507426477872  0.65221368387821177  0.66274105476491962
  0.67327499152046577  0.68381635449749978  0.69436347255993258  0.70491130411497749
  0.71546048429917253  0.72601147038926994  0.73655917328392118  0.74710034412309145
  0.75763139224002174  0.76816663050495160  0.77870052024910719  0.78924494531400791
  0.79978401365841156  0.81033303697834913  0.82087343239905941  0.83141124224288954
  0.84194911669827099  0.85248794020187979  0.86303257862463578  0.87357278244929593
  0.88411865545363666  0.89466320911354635  0.90520507238075343  0.91574941137079557
  0.92629497938945227  0.93684573409825367  0.94739501388013814  0.95791839916041921
  0.96842300843026885  0.97893238231456892  0.98946227719099400  1.00000000000000000
 -0.00231979464106901  0.00953475580063141  0.01969240716930417  0.03021678013799347
  0.04076310801367754  0.05129869764563726  0.06183017203061868  0.07236105322182773
  0.08289160239286543  0.09341998682670431  0.10395553199356666  0.11449518473571491
  0.12503029946654279  0.13555843357499778  0.14608766199238618  0.15662636755358983
  0.16717006586603939  0.17771901943455062  0.18826393002013364  0.19881012770996859
  0.20935604025868942  0.21990635351786425  0.23045828300107643  0.24100856405365639
  0.25156009202785673  0.26209943918945777  0.27263198320040710  0.28316303926841857
  0.29370283615760273  0.30424218345192894  0.31477626667178832  0.32531365902036330
  0.33586018864782669  0.34641190517999254  0.35696414786239067  0.36751690399414488
  0.37805997492035137  0.38860369165456632  0.39913829292013342  0.40967895202532956
  0.42021912739085998  0.43076632591042563  0.44131425053493289  0.45185585974763076
  0.46239589158855404  0.47293410786100687  0.48347738072240476  0.49401633636282077
  0.50455423612273365  0.51508601126675602  0.52562560490085286  0.53616584507940157
  0.54671398559411732  0.55725659752110379  0.56780083456463937  0.57833897343731344
  0.58887554039978440  0.59940461916484855  0.60993570970192612  0.62047173714802384
  0.63101729447383437  0.64156681842717245  0.65211140088249520  0.66265651379123836
  0.67319619510159168  0.68374070029484824  0.69428455914787923  0.70483364607933019
  0.71537842738600943  0.72592029543435910  0.73645514719184901  0.74699646141599108
  0.75754118726054032  0.76808320759724602  0.77862532105829108  0.78916598956249473
  0.79970707366211924  0.81024842105827188  0.82079059622658057  0.83133590203405583
  0.84187849906208678  0.85241944200496655  0.86295806936527331  0.87349577425766567
  0.88402905837967993  0.89456745987757802  0.90510878966155905  0.91565837699944674
  0.92620534946852617  0.93675051810107668  0.94729332539881472  0.95783955577022872
  0.96838648056697163  0.97892357062818514  0.98946394186420572  1.00000000000000000
   2.5526180333660758E-008  -1.0000000000000000     
 F F F F F F F F
  <DiscreteSampler_grid>
  grouped_processes
  1 # 1 for a reference and 2 for a running grid.
  10 # Attribute 'min_bin_probing_points' of the grid.
  1 # Attribute 'grid_mode' of the grid. 1=='default',2=='initialization'
  0.0000000000000000 # Attribute 'small_contrib_threshold' of the grid.
  0.5000000000000000 # Attribute 'damping_power' of the grid.
 # binID   n_entries weight   weight_sqr   abs_weight
    10   10   1.322623097372510E+010   1.749331857703251E+020   1.322623097372510E+010
  </DiscreteSampler_grid>
