 -0.00252627687358417  0.00949369520746381  0.01965572689915175  0.03017915486586873
  0.04071910545508384  0.05125694924555214  0.06179557642964491  0.07234641429655801
  0.08290104585143684  0.09345397506812346  0.10400904239204953  0.11455667418586676
  0.12510442816642658  0.13564667547604425  0.14619613256115177  0.15674701141218847
  0.16730002063546121  0.17784646858764347  0.18838795678566211  0.19892547732372592
  0.20946830837585684  0.22001505560417989  0.23056358940649943  0.24111400212372339
  0.25166275282339085  0.26220610045561388  0.27274711997141560  0.28328834724947044
  0.29383019606475519  0.30436833821800280  0.31489993619338874  0.32544063006333224
  0.33597824350720901  0.34651924241129872  0.35706164360685855  0.36760489849666539
  0.37814874700494544  0.38868629533143900  0.39922984960809782  0.40977726512307755
  0.42032330733020140  0.43087260244507786  0.44141606345919759  0.45196689268227758
  0.46251369359031202  0.47305805907421788  0.48360102302600294  0.49413583177776410
  0.50467939111822269  0.51522370158566844  0.52576489180153196  0.53630155977839733
  0.54682896390265556  0.55736696043565681  0.56791094679173804  0.57845811027763394
  0.58899696287745529  0.59953181546093059  0.61007136579256971  0.62062264349122176
  0.63117634921022014  0.64172218500356726  0.65226367615568714  0.66280401344641715
  0.67335365650451162  0.68388792216795447  0.69442202427843092  0.70495654178849154
  0.71550992887290743  0.72605358633282047  0.73658716127905466  0.74711991545687173
  0.75766384080949389  0.76820311467108837  0.77872457768627112  0.78924742314770213
  0.79977634662294506  0.81032663703436691  0.82086405124920070  0.83141176631276992
  0.84195393548754649  0.85250127396798181  0.86303653920213363  0.87356384656216124
  0.88408736490978956  0.89460708817162937  0.90513248655018397  0.91566142037402654
  0.92620546462043996  0.93675617317169979  0.94730867338647340  0.95785676080042748
  0.96839740440622313  0.97892786217763095  0.98946395128966858  1.00000000000000000
 -0.00254564049733895  0.00947305937004948  0.01963033465115190  0.03014831863316789
  0.04069655476678680  0.05124054523367363  0.06178819442945191  0.07233454899260040
  0.08288090446560867  0.09342574333027262  0.10396977309474745  0.11451359218949372
  0.12505225602839498  0.13559282382176308  0.14613955594288722  0.15668727699268492
  0.16722723993567007  0.17776855641528794  0.18831233766401526  0.19885893257667681
  0.20940339976809949  0.21994753605197961  0.23049066031739526  0.24103292187483932
  0.25156381031733838  0.26209907423311590  0.27263568493314894  0.28317976084116009
  0.29371946765746276  0.30424792624768981  0.31478232788448501  0.32532247272858467
  0.33587615972707424  0.34642556404598701  0.35696826065295506  0.36750973798809899
  0.37805839534095487  0.38860861731908397  0.39915554306559714  0.40970050574062378
  0.42024386221507382  0.43079282330269225  0.44132775116966444  0.45187003628054695
  0.46240498438106986  0.47295566219685592  0.48349879015397390  0.49404640433146024
  0.50458374519777793  0.51512402630501575  0.52566389514675949  0.53620700508554564
  0.54674456303439611  0.55727943994671025  0.56781244232050920  0.57835550203504749
  0.58890224525225210  0.59945383512992245  0.61000325879894557  0.62054442352477412
  0.63107773732463357  0.64160624172593606  0.65213960034358165  0.66267785674139834
  0.67322395908664689  0.68376703712876019  0.69431071003602696  0.70484804497726394
  0.71539052284742022  0.72593522421481882  0.73648294332342090  0.74702324119722607
  0.75756364838505541  0.76810060967695160  0.77864293263741946  0.78918668395516178
  0.79973392712871338  0.81028383167201312  0.82082947329342837  0.83137570223442447
  0.84191971638035734  0.85246318427344847  0.86300556924930683  0.87355093883896417
  0.88410186150136250  0.89465014712378521  0.90519514655567879  0.91573930784606294
  0.92628642182058840  0.93682765384516342  0.94736414300259397  0.95790576961155161
  0.96843721994483900  0.97897147944817076  0.98948214518176592  1.00000000000000000
   2.5654584749675914E-008  -1.0000000000000000     
 F F F F F F F F
  <DiscreteSampler_grid>
  grouped_processes
  1 # 1 for a reference and 2 for a running grid.
  10 # Attribute 'min_bin_probing_points' of the grid.
  1 # Attribute 'grid_mode' of the grid. 1=='default',2=='initialization'
  0.0000000000000000 # Attribute 'small_contrib_threshold' of the grid.
  0.5000000000000000 # Attribute 'damping_power' of the grid.
 # binID   n_entries weight   weight_sqr   abs_weight
    10   10   1.322623097372511E+010   1.749331857703254E+020   1.322623097372511E+010
  </DiscreteSampler_grid>
