  0.00000044463276282  0.00000046917804233  0.00000048886363270  0.00000050620424208
  0.00000051876581087  0.00000053065217241  0.00000054246935112  0.00000055521362760
  0.00000056920033476  0.00000058482729951  0.00000060243665789  0.00000061966023699
  0.00000063854810890  0.00000065828220127  0.00000067801090621  0.00000069702056334
  0.00000071518047441  0.00000073315242820  0.00000075235737974  0.00000077548949640
  0.00000079987179776  0.00000082375089132  0.00000084832613755  0.00000087353721201
  0.00000089849265864  0.00000092378526734  0.00000094831441398  0.00000097215835539
  0.00000099623848576  0.00000102081059411  0.00000104808370032  0.00000107904563086
  0.00000111251475841  0.00000114628994636  0.00000117824873536  0.00000121065708150
  0.00000124598490867  0.00000128261929373  0.00000132623685846  0.00000137216132032
  0.00000141959640776  0.00000147039267058  0.00000152325551082  0.00000157983586918
  0.00000164177030300  0.00000170108880734  0.00000175483725126  0.00000180678193229
  0.00000186038814857  0.00000191788697760  0.00000197742547714  0.00000204499095146
  0.00000212799485705  0.00000221912361567  0.00000231585791979  0.00000241512387213
  0.00000252282733634  0.00000266355514203  0.00000280298447630  0.00000295063951586
  0.00000309385980215  0.00000323998897107  0.00000338707551208  0.00000354082419564
  0.00000371564926089  0.00000390318253609  0.00000411911702014  0.00000437486717495
  0.00000464168214819  0.00000491986519558  0.00000523846986501  0.00000558711020854
  0.00000593210591022  0.00000632016028161  0.00000673420315782  0.00000725971941637
  0.00000789037707771  0.00000871277539349  0.00000967677617158  0.00001073658971624
  0.00001175624080064  0.00001290334627719  0.00001432748519543  0.00001611137246573
  0.00001886165854394  0.00002184584572149  0.00002471208744008  0.00002767285442624
  0.00003193365127100  0.00003917619396260  0.00005116496324071  0.00007685646056619
  0.00013826474049580  0.00035227928147653  0.13184329981930662  1.00000000000000000
  0.00000079559344217  0.00000098882146371  0.00000123139376278  0.00000146357774181
  0.00000164010442442  0.00000180866782789  0.00000197523709382  0.00000211470110829
  0.00000223214489335  0.00000234402287280  0.00000248946284403  0.00000266739388773
  0.00000282692520182  0.00000296837810068  0.00000310734790934  0.00000324777540459
  0.00000341693312824  0.00000364259782832  0.00000393000386763  0.00000423324402389
  0.00000449660369551  0.00000478185281739  0.00000509037344936  0.00000540827847326
  0.00000572048380999  0.00000602588309034  0.00000632263730041  0.00000661327345185
  0.00000691197071667  0.00000725312216594  0.00000753828584285  0.00000779222691391
  0.00000805786733528  0.00000834922489045  0.00000863445184553  0.00000890770115060
  0.00000919758380141  0.00000954861375477  0.00001003555193410  0.00001054120376082
  0.00001107315820322  0.00001164103557461  0.00001224449946008  0.00001287544379987
  0.00001355429897387  0.00001432278885935  0.00001507961535880  0.00001590722437056
  0.00001674384592453  0.00001763380710701  0.00001858029741610  0.00001952067468799
  0.00002043563658256  0.00002139285979336  0.00002244020412196  0.00002358524599350
  0.00002484485103768  0.00002609506511012  0.00002743019429094  0.00002895260193292
  0.00003043497629402  0.00003202986962186  0.00003380049539899  0.00003573249808107
  0.00003790345971673  0.00004024970506064  0.00004246859372470  0.00004467348697401
  0.00004723387169442  0.00005008093268094  0.00005368182969484  0.00005806900654867
  0.00006261725833649  0.00006731579643863  0.00007275540945170  0.00007969006135442
  0.00008893229636906  0.00009897725433300  0.00010895898477116  0.00011919580977302
  0.00013081894445920  0.00014507320058833  0.00016149014153890  0.00018286717536611
  0.00020725396755507  0.00023596884747106  0.00027794618037256  0.00033987323084435
  0.00041761365931991  0.00051575389311168  0.00065031416744178  0.00091531215743259
  0.00158698284217875  0.00511771146842291  0.49973288004048211  1.00000000000000000
 -0.00000064688199913  0.00009351359150907  0.00065012655378808  0.00173822966171170
  0.00361052111840518  0.00633805027214239  0.00879424231056728  0.01183965368686679
  0.01575231670520193  0.02089987579736896  0.02691518710814825  0.03324810791040705
  0.03977542362570340  0.04609233062605651  0.05304521050958932  0.06046971358410994
  0.06770217215047193  0.07500573669628140  0.08276919271562655  0.09046398435651309
  0.09856522728534617  0.10695849549172945  0.11697377138666530  0.12712445242265238
  0.13618500048622298  0.14484986809237260  0.15400988745111233  0.16371676375905872
  0.17323675089791132  0.18169865770370092  0.18968551031587150  0.19782450580410890
  0.20572451095047217  0.21346214105646305  0.22112719963116875  0.22880778973910759
  0.23681517535889748  0.24564699067738041  0.25471042137441591  0.26474499917088401
  0.27568073344639682  0.28669112509121253  0.29653705368551214  0.30689604770597279
  0.31713935013212369  0.32769771804815140  0.33798265104662562  0.34754685100909732
  0.35687150870522216  0.36720003531825113  0.37872854287260588  0.38981209703529962
  0.40070684357182734  0.41140264008287969  0.42196472297352966  0.43254077734360608
  0.44336654318934793  0.45443353219767857  0.46559155999035390  0.47670116309243021
  0.48781463968429095  0.49952892369962293  0.51232722706061762  0.52507175632868219
  0.53745034728111374  0.54951349804558980  0.56154027487367808  0.57385132783589787
  0.58635970649011848  0.59909401508858207  0.61430690975768210  0.62993372975592987
  0.64528394390615396  0.65996662422768970  0.67404078685232183  0.68775060623902706
  0.70106917271653568  0.71519859659362084  0.73078958953542938  0.74684461350033116
  0.76286363480664299  0.77859115028672332  0.79366912066365003  0.80884502178546969
  0.82304548497132601  0.83581132214599707  0.84889547873641491  0.86412172391979036
  0.87980875836736716  0.89564056393300451  0.91144816520935246  0.92736455051272015
  0.94292120241338406  0.96078905246622082  0.98038090992875349  1.00000000000000000
 -0.00217494369673273  0.00923639266153588  0.01863307595793868  0.02795349874502656
  0.03767477901941520  0.04863330666057506  0.06168759949085736  0.07407760548450748
  0.08768588201138489  0.10235633664950011  0.11702846672551140  0.13008788516016334
  0.14083633143636146  0.15171247314225145  0.16267991744303514  0.17283988893131877
  0.18325218511896407  0.19520513744559981  0.20862068247577259  0.22160197423949307
  0.23273094426308866  0.24221176807451072  0.25154532957387848  0.26171929133002930
  0.27277056704349667  0.28417811269281545  0.29428740680912147  0.30285271459866459
  0.31055209003345863  0.31867796990681735  0.32837901289672139  0.33746801608604465
  0.34491323771083698  0.35238812030743216  0.36131906919513557  0.37127739862631548
  0.37993221911345876  0.38785980261090958  0.39669800008525480  0.40737052723677097
  0.41957460306805122  0.43085214206557054  0.44328432719423627  0.45585295331871600
  0.46886005193326863  0.48133435228743898  0.49307107877897899  0.50403284791877445
  0.51366670192195696  0.52364751832135781  0.53389160491313992  0.54356000128169313
  0.55200718777123270  0.55964265181084638  0.57069927870430504  0.58337516215079599
  0.59792132915637874  0.61178420023658120  0.62472024842818519  0.63705582518239634
  0.64854627456817471  0.66000791711709605  0.67054922544556450  0.68051097764465784
  0.68973271045488527  0.69868617266959243  0.70773508575194533  0.71756539152197030
  0.72772834851021462  0.73742014052727212  0.74747087845790239  0.75787926960389518
  0.76777494991530715  0.77643932836367580  0.78479390765954726  0.79385541414809269
  0.80382996966243736  0.81373899765585100  0.82316149098516644  0.83286657501396111
  0.84384231613889660  0.85553450553719490  0.86652496987035765  0.87647326832526529
  0.88574605052905342  0.89550442796465624  0.90545270428372915  0.91467101530587258
  0.92350503627618352  0.93230453300966054  0.94145977849138474  0.95103203585206664
  0.96066251733617447  0.97420463027222293  0.98675500475594646  1.00000000000000000
 -0.00164866499732699  0.00715072302949570  0.01503387356298502  0.02305946887794863
  0.03061502788168336  0.03774952452020364  0.04534899223594401  0.05362904019005308
  0.06248187821767764  0.07142633175722891  0.08059409256259877  0.09007453400526440
  0.09973926282905508  0.10890133014119645  0.11826972114207905  0.12811198383349143
  0.13737219000485817  0.14650076114156532  0.15636125414120985  0.16634536850625878
  0.17582562839927823  0.18473820472096825  0.19417453361238210  0.20445750613420677
  0.21554386006530049  0.22606078532372054  0.23710013993598375  0.24799439278185789
  0.25793982384645892  0.26791799643658221  0.27791578624925545  0.28857125914662768
  0.29861802950552030  0.30754342045505001  0.31802102856360165  0.32950422975266802
  0.34085530314610513  0.35141658028157002  0.36231311472438910  0.37348140564734955
  0.38452645523691398  0.39596574817166719  0.40828271096535962  0.42134051879022616
  0.43469027392488363  0.44813061791591335  0.46051800891438938  0.47084467814863740
  0.48101529019629519  0.49193405800229728  0.50367881265136805  0.51665824369717805
  0.53263120319875690  0.54715431436253403  0.55899839299702092  0.57116357245382565
  0.58230465940718734  0.59174128364904155  0.60066134230491108  0.60923921478113163
  0.61841582812612583  0.62931435093722754  0.64069983571813149  0.65073687251868351
  0.65999425837288717  0.66966338270144932  0.68036320554960261  0.69131805222333276
  0.70140044674135815  0.71094240140420284  0.72035525979030335  0.73087457467088035
  0.74343622091664019  0.75662005261936716  0.76925000096139207  0.78162110869040591
  0.79375511499471019  0.80535807348700794  0.81531836238167432  0.82374858183448330
  0.83314627764399907  0.84356353617253244  0.85349172901767267  0.86272665885242450
  0.87383185042297029  0.88806844464210710  0.90516938526351953  0.91990342753265253
  0.93305066741645903  0.94577312952143466  0.95817982040350946  0.96761087023154169
  0.97599473187616093  0.98391537367619131  0.99188172357343907  1.00000000000000000
 -0.00246068880825149  0.00904049227355156  0.01966380376016604  0.02894899766157913
  0.03831431587239338  0.04690157329570728  0.05627838153526484  0.06558170115644019
  0.07412777296994556  0.08224810367672293  0.09161339822341828  0.10231374763047509
  0.11271290682594397  0.12300539621168996  0.13361517070125906  0.14580699372244185
  0.15843798448066757  0.16798267662234481  0.17783937432196489  0.18698356859506560
  0.19415608239085813  0.20265632951055040  0.21268554421133690  0.22332080223004092
  0.23447267632255989  0.24565369861595518  0.25816266270975724  0.27247443812780398
  0.28638786826162943  0.29767626816570947  0.30637514863350251  0.31553894525548976
  0.32461399372681454  0.33332371335810823  0.34080920870383286  0.34765688362639430
  0.35532811068142756  0.36473169218760371  0.37519270629806628  0.38629859795486565
  0.39792997879472225  0.41073244212508131  0.42199581221831989  0.43221447585658623
  0.44206627707530494  0.45187688741269416  0.46285740993107383  0.47463996233040839
  0.48646947458999307  0.49792962212337871  0.50829239259258696  0.51882522676915954
  0.52980647354863319  0.54048018627019545  0.55142914924685815  0.56187359237282397
  0.57421774224308275  0.58504802461913974  0.59523125463559801  0.60516221719979657
  0.61516569722269310  0.62542774968882608  0.63771029218534681  0.65050290315849391
  0.66374922030204997  0.67451722142175397  0.68514647045769506  0.69479743412691819
  0.70343562564185147  0.71170578205220236  0.72059420161302645  0.72974055550401462
  0.74131430914412511  0.75382900599740521  0.76490263124009750  0.77442920575086849
  0.78360063944437508  0.79301042768024088  0.80340171138704886  0.81602365607193428
  0.83001638526883637  0.84124716162401414  0.85002182470338405  0.85875867243254911
  0.86809159429978788  0.87853117837941908  0.88922901245050601  0.90023376905978569
  0.91226054970372050  0.92449487093543614  0.93729730612110929  0.95127684966502801
  0.96491358315913123  0.97623671045256855  0.98803997202487737  1.00000000000000000
 -0.00461976048744654  0.03039492864681115  0.04168916889802289  0.05172873085638346
  0.06528837515687864  0.08356430237873290  0.10096119878938611  0.11010841614745687
  0.11844402009142020  0.12628136186896533  0.13409920599698885  0.14160570382323631
  0.14841141773627334  0.15464035881241725  0.16050468432119022  0.16794132067523554
  0.17764038331960971  0.18887607937584017  0.20196579791241592  0.21506207942659916
  0.22669738268784875  0.23711570378675700  0.24692919710684633  0.25647768792413356
  0.26625153682409003  0.27635591011337168  0.28714677180882220  0.29772078478160763
  0.30753863295959066  0.31624960192729257  0.32575399857243276  0.33503204851932877
  0.34459818207220100  0.35438427962893609  0.36516463016389616  0.37777109082567006
  0.39129671284322509  0.40412151104878841  0.41666826951527758  0.42878619107711347
  0.44008838252291710  0.45072464905407766  0.46046513429229541  0.46916750292882020
  0.47752941248882069  0.48558106436512477  0.49404405310871169  0.50339336077042973
  0.51327232412972312  0.52305462042622830  0.53298555431206174  0.54234145765595754
  0.55075785947333145  0.55868582607264439  0.56658381953200621  0.57515419730199369
  0.58353893417718239  0.59293327141739471  0.60147111085391691  0.61073474666300509
  0.61905897201369819  0.62825144159064317  0.63824520749491609  0.64927670768940005
  0.66033086507977179  0.67240293447565469  0.68511388018632191  0.69645748500610394
  0.70696989748206984  0.71715595684262579  0.72785015872617342  0.73822465011140936
  0.74849165972598941  0.75897552032823778  0.76866489171000130  0.77891502941506952
  0.78774652914817056  0.79658237720638181  0.80692732237472764  0.81764604103957883
  0.82846634346496406  0.83816053951597125  0.84747921553009897  0.85833749814786464
  0.86880373393474375  0.87800351818180256  0.88440976771743740  0.89007215812409657
  0.89667832062131048  0.90527263420426163  0.91550443852490515  0.92559615980960708
  0.93665977203765205  0.95018350041983923  0.96731962656514514  1.00000000000000000
 -0.00290252801432799  0.01057795382550517  0.02154793388004109  0.03278853838300587
  0.04421984081764693  0.05662193366579779  0.06877891133894631  0.08071024521186206
  0.09591048717084671  0.11037863453530698  0.12396064185545147  0.13717467755552001
  0.14974477143140116  0.16160623923530146  0.17322139878395698  0.18481717723164257
  0.19580647254788566  0.20642297375814272  0.21643431874352267  0.22601220450851456
  0.23595620073284101  0.24563701970144575  0.25603315590110393  0.26728532553271073
  0.27934822921442037  0.29276149252107458  0.30495597980190359  0.31744258789419766
  0.32938284968791559  0.34046126517476555  0.35116355746920952  0.36065937562035294
  0.36918759205112067  0.37752661548701782  0.38654486816208994  0.39506807652583831
  0.40424983064599679  0.41369014298760098  0.42432878668689444  0.43480678806985606
  0.44486648045758082  0.45523668848308785  0.46534183492526859  0.47483389598007314
  0.48384571684292127  0.49328500167365336  0.50285432863499346  0.51093265208997429
  0.51833327334829293  0.52595512554771007  0.53422198171291591  0.54272231843325380
  0.55303939227458043  0.56270484655973341  0.57298775577476135  0.58228780080384912
  0.59197213111413494  0.60116701506267578  0.61487772745977098  0.62789973453589043
  0.64092294532140126  0.65101473787445063  0.65946305900092606  0.66795283117040327
  0.67672702345403235  0.68569028134996535  0.69761981193119849  0.71144575752314287
  0.72487131145168204  0.73664496627494425  0.74705268403101921  0.75690770019863374
  0.76649765026915007  0.77656293208698424  0.78568355814845359  0.79428517209345617
  0.80272319673838588  0.81126582245524370  0.82032257015735877  0.82903088714987894
  0.83925429809348073  0.85095154921906657  0.86207506652402399  0.87464058860469540
  0.88773613161689402  0.90007416069864543  0.91065016975445556  0.92079938908226688
  0.93009810870734211  0.93902466847949217  0.94772761560471575  0.95725819845050086
  0.96755366064591541  0.97866863512678237  0.98915402301875111  1.00000000000000000
  0.10922439867852179  0.20745873394905168  0.27128898123070544  0.31709029448921794
  0.31930120614816737  0.32153667443949652  0.32635361815416658  0.33148209413346935
  0.33557292928782367  0.34090486986259255  0.34492401231945619  0.34873382947759463
  0.35243027268838273  0.35592907091495740  0.35934251111960208  0.36298278434178549
  0.36696277886016870  0.37113565193939013  0.37662935280469234  0.38428466396779432
  0.39296049930388754  0.40114503887370279  0.41045546077895828  0.41874236381825147
  0.42626080038862124  0.43385129688434182  0.44140454567759085  0.44786254148128324
  0.45439656090247843  0.46012459370697489  0.46474710893500210  0.46911324280676253
  0.47333715070638288  0.47754943125508081  0.48207870441160688  0.48683522229180293
  0.49166246849499606  0.49650598014117731  0.50162855136614026  0.50614104482118494
  0.51034495908612820  0.51452257440597737  0.51909580762472729  0.52423499373709226
  0.52953931224953843  0.53508385815346171  0.54109042835494325  0.54732943469600670
  0.55345797284689902  0.55959214602149043  0.56569242534324338  0.57127318128980342
  0.57660877529500609  0.58183265402396456  0.58761991699012328  0.59551134137706085
  0.60451896114049108  0.61295551113153834  0.62089057513556922  0.62882137572841246
  0.63677098207404004  0.64450694772084982  0.65210219905227462  0.65953825193435955
  0.66704462104334372  0.67446546092408666  0.68159073987040675  0.68888979820488849
  0.69613097441089766  0.70337927164126268  0.71061855139295926  0.71791765083652470
  0.72517737866299836  0.73231118020913832  0.73958493708524642  0.74724191087031133
  0.75541510160814362  0.76341471130726335  0.77169443123152215  0.78029554965574954
  0.78962209591233135  0.79842427647402237  0.80789352403524028  0.81790129227280539
  0.82869280081310626  0.83978851355729078  0.85128807860995448  0.86389345930307515
  0.87745263928534523  0.89140253468738129  0.90464047031863859  0.91796184985375096
  0.93362692007259929  0.95103745109770232  0.97222498999133911  1.00000000000000000
 -0.01645633485709212  0.10163351911942176  0.14008138606601073  0.16162619919973858
  0.17588373614885511  0.18791584713645720  0.19946223885261546  0.21081614083108663
  0.22254221948126390  0.23338149946519859  0.24343865827643643  0.25268354212694960
  0.26100020657433787  0.26871329181752690  0.27640512111089122  0.28462827538940805
  0.29322243072952470  0.30140017252951501  0.30898640974340419  0.31600296168674674
  0.32266815527212006  0.32899838000067483  0.33486520532249014  0.34055328686659342
  0.34654403028907999  0.35314563043941660  0.35958716247701494  0.36627045379054690
  0.37308662072032955  0.37949925208157392  0.38527207125436258  0.39069379447132146
  0.39625472986260146  0.40231890812344645  0.40915917230614651  0.41539249987357463
  0.42184672831087816  0.42801350495338025  0.43372787902348653  0.43855003059696951
  0.44308706091156563  0.44780407034636843  0.45251142563795149  0.45724754438149101
  0.46490968800056265  0.47257237499386334  0.47969852538952412  0.48647406782096148
  0.49309303016739736  0.49965692593588368  0.50610090687485054  0.51218876014796422
  0.51768968727420139  0.52332305502173071  0.52932291947203247  0.53566329083917907
  0.54266621347759336  0.54900709909317125  0.55497938789855239  0.56057675531487572
  0.56605749650604431  0.57149453757524071  0.57712345991762237  0.58306054247409733
  0.58895433892670224  0.59467835102497701  0.60029477282119337  0.60608775785909341
  0.61250350704026424  0.61925979294169275  0.62607605735105920  0.63290274566780780
  0.63961677766765501  0.64640605766507708  0.65380376887522473  0.66335035539561982
  0.67333967233682757  0.68381768343920246  0.69467455161106662  0.70539550945896923
  0.71500782963881260  0.72291534844244099  0.73080856413853812  0.73795148984560999
  0.74654091786483512  0.75531033231333022  0.76463404363481102  0.77584313983447484
  0.78544766162510582  0.79600641369775371  0.80851332997901093  0.82520153400660079
  0.84367212033962125  0.86436406354938222  0.89450134056351416  1.00000000000000000
   2.1334617595408431E-003  -1.0000000000000000     
 F F F F F F F F F F F F F F F F F F F F F F F F F F F F F F F F F F F F F F F F F F F F F F F F F F F F F F F F F F F F F F F F F F F F F F F F F F F F F F F F F F F F F F F F F F F F F F F F F F F F F F F F F F F F F F F F F F F F F F F F F F F F F F F F
  <DiscreteSampler_grid>
  grouped_processes
  1 # 1 for a reference and 2 for a running grid.
  10 # Attribute 'min_bin_probing_points' of the grid.
  1 # Attribute 'grid_mode' of the grid. 1=='default',2=='initialization'
  0.0000000000000000 # Attribute 'small_contrib_threshold' of the grid.
  0.5000000000000000 # Attribute 'damping_power' of the grid.
 # binID   n_entries weight   weight_sqr   abs_weight
    10   10   8.355382451697996E+004   2.805054905400707E+010   8.355382451697996E+004
    16   10   8.355382451697995E+004   2.805054905400706E+010   8.355382451697995E+004
  </DiscreteSampler_grid>
