  0.00000451507076424  0.00000485990226599  0.00000519674194300  0.00000552161533605
  0.00000583096387466  0.00000613644157917  0.00000645265299805  0.00000679274177438
  0.00000712725183754  0.00000741597163944  0.00000769293660521  0.00000797662092139
  0.00000826029885043  0.00000857162942975  0.00000890057143394  0.00000924959663223
  0.00000961066394841  0.00000997102995194  0.00001034374806695  0.00001075664014828
  0.00001124623007329  0.00001176596375792  0.00001228927713352  0.00001283586096355
  0.00001340603658718  0.00001398886730357  0.00001457743035065  0.00001516289556114
  0.00001574346863286  0.00001636104494847  0.00001703235197837  0.00001771848855057
  0.00001843467678213  0.00001912749141697  0.00001990808655739  0.00002070994654998
  0.00002154240718269  0.00002243071112387  0.00002338495345281  0.00002429440882146
  0.00002521825844809  0.00002624907670277  0.00002739357477830  0.00002852485659416
  0.00002964957921086  0.00003084842960036  0.00003212045738101  0.00003352777327888
  0.00003509428505763  0.00003685421941729  0.00003865709095574  0.00004067137275957
  0.00004247134339685  0.00004425825840674  0.00004619560452447  0.00004832715222583
  0.00005063129954705  0.00005312950254547  0.00005593533061619  0.00005884413537514
  0.00006210594942508  0.00006581980845603  0.00006964901621834  0.00007399184831616
  0.00007851853875217  0.00008358900526012  0.00008921183267570  0.00009547942320014
  0.00010230595530206  0.00010979897913996  0.00011870987059234  0.00012824532281897
  0.00013895763106356  0.00015076392561558  0.00016483576635352  0.00018205583553377
  0.00020279802900529  0.00022574407936989  0.00025072214139227  0.00027869860182767
  0.00031229387007781  0.00035059160429626  0.00039739827097686  0.00045403700883011
  0.00052594066066840  0.00061933833612703  0.00075674049138130  0.00093214992030435
  0.00112452838888799  0.00137803437596362  0.00180622947259138  0.00270362757759957
  0.00449110839856744  0.00785148088073100  0.11330158878553254  1.00000000000000000
  0.00000488128107251  0.00000507413508118  0.00000521257579529  0.00000538577460016
  0.00000559504176143  0.00000582408286765  0.00000606318105562  0.00000631552484152
  0.00000656329345967  0.00000680951251851  0.00000707212946098  0.00000738137641115
  0.00000771639568973  0.00000804651143753  0.00000837403917540  0.00000870124377865
  0.00000903718751031  0.00000938932428190  0.00000976101406510  0.00001014722537568
  0.00001053474428466  0.00001090974193057  0.00001131892803814  0.00001174329337581
  0.00001219301656168  0.00001272522436875  0.00001331217490934  0.00001390613140685
  0.00001453576630364  0.00001519509394439  0.00001584049786654  0.00001650422747805
  0.00001718008341766  0.00001791379801743  0.00001866237412737  0.00001944373835090
  0.00002026555276921  0.00002113046598959  0.00002199815708992  0.00002286234062203
  0.00002375610117375  0.00002469217894032  0.00002566448614464  0.00002671171167008
  0.00002775222080025  0.00002882637334874  0.00002993853581650  0.00003108360072056
  0.00003224406075821  0.00003341107610867  0.00003471758089857  0.00003614079655847
  0.00003759993836579  0.00003916510841216  0.00004093033196638  0.00004282875224878
  0.00004472334191275  0.00004678509414933  0.00004904907835047  0.00005153197340159
  0.00005430083877401  0.00005724054429922  0.00006023685541866  0.00006334215108479
  0.00006669917470676  0.00007049594821465  0.00007496969339457  0.00007963941388278
  0.00008513298241285  0.00009108337129978  0.00009794618368254  0.00010545074581346
  0.00011349788300806  0.00012204509504850  0.00013146573990172  0.00014227203966395
  0.00015461032572148  0.00016815815800076  0.00018333737296093  0.00020186863024531
  0.00022457480942514  0.00025141676889891  0.00028402781410588  0.00032137740053506
  0.00036432286497519  0.00041180649945818  0.00047518475088060  0.00056046487995588
  0.00067074828848424  0.00079469080331550  0.00095829773431442  0.00123160882141729
  0.00170999484818263  0.00266031698137741  0.00495314998915629  1.00000000000000000
  0.00001193967245773  0.00001247406826430  0.00001376669161629  0.00001522270135715
  0.00001643494708134  0.00001741085820725  0.00001834891977325  0.00001936653424082
  0.00002054223800069  0.00002196842955310  0.00002338966697907  0.00002493980250218
  0.00002640716253334  0.00002783666974796  0.00002927185311581  0.00003089344941295
  0.00003278160807390  0.00003479738470039  0.00003698886300660  0.00003922201519759
  0.00004148161535560  0.00004370443695851  0.00004598256602157  0.00004827269115032
  0.00005059105913099  0.00005312356052475  0.00005574823789252  0.00005837560487116
  0.00006085022349185  0.00006323120099027  0.00006564311575802  0.00006804366542525
  0.00007053286290463  0.00007310164513348  0.00007564488168424  0.00007840841014264
  0.00008114352167321  0.00008409003474361  0.00008729392920621  0.00009060468783151
  0.00009398479190588  0.00009754713964173  0.00010154455958747  0.00010590528107886
  0.00011057978309430  0.00011588936456534  0.00012130203682719  0.00012728307436611
  0.00013363917701678  0.00014059999421758  0.00014836742517034  0.00015669498661431
  0.00016555825956191  0.00017499059396605  0.00018546357026466  0.00019702640934380
  0.00020989750216974  0.00022443270504009  0.00024052589855109  0.00025861598089132
  0.00027705908779961  0.00029731236128409  0.00031902068424185  0.00034241230067543
  0.00036756629851423  0.00039614374988576  0.00042744612353493  0.00046088109650356
  0.00049730785430725  0.00053809487805394  0.00058779684721257  0.00063716406115643
  0.00069363800758716  0.00075608859663143  0.00082755011955984  0.00090683777880661
  0.00099467894958497  0.00109287017529674  0.00121017521501176  0.00135366428548109
  0.00152746208686163  0.00172003813316423  0.00193007682571492  0.00214117086887674
  0.00236184574800914  0.00262845511423160  0.00298782260422093  0.00339450105195452
  0.00377508412007948  0.00423940683476686  0.00505682965660046  0.00651555267675393
  0.00935214238517760  0.02089385026285160  0.22072065409293848  1.00000000000000000
 -0.00237616246260512  0.00789339351727488  0.01691683511438240  0.02565532948930677
  0.03421788431563868  0.04295070687528245  0.05176896958334607  0.06078830075620444
  0.06940667314597612  0.07745625173530328  0.08500968938357527  0.09260233190620290
  0.10062591700972109  0.10959268485298806  0.11904277831489370  0.12799390194656213
  0.13652830580701011  0.14543084482018639  0.15529655843988502  0.16582499223830166
  0.17575461553146343  0.18506809645058769  0.19478780295854053  0.20522604520667920
  0.21626232398888762  0.22769780684094820  0.23870806500513772  0.24988848866419883
  0.26075660804953754  0.27173928295418998  0.28404189632925630  0.29701327429142160
  0.31098675519144542  0.32448108812794763  0.33712787017333351  0.34849971769862614
  0.36045871131764123  0.37283093431170083  0.38475455792485846  0.39660144235613443
  0.40949736028504524  0.42342022120172773  0.43681348468439640  0.44955077001332233
  0.46234577549954842  0.47524639357666837  0.48936311248706360  0.50418613216628938
  0.51861345315272556  0.53200593012984287  0.54463211448553595  0.55711435504581763
  0.57004520383994184  0.58212945748292499  0.59456268024198333  0.60734370936750959
  0.62032366231724356  0.63281016064925433  0.64507226262433093  0.65750838323243854
  0.67081381656732941  0.68497073964341015  0.69957037951024781  0.71276067021483247
  0.72511093545043004  0.73607880952041671  0.74679952658739190  0.75772799258435997
  0.76855797968610107  0.77929301600867074  0.78874182198428677  0.79963918907528486
  0.81021991136733440  0.82027662169691318  0.83007944063162897  0.84032941472544265
  0.85050523148934221  0.85920042152116960  0.86710215207744479  0.87487385915641713
  0.88237803133469683  0.88964905017717133  0.89706023193929918  0.90504836474247186
  0.91337264133010942  0.92166106302984196  0.92996393569157287  0.93817473205246182
  0.94623500405820038  0.95425367431748742  0.96193193604776028  0.96918495807662486
  0.97713131280757237  0.98506155372823201  0.99269190913439265  1.00000000000000000
 -0.00226518875479570  0.00848984710128795  0.01819354813224327  0.02904502233808826
  0.03964208817802404  0.04984741278146505  0.05957018936182231  0.07055810039208860
  0.08174956300833833  0.09310962714672964  0.10381849003978662  0.11497428370002212
  0.12603268430404116  0.13708492303994510  0.14893924957176691  0.16181188636690383
  0.17475995783157802  0.18628197055414508  0.19712089344709957  0.20729726001000234
  0.21759089425452893  0.22835992489751616  0.24091307293219605  0.25274448355301155
  0.26394807884044652  0.27436962686035965  0.28486321145570281  0.29572899996127777
  0.30662891485655486  0.31707062121900703  0.32684244763511028  0.33607097868608388
  0.34509972423301066  0.35447685161413783  0.36496098051968134  0.37542283129950099
  0.38501669208100670  0.39458750428494005  0.40428959268621700  0.41392215618201361
  0.42376149299155680  0.43348852719119274  0.44327248530545027  0.45293116007817324
  0.46301077882356334  0.47348675756610692  0.48406831446401505  0.49478196172743572
  0.50516861484741238  0.51579200204216680  0.52696100523510792  0.53868597840820698
  0.55016289060540602  0.56116125923282256  0.57100661997582014  0.58042094266271327
  0.59013214101616629  0.60017666637118749  0.61056163806656705  0.62098702877938150
  0.63165598644596099  0.64305427494169254  0.65458479923329893  0.66670303260897446
  0.67735561396512423  0.68807363140636602  0.69917585091561663  0.71060645629837627
  0.72069560463185178  0.73078410777844283  0.74091947761442034  0.75075821814160537
  0.76013553448704696  0.76962224812388380  0.77953809554815245  0.79063610752406499
  0.80216437341664759  0.81409901019316011  0.82584060123640535  0.83785120244410083
  0.84942676870095557  0.86033095113858327  0.87063162324970877  0.88026287982984652
  0.89000316234010390  0.89952662138281458  0.90885547849229475  0.91795456562239020
  0.92703269775742103  0.93611566662323342  0.94612670567952539  0.95627484644533423
  0.96651840420386537  0.97684506825536188  0.98796693736812202  1.00000000000000000
 -0.00185277671573846  0.00673054902379574  0.01484345729108975  0.02292315146359748
  0.03103045934597624  0.03943080382778046  0.04844126983879685  0.05778805983617642
  0.06721681737556379  0.07635100508059053  0.08499183926399073  0.09310989726517747
  0.10143376407222682  0.10971451843735924  0.11769300052216453  0.12556647814051761
  0.13385330822077326  0.14276426800648401  0.15301817124358727  0.16398268628837703
  0.17487306242686015  0.18617895881519561  0.19700115383107933  0.20816228923651314
  0.21883266487759304  0.22952422344054985  0.24061255388459576  0.25197586903653302
  0.26357218834075780  0.27521077825207663  0.28728072685538708  0.29924323756490434
  0.31011327232842517  0.32025976089409741  0.32984658814616769  0.34003453573424186
  0.35141134052965417  0.36335998103087869  0.37550771310999259  0.38851390116659157
  0.40212769565195328  0.41505713054134957  0.42765850708319841  0.43992860972876824
  0.45210814010685729  0.46468816419354375  0.47660338542960362  0.48804751635043836
  0.49971798606348689  0.51261691879538285  0.52568238434681336  0.53837072231276684
  0.55236394029109026  0.56682162216251419  0.57988996870059928  0.59212108558288046
  0.60401857837289774  0.61570437855937621  0.62780902477917322  0.64034595269152594
  0.65274487722853225  0.66538757573170393  0.67800848089813126  0.69046668346477258
  0.70255002965746027  0.71441667873184111  0.72629527399281923  0.73789850618358588
  0.74908416138765299  0.76038070575733752  0.77198114667851925  0.78318709701815958
  0.79417297905365181  0.80433636678636933  0.81405156500853604  0.82273703847155666
  0.83159928220736445  0.84033273808468678  0.84884009586372000  0.85762382253589253
  0.86718141236613300  0.87619443672747710  0.88496789025764255  0.89271573189031073
  0.90062562683058844  0.90844680398468713  0.91681087762656621  0.92523369584720705
  0.93404842378777320  0.94328579075106522  0.95284246114576410  0.96327199291462073
  0.97305286440632832  0.98219161193478832  0.99111674111507053  1.00000000000000000
 -0.00226789526036246  0.00935822120787569  0.01981565772376882  0.02972616662313278
  0.04037414950330261  0.05151530761116056  0.06185411768165387  0.07116329492661456
  0.08000675824211927  0.08970087411545517  0.10038255579855611  0.11111582838563119
  0.12203770997831501  0.13296886618294035  0.14449533583030499  0.15601636048917134
  0.16732506348887491  0.17870440230461399  0.19040938584049660  0.20232943601429679
  0.21376919547190346  0.22480515658410666  0.23556815968168798  0.24554201392892622
  0.25464113436762459  0.26339845292934677  0.27257236109270566  0.28267392819137660
  0.29397257496133006  0.30619550151514696  0.31902263478299292  0.33164737124162058
  0.34410105539354580  0.35580519883974315  0.36685818661750558  0.37753174085023888
  0.38832776993466062  0.39929737347640876  0.41016822253142549  0.42052445606619743
  0.43051967753229614  0.44053631598086179  0.45061092583391288  0.46041591074989546
  0.46994208251816977  0.48000392111425444  0.49098226887001273  0.50243928512796721
  0.51385761012075382  0.52529157570591867  0.53680087350049044  0.54810459379493004
  0.55937025173074417  0.57013515535179393  0.58005284656970180  0.58941764545000186
  0.59906079839617365  0.60955355144260215  0.62069698635699067  0.63052992751149373
  0.63942982938519199  0.64871713286898636  0.65797732199533288  0.66717463122259479
  0.67678803730239245  0.68643559738060378  0.69657270056476861  0.70640782878232078
  0.71682404592271376  0.72632405691595359  0.73601037442818551  0.74522598603429935
  0.75581131229011289  0.76510753207715043  0.77486267352183191  0.78454765971403406
  0.79584369802540067  0.80712068938514736  0.81833625402133225  0.82963823384837021
  0.84073875163300782  0.85155352065972512  0.86239487218505440  0.87387221549941840
  0.88531624050006552  0.89638057236524560  0.90718487916371915  0.91791683362895415
  0.92840835136537536  0.93853859567494358  0.94870407367660237  0.95884203370508303
  0.96877670866147081  0.97889545308482495  0.98922919185279290  1.00000000000000000
 -0.00228361154871530  0.01184033532581194  0.02280623629702867  0.03353120772735651
  0.04365936544559048  0.05360835704992983  0.06362016653560795  0.07434017819742124
  0.08596339936152692  0.09813192241171152  0.11011663243761449  0.12146568476883918
  0.13234520451027201  0.14333684064749963  0.15493187096633035  0.16644077586523756
  0.17659530976304552  0.18602761378956667  0.19562685175471395  0.20625872810098231
  0.21722306680807704  0.22830472918442307  0.23884422962439242  0.24899714237279241
  0.25911756557419735  0.26963172727513818  0.27996043013645655  0.28984554641920995
  0.29959157415229598  0.30936436076200502  0.31923590517738526  0.32951226183967958
  0.33938981550780617  0.34839729796941599  0.35736109227925383  0.36649379055302583
  0.37586577183282655  0.38505195103950063  0.39438066680923256  0.40457589843629110
  0.41521626961096925  0.42593071887268763  0.43688612281295264  0.44772718012588619
  0.45824422512534979  0.46858424527557335  0.47870650750840232  0.48978764363862159
  0.50008626908209908  0.51105369607366280  0.52201903913166225  0.53326124781266737
  0.54492736334791847  0.55579690936269721  0.56652937346652643  0.57771384112555246
  0.58807139606388015  0.59842817136116622  0.60868316986876081  0.61928409073154533
  0.62921838241841810  0.63874918119156532  0.64918308337650421  0.66040070461427602
  0.67169704710708256  0.68252917581900074  0.69332092197322637  0.70422531378460174
  0.71531037956598842  0.72696081054498518  0.73917688222654432  0.75060897029078355
  0.76153658532696866  0.77268573101259963  0.78436192222630530  0.79556487840832180
  0.80623999024771764  0.81721403722840880  0.82848576384048711  0.83945158881825721
  0.85022984316085171  0.86108149810116108  0.87195515057686923  0.88306167593498053
  0.89391678408530151  0.90520849581374352  0.91539406348598418  0.92519196814670812
  0.93464988432454743  0.94334866530467165  0.95188919876891309  0.96028719493960291
  0.96989845067741554  0.97970114678528164  0.98948232276261983  1.00000000000000000
  0.07181280320045198  0.09088311047170682  0.10480573686394111  0.11744841944829715
  0.12982462909313164  0.14340822899848663  0.15599031331229224  0.17190133389016937
  0.19039988073491468  0.20362112246020608  0.21760656441480017  0.23134386995675063
  0.24407560648786375  0.25529352274712014  0.26660680926537328  0.27773787301065955
  0.28839402154666671  0.29879981506102304  0.30894817092901850  0.31890866900517739
  0.32881257417826759  0.33866485182638439  0.34946881599227064  0.36000852358379504
  0.37059501913499932  0.38056129161859809  0.39028272260407709  0.40010075701503189
  0.40969861130715418  0.41997634342762613  0.43009979911812513  0.43932370578377572
  0.44774343295396657  0.45614247793439516  0.46509413610362471  0.47492054710434339
  0.48509046898863878  0.49349240070266964  0.50122150755274109  0.50916005250970087
  0.51746686156968946  0.52666956112011221  0.53662151188250451  0.54730495192851525
  0.55803555809272454  0.56797413021672782  0.57716424105687325  0.58603445042133062
  0.59482348275861863  0.60402773626371264  0.61348685280904747  0.62332523098033821
  0.63268184989337140  0.64204234329431076  0.65134273117182728  0.66049498948857632
  0.66945853930024979  0.67835907856229805  0.68699239414514801  0.69566419013609626
  0.70437919567261431  0.71339974437197606  0.72190722919157158  0.73025646807085376
  0.73862296412363404  0.74711296191747945  0.75556893853662777  0.76413794028107407
  0.77268515861065401  0.78128802362299443  0.78964563015818567  0.79782608779632369
  0.80592014191720740  0.81386704657954390  0.82165124675209755  0.82940617904774627
  0.83730467834468236  0.84511144026924867  0.85285505625731373  0.86056686479171907
  0.86811721355487292  0.87559617348364049  0.88289784273487115  0.89032581406539968
  0.89799522417943001  0.90592003106866581  0.91425270260980773  0.92249582525885765
  0.93064272274645676  0.93870165911307113  0.94655264070187117  0.95432024272589888
  0.96302064806462528  0.97319635119945347  0.98570567242898532  1.00000000000000000
 -0.01824562295920975  0.10849544912267439  0.14254287485893305  0.16264528727379379
  0.17886032491140411  0.19301983004559772  0.20579309639192975  0.21759834003235382
  0.22843310931339517  0.23863605824705120  0.24858813607730965  0.25807392950391461
  0.26735650994784860  0.27636622412823508  0.28543783187888322  0.29401601308305214
  0.30149332538732099  0.30862126178738242  0.31516093327127609  0.32197531764684034
  0.32853797105898114  0.33512905313552932  0.34187869047974101  0.34853087408854472
  0.35482312027942570  0.36115150150578818  0.36776351241557065  0.37440820521702817
  0.38074673722394103  0.38676953376212286  0.39291719247253126  0.39926900105831653
  0.40564878617290073  0.41220879497912249  0.41867387968114378  0.42500043982694485
  0.43124921017995244  0.43702525433067052  0.44290114933055535  0.44883452950245978
  0.45496215961816805  0.46131594249190333  0.46772432254901980  0.47403606339013943
  0.48003691201133836  0.48583103523028348  0.49153362959104796  0.49710510851895257
  0.50276608721353588  0.50850172214536726  0.51428546498277394  0.51998822267752720
  0.52572787609833616  0.53160364657122272  0.53780792159152013  0.54419776769389261
  0.55056311610059494  0.55682183452138567  0.56284529301073571  0.56867417203641457
  0.57492994050069257  0.58106962076520874  0.58759342505595502  0.59448033729183347
  0.60098611200485630  0.60727692225384322  0.61336833786419620  0.61933134020613245
  0.62558333759624174  0.63204644952199907  0.63828989977580775  0.64468641214188360
  0.65136793864104192  0.65834979532139393  0.66566390825768784  0.67278942932102326
  0.68012098422382306  0.68722126922232563  0.69486269421059177  0.70298085251391262
  0.71209658044117941  0.72106130740496421  0.73019292401819469  0.73806353197661345
  0.74660116356314132  0.75549323121282941  0.76483493483973319  0.77391748795643500
  0.78265798620492077  0.79232581409160308  0.80400813282130468  0.81791593193224033
  0.83443637327979059  0.85644629055019128  0.89350509497080377  1.00000000000000000
   7.5346459314535097E-002  -1.0000000000000000     
 F F F F F F F F F F F F F F F F F F F F F F F F F F F F F F F F F F F F F F F F F F F F F F F F F F F F F F F F F F F F F F F F F F F F F F F F F F F F F F F F F F F F F F F F F F F F F F F F F F F F F F F F F F F F F F F F F F F F F F F F F F F F F F F F
  <DiscreteSampler_grid>
  grouped_processes
  1 # 1 for a reference and 2 for a running grid.
  10 # Attribute 'min_bin_probing_points' of the grid.
  1 # Attribute 'grid_mode' of the grid. 1=='default',2=='initialization'
  0.0000000000000000 # Attribute 'small_contrib_threshold' of the grid.
  0.5000000000000000 # Attribute 'damping_power' of the grid.
 # binID   n_entries weight   weight_sqr   abs_weight
    10   10   3.410872347417710E+004   5.663999877582625E+009   3.410872347417710E+004
  </DiscreteSampler_grid>
