  0.00000500433153533  0.00000521090262071  0.00000536155075173  0.00000550286963264
  0.00000564379843503  0.00000578075905003  0.00000591126414608  0.00000604378874592
  0.00000618845540243  0.00000634591966896  0.00000650459434324  0.00000666235938450
  0.00000681610224617  0.00000698527090497  0.00000715343588708  0.00000733901905694
  0.00000754043315253  0.00000776083733216  0.00000799660124647  0.00000824127821771
  0.00000849845984720  0.00000876685578093  0.00000905067106022  0.00000934662581601
  0.00000965162688871  0.00000997266127276  0.00001031409641041  0.00001068021082744
  0.00001108334683872  0.00001149358131761  0.00001193234108972  0.00001238589931808
  0.00001285131788979  0.00001333493004848  0.00001381802714053  0.00001431500644917
  0.00001485943086724  0.00001543745564709  0.00001604157750608  0.00001668515098234
  0.00001736841483028  0.00001807438359151  0.00001879378926272  0.00001953089942573
  0.00002030050821973  0.00002111822933234  0.00002201320107942  0.00002299584934731
  0.00002401421893821  0.00002503786215442  0.00002610267730943  0.00002722332228819
  0.00002841490672568  0.00002969164610077  0.00003104267903801  0.00003245883335899
  0.00003393200497959  0.00003549644155673  0.00003714018499997  0.00003875543988292
  0.00004052427449117  0.00004239382594461  0.00004437946510258  0.00004652460794789
  0.00004880082396327  0.00005123583003325  0.00005383077894113  0.00005662398225297
  0.00005961893844975  0.00006290596049297  0.00006650770422182  0.00007046201231504
  0.00007476685489633  0.00007952189353161  0.00008479536185148  0.00009070146926165
  0.00009738133711621  0.00010502737025831  0.00011385473064091  0.00012394212235319
  0.00013548068387961  0.00014898790093224  0.00016540487753663  0.00018593529644269
  0.00021085626185198  0.00024164946884395  0.00028126621727408  0.00033678099630180
  0.00041827966605482  0.00053831387308365  0.00076058400311686  0.00134899711179901
  0.00317853057983099  0.00595682225820100  0.55514793245844163  1.00000000000000000
  0.00000490229574605  0.00000516862348913  0.00000532872177936  0.00000546598358238
  0.00000560049204343  0.00000573826376168  0.00000588178512598  0.00000601746477599
  0.00000615955860598  0.00000632029820604  0.00000649359369659  0.00000667563134255
  0.00000687356551862  0.00000709286126513  0.00000731865054979  0.00000754803470245
  0.00000777869758450  0.00000799170964566  0.00000820628969101  0.00000841661324785
  0.00000864012498490  0.00000888457706003  0.00000913533728507  0.00000943136006501
  0.00000976457576905  0.00001011247552281  0.00001047743996104  0.00001085783672548
  0.00001127889560516  0.00001171753689902  0.00001217619896951  0.00001266037065091
  0.00001316950046755  0.00001369071163516  0.00001423555795814  0.00001481468844912
  0.00001543660719690  0.00001608360328642  0.00001676890275511  0.00001747716313294
  0.00001819711894592  0.00001895107843851  0.00001974622333881  0.00002058498559135
  0.00002147067337653  0.00002240623490252  0.00002338893564325  0.00002440927523286
  0.00002547476823888  0.00002660520653150  0.00002779273363368  0.00002904401225158
  0.00003038573073698  0.00003180861559301  0.00003328821218727  0.00003483423107664
  0.00003648263132497  0.00003823382983595  0.00004015022360626  0.00004220430391851
  0.00004435760676999  0.00004662397887654  0.00004901001584303  0.00005149084543945
  0.00005416219087343  0.00005708445139497  0.00006023157373663  0.00006362088572956
  0.00006730694001296  0.00007133188371002  0.00007580013542148  0.00008051388614799
  0.00008547688647811  0.00009087860858627  0.00009686169609115  0.00010388593611567
  0.00011188780024578  0.00012085384244280  0.00013107328737074  0.00014264795244032
  0.00015596997207223  0.00017149445741241  0.00019027515321408  0.00021352458061222
  0.00024187059284194  0.00027685736154118  0.00032054576562336  0.00037917240577262
  0.00045611548075738  0.00055968028594276  0.00070262203851671  0.00095425259690778
  0.00146720408208483  0.00376117814607566  0.17459389846156692  1.00000000000000000
  0.00000427901780930  0.00000682730442986  0.00000788935388548  0.00000894931929268
  0.00001001670668799  0.00001113914370620  0.00001229928554824  0.00001349863729081
  0.00001468212265723  0.00001587805542450  0.00001712976123398  0.00001843090117091
  0.00001976039169741  0.00002112128551654  0.00002246470698586  0.00002380297696379
  0.00002519409229261  0.00002667910272812  0.00002828353223449  0.00002995624645416
  0.00003168650594145  0.00003348348701312  0.00003536004245870  0.00003729358243093
  0.00003926244125705  0.00004130131287878  0.00004342213325845  0.00004565946397599
  0.00004800157039320  0.00005041778114148  0.00005289021939825  0.00005554766691333
  0.00005833245380372  0.00006128568242608  0.00006446255721989  0.00006784566346177
  0.00007142593915039  0.00007518974083910  0.00007914279706148  0.00008332738286467
  0.00008782009805219  0.00009268566872570  0.00009791964162974  0.00010351125222615
  0.00010948689146589  0.00011592389139107  0.00012296928767961  0.00013070474264631
  0.00013914582783529  0.00014832450927347  0.00015833405843238  0.00016929443096289
  0.00018091664610429  0.00019354758887470  0.00020756687315736  0.00022303113392458
  0.00023999306844102  0.00025844698443143  0.00027821829811060  0.00029992031836093
  0.00032423834897017  0.00034956367938886  0.00037946694938121  0.00040933018782717
  0.00044170550186545  0.00047743127574061  0.00051763745631041  0.00056454186051067
  0.00061763691137827  0.00067585891802710  0.00074085867860144  0.00081430180630250
  0.00089663537812853  0.00099010134371186  0.00109627939206738  0.00121016210047435
  0.00132950472634174  0.00146550973719099  0.00162924110044076  0.00182107430476597
  0.00203186566470233  0.00226635627247874  0.00256894500797221  0.00293074655195892
  0.00336345313335163  0.00389967307076760  0.00458851034273651  0.00543330905271467
  0.00652206506738353  0.00770483915345128  0.00849317219476269  0.00896462825906298
  0.00955188476851686  0.01570228423485766  0.33991284982677211  1.00000000000000000
 -0.00238258419835809  0.00941758869101406  0.01920161683114195  0.03041400237734536
  0.04089869429087629  0.05085874700460245  0.06083420586404356  0.07094414787535089
  0.08170468925041501  0.09275243619886288  0.10349329183470485  0.11416074921877672
  0.12483858113004227  0.13566443788157628  0.14641424142037804  0.15687009082768816
  0.16729655346973921  0.17783672444416615  0.18868233381850535  0.19974811086467545
  0.21113453097833423  0.22257340066130438  0.23389131689624393  0.24477319036086154
  0.25561574387192765  0.26649289086947453  0.27672403062960488  0.28616415926576011
  0.29526010341526043  0.30456008416166513  0.31524917911598316  0.32563618349565498
  0.33602935484224855  0.34636943183914176  0.35685404647339902  0.36733062343188055
  0.37822525499319914  0.38943057031049683  0.40024176324426169  0.41061672818450573
  0.42077603392728707  0.43126390233188400  0.44164628935262962  0.45226412534865640
  0.46303064623378376  0.47379971634782664  0.48454634069245833  0.49519590461403407
  0.50616002896800960  0.51697481957962554  0.52772735651935576  0.53846182147836208
  0.54930662578554801  0.56008396080738165  0.57052644092947968  0.58084294935429248
  0.59123307525230717  0.60171547215831855  0.61201514342122487  0.62237875355586303
  0.63300492039610856  0.64385020739121168  0.65473946985231979  0.66522031064768894
  0.67541216852392538  0.68558110463883504  0.69622245972279928  0.70710965723552488
  0.71786683699296572  0.72826802536382640  0.73869735848088591  0.74887744281390423
  0.75887959308503661  0.76867483223139488  0.77892727150710939  0.78953963530149263
  0.80041656883812551  0.81132963118536494  0.82198011545247185  0.83238926191827101
  0.84273562951880099  0.85336369711170823  0.86425343364947382  0.87478710073940047
  0.88475290729894518  0.89444949604393131  0.90401686457953867  0.91430737239440141
  0.92497908914595184  0.93550823680621042  0.94608659642420101  0.95667045241516413
  0.96764337201696293  0.97836275088320879  0.98932229399480875  1.00000000000000000
 -0.00007932706704311  0.00036635370666018  0.00076933421662282  0.00111666925585161
  0.00142621728368175  0.00172250527409421  0.00201547345114514  0.00230754182158389
  0.00259650610445336  0.00288325092857503  0.00317043584207565  0.00345678028079126
  0.00374126671265274  0.00402404345983152  0.00430681680468474  0.00459525408138627
  0.00489122616244725  0.00519207498111099  0.00548885367527561  0.00577803756912481
  0.00606628243355542  0.00635738810758648  0.00665815651333871  0.00695781813439510
  0.00725129914697744  0.00754292592077443  0.00785514547117087  0.00818439377187740
  0.00853047158343475  0.00887950134325878  0.00921359622170882  0.00953601818617749
  0.00985367214775318  0.01017253840829008  0.01049150290111964  0.01080492274528725
  0.01111342719746012  0.01141726338035276  0.01173134120545499  0.01204401408769433
  0.01232113898866758  0.01256189172059407  0.01276605756431821  0.01296238137222097
  0.01320342512641772  0.01344319698681796  0.01372728063400358  0.01404327674410229
  0.01435337221338417  0.01469065159656503  0.01506133127036833  0.01547625013817033
  0.01591705582784000  0.01635034653185053  0.01681853506235547  0.01726353772834498
  0.01757956565316694  0.01786571659330023  0.01817629744267781  0.01847404261187430
  0.01876023046740313  0.01909740287784334  0.01953859799097435  0.02012128864039914
  0.02061817813209693  0.02121136837935912  0.02183249040339158  0.02253386819669503
  0.02336261732541628  0.02415305752562394  0.02484407957199130  0.02541575133778859
  0.02593720297746159  0.02646260173070367  0.02703674352020378  0.02785273273104510
  0.02884170861011094  0.02990193947689104  0.03095847105587705  0.03197167175006668
  0.03310932819564626  0.03415436905162270  0.03499106323048394  0.03617779395586835
  0.03739838665210011  0.03866659902731947  0.04063094606359094  0.04368344575076584
  0.04740868669072720  0.05154978232934816  0.05518581146383941  0.06042163257036916
  0.06799882523172344  0.08098185452853485  0.09878516219769212  1.00000000000000000
 -0.00227112391221210  0.00876215127998721  0.01927581791676388  0.03053244686437416
  0.04194390168175249  0.05312794862749393  0.06442260105915437  0.07440037826489929
  0.08407542458965220  0.09377554301808652  0.10391780902650517  0.11500462391194334
  0.12587529593710212  0.13690747979630485  0.14790876514458248  0.15850849919846491
  0.16900311869700152  0.17972039529994538  0.19116644616782633  0.20265368785386312
  0.21398360878199826  0.22536402608853331  0.23669531724021656  0.24758044703595344
  0.25817101116346408  0.26887094598778188  0.27988980990542239  0.29084180636320683
  0.30167712430352778  0.31259961480661008  0.32361017208885046  0.33464565493585635
  0.34544696052856599  0.35619359255536981  0.36684086178723524  0.37741446298211045
  0.38783857816996559  0.39812363518216759  0.40835381317931174  0.41857202989635495
  0.42878860965698373  0.43898626963469478  0.44916852394921686  0.45925529462546716
  0.46916188567220468  0.47895319178238388  0.48877857297906968  0.49855249963097459
  0.50830293452448638  0.51809126264788430  0.52809416842075718  0.53812258249142109
  0.54802097900947522  0.55781338578510642  0.56737990551119888  0.57704809465532536
  0.58698616598451792  0.59703956203148978  0.60706514609531481  0.61721252332173049
  0.62731473792774417  0.63743012713377500  0.64755600682590564  0.65800938094601069
  0.66854206176090114  0.67896954809929289  0.68965583647181405  0.70073681616784367
  0.71193142959005706  0.72311694344437638  0.73399139604975305  0.74490048031246214
  0.75571962157912276  0.76578146271866154  0.77581877132631472  0.78589781167905359
  0.79666232496961253  0.80779430087705062  0.81904000401735377  0.83032052618744645
  0.84144187946421711  0.85234301611010366  0.86312688750690103  0.87397207697871626
  0.88484198394791869  0.89566725286620474  0.90668556575970094  0.91788439953536005
  0.92905675092185813  0.93975430493037748  0.94965440790623823  0.95946833035019086
  0.96897729899144480  0.97937151863654870  0.98942332555771950  1.00000000000000000
 -0.00003435882657113  0.00013029058017209  0.00035734448493240  0.00061801779333962
  0.00087743161921018  0.00112090250352371  0.00136049146925516  0.00160751787557373
  0.00185915269578982  0.00211108597957583  0.00236034378191941  0.00260728804537059
  0.00284533756463811  0.00308087839449420  0.00331920374354922  0.00355052539280113
  0.00379702219549466  0.00404220188249088  0.00429884791379961  0.00456225165504229
  0.00481562760657138  0.00505962102771967  0.00529414163634708  0.00552108372606218
  0.00575141036298978  0.00599210975031139  0.00624138549751486  0.00649763036162038
  0.00677156429901991  0.00703205428582319  0.00730307209447759  0.00756401195543814
  0.00781400971254882  0.00806059978446037  0.00830624277425671  0.00856754779601666
  0.00882413569375233  0.00910007377102301  0.00937465322948008  0.00963175075685143
  0.00985625760440528  0.01007348010738338  0.01030026877025755  0.01054288134897158
  0.01080615066907158  0.01105333095555829  0.01129623674938030  0.01154184258392826
  0.01167565373492907  0.01180444159836506  0.01195864115068254  0.01214378250088190
  0.01234662075725695  0.01256903800509084  0.01283801496046062  0.01303165247066699
  0.01318855766767831  0.01335897325745367  0.01356047368319428  0.01379483074673917
  0.01401183348617189  0.01423648015781346  0.01453635089005219  0.01487607031134023
  0.01522077743276228  0.01554110400684842  0.01580290181547812  0.01602808390046844
  0.01628046806039887  0.01654450722042440  0.01682376580809099  0.01712923109275350
  0.01748768184764219  0.01779497290710585  0.01808762195061276  0.01834278917270018
  0.01858068176040432  0.01894030768086940  0.01941428270243555  0.01990211312507947
  0.02041114601311471  0.02094242888784222  0.02160178849154974  0.02243260837205539
  0.02330071696243071  0.02400647472430433  0.02458397890506752  0.02533526967090916
  0.02639392725031777  0.02807160175477584  0.02929493558302717  0.03046538674977542
  0.03204413570150524  0.03365992682550139  0.44229692653378633  1.00000000000000000
 -0.00137890900233261  0.00605400118610311  0.01387459999873098  0.02130784732222009
  0.02987541740032956  0.03886554920670836  0.04781461831357030  0.05699412396729192
  0.06577193585921971  0.07445145090352595  0.08300343122283112  0.09182509745213072
  0.10063294415447453  0.10942974152575434  0.11817317195424840  0.12705465861839049
  0.13638454821868096  0.14590071963076037  0.15543744097236190  0.16516754799957264
  0.17438331439705851  0.18375302224085738  0.19349680160140897  0.20390184014858101
  0.21476498454482232  0.22549533818275350  0.23661271187816421  0.24807258202023533
  0.25932543627570465  0.27066502337766551  0.28215611247502453  0.29390177744163565
  0.30556013651202635  0.31716151663837133  0.32898396032559740  0.34100647683523228
  0.35314417443337687  0.36519869453310788  0.37743723311920369  0.39007505547770221
  0.40301881487251795  0.41533293926497539  0.42705376373819098  0.43866895723198457
  0.45099810721609751  0.46388251793582325  0.47715592741177348  0.49059754229666297
  0.50414269830883263  0.51755266248215381  0.53075173900582584  0.54376306965131238
  0.55654263689261052  0.56914044544627851  0.58153742832809752  0.59376620981032679
  0.60623520240846074  0.61783904861230565  0.62884595105374486  0.63989466179912136
  0.65072561445837485  0.66305006804222044  0.67484958575373655  0.68656398683683240
  0.69863721242954768  0.71064902602405688  0.72222898502573751  0.73346042177183968
  0.74472228349777614  0.75602171014272024  0.76735414161563154  0.77829330327993418
  0.78929223976750562  0.80022450516738974  0.81111916242902793  0.82172258615869864
  0.83193605086423505  0.84186601412478068  0.85185000006206935  0.86189000834024465
  0.87176304075686828  0.88113517368723870  0.89027633660040395  0.89922666009912000
  0.90815843088239911  0.91693374556732632  0.92536960814550440  0.93374259850726582
  0.94163889961991265  0.94949130178113827  0.95754119980769792  0.96562654164754469
  0.97443926415827131  0.98281323090330164  0.99138028774023235  1.00000000000000000
  0.00733377026341129  0.05083397711645984  0.08987271459115553  0.10898494969053422
  0.12070460019579063  0.13709986801285579  0.15292287531573862  0.16805981213017773
  0.18276809319559242  0.19713008148438349  0.21099897096379688  0.22491864955431784
  0.23868759905050546  0.25220900659766882  0.26531654458741394  0.27808814377194652
  0.29048761418923796  0.30311884532342159  0.31596475071183727  0.32863033951431042
  0.34092113845145283  0.35274954813754056  0.36449609079894307  0.37620104469290699
  0.38795812957614112  0.39967687870564966  0.41115760952211183  0.42273195244290612
  0.43424072981103240  0.44550628272223525  0.45652126784957325  0.46744813686862430
  0.47843773221217079  0.48941628228145562  0.50045727645680915  0.51120041380693682
  0.52173416038331066  0.53239118427901277  0.54295589074681816  0.55341627300284568
  0.56371741703332445  0.57408687778266276  0.58437930348491796  0.59462193876977287
  0.60479453651294035  0.61494473895409141  0.62495413483578477  0.63491848135547979
  0.64474508388799256  0.65435468880706016  0.66379405367943101  0.67294767345579920
  0.68187027384978838  0.69063249781362790  0.69922428117443913  0.70761564790233056
  0.71593939687925501  0.72421397264325194  0.73239012263140024  0.74051973885868394
  0.74869366915341085  0.75684518866274164  0.76489622559531467  0.77281414806829407
  0.78065227727543385  0.78847090937254050  0.79623468182015600  0.80388115326701837
  0.81143435344977644  0.81895071641909123  0.82642334533784734  0.83378661865443948
  0.84102253995583642  0.84819453851134163  0.85529070233129256  0.86230277635866992
  0.86926660962836877  0.87626404929533441  0.88327958306920462  0.89020918887636435
  0.89699887398497880  0.90361272912814627  0.91018075248478403  0.91672072904755253
  0.92303246400930539  0.92923293458891554  0.93543019729577859  0.94165434141753579
  0.94789554700585388  0.95429771534234131  0.96076712416286791  0.96714241303896620
  0.97334359935851178  0.97964771859903277  0.98833033811788340  1.00000000000000000
 -0.03158969476446011  0.13436935477506734  0.17015592059979417  0.19117588424200610
  0.20769191907224357  0.22160244926129552  0.23377964665925177  0.24493265366888195
  0.25546909481457653  0.26554914814088926  0.27523116079968668  0.28438859838301889
  0.29282886289237831  0.30085684392139173  0.30861640129202378  0.31614985676942015
  0.32353844159467554  0.33070328141223215  0.33739231859478896  0.34389160529267498
  0.35027545869402960  0.35653225286615542  0.36257838281412152  0.36855958300169284
  0.37446559959241466  0.38044481397527102  0.38641957608154170  0.39232617156867483
  0.39799961563352687  0.40356991434522332  0.40891836410581911  0.41405073040657880
  0.41914068469107657  0.42419105538418778  0.42937784163390741  0.43471740600136072
  0.43989985563507000  0.44507092214717414  0.45034269464853560  0.45563458130580359
  0.46095072458131786  0.46619893029197529  0.47140529044510043  0.47659047738886218
  0.48178245001621095  0.48703383161380548  0.49233825348646665  0.49772189555323831
  0.50291453541562947  0.50782241862865485  0.51265844161695473  0.51742115431540547
  0.52253805881780846  0.52787609627776122  0.53331190308812171  0.53867454172349061
  0.54401680572530231  0.54904559273659681  0.55406908741523786  0.55914138279653758
  0.56439445494124529  0.56979539378492339  0.57523377016662114  0.58069964391156248
  0.58602241134724486  0.59125682084244557  0.59654309248702375  0.60201998720051431
  0.60776176955908279  0.61374630829849186  0.61979101271216219  0.62586937951577160
  0.63198606014740011  0.63812019448510071  0.64445108187718159  0.65109771740292111
  0.65787424976588860  0.66453389521701856  0.67118520683254157  0.67806342623379467
  0.68521859544409069  0.69270510901514948  0.70039438010938715  0.70825658275523262
  0.71639815591030342  0.72497584952902816  0.73419407667634129  0.74414064216517872
  0.75483218023664900  0.76608640549228901  0.77789843565281380  0.79095826419848025
  0.80692548494231564  0.82841792933442715  0.86486564739071237  1.00000000000000000
   4.0333403246778837E-002  -1.0000000000000000     
 F F F F F F F F F F F F F F F F F F F F F F F F F F F F F F F F F F F F F F F F F F F F F F F F F F F F F F F F F F F F F F F F F F F F F F F F F F F F F F F F F F F F F F F F F F F F F F F F F F F F F F F F F F F F F F F F F F F F F F F F F F F F F F F F
  <DiscreteSampler_grid>
  grouped_processes
  1 # 1 for a reference and 2 for a running grid.
  10 # Attribute 'min_bin_probing_points' of the grid.
  1 # Attribute 'grid_mode' of the grid. 1=='default',2=='initialization'
  0.0000000000000000 # Attribute 'small_contrib_threshold' of the grid.
  0.5000000000000000 # Attribute 'damping_power' of the grid.
 # binID   n_entries weight   weight_sqr   abs_weight
    10   10   3.954216950966959E+004   5.654475682241614E+009   3.954216950966959E+004
    16   10   3.954216950966958E+004   5.654475682241611E+009   3.954216950966958E+004
    22   10   3.954216950966958E+004   5.654475682241610E+009   3.954216950966958E+004
    28   10   3.954216950966958E+004   5.654475682241610E+009   3.954216950966958E+004
    34   10   3.954216950966958E+004   5.654475682241610E+009   3.954216950966958E+004
    40   10   3.954216950966958E+004   5.654475682241609E+009   3.954216950966958E+004
    46   10   3.954216950966959E+004   5.654475682241611E+009   3.954216950966959E+004
    52   10   3.954216950966958E+004   5.654475682241609E+009   3.954216950966958E+004
    58   10   3.954216950966958E+004   5.654475682241611E+009   3.954216950966958E+004
    64   10   3.954216950966958E+004   5.654475682241610E+009   3.954216950966958E+004
    70   10   3.954216950966958E+004   5.654475682241610E+009   3.954216950966958E+004
    76   10   3.954216950966958E+004   5.654475682241614E+009   3.954216950966958E+004
    82   10   3.954216950966961E+004   5.654475682241616E+009   3.954216950966961E+004
    88   10   3.954216950966958E+004   5.654475682241611E+009   3.954216950966958E+004
    94   10   3.954216950966958E+004   5.654475682241613E+009   3.954216950966958E+004
    100   10   3.954216950966958E+004   5.654475682241610E+009   3.954216950966958E+004
    106   10   3.954216950966958E+004   5.654475682241610E+009   3.954216950966958E+004
    112   10   3.954216950966958E+004   5.654475682241610E+009   3.954216950966958E+004
    118   10   3.954216950966958E+004   5.654475682241614E+009   3.954216950966958E+004
    124   10   3.954216950966958E+004   5.654475682241611E+009   3.954216950966958E+004
    130   10   3.954216950966958E+004   5.654475682241611E+009   3.954216950966958E+004
    136   10   3.954216950966958E+004   5.654475682241610E+009   3.954216950966958E+004
    142   10   3.954216950966958E+004   5.654475682241611E+009   3.954216950966958E+004
    148   10   3.954216950966958E+004   5.654475682241613E+009   3.954216950966958E+004
  </DiscreteSampler_grid>
