  0.00000474172690743  0.00000516739734015  0.00000549498862568  0.00000572440846376
  0.00000593813896342  0.00000610364180565  0.00000628721557232  0.00000648775323667
  0.00000667934504105  0.00000688295243804  0.00000708360107373  0.00000726827067048
  0.00000746780865668  0.00000766664394093  0.00000786915811054  0.00000807209383690
  0.00000831006982639  0.00000859579714958  0.00000885196879480  0.00000911255846170
  0.00000935374621822  0.00000958954165017  0.00000982586997208  0.00001006708780416
  0.00001031547240094  0.00001055885727852  0.00001079753509441  0.00001104384243950
  0.00001130398840357  0.00001159386422384  0.00001188451872826  0.00001217362571937
  0.00001245410561199  0.00001272553174705  0.00001298558763933  0.00001325572632382
  0.00001353813049190  0.00001385101959925  0.00001416578114062  0.00001456235454773
  0.00001499865184698  0.00001543928388239  0.00001587793567185  0.00001630430600192
  0.00001693436824738  0.00001764391586535  0.00001832897503931  0.00001902195616677
  0.00001971959900949  0.00002050560611821  0.00002132480364949  0.00002218589613127
  0.00002311330328762  0.00002413299186769  0.00002510813683938  0.00002616567382932
  0.00002719654039466  0.00002825173314482  0.00002933767308903  0.00003049219925747
  0.00003175510453673  0.00003307316619593  0.00003450341961297  0.00003608679620103
  0.00003779911735136  0.00003945731560279  0.00004126047782130  0.00004306425680572
  0.00004490974608037  0.00004717025769227  0.00004970733435208  0.00005244378264956
  0.00005547961486105  0.00005864344034949  0.00006244781714950  0.00006646620658194
  0.00007093040311643  0.00007563626599375  0.00008097307345626  0.00008768556001720
  0.00009512587972059  0.00010403091384643  0.00011510932275904  0.00012864755818551
  0.00014427392676800  0.00016370999890632  0.00019045608908974  0.00022972862022316
  0.00027911179381921  0.00034185697672948  0.00046489462547799  0.00067463250274954
  0.00115539914370810  0.00252865437889113  0.06055919003106612  1.00000000000000000
  0.00002977984389582  0.00004451717705367  0.00005520031604284  0.00006587788381489
  0.00007649476853502  0.00008703690905292  0.00009630006499320  0.00010494100806194
  0.00011347328088626  0.00012140908147324  0.00012857399723735  0.00013530777073169
  0.00014237544374045  0.00015018134100672  0.00015843587826224  0.00016709112369808
  0.00017620981602254  0.00018574654489964  0.00019551113190954  0.00020593340181603
  0.00021626659519112  0.00022571110029928  0.00023435936606808  0.00024289968144478
  0.00025182736822699  0.00026157343021672  0.00027151673329795  0.00028168844566996
  0.00029283316247022  0.00030535915375472  0.00031791254423405  0.00033005688863589
  0.00034299294615496  0.00035722576214119  0.00037089373390578  0.00038500813975206
  0.00039981725061255  0.00041522048276034  0.00043117089728764  0.00044708462545034
  0.00046176328491175  0.00047633547776315  0.00049144198671833  0.00050627658155053
  0.00052196469445327  0.00053848641330233  0.00055618318752082  0.00057480343788426
  0.00059404165984541  0.00061306037041517  0.00063295809935797  0.00065436880671968
  0.00067775429114769  0.00070766830041461  0.00074189978069756  0.00077544182937098
  0.00081081779638560  0.00084734789335205  0.00088437756704436  0.00092786779327093
  0.00098011275408036  0.00103760618254142  0.00110589039818602  0.00117282829769978
  0.00123609207000007  0.00129591872433341  0.00135561624115010  0.00142588299124365
  0.00150372400594637  0.00158693510059908  0.00167092765261549  0.00175873840642723
  0.00186273784450616  0.00198893005993100  0.00211891988437486  0.00227027044788924
  0.00241178249761695  0.00258846795830132  0.00283542104197940  0.00311278627471206
  0.00356150562520782  0.00404005116843446  0.00463067411761678  0.00526851212567876
  0.00626726922078928  0.00736551094173193  0.00893936765968398  0.01112935488034558
  0.01415447484480062  0.01783786304302926  0.02330730926503407  0.02560512519538288
  0.02950230482314681  0.03590924488381294  0.18969645938032292  1.00000000000000000
  0.00000528170832561  0.00000554080562447  0.00000576079255468  0.00000597773154273
  0.00000617090178882  0.00000637598942882  0.00000657472889830  0.00000678286801312
  0.00000699360301356  0.00000716985196217  0.00000732083568407  0.00000748053942637
  0.00000766661448404  0.00000786735660806  0.00000805849577628  0.00000827509534090
  0.00000850158239192  0.00000872654833023  0.00000895563429005  0.00000920795708601
  0.00000947394273379  0.00000974122448930  0.00000999770182897  0.00001026740708478
  0.00001052271040653  0.00001075911324642  0.00001111295375753  0.00001159107492678
  0.00001205131465687  0.00001257520775743  0.00001313973514500  0.00001367088016266
  0.00001419557015222  0.00001473504143029  0.00001527085453890  0.00001587687933268
  0.00001653204011798  0.00001725352371950  0.00001802743842119  0.00001883025562539
  0.00001973926199948  0.00002063432151971  0.00002158741298426  0.00002266195336536
  0.00002385147064024  0.00002500081792179  0.00002614289057580  0.00002734293424556
  0.00002855423036369  0.00002979637045419  0.00003106734656003  0.00003232139586045
  0.00003362771119443  0.00003513178272324  0.00003655384364050  0.00003812473576808
  0.00003980480500871  0.00004157847798177  0.00004346165521344  0.00004544750729245
  0.00004774445058762  0.00005020751900001  0.00005292308734595  0.00005584828177768
  0.00005903103149920  0.00006270118973539  0.00006685263182274  0.00007116321209127
  0.00007557659191478  0.00008012994126484  0.00008503523578409  0.00009023372856713
  0.00009586057023868  0.00010191951699609  0.00010901266158984  0.00011758206537057
  0.00012813037002687  0.00014148815689743  0.00015766826403500  0.00017686249851535
  0.00019959037430438  0.00022773449440660  0.00026044565888613  0.00029745117648459
  0.00034390040542796  0.00040084455226674  0.00047198970239093  0.00055897768916986
  0.00068202737267984  0.00090225966887923  0.00122289842668912  0.00170246470405673
  0.00288085621198169  0.00475911576620944  0.13540807052992518  1.00000000000000000
 -0.00250192279323823  0.00873647316660500  0.01776551621893351  0.02617287191454236
  0.03457926386118132  0.04360366223816195  0.05304799698817407  0.06254083754001422
  0.07140162751316599  0.08026322227450296  0.08961641831591427  0.09899944989070922
  0.10816491036153288  0.11662461031645702  0.12533329219807804  0.13409235781443660
  0.14279919891975845  0.15141706145456854  0.15987686990326797  0.16896919647793490
  0.17872534901521026  0.19100422991228019  0.20371153909899065  0.21556183483255056
  0.22752520820139518  0.23912645054588613  0.25061202121528608  0.26148711670371005
  0.27257808845010278  0.28354514006718123  0.29446114191141093  0.30529338600563011
  0.31671615203584008  0.32845860144401784  0.33976463335333768  0.34986919035223801
  0.35799738490183608  0.36479353599867514  0.37299435550148280  0.38074574870944000
  0.38798486789742154  0.39531614782448871  0.40258688188776909  0.40977770639589728
  0.41723492160509501  0.42705300133728991  0.43702786979657443  0.44555235657561154
  0.45362828937221039  0.46290491932614120  0.47253443975296344  0.48311319937948477
  0.49433330892672334  0.50610958763910463  0.51729022416834414  0.52761917578767359
  0.53754249710262614  0.54756628450691391  0.55798001016584720  0.56901762841936143
  0.57898935020207098  0.58928119638284282  0.60001537757907453  0.61237438334756034
  0.62496855364844417  0.63778470662489073  0.65083092292130407  0.66388043169929212
  0.67632060026656393  0.68893162965111110  0.70244105252272249  0.71420565145846737
  0.72486601498310443  0.73509623035793914  0.74633563172335349  0.75739104722645656
  0.76798330462950370  0.78174440096198139  0.79536422347919566  0.80844688319952396
  0.82088738474374889  0.83227393600277233  0.84387711126123344  0.85392138396809480
  0.86419454676479013  0.87533300188467278  0.88741643316931984  0.90056375551116152
  0.91412393736789355  0.92755017612348045  0.94084635044452236  0.95310832899121012
  0.96557906234375457  0.97778893217691443  0.98925562914987863  1.00000000000000000
 -0.00180830257872523  0.00926323196861004  0.01875181956422130  0.02717940453986545
  0.03564948181653569  0.04519784155769490  0.05639793637412416  0.06705328300678420
  0.07699570982655875  0.08722268883475423  0.09863375783752934  0.11111654071696236
  0.12427115765199188  0.13587767383477173  0.14652920070567935  0.15700868613031871
  0.16732819170836355  0.17746355510855510  0.18694275885883510  0.19626635300900513
  0.20633623921439193  0.21613811141800951  0.22619440973628857  0.23683002838845782
  0.24828814818401537  0.26090529370069271  0.27432353203789944  0.28697323569914385
  0.29875420683569159  0.30974723677549970  0.31887370670092946  0.32794933143134669
  0.33811978246399416  0.34925537472356560  0.36026799420641104  0.37013915735163344
  0.37991345403129606  0.38958453056984704  0.39912995123724043  0.40846814564045025
  0.41770810177083395  0.42726001610854941  0.43758410502295408  0.44902063537606718
  0.46070817716433959  0.47213009553699331  0.48188082240700070  0.48976185210501277
  0.49738233324206715  0.50503135266490196  0.51245552072957190  0.51986300329566404
  0.52793797446070168  0.53599755067751675  0.54438466466806590  0.55403412412941477
  0.56451555113952401  0.57526875858379811  0.58627975531909482  0.59811750789037388
  0.60870107121612915  0.61998524107332509  0.63091220955631733  0.64233191289216729
  0.65352252554402435  0.66371565817999811  0.67494750631216982  0.68555041150947660
  0.69686619033622854  0.70713032098639128  0.71703160922599707  0.72725691546306515
  0.73913193791749132  0.75131702222897268  0.76338697973139957  0.77521772256486621
  0.78610496387394968  0.79579251552977759  0.80484052110743620  0.81457680541396427
  0.82401098594695887  0.83362594460785377  0.84383033727447210  0.85475954041246394
  0.86711628493207915  0.87965194973710004  0.89179818699288183  0.90408954706102995
  0.91651983152317795  0.92886579665153357  0.94053369459312242  0.95173865969437244
  0.96364145700083870  0.97561557155377643  0.98828110915459655  1.00000000000000000
 -0.00097491642323678  0.01323513637167867  0.02569745570488808  0.03868041278627449
  0.05095696377205770  0.06269716335523998  0.07694801362046033  0.09252691740780511
  0.10910509095891865  0.12527114597933173  0.14074903129307845  0.15682882180004776
  0.17393453979704210  0.19126634936307127  0.20919673568834143  0.22598781093467299
  0.24318994815625988  0.26030512122223193  0.27703548951566859  0.29364709454380394
  0.31086178721991720  0.32783238185196345  0.34395996206143853  0.35952020713080141
  0.37466508403996562  0.39104214533792248  0.40814877417555190  0.42586574467016020
  0.44321875779603498  0.46085587373314890  0.47844657473508045  0.49591093004739117
  0.51178601289945702  0.52725020605124850  0.54110908321996010  0.55383616856898099
  0.56729788340996112  0.58045421932591368  0.59198045715918424  0.60288617207024320
  0.61579561145557404  0.62869608295708945  0.63974677077971287  0.65002494761750196
  0.66079701750239206  0.67070986838157587  0.68096366805568753  0.69170395463427226
  0.70348036235733813  0.71444822170521916  0.72454356517105845  0.73385248390090818
  0.74286202749334107  0.75118141146080619  0.75934657065840039  0.76777516062266227
  0.77629593950733855  0.78457148344255667  0.79279270970420546  0.80105863959340984
  0.80921832827578555  0.81644538244625686  0.82368008201825282  0.83042941088131406
  0.83758310462613761  0.84460976709464408  0.85144990860640890  0.85820323018561295
  0.86438917914635827  0.87089165463639218  0.87614393483077835  0.88099737843119530
  0.88583237977386153  0.89108432016251971  0.89633601884510206  0.90116646560529112
  0.90582958093997890  0.91061996642921261  0.91553024982999276  0.92015470911741326
  0.92421301925180144  0.92814812204816255  0.93156872041810923  0.93460876836576456
  0.93798761210099002  0.94179714772074630  0.94549796868287939  0.94956726748754572
  0.95401841630307338  0.95905875070116753  0.96444053354392711  0.97038967229604389
  0.97635961010225580  0.98328216460365281  0.99135316109775773  1.00000000000000000
 -0.00242939685545272  0.01033389580362839  0.02130632570956697  0.03338654899941236
  0.04559459939857428  0.05731568364936173  0.06869236503442901  0.08002674768364776
  0.09165144627776815  0.10411127346571633  0.11714589559393077  0.13011073459871936
  0.14208399240055217  0.15303541838403734  0.16504123083360733  0.17658599611336517
  0.18768930235766812  0.19916281309439476  0.21140115848510777  0.22473523347815838
  0.23677413831604893  0.24708577798184350  0.25701580909437066  0.26739980176198813
  0.27834916781449576  0.29028692477831020  0.30214195689329931  0.31301809533665481
  0.32367215225029872  0.33393809638806521  0.34349676539588314  0.35323005170468913
  0.36265211363139654  0.37290885865412593  0.38252378765278783  0.39218879501802445
  0.40239746749614991  0.41366535953386813  0.42448035029744763  0.43522380976306790
  0.44573267973186625  0.45684085669618768  0.46703469265304681  0.47725280520193736
  0.48798176682631139  0.49957218909394124  0.51127387790674450  0.52275924837514554
  0.53197091969314247  0.54064099554451672  0.54935733619296834  0.55852930199695661
  0.56896826405271284  0.58049212458591182  0.59345609949018596  0.60622222022809535
  0.61773488188864745  0.62849398246987320  0.63913440749234030  0.64952811980072644
  0.65919980560210234  0.66810408756247663  0.67671429697105390  0.68583941537382553
  0.69735651398708776  0.70927317856776284  0.71618969596304549  0.72309107321834898
  0.72998738438043198  0.73664562183961413  0.74382731273808511  0.75149831602420725
  0.75960254327392052  0.76741973844499511  0.77722364577066438  0.78884560961177597
  0.79906307357269835  0.80878271307987992  0.81900725908635474  0.82924599690350387
  0.83972993683747510  0.85030031797810524  0.86001337401752442  0.86897840267035253
  0.87880683127626391  0.89042440834355108  0.90250899463893342  0.91332637158928098
  0.92351453341949752  0.93327566685477170  0.94276608223409519  0.95245400735196073
  0.96280782082014538  0.97498554334746645  0.98707762607388394  1.00000000000000000
 -0.00272365307363990  0.01058827171634675  0.02326187201066224  0.03544459048944400
  0.04832791592586957  0.06223496256884450  0.07503426398634176  0.08911446620494498
  0.10364510479315826  0.11631784970849787  0.12796363685610820  0.14031958127064714
  0.15296013099010700  0.16635705147660806  0.17869595065361293  0.18944282359936374
  0.19989849096552451  0.20962130811243213  0.21893926564972246  0.22832912986385512
  0.23850762092088140  0.24923305540113799  0.25949628079453074  0.27039124008436566
  0.27998276323624971  0.28942064792090527  0.29891740921878507  0.31006175885980192
  0.32298579015825729  0.33592232511770975  0.34851478882745351  0.36086228586541347
  0.37200731001501863  0.38262606356165901  0.39364793449942981  0.40423800457729414
  0.41440359191693882  0.42522467112573631  0.43479001212184193  0.44382518466165277
  0.45254425097208317  0.46232712015782851  0.47346667426830247  0.48484658282797788
  0.49572209875457468  0.50498713569581677  0.51259360292490141  0.52057134534654881
  0.52901227006423179  0.54074621388693811  0.55172203434621669  0.56190250336380099
  0.57289947077035186  0.58471599178425060  0.59520121129605696  0.60614065760769820
  0.61795044966360957  0.63108260994119658  0.64457415351579439  0.65771136996852364
  0.67065363712457449  0.68437995007887309  0.69551571062077200  0.70557766430717261
  0.71563299045600137  0.72563961427367851  0.73465592594597495  0.74342075543242025
  0.75076078269910396  0.75750208173196398  0.76393152332813197  0.77072216571868413
  0.77762679999317008  0.78500802687420479  0.79285258516271828  0.80095434967716894
  0.80873809846532563  0.81764541486139242  0.82813608661828475  0.83720832154698521
  0.84485488739588366  0.85370644839451393  0.86245742530900149  0.87027145590865418
  0.87807177297973482  0.88616285731007494  0.89466059015944432  0.90573255918979290
  0.91859575776248970  0.93029896308841920  0.94152710666731343  0.95250003073752187
  0.96303937968435827  0.97405151230499187  0.98570032532425578  1.00000000000000000
  0.06203958156557225  0.12278057650122196  0.14728332147440459  0.16806608494449313
  0.18674609406192033  0.20362155737370755  0.21819353808111827  0.23004380145232473
  0.24087408210799963  0.25191662960697625  0.26503125117855658  0.27839960633039168
  0.29135301399134883  0.30310516385881514  0.31462469814224214  0.32850795605300903
  0.34271148364110327  0.35679986694756832  0.37059165916751036  0.38472029944448827
  0.39809164840710554  0.41100318823059245  0.42223025464862568  0.43227503781577231
  0.44124344639267593  0.45026518571368468  0.45933710829077573  0.47021964826814883
  0.48204001374820798  0.49474808980387114  0.50629081689829525  0.51807973879425662
  0.52970108074351829  0.54179532817022646  0.55317521378724410  0.56416497963107382
  0.57407572352607550  0.58377103053649759  0.59364627564399497  0.60439213345987908
  0.61560724577657699  0.62679822390879980  0.63816860537521369  0.64921798614851733
  0.65918083520622905  0.66851153920324091  0.67758616896525337  0.68681145880812333
  0.69642584342048119  0.70559219146603880  0.71451869254645795  0.72301120522393603
  0.73114345743836806  0.73898638052520804  0.74669990976472989  0.75489909265882627
  0.76310481475074332  0.77143133911002615  0.77830907096239477  0.78500192804796387
  0.79128708998760100  0.79784208149758840  0.80445257471532960  0.81098880586617905
  0.81768467329936223  0.82422949026133130  0.83075762035787104  0.83755319730214972
  0.84416402580701988  0.85099897638159006  0.85746915639644217  0.86394705655773274
  0.87009313032343749  0.87603643142867771  0.88227542577858786  0.88841606490389513
  0.89425658053766166  0.90004587530009617  0.90562746909800840  0.91112970741122823
  0.91643902511865116  0.92133319473590236  0.92568591196337235  0.93022670820375675
  0.93487694786945863  0.93951423094657815  0.94417623407664109  0.94881743037278210
  0.95342002419624095  0.95828811588813179  0.96320144088522353  0.96816307154602566
  0.97331087527658233  0.97876849795364174  0.98931983925306566  1.00000000000000000
 -0.01551809465859370  0.09783643183568939  0.13832695999275155  0.15997170380249484
  0.17973925104243035  0.19797399810341132  0.21390208014986140  0.22597337878446558
  0.23693800838585241  0.24598705376583102  0.25439871452220503  0.26214830217186308
  0.26999637329048004  0.27774841280142931  0.28551241736630911  0.29271164357602969
  0.29947395573517721  0.30593220518705483  0.31270798020462165  0.31956179693895503
  0.32651995388109040  0.33322741027128616  0.34005756410432325  0.34675131217179539
  0.35346848873941922  0.36035392057854032  0.36730147915566858  0.37391170485105069
  0.38013079974640174  0.38688866991359061  0.39347700527500190  0.40001637951189467
  0.40641605468818959  0.41243970550133496  0.41819098953969058  0.42342427187382448
  0.42883969333330940  0.43421559559432793  0.43977217158024734  0.44513576814336903
  0.45057156432397916  0.45579812907093564  0.46098237937733028  0.46625000403512884
  0.47148627771628343  0.47671299967632980  0.48187738669416030  0.48740686845879533
  0.49266394255730045  0.49781115451773000  0.50316967879624119  0.50860958005323975
  0.51431940094912043  0.52041884319174658  0.52690538444354318  0.53356090431892811
  0.53987187968443928  0.54609603713338128  0.55318507652192495  0.56036548954002896
  0.56723603574098036  0.57388927767736608  0.58047676362049738  0.58725297691653067
  0.59418931917357443  0.60110412519484402  0.60775676389321198  0.61430678598240518
  0.62148222068334169  0.62891355918238245  0.63633898269648126  0.64328045589724481
  0.65028728207876785  0.65784226545202684  0.66553749189211209  0.67206116552184025
  0.67782519787951256  0.68340453362920039  0.68873144955021837  0.69464029019286977
  0.70133691222530670  0.70810587055321939  0.71452448768085208  0.72103256670597649
  0.72738033851432315  0.73578272018920732  0.74741786445545544  0.76024079749048201
  0.77367377460918563  0.78612228462229239  0.79992379281120285  0.81618015908267161
  0.83434217743432360  0.86049398369218566  0.90458584454248070  1.00000000000000000
   4.7329102538146817E-005  -1.0000000000000000     
 F F F F F F F F F F F F F F F F F F F F F F F F F F F F F F F F F F F F F F F F F F F F F F F F F F F F F F F F F F F F F F F F F F F F F F F F F F F F F F F F F F F F F F F F F F F F F F F F F F F F F F F F F F F F F F F F F F F F F F F F F F F F F F F F
  <DiscreteSampler_grid>
  grouped_processes
  1 # 1 for a reference and 2 for a running grid.
  10 # Attribute 'min_bin_probing_points' of the grid.
  1 # Attribute 'grid_mode' of the grid. 1=='default',2=='initialization'
  0.0000000000000000 # Attribute 'small_contrib_threshold' of the grid.
  0.5000000000000000 # Attribute 'damping_power' of the grid.
 # binID   n_entries weight   weight_sqr   abs_weight
    70   10   2.624654536047878E+001   2.222937987528810E+003   2.624654536047878E+001
    130   10   2.624654536047879E+001   2.222937987528811E+003   2.624654536047879E+001
    160   10   7.536175131420386E+001   1.938467847919850E+004   7.536175131420386E+001
    161   10   7.536175131420386E+001   1.938467847919852E+004   7.536175131420386E+001
  </DiscreteSampler_grid>
