 -0.00248271445974224  0.00948600606061889  0.01964049182158481  0.03015369099400782
  0.04069307254513641  0.05123445458355236  0.06177550921552814  0.07232200549715125
  0.08286451113439468  0.09340769884768908  0.10394801252784851  0.11449097603830809
  0.12503204171020263  0.13557166663878703  0.14611202992493683  0.15665530166019451
  0.16720132743569754  0.17774255929047872  0.18828613003464389  0.19882188790605446
  0.20935860686857144  0.21989329185053857  0.23043437317665877  0.24097550403570012
  0.25151860360445866  0.26206142498045576  0.27260879352844875  0.28314838278611976
  0.29368712181331558  0.30422256112284962  0.31475571111979128  0.32528749339805957
  0.33582409259023960  0.34636486213198558  0.35690345174320737  0.36744144041061327
  0.37797509409818469  0.38851296753810521  0.39904600567772230  0.40958513099718447
  0.42012394039436912  0.43066016860826090  0.44119873570734752  0.45173589801635622
  0.46228155479105482  0.47282346321995156  0.48335930945502703  0.49388774196384178
  0.50441693116936337  0.51495245984378035  0.52549348926819217  0.53603878865018684
  0.54658827404066135  0.55713720376415055  0.56768275187658490  0.57822815975375352
  0.58877551644657600  0.59931794310303221  0.60986259494820305  0.62040505622163811
  0.63095288488066470  0.64150066428683084  0.65204362322678000  0.66258842138311225
  0.67313282170468580  0.68368241548531139  0.69422993596527993  0.70477342369727303
  0.71531177323335404  0.72584879383295009  0.73638701416565633  0.74693225937086993
  0.75747660140765338  0.76802304016036427  0.77856421254664721  0.78911102659679766
  0.79965903712385422  0.81021272200864636  0.82075836185129736  0.83130233519297514
  0.84184615280707942  0.85239112529673444  0.86293822621692184  0.87348287068831509
  0.88403451668778321  0.89458048911933286  0.90512868353116394  0.91567338387556119
  0.92622084936278437  0.93676790384900399  0.94731355345348478  0.95785482542949818
  0.96839084316237534  0.97892355609728721  0.98946141921702946  1.00000000000000000
 -0.00233491163280721  0.00965782309076320  0.01985008136276764  0.03037257792926369
  0.04091369433068519  0.05144784818525053  0.06197681340185950  0.07250681038861770
  0.08304561691531073  0.09358964014566309  0.10413204809094088  0.11467956563878282
  0.12521379185937051  0.13574292554809236  0.14626540615551589  0.15680315452047647
  0.16734681002124291  0.17789110974965702  0.18842832603753656  0.19896656148156525
  0.20950932495938490  0.22005732284993063  0.23059965803045038  0.24114153950472578
  0.25168347979780931  0.26222924659098013  0.27277205561230750  0.28331497056480276
  0.29385626842201529  0.30439899838587547  0.31494370564077512  0.32548206802325935
  0.33602068883190706  0.34654927214041192  0.35708329278898826  0.36761749364265067
  0.37815859794836737  0.38869773484393999  0.39923680027823077  0.40977538227865173
  0.42031835303782472  0.43085945158049072  0.44139998156445004  0.45194208607891123
  0.46248752618242217  0.47303567542074021  0.48357730024267770  0.49411285786967069
  0.50464361294987792  0.51517732151028661  0.52571721105077718  0.53626334317182223
  0.54681221383571676  0.55735435040409254  0.56788966304149635  0.57842648917172312
  0.58896650211598267  0.59951320745793280  0.61004954187115334  0.62058817305140057
  0.63111979535444906  0.64165554637524158  0.65218754906452603  0.66272695095379341
  0.67327044006068415  0.68381774090221947  0.69436133762148378  0.70489613834659248
  0.71542494085877484  0.72595706116803316  0.73649992701258071  0.74704991074116689
  0.75759963294411103  0.76814576861685391  0.77868524049814514  0.78922485455684666
  0.79976488022298631  0.81031173032117643  0.82085671278154571  0.83140148752288834
  0.84193843835466431  0.85247572853867692  0.86301669388881430  0.87356128295525726
  0.88409930499727107  0.89463488706250571  0.90516879100701353  0.91571179373969780
  0.92625220473132197  0.93678171818878864  0.94731197457937488  0.95784690127524819
  0.96839609056676301  0.97893100499677421  0.98946699765053325  1.00000000000000000
   2.5513049347206482E-008  -1.0000000000000000     
 F F F F F F F F
  <DiscreteSampler_grid>
  grouped_processes
  1 # 1 for a reference and 2 for a running grid.
  10 # Attribute 'min_bin_probing_points' of the grid.
  1 # Attribute 'grid_mode' of the grid. 1=='default',2=='initialization'
  0.0000000000000000 # Attribute 'small_contrib_threshold' of the grid.
  0.5000000000000000 # Attribute 'damping_power' of the grid.
 # binID   n_entries weight   weight_sqr   abs_weight
    10   10   1.322623097372511E+010   1.749331857703254E+020   1.322623097372511E+010
  </DiscreteSampler_grid>
