  0.00000465292310174  0.00000486818935531  0.00000504268012604  0.00000523311527740
  0.00000542493065939  0.00000562184479482  0.00000583631645101  0.00000606067069336
  0.00000628523788122  0.00000651575682950  0.00000675535586729  0.00000700924389147
  0.00000728256576718  0.00000757129760673  0.00000786696493525  0.00000816421649148
  0.00000849386802560  0.00000882131706020  0.00000915798106421  0.00000950603647316
  0.00000986368615247  0.00001023003504614  0.00001060455023772  0.00001099391582950
  0.00001140329055241  0.00001182500381308  0.00001226952235974  0.00001274396033110
  0.00001323277448324  0.00001373887761241  0.00001426170606743  0.00001481783822983
  0.00001540171857104  0.00001596156771564  0.00001656466526733  0.00001720916074787
  0.00001790305320266  0.00001861289478176  0.00001933499224764  0.00002009868312612
  0.00002088843849089  0.00002171639549622  0.00002263671250934  0.00002361907747220
  0.00002463809503398  0.00002570743994278  0.00002684800714625  0.00002804136700207
  0.00002929540709765  0.00003060937628848  0.00003205034754077  0.00003346959272104
  0.00003505425930807  0.00003672904567577  0.00003843998981468  0.00004032863090436
  0.00004233091653337  0.00004443008598722  0.00004677545138027  0.00004933704484217
  0.00005209167759859  0.00005516736729829  0.00005850817190734  0.00006219841763131
  0.00006621946852209  0.00007050401954179  0.00007525266830316  0.00008048078947928
  0.00008617106755532  0.00009230543416641  0.00009870487906810  0.00010538954149944
  0.00011257093384991  0.00012065127378715  0.00012983139243998  0.00013984135420028
  0.00015096711589593  0.00016367007599191  0.00017938627562621  0.00019889880380652
  0.00022129254615167  0.00024869851699208  0.00027906457483888  0.00031573612944844
  0.00035941731305504  0.00040965122731777  0.00047254229779047  0.00055829168593127
  0.00067650279183463  0.00083719974693738  0.00104610173189521  0.00141306145854091
  0.00245428938592907  0.00494605763325616  0.55695157429966591  1.00000000000000000
  0.00000485335983499  0.00000552060200776  0.00000594780735908  0.00000634364483762
  0.00000677844770640  0.00000726184461469  0.00000777074240600  0.00000829504526142
  0.00000883638280796  0.00000941875438428  0.00001004266711275  0.00001069332511895
  0.00001138077892026  0.00001211293626973  0.00001289637327862  0.00001373497403466
  0.00001461283718739  0.00001550845163908  0.00001641498824986  0.00001735882857105
  0.00001836948159095  0.00001942712692868  0.00002054168567717  0.00002168965938941
  0.00002287769388050  0.00002412847231176  0.00002542961773911  0.00002681882321722
  0.00002827679512366  0.00002975301846580  0.00003127667832322  0.00003280101692198
  0.00003439020189110  0.00003610557210859  0.00003784624799102  0.00003967415178760
  0.00004161065699629  0.00004362912887943  0.00004578323876000  0.00004806691070800
  0.00005041445576185  0.00005278993869847  0.00005529166201529  0.00005794325452489
  0.00006080814730352  0.00006382672124680  0.00006688246519013  0.00007009710895699
  0.00007347364341307  0.00007701590377725  0.00008085887039395  0.00008501772265177
  0.00008941494866025  0.00009415633186314  0.00009917038752454  0.00010443634952965
  0.00010994574896205  0.00011566438490936  0.00012165817935945  0.00012826929750776
  0.00013513540713019  0.00014242134035709  0.00015003667355535  0.00015775513037415
  0.00016624912735483  0.00017572053650850  0.00018614901917202  0.00019799278632594
  0.00021129366811858  0.00022529981216518  0.00024100854219140  0.00025812387973496
  0.00027712497167874  0.00029837246430455  0.00032160332362665  0.00034716579736922
  0.00037501028376917  0.00040548060397880  0.00044004566942211  0.00048134917954482
  0.00052783569275063  0.00059080534933400  0.00065675857499557  0.00073706941691145
  0.00083824819228746  0.00097899988979913  0.00116182184584752  0.00140659991965570
  0.00172432414111819  0.00221404428481903  0.00302289535255990  0.00405561479794624
  0.00581212897017817  0.01241965791517304  0.44079380299613424  1.00000000000000000
  0.00000605415149909  0.00000658672305811  0.00000699491600170  0.00000736870951145
  0.00000775729393242  0.00000814942783635  0.00000860336058610  0.00000904397621531
  0.00000947163911685  0.00000992992653896  0.00001039699465013  0.00001090240521664
  0.00001143996446880  0.00001199360965088  0.00001253953311291  0.00001307764248185
  0.00001360758946955  0.00001409252609472  0.00001454631900707  0.00001506268592885
  0.00001567144609717  0.00001630082722850  0.00001701718522863  0.00001777329763076
  0.00001847772870215  0.00001917673407515  0.00001986486271173  0.00002054259548591
  0.00002122792769785  0.00002190003857057  0.00002261170183258  0.00002334262890194
  0.00002407320822084  0.00002484384505788  0.00002566893923933  0.00002650614064228
  0.00002737393442468  0.00002824126481573  0.00002907617616612  0.00002994536034725
  0.00003090282611265  0.00003193048581240  0.00003297294324338  0.00003403674503259
  0.00003514180688420  0.00003629294535447  0.00003750821856238  0.00003878817116354
  0.00004028466625229  0.00004188282276343  0.00004351957143927  0.00004518977946007
  0.00004693748211011  0.00004872965291093  0.00005060711407486  0.00005253977556139
  0.00005453537696589  0.00005662679455967  0.00005879547323695  0.00006110624614702
  0.00006356641033251  0.00006612667111973  0.00006865463198586  0.00007168168047449
  0.00007484781666938  0.00007823331259629  0.00008195633331256  0.00008600490289387
  0.00009040060737778  0.00009527973193237  0.00010060405735055  0.00010630095691204
  0.00011293572840911  0.00012057689675299  0.00012913656021614  0.00013905464451487
  0.00015036429983772  0.00016329885373821  0.00017813222382996  0.00019504537802757
  0.00021500017863514  0.00023925688851868  0.00026740801606070  0.00030207267670099
  0.00034639649775009  0.00040383289414174  0.00047897700838831  0.00057971617597341
  0.00073441906459445  0.00095877179278110  0.00129719496623902  0.00190284228644530
  0.00322775502422147  0.00747996869166883  0.34041600009445228  1.00000000000000000
 -0.00204360294385966  0.00860114822974875  0.01661998746883280  0.02481842420796574
  0.03185520463460265  0.03876210943742705  0.04566403584235287  0.05265101591069239
  0.05945343239825195  0.06612491693661246  0.07271148075916417  0.07931610064335405
  0.08638571711190199  0.09381414547393269  0.10155246251245097  0.10957870192813073
  0.11792610723871352  0.12620572714429898  0.13500293154461299  0.14371541377189631
  0.15280778257754146  0.16204576885580438  0.17147064387981781  0.18101007151400864
  0.19058729959086468  0.20057599621508548  0.21090311718528665  0.22186348930707084
  0.23346614569332991  0.24570761134028646  0.25813391368737143  0.27041055098953048
  0.28218648988480888  0.29360777945819383  0.30485222777956572  0.31667627724930891
  0.32926858324311181  0.34262834417710075  0.35689253086468714  0.37187037484474844
  0.38735695284458355  0.40275332206671655  0.41801410600281497  0.43295238414593668
  0.44816049949576287  0.46362661663151766  0.47903376755423244  0.49472672517692218
  0.51016658967630490  0.52563094914548014  0.54071608677811323  0.55610555549824947
  0.57141688949540148  0.58646003412017300  0.60107471602698781  0.61535562042813208
  0.62989997138383358  0.64451365282285200  0.65858124691630171  0.67164312152207950
  0.68421927774963853  0.69676851670854856  0.70957216999178896  0.72256985239658456
  0.73430611934201351  0.74566244397576409  0.75682049357280812  0.76833407053576674
  0.77931130135978999  0.78960057434700515  0.79939634089466172  0.80857411465503581
  0.81762682184881197  0.82636298185248491  0.83493648684856381  0.84369625410917715
  0.85253376547258941  0.86132087117468104  0.87006025169759016  0.87856554276774412
  0.88675653990262093  0.89463295813644561  0.90211517676656472  0.90962310641713107
  0.91738763421099390  0.92505775268458479  0.93203205893639818  0.93811863767308812
  0.94397001889527743  0.94974492844379332  0.95606715651808793  0.96331183545126864
  0.97123173675417007  0.98009530762680042  0.99006819460957163  1.00000000000000000
 -0.00227391503025857  0.00944796387499607  0.01908689644390154  0.02851916862786289
  0.03832962840719445  0.04796868917788685  0.05858866117772285  0.06889041464287791
  0.07972029738027457  0.08991651133138943  0.10043686397161294  0.11133343977170977
  0.12221959778524717  0.13261050830572318  0.14281669778664408  0.15281556321160406
  0.16321998235463500  0.17387326581511506  0.18480808257398579  0.19594831421627795
  0.20638610390297393  0.21630722972090272  0.22613950541227615  0.23672417428172063
  0.24758443609868852  0.25805885064708972  0.26870934887545550  0.27875528075523109
  0.28897475397525951  0.29882139231332266  0.30869591344616648  0.31896185679191041
  0.32959387883787405  0.34030143510562333  0.35116971508554901  0.36230296222067665
  0.37360970047765429  0.38466408755021070  0.39525333366624787  0.40557136631757268
  0.41549837390545508  0.42578993294851064  0.43623013321321369  0.44663224015365482
  0.45673828177601367  0.46706941914111044  0.47751271461320877  0.48755501904319487
  0.49731123619661149  0.50710965376670025  0.51720749238365049  0.52757069520340805
  0.53794608042737180  0.54871124896411017  0.55959266969230703  0.57039734164853473
  0.58097933593473572  0.59143244161308173  0.60234040011482615  0.61318211553672897
  0.62358662983047686  0.63374248175996373  0.64405955239772095  0.65518629516332394
  0.66627063530748176  0.67772765771602395  0.68870277194381913  0.69953798053710425
  0.71034191118222789  0.72140581732508668  0.73282188011529925  0.74382079497829412
  0.75473245514721832  0.76536103229033503  0.77576041651227567  0.78569649357426052
  0.79606596320437029  0.80693777636181807  0.81847941487844611  0.82999778568456872
  0.84122591423499171  0.85238397200923899  0.86340616366713441  0.87469621672145759
  0.88602503513770670  0.89722982204978019  0.90801820119718935  0.91842386589890779
  0.92859800158001293  0.93920281403258821  0.94932545463052653  0.95973444992595136
  0.96965931548808115  0.97976565797518644  0.98936733032587587  1.00000000000000000
 -0.00257321863241172  0.00996634806298369  0.02109442174118763  0.03127389805401475
  0.04153821970985738  0.05223713702407838  0.06295214121821832  0.07368709966982923
  0.08379800885814212  0.09485714665611775  0.10538382107476865  0.11531349389531338
  0.12484971097564465  0.13429940372227309  0.14375816927301979  0.15292249652553322
  0.16213404681030802  0.17214457797478858  0.18244706412503758  0.19309907839362897
  0.20374999460354318  0.21450233919611497  0.22513196534231944  0.23468730960701081
  0.24390931700391241  0.25334745739085746  0.26352781607885839  0.27490015605296247
  0.28605808835149915  0.29760224707256500  0.30882655875406911  0.31953549333015829
  0.33025949979140179  0.34126351338881600  0.35261837177815031  0.36312193642717461
  0.37359686431945377  0.38411987447931134  0.39487085843733821  0.40623315299296486
  0.41803378051849932  0.42957914894233629  0.44015554456909312  0.45070717803224397
  0.46132575372821960  0.47191499365246803  0.48240363912546957  0.49247296013164654
  0.50236801234400286  0.51188325188815376  0.52093392578325171  0.52972847879798368
  0.53896899250449770  0.54895558754620799  0.55927256350435106  0.56974826392133626
  0.58042958491696572  0.59131228311793005  0.60229599428833758  0.61338916307232949
  0.62481641261669629  0.63653030197924965  0.64809332676420572  0.65928619975637337
  0.66978293863771432  0.67972081606686874  0.68943234332206016  0.69944629367491007
  0.70985121029636722  0.72014390768229997  0.73027564835037462  0.74025972659140382
  0.75005317787219983  0.76007585733772443  0.77023125074338827  0.78054867518205384
  0.79093758469681497  0.80116630221374896  0.81123730670891836  0.82139307510500137
  0.83200481581825880  0.84339094420858307  0.85493928193902657  0.86658609741724613
  0.87777893762319470  0.88843274151643770  0.89883088419821855  0.90925609790114958
  0.92021972429017318  0.93147713835197410  0.94288063836044189  0.95453354105842114
  0.96604015116799002  0.97776247109507775  0.98870118741582502  1.00000000000000000
 -0.00043944772377887  0.00192687247177591  0.00351499001399786  0.00477960497034575
  0.00587392261785191  0.00688601840550166  0.00784600170542210  0.00875007881977892
  0.00958322167912919  0.01039720536171600  0.01121676323074039  0.01204001160453018
  0.01286502918307149  0.01370491768808643  0.01450421468127357  0.01527085979616613
  0.01601485129196768  0.01678006021198218  0.01758394267450080  0.01839765822016674
  0.01922346889031958  0.02003090437503970  0.02085938759978205  0.02157293495889410
  0.02225254716986113  0.02294213846516826  0.02365036118780284  0.02441178840496033
  0.02518646440272144  0.02592995495461214  0.02676608442878673  0.02761651615230167
  0.02853999364378411  0.02951627656681415  0.03042814743816270  0.03125151965490103
  0.03207760360057432  0.03275349579840786  0.03343302416966024  0.03411100471180750
  0.03477594481327515  0.03530486164818837  0.03582063621664609  0.03631976744248853
  0.03678662457989366  0.03731732850124820  0.03819029521762751  0.03930655235830949
  0.04040178096553037  0.04141344953540311  0.04230592033710730  0.04308031589352938
  0.04385447068428228  0.04467782814094783  0.04557951520062237  0.04657431778771789
  0.04743168755008600  0.04830534504097288  0.04960091994869262  0.05104239389886948
  0.05208627029354436  0.05287715307616123  0.05357385003694737  0.05445616734273669
  0.05586721435469000  0.05835647775676003  0.05928825142066371  0.05979380035322431
  0.06053662315601121  0.06117872886006104  0.06170126014634173  0.06228157644695607
  0.06314782790693699  0.06453327474946466  0.06575990386987653  0.06692835659308544
  0.06830466278880394  0.06977207831894271  0.07201667345612923  0.07394352683421324
  0.07534317724722016  0.07678346163678948  0.07816260719933962  0.08018268060959871
  0.08228356310059214  0.08755124921041944  0.09567080118274826  0.09911125478060223
  0.10141072681082443  0.10411528285934384  0.11288321397705378  0.12453759330534447
  0.13740387115892624  0.16800415759836382  0.74372285885300493  1.00000000000000000
 -0.00287728331318691  0.01026529851530527  0.02091782488043242  0.03137899405315903
  0.04127580432501426  0.05095759392882610  0.06087915473572897  0.07091532436186759
  0.08075961366839882  0.09053769281786053  0.10053817786273954  0.11071809791923719
  0.12083593208048243  0.13079825108057000  0.14080757921169826  0.15075919638749946
  0.16048559681387778  0.17062447185835669  0.18167863055783326  0.19359548680812530
  0.20601901320236535  0.21844699523643174  0.23044048378938464  0.24207247252070840
  0.25322843201811801  0.26380317445722679  0.27449551034551511  0.28564122034980427
  0.29715568547680782  0.30846113804232361  0.31954851307434956  0.33069896530338688
  0.34152609050262805  0.35201045366898048  0.36265087190942757  0.37308091211413308
  0.38312855734080381  0.39311879255175119  0.40366655366207499  0.41469466099568580
  0.42544089357670822  0.43582238045250243  0.44613751882624536  0.45638230411765585
  0.46632175691192979  0.47612324685199764  0.48613767556742365  0.49635054442779181
  0.50639414711719888  0.51610676097249097  0.52561938817119325  0.53544049142828998
  0.54551027994001910  0.55597989700839423  0.56642943389243683  0.57671558230629194
  0.58701306536883580  0.59719304728116651  0.60726125992832802  0.61723506401474770
  0.62750229433768701  0.63798395137477137  0.64859486711685732  0.65921226359830254
  0.66991267508251418  0.68066169788339970  0.69089502135542591  0.70091025042563526
  0.71073413756688142  0.72054677059724381  0.73034499034742850  0.74049362756001713
  0.75149175447025329  0.76284225301542741  0.77400707398264201  0.78493337443944755
  0.79601698069168692  0.80716855555560885  0.81798110280186986  0.82886590490303158
  0.83948117175621950  0.85019661809801950  0.86071351187570733  0.87137633217628152
  0.88195169555486852  0.89188273833636289  0.90219014302095069  0.91250974232100790
  0.92343440562250667  0.93429686040971505  0.94521819576646826  0.95571634771381753
  0.96618955340533086  0.97707785577464079  0.98825263059534640  1.00000000000000000
  0.02274790510912928  0.04447336584107331  0.06714618608670525  0.10170159337017047
  0.13162983593718033  0.15076361620282552  0.17143840537922850  0.19496539685504011
  0.22071050623812208  0.24628350504023969  0.26851403956977415  0.28791116145104445
  0.30580362212522594  0.32348640206522700  0.34083342315432097  0.35864175720144209
  0.37655742461294167  0.39407372199725260  0.41102346166153109  0.42871479997419232
  0.44717585714495894  0.46452544431270676  0.48035302378987499  0.49585626332460264
  0.51109642735458249  0.52564311933179886  0.53954619068596854  0.55315464473880971
  0.56675675939759373  0.58051331720886312  0.59377675135769736  0.60625159828440278
  0.61775235576563292  0.62889877195047261  0.63989487145673862  0.65053744679943126
  0.66074642192692612  0.67117021227241613  0.68151602199513661  0.69151836541086187
  0.70118010284799515  0.71047703747529511  0.71943318091870456  0.72815274040378408
  0.73683139107447249  0.74531816559489983  0.75348207427839053  0.76130671720623833
  0.76896528099696826  0.77647421267575578  0.78400790256020880  0.79160507693713855
  0.79907022740345079  0.80628085633631852  0.81328504562946557  0.81989633294285524
  0.82622910613034584  0.83256510746361856  0.83896729581651142  0.84536883289676434
  0.85148217274644478  0.85716849109833415  0.86265578601678450  0.86808609504047074
  0.87349464422527601  0.87871156963207731  0.88361337354867164  0.88837720234064210
  0.89309318052774056  0.89786740941843191  0.90262267518757289  0.90722394001150253
  0.91185785808365871  0.91644949226276662  0.92075539187639388  0.92500796351448511
  0.92904226977772553  0.93290803864584271  0.93680939209684100  0.94079854961609988
  0.94475830275584605  0.94859913570823462  0.95232292125244844  0.95601378377022905
  0.95970091900414689  0.96330081724126004  0.96681080405440700  0.97018283542254358
  0.97344906219164162  0.97675527459772737  0.98011785811105534  0.98354298100049176
  0.98704985375423671  0.99079082658741380  0.99510330115273327  1.00000000000000000
 -0.01416236070431294  0.06769454245193599  0.09399197413371099  0.11022074003879691
  0.12336525730899808  0.13481357129903879  0.14504501872231973  0.15448431830237425
  0.16322182524179923  0.17092117853632185  0.17792743192147198  0.18462070064642630
  0.19100253550970467  0.19740103576260204  0.20375548648999559  0.20980812906211549
  0.21550404102123358  0.22080559245530260  0.22588405220349073  0.23093021360525096
  0.23597543703716997  0.24102471303312112  0.24606001508989661  0.25103411872804915
  0.25616323414452929  0.26157994587143851  0.26712269126632887  0.27268554570653258
  0.27815038864384956  0.28342259844334805  0.28859700299752733  0.29366732220326180
  0.29905241964074369  0.30438666617532539  0.30990078648274533  0.31518658256885357
  0.32048252182764042  0.32583159445658633  0.33105051082111708  0.33611081056224212
  0.34104839921459462  0.34593305594482610  0.35085312434856608  0.35575194061716647
  0.36067784400433478  0.36566762320829971  0.37062642054417766  0.37544407030405796
  0.38103420665887361  0.38708642055214437  0.39330077825171772  0.39957338606724363
  0.40548749470502149  0.41114707568683384  0.41671364218081208  0.42228312327086048
  0.42795680449753287  0.43359781677227383  0.43922822831008701  0.44493958357231700
  0.45082273484033181  0.45695875951810050  0.46333099913928527  0.46976957556816112
  0.47604241169333322  0.48246654122307925  0.48926513427430302  0.49631020040726598
  0.50361076870531452  0.51095938441470834  0.51815621169076875  0.52561943146781231
  0.53297715732506912  0.54078398347982315  0.54889783205132836  0.55738195074424091
  0.56599272840418002  0.57491872548336664  0.58397679617623555  0.59371747724241686
  0.60386614501191416  0.61449112051062138  0.62482666832757938  0.63558889099874871
  0.64638887938906764  0.65756281589641241  0.66895550858880071  0.68124309076428380
  0.69495045425932200  0.71042509370918006  0.72725948583553546  0.74541425213023227
  0.76794564164096990  0.79928339676994919  0.84438731469712047  1.00000000000000000
   3.4544248312778421E-002  -1.0000000000000000     
 F F F F F F F F F F F F F F F F F F F F F F F F F F F F F F F F F F F F F F F F F F F F F F F F F F F F F F F F F F F F F F F F F F F F F F F F F F F F F F F F F F F F F F F F F F F F F F F F F F F F F F F F F F F F F F F F F F F F F F F F F F F F F F F F
  <DiscreteSampler_grid>
  grouped_processes
  1 # 1 for a reference and 2 for a running grid.
  10 # Attribute 'min_bin_probing_points' of the grid.
  1 # Attribute 'grid_mode' of the grid. 1=='default',2=='initialization'
  0.0000000000000000 # Attribute 'small_contrib_threshold' of the grid.
  0.5000000000000000 # Attribute 'damping_power' of the grid.
 # binID   n_entries weight   weight_sqr   abs_weight
    13   10   2.485357894930325E+004   3.368755293329806E+009   2.485357894930325E+004
    14   10   2.485357894930323E+004   3.368755293329803E+009   2.485357894930323E+004
    16   10   2.485357894930325E+004   3.368755293329806E+009   2.485357894930325E+004
    17   10   2.485357894930323E+004   3.368755293329803E+009   2.485357894930323E+004
    22   10   2.485357894930324E+004   3.368755293329804E+009   2.485357894930324E+004
    23   10   2.485357894930323E+004   3.368755293329801E+009   2.485357894930323E+004
    25   10   2.485357894930324E+004   3.368755293329803E+009   2.485357894930324E+004
    26   10   2.485357894930323E+004   3.368755293329801E+009   2.485357894930323E+004
    31   10   2.485357894930324E+004   3.368755293329803E+009   2.485357894930324E+004
    32   10   2.485357894930323E+004   3.368755293329801E+009   2.485357894930323E+004
    34   10   2.485357894930324E+004   3.368755293329804E+009   2.485357894930324E+004
    35   10   2.485357894930323E+004   3.368755293329803E+009   2.485357894930323E+004
  </DiscreteSampler_grid>
