 -0.00252809994383828  0.00948819970559930  0.01964649199370061  0.03016671888405862
  0.04071807077920919  0.05127020076260783  0.06181676781131689  0.07236506245169121
  0.08289866248957976  0.09343585549815096  0.10396841662232383  0.11451116905673954
  0.12504212944226964  0.13557327920625412  0.14610704253608009  0.15665332573178842
  0.16720272085669796  0.17775191752176370  0.18830078537703707  0.19884374889943665
  0.20938756314810814  0.21992692751211759  0.23046677934275206  0.24100530979403550
  0.25155062630200670  0.26209564178624245  0.27263338908378465  0.28316506490691978
  0.29370249419516137  0.30424136973577509  0.31477876836547108  0.32531537777866587
  0.33585712467342932  0.34640658805233870  0.35694636541326630  0.36748300989088245
  0.37801782718202237  0.38855868900029777  0.39909964421116451  0.40963653669717059
  0.42016863268340843  0.43070606563437491  0.44124143431190371  0.45178370059689882
  0.46232496137009010  0.47286886889378793  0.48341285532206740  0.49395028624694487
  0.50448841309012316  0.51502373471069862  0.52556786523791599  0.53610735980174473
  0.54665225994261890  0.55718875462320183  0.56773439495427402  0.57827796483709748
  0.58882546959280602  0.59937108163272246  0.60991448889356903  0.62045562218093175
  0.63099779744990880  0.64154332754526311  0.65208190691776347  0.66261958952583611
  0.67315451816180571  0.68369209405653297  0.69423077987307602  0.70476804079553290
  0.71531348126278793  0.72585199393465794  0.73639573675647352  0.74693414903279776
  0.75747873447201874  0.76801700848088983  0.77856321303586695  0.78910906781028978
  0.79965297031103855  0.81019577762992978  0.82073286388928979  0.83127646456617932
  0.84181882944308617  0.85236490284026079  0.86291024841242536  0.87345759095753428
  0.88400851996714325  0.89455546037241906  0.90510121209447303  0.91564749039391402
  0.92619101499484668  0.93673333929771119  0.94727345113224326  0.95781987201711527
  0.96836638038529022  0.97891487450873038  0.98945803998794501  1.00000000000000000
 -0.00242160825384457  0.00955438686486748  0.01972595045324560  0.03025660744866351
  0.04081465163236497  0.05135938922677033  0.06189699638204933  0.07243296072424596
  0.08297938226059631  0.09353136442008859  0.10408054093137767  0.11462308004190354
  0.12516695050876225  0.13571198543787549  0.14626010856650992  0.15680457669225201
  0.16735084617556079  0.17790079948349111  0.18845501262890338  0.19900568376844810
  0.20955719008885873  0.22010302817764649  0.23063883927279324  0.24117168851612214
  0.25168720184413967  0.26221059154572457  0.27273289825397168  0.28327074414424713
  0.29381273861025498  0.30435381982860316  0.31490270501382034  0.32544760574683729
  0.33599170116967181  0.34653758209400792  0.35707034604979010  0.36760525234547736
  0.37813308716607508  0.38866842971342369  0.39920861548632702  0.40973978499426844
  0.42028223562529166  0.43082141453673400  0.44136895814016258  0.45190862391300862
  0.46244808665223119  0.47299112636781693  0.48354018152738598  0.49409019742425236
  0.50464066398101137  0.51518574472193368  0.52572147697777416  0.53625840864991325
  0.54679513072026864  0.55734125329370288  0.56787674923827824  0.57841608380650600
  0.58895291590160270  0.59949302997018650  0.61003666749536667  0.62058391943096447
  0.63112755783361019  0.64167225404165507  0.65220953836984075  0.66273830530299160
  0.67325869161093921  0.68378646576103153  0.69432609823538149  0.70487422630634056
  0.71541617368488797  0.72596473369075287  0.73650882360809600  0.74705010947185380
  0.75759336188750803  0.76813219417869449  0.77867812509883139  0.78921589091133648
  0.79975194336096611  0.81028822185358518  0.82082635136071480  0.83136602465184317
  0.84190779512975289  0.85244806328218548  0.86299141038893346  0.87352943505832115
  0.88407421353110527  0.89462181666824248  0.90516788051702879  0.91570914257506952
  0.92624866826680996  0.93678317407553235  0.94732481298699511  0.95785901875676027
  0.96839238692809515  0.97892310053689602  0.98945781487943252  1.00000000000000000
   2.5648006806389141E-008  -1.0000000000000000     
 F F F F F F F F
  <DiscreteSampler_grid>
  grouped_processes
  1 # 1 for a reference and 2 for a running grid.
  10 # Attribute 'min_bin_probing_points' of the grid.
  1 # Attribute 'grid_mode' of the grid. 1=='default',2=='initialization'
  0.0000000000000000 # Attribute 'small_contrib_threshold' of the grid.
  0.5000000000000000 # Attribute 'damping_power' of the grid.
 # binID   n_entries weight   weight_sqr   abs_weight
    10   10   1.322623097372511E+010   1.749331857703254E+020   1.322623097372511E+010
  </DiscreteSampler_grid>
