 -0.00249174266093975  0.00948461210664829  0.01964286463093068  0.03016786125463610
  0.04071568445040063  0.05125377681588730  0.06178888356767343  0.07233342075822304
  0.08287939209227879  0.09342640819187997  0.10396313459204491  0.11450196170228522
  0.12503614141876998  0.13556719465913433  0.14610248430536962  0.15664088686355360
  0.16718756794550338  0.17772688584795282  0.18826812178502200  0.19881502252399957
  0.20935985358303000  0.21990524920841845  0.23044209207474722  0.24099156642391703
  0.25152554405212313  0.26206538389827155  0.27260434212914947  0.28315661669206066
  0.29370148443706873  0.30424262758843607  0.31477804686844080  0.32532305707541032
  0.33586605716390655  0.34641678931557146  0.35696566389354967  0.36751259085100607
  0.37806132651823038  0.38860949549453311  0.39916542721056825  0.40970178973854338
  0.42023511273616554  0.43076766161734709  0.44131195644919591  0.45184061693534872
  0.46236111978233185  0.47288749009120895  0.48343342077784418  0.49397080214746009
  0.50450721269368359  0.51504248834689059  0.52558982131865706  0.53612375964951919
  0.54665553079943530  0.55718865099064840  0.56773487836371961  0.57828546222604549
  0.58883728967964166  0.59937638999998200  0.60991549653641752  0.62045514939010871
  0.63100892493041338  0.64156216010479761  0.65211430607840326  0.66266606249631466
  0.67321688376399980  0.68376900311574307  0.69431948070540583  0.70487071326505302
  0.71541352513932854  0.72594674450224128  0.73647553455890180  0.74700229526502904
  0.75753520359309467  0.76807355840039748  0.77862021859232367  0.78917580306495672
  0.79971372684899089  0.81024761489714991  0.82077403572064422  0.83131854651680015
  0.84186718269581062  0.85242258895808798  0.86295972290505685  0.87349797978950561
  0.88403567165968122  0.89459107678771344  0.90513622522907800  0.91567304866813037
  0.92619764619102307  0.93673591426186953  0.94727985282667426  0.95783358589212753
  0.96838599513524815  0.97892854834128717  0.98946823645267190  1.00000000000000000
 -0.00253819406669712  0.00946784843011624  0.01962674470752719  0.03014721629060454
  0.04069233089268018  0.05122070166599544  0.06174353614621001  0.07226782185426484
  0.08279986591633978  0.09333993095679143  0.10388331956959061  0.11442872093886501
  0.12497460730484332  0.13552079726174940  0.14606894116254771  0.15661886607440814
  0.16716713519539775  0.17771195394751385  0.18825356024573259  0.19879806828628829
  0.20934789286944799  0.21990080092935896  0.23045639347242897  0.24100313125984954
  0.25154237080139102  0.26206490520803177  0.27259859976813139  0.28312263884351918
  0.29364942896755314  0.30417493006747165  0.31471228031651621  0.32526130771548489
  0.33580420739888561  0.34635138766777168  0.35689304897294571  0.36743818816191115
  0.37798242250792763  0.38853073319795001  0.39907469690909242  0.40962078690303205
  0.42016840000665684  0.43071674749288891  0.44125955291623964  0.45180239344956197
  0.46234561717040212  0.47288877641766974  0.48343009560187150  0.49397632326652069
  0.50452740262229623  0.51506508020414199  0.52559679865572506  0.53612186956882091
  0.54666138023794097  0.55720124738750720  0.56774579412139792  0.57829267730556488
  0.58884014245210026  0.59938798187874986  0.60993393425968490  0.62048523618517060
  0.63103419573707586  0.64158344643947873  0.65212338071843168  0.66266209308873736
  0.67319891180045044  0.68374605812950184  0.69428649722001190  0.70483066386201243
  0.71537117038308307  0.72592416465088261  0.73647466331588440  0.74702744848987324
  0.75757832113803592  0.76812913150832041  0.77867626570323056  0.78922220789017694
  0.79976453729750352  0.81030932801094857  0.82085689134250550  0.83140894174538926
  0.84195471792469567  0.85249040845709512  0.86302318334198391  0.87355562799837883
  0.88409675819702593  0.89463066510860301  0.90517319573547328  0.91570379860861428
  0.92623912539658204  0.93677116390316306  0.94730960951270038  0.95784985588369786
  0.96837742578625163  0.97891163854224317  0.98944868639646855  1.00000000000000000
   2.5655810901673084E-008  -1.0000000000000000     
 F F F F F F F F
  <DiscreteSampler_grid>
  grouped_processes
  1 # 1 for a reference and 2 for a running grid.
  10 # Attribute 'min_bin_probing_points' of the grid.
  1 # Attribute 'grid_mode' of the grid. 1=='default',2=='initialization'
  0.0000000000000000 # Attribute 'small_contrib_threshold' of the grid.
  0.5000000000000000 # Attribute 'damping_power' of the grid.
 # binID   n_entries weight   weight_sqr   abs_weight
    10   10   1.322623097372511E+010   1.749331857703254E+020   1.322623097372511E+010
  </DiscreteSampler_grid>
