 -0.00249429517239194  0.00948404546952821  0.01964054352452827  0.03015030004708164
  0.04070144888733235  0.05124356403970200  0.06178899635063493  0.07233561952175421
  0.08288925669479896  0.09343787298417118  0.10398570043905940  0.11453069110832417
  0.12508071344810448  0.13562968904568373  0.14617245245729907  0.15670530824631299
  0.16724099482922772  0.17777305111484459  0.18830306795125529  0.19882320610175752
  0.20935224629283555  0.21988911196353145  0.23043221370427311  0.24097132435187607
  0.25151378522303230  0.26205308146809686  0.27259984394667880  0.28314766280136477
  0.29369620939680496  0.30423794956868894  0.31477794759048311  0.32531983036574424
  0.33586877361365830  0.34641967352555247  0.35697081774700945  0.36752013048157567
  0.37806575580818480  0.38861357628579191  0.39915808633292887  0.40970413405890255
  0.42024880394982217  0.43079715331845708  0.44134735063841801  0.45189807441117169
  0.46244883587178931  0.47299627203240829  0.48354393950557345  0.49408686473992430
  0.50463398807837301  0.51518171027441051  0.52573532117310973  0.53627570274546021
  0.54681525849672197  0.55735511047554709  0.56790774810914624  0.57845326327379554
  0.58899594336823557  0.59953811470261897  0.61008554617667310  0.62063251272550324
  0.63117744055411207  0.64171949276426632  0.65226532601273268  0.66279786472188651
  0.67333780127449094  0.68387288874404584  0.69441297555652759  0.70493742411368721
  0.71546246160625282  0.72598982105270915  0.73651303235699428  0.74704265757657440
  0.75757195101761210  0.76811876774638854  0.77865830629777200  0.78920646481471390
  0.79974949176884269  0.81029410778197952  0.82083010826458669  0.83137265855566733
  0.84191695142648337  0.85247039012658032  0.86301565394408464  0.87355588420895003
  0.88409062857473797  0.89461593951852691  0.90514676391255444  0.91567539523190133
  0.92622328677857146  0.93675617027086555  0.94729633725437612  0.95782485560202013
  0.96836424288809608  0.97890275343128230  0.98944931243066558  1.00000000000000000
 -0.00240591222362001  0.00959063602991929  0.01975794776935987  0.03027208435620701
  0.04081907081405873  0.05137083229517215  0.06192035206454925  0.07246883374662849
  0.08300650095525375  0.09354724692015984  0.10407802450704064  0.11461605790986391
  0.12514930273705979  0.13569154273701581  0.14623134488972314  0.15677072036530482
  0.16730844921266447  0.17785272953526304  0.18840180991162186  0.19894696043011895
  0.20947351944480783  0.21999581702322996  0.23051509830970632  0.24104591280566084
  0.25157413133591805  0.26210527575076159  0.27263950329726849  0.28318029218993762
  0.29372717862097242  0.30426918243594575  0.31480484680252258  0.32534176873595438
  0.33588440575893180  0.34642582735314181  0.35696350191045445  0.36750320449807472
  0.37805081205970403  0.38859467942734005  0.39914024865835190  0.40966921251659288
  0.42020196153017869  0.43073321129985764  0.44127476336145743  0.45181903358189923
  0.46235901846265376  0.47289930285928949  0.48343715504523255  0.49397989910917600
  0.50452877457926015  0.51507508670371449  0.52562189241406776  0.53616746977321794
  0.54671730907343841  0.55726858870458651  0.56781851382418380  0.57836715757711532
  0.58891668016141385  0.59945820597882227  0.60999721735839851  0.62052669079984857
  0.63106237019957967  0.64160268786645280  0.65213958218654444  0.66267145610158784
  0.67320475675758129  0.68373105649276078  0.69426505219700629  0.70479823292866151
  0.71535048159401116  0.72590147499664792  0.73645017503028432  0.74699206566873122
  0.75753669353924269  0.76808029918227327  0.77862851109356124  0.78916237874622930
  0.79970080966096346  0.81024009234312599  0.82079443100865990  0.83133071596918395
  0.84186675038205028  0.85239069641738274  0.86293088494493864  0.87346584109874392
  0.88401167266625380  0.89455078921683506  0.90509718490949265  0.91563987933142865
  0.92618794001864779  0.93673407806280617  0.94728134243161266  0.95782550966714441
  0.96837226768036155  0.97891483019328140  0.98946009532571810  1.00000000000000000
   2.5654100465065797E-008  -1.0000000000000000     
 F F F F F F F F
  <DiscreteSampler_grid>
  grouped_processes
  1 # 1 for a reference and 2 for a running grid.
  10 # Attribute 'min_bin_probing_points' of the grid.
  1 # Attribute 'grid_mode' of the grid. 1=='default',2=='initialization'
  0.0000000000000000 # Attribute 'small_contrib_threshold' of the grid.
  0.5000000000000000 # Attribute 'damping_power' of the grid.
 # binID   n_entries weight   weight_sqr   abs_weight
    10   10   1.322623097372511E+010   1.749331857703254E+020   1.322623097372511E+010
  </DiscreteSampler_grid>
