 -0.00247553969373683  0.00952564083521792  0.01969463674453101  0.03021230138721127
  0.04075424279173001  0.05128740516938196  0.06182619443344258  0.07235810031874043
  0.08289714242788343  0.09343059186534018  0.10397148369944575  0.11451448469666864
  0.12505665492452961  0.13559918362678888  0.14613889728824414  0.15667418191909746
  0.16720934046238628  0.17774746692599683  0.18829688602680622  0.19884862864185313
  0.20939987888951755  0.21994604346997451  0.23049243883725601  0.24102924875645293
  0.25157282734714220  0.26211586896637024  0.27266842946691527  0.28322185598368671
  0.29376068315230563  0.30429003778800429  0.31481141034548921  0.32534815128031908
  0.33589275845751249  0.34644490111023107  0.35699646442482313  0.36754431564324974
  0.37808838842065062  0.38863197239852482  0.39917742213682900  0.40972432635889433
  0.42027218063248195  0.43081181400904134  0.44135481247358493  0.45188476701598074
  0.46242555354379244  0.47296013240056528  0.48350544447856736  0.49404294358135969
  0.50458554606230666  0.51512956568227430  0.52567883619933486  0.53622627272347945
  0.54676893271742977  0.55730643144801917  0.56784628272597548  0.57838221815855273
  0.58891551562347422  0.59944619540754696  0.60998184800055966  0.62052959314848699
  0.63107873797123271  0.64163227470718331  0.65217834772404459  0.66271895080937915
  0.67325898385256167  0.68380670004538135  0.69435471188360776  0.70489384083632878
  0.71542338856149579  0.72595749726294379  0.73649471837124614  0.74703797623080459
  0.75758186964047691  0.76813116429628292  0.77868108029398220  0.78922628036356957
  0.79976958735005521  0.81031261967083379  0.82086103163214574  0.83140106364731547
  0.84193545695815175  0.85246220647854387  0.86298995522514588  0.87351936030597088
  0.88405125995651779  0.89459406417932119  0.90514336529043715  0.91569753927008535
  0.92624273037677729  0.93677293448615817  0.94729588249849739  0.95782574216221439
  0.96837067662894871  0.97891605025085804  0.98946030110986360  1.00000000000000000
 -0.00250034490047157  0.00946539312085984  0.01962087050298113  0.03013198879632415
  0.04068395477933894  0.05123083847723506  0.06177719426981365  0.07230819777228491
  0.08284294665908436  0.09337068881682006  0.10390892073604029  0.11444133303047109
  0.12498369212171784  0.13552096417900866  0.14604970314391857  0.15657871229416886
  0.16711308840020511  0.17765904850298278  0.18819576561546789  0.19873275881919733
  0.20927311059823192  0.21981447698076154  0.23035576093916227  0.24089469903437122
  0.25144233803684957  0.26198546048640098  0.27252639008397572  0.28306696304707207
  0.29360441886986549  0.30414040483219162  0.31467631302025323  0.32522504525851625
  0.33577883174727141  0.34633365838471136  0.35688653515944374  0.36743628214540558
  0.37797933795791244  0.38852349036895983  0.39906165330134019  0.40960489970520814
  0.42014875026857884  0.43069793966953546  0.44125000904386347  0.45179127361181592
  0.46233146177813061  0.47286910896836659  0.48341550769540664  0.49396689430235191
  0.50451641323326113  0.51506786989300035  0.52561404585832427  0.53615710323620380
  0.54669455812498968  0.55723277703722096  0.56776400222398637  0.57828795268525757
  0.58881133033028399  0.59934224152044713  0.60988581731054436  0.62043308475728842
  0.63097699953762199  0.64152191588073926  0.65206132419711038  0.66260057283118357
  0.67313944256417413  0.68368570318497479  0.69423605592399440  0.70477493468690100
  0.71530988556429076  0.72584510811669978  0.73638617435531029  0.74693052844221430
  0.75747614541751751  0.76802522518562244  0.77857303421801038  0.78912122638788162
  0.79966460035583220  0.81020514703195712  0.82074543763751717  0.83129303172433888
  0.84183833038608513  0.85237943189662202  0.86291470443972618  0.87345740862530485
  0.88400064546825718  0.89455008260600488  0.90509713699828731  0.91565189563263194
  0.92619974714644537  0.93674545122625297  0.94728656339256745  0.95782972540917666
  0.96837511254351571  0.97891737442538418  0.98946063779231685  1.00000000000000000
   2.5525162909689689E-008  -1.0000000000000000     
 F F F F F F F F
  <DiscreteSampler_grid>
  grouped_processes
  1 # 1 for a reference and 2 for a running grid.
  10 # Attribute 'min_bin_probing_points' of the grid.
  1 # Attribute 'grid_mode' of the grid. 1=='default',2=='initialization'
  0.0000000000000000 # Attribute 'small_contrib_threshold' of the grid.
  0.5000000000000000 # Attribute 'damping_power' of the grid.
 # binID   n_entries weight   weight_sqr   abs_weight
    10   10   1.322623097372510E+010   1.749331857703253E+020   1.322623097372510E+010
  </DiscreteSampler_grid>
