 -0.00241214568903043  0.00953986612263827  0.01971179417426153  0.03023927689927876
  0.04079060529612717  0.05133765290136991  0.06188022201629741  0.07241575069596740
  0.08295254315740276  0.09349739798667350  0.10404438535364595  0.11458886182850522
  0.12512751518897555  0.13567133217453117  0.14621856158824131  0.15676530327161980
  0.16731245054638116  0.17784975607936807  0.18839273464779829  0.19893267748560842
  0.20947118743856150  0.22000998276138944  0.23055323613937298  0.24110762692958942
  0.25165620761088675  0.26220163075774761  0.27274649913698112  0.28329663634005015
  0.29385168499712672  0.30439271330552686  0.31492576363762642  0.32544535115723799
  0.33597907233260749  0.34652146047114496  0.35706887448961111  0.36761078454420287
  0.37815090087740949  0.38869769936740822  0.39925010297489272  0.40979736667073619
  0.42034229819682956  0.43088371392227559  0.44142295771976764  0.45196528261711522
  0.46250395669630751  0.47304703602468973  0.48357801840452325  0.49411432939780803
  0.50465558832869817  0.51519964930183770  0.52574218891105362  0.53627857027045411
  0.54681859720346526  0.55736020170610368  0.56790556236750978  0.57844568257184947
  0.58898939818029883  0.59953381088366109  0.61007241316123406  0.62061018091167097
  0.63114530987271400  0.64169605155807052  0.65224275066684767  0.66277925312913677
  0.67331202018897274  0.68384699525505976  0.69439534709141226  0.70493377931677026
  0.71547526592728816  0.72601744371266763  0.73657337497326536  0.74711334080432046
  0.75764757188664211  0.76818140020133141  0.77872314478787130  0.78926145389611879
  0.79978887943146171  0.81031192529418006  0.82083110934562409  0.83135166553383744
  0.84187610313155670  0.85241525966256448  0.86294928769226820  0.87349285983680047
  0.88402443093723881  0.89455843964498760  0.90509117536628414  0.91562981372074659
  0.92618238545242682  0.93672571626952228  0.94726703754306008  0.95780110017986098
  0.96834269708866405  0.97889035312067441  0.98944470792946948  1.00000000000000000
 -0.00253241784098350  0.00949441994400598  0.01965107967385645  0.03015716000132232
  0.04069402591769986  0.05122153554191738  0.06174711276060522  0.07227402587728000
  0.08281551757354301  0.09335803319347649  0.10390169454887180  0.11443563093137084
  0.12497114798829251  0.13549460544359557  0.14602701643834684  0.15656471328286473
  0.16711447866158727  0.17766121439543051  0.18820679188097419  0.19874630973782301
  0.20929027520703300  0.21982989146125612  0.23037662703890524  0.24092404373624335
  0.25147526071116028  0.26202434151521620  0.27256836692131081  0.28311395072806794
  0.29365478866720268  0.30419853594210461  0.31474251187306423  0.32529166908103296
  0.33584197579871672  0.34638526055561508  0.35693008877119858  0.36747643206054231
  0.37802619372911933  0.38857558937563680  0.39911730629468650  0.40966391036848671
  0.42019859188628683  0.43072573697945971  0.44124818813512173  0.45177959081625169
  0.46232609363013671  0.47287598876036424  0.48342930661014694  0.49398285404305908
  0.50453186108900805  0.51506962936538681  0.52560682487041510  0.53614745026799082
  0.54669726019132114  0.55724725474984782  0.56779694572975026  0.57834144781448449
  0.58887349861561755  0.59940659256714046  0.60994037684388591  0.62048691257004074
  0.63103460665955213  0.64158161617429899  0.65212953562422638  0.66266976895018037
  0.67321814616233600  0.68375676797602147  0.69428644314850041  0.70480901014459929
  0.71533518816400643  0.72587776559127770  0.73642187303796791  0.74696285809482388
  0.75750207012991033  0.76804683223334014  0.77859227332570624  0.78913918606202826
  0.79968488547760530  0.81023219016440251  0.82077950429131197  0.83132769602207313
  0.84187450730527524  0.85242055491396129  0.86295728345962108  0.87350160073320515
  0.88404430267675571  0.89459051811173240  0.90513593751072308  0.91568074980168490
  0.92622346854162785  0.93676786329357498  0.94731001558531935  0.95785859316727284
  0.96840563666816504  0.97894369663675695  0.98947683142896248  1.00000000000000000
   2.5648726690953123E-008  -1.0000000000000000     
 F F F F F F F F
  <DiscreteSampler_grid>
  grouped_processes
  1 # 1 for a reference and 2 for a running grid.
  10 # Attribute 'min_bin_probing_points' of the grid.
  1 # Attribute 'grid_mode' of the grid. 1=='default',2=='initialization'
  0.0000000000000000 # Attribute 'small_contrib_threshold' of the grid.
  0.5000000000000000 # Attribute 'damping_power' of the grid.
 # binID   n_entries weight   weight_sqr   abs_weight
    10   10   1.322623097372511E+010   1.749331857703255E+020   1.322623097372511E+010
  </DiscreteSampler_grid>
