  0.00000488847923844  0.00000534230890385  0.00000556084945688  0.00000577553744969
  0.00000597622647819  0.00000618946669791  0.00000638821392794  0.00000657535546373
  0.00000675830462064  0.00000693364862617  0.00000709501474663  0.00000725519234135
  0.00000742923766221  0.00000763872238424  0.00000784392998118  0.00000805209953648
  0.00000825872967008  0.00000844846296396  0.00000863308285778  0.00000882537109535
  0.00000903017942318  0.00000925052203771  0.00000949697753101  0.00000975917847952
  0.00001001437123356  0.00001025236612983  0.00001048460125305  0.00001072648516326
  0.00001098291459608  0.00001134003727740  0.00001169513844240  0.00001204362339799
  0.00001242054294978  0.00001284426421491  0.00001328517995540  0.00001375009470606
  0.00001422241183528  0.00001467206642350  0.00001511054222563  0.00001554524270633
  0.00001597317782201  0.00001644737387166  0.00001696445499366  0.00001758437942484
  0.00001826884455255  0.00001891071965057  0.00001967677489116  0.00002044600046346
  0.00002117776191233  0.00002192459786349  0.00002272063565922  0.00002357760534961
  0.00002442563412501  0.00002520123937070  0.00002603619380813  0.00002693681824202
  0.00002789477370308  0.00002892163074123  0.00003006741671891  0.00003135566933235
  0.00003266746438877  0.00003396244769954  0.00003523350445481  0.00003647570854926
  0.00003772434332850  0.00003909258910512  0.00004076762611963  0.00004261616000898
  0.00004456480851258  0.00004674232333254  0.00004926620677830  0.00005222683748985
  0.00005597217329500  0.00006019438399000  0.00006499329322670  0.00007020056693975
  0.00007558687847961  0.00008150351170977  0.00008826694805016  0.00009651424681118
  0.00010615791847961  0.00011696620134164  0.00013199225372121  0.00014933826168612
  0.00017013396192790  0.00019714822817854  0.00023184444074117  0.00027658563540500
  0.00034058788952136  0.00042956532449289  0.00055319096899198  0.00074533601012948
  0.00109035064123113  0.00219741822384489  0.40044025957194512  1.00000000000000000
  0.00002959731981149  0.00003154637424798  0.00003355751913133  0.00003587663234645
  0.00003892668841569  0.00004203775262861  0.00004509537959474  0.00004760775862825
  0.00005027147955063  0.00005299487903156  0.00005625708076967  0.00005989032845089
  0.00006339610774400  0.00006695615662939  0.00007055585408343  0.00007457369131113
  0.00007956353127579  0.00008546899440590  0.00009168225603927  0.00009781727353627
  0.00010391712149409  0.00011021430148099  0.00011700625222459  0.00012442881318947
  0.00013268729638829  0.00014147436206467  0.00015082849027884  0.00016018541890421
  0.00016959394696806  0.00017953227500534  0.00018982273667956  0.00020126364327508
  0.00021273770166405  0.00022434224369488  0.00023690754722249  0.00024961948331644
  0.00026309282500629  0.00027771342601944  0.00029396766828817  0.00031162131757694
  0.00033039291169074  0.00035042281615366  0.00037259646422179  0.00039635595001234
  0.00041932099091387  0.00044160709979819  0.00046550557077777  0.00049025111361865
  0.00051646123458923  0.00054898037489538  0.00058707701713317  0.00063011256156101
  0.00067908026038666  0.00073037723201924  0.00078389582147501  0.00084070756219846
  0.00089933416329714  0.00096018706607570  0.00102148265338635  0.00108935441823328
  0.00116449521967537  0.00124856515672569  0.00133751043325759  0.00143364355563504
  0.00153562984780421  0.00165552389892413  0.00179511427740499  0.00195074804213167
  0.00211220449496084  0.00229228887716183  0.00248184163250707  0.00268755255450586
  0.00291559587373412  0.00318631121773329  0.00358696775626451  0.00408658257913627
  0.00453156269069685  0.00501362207645378  0.00561173094317769  0.00629705323884893
  0.00702105171380881  0.00780867735444970  0.00871452221848420  0.00969427161800343
  0.01116896282156411  0.01328245112734087  0.01653961627977663  0.01907693330717943
  0.02017480392244175  0.02157085435241151  0.02336885511582837  0.02548994499646231
  0.02757765433061945  0.04624843405412962  0.65033774596003802  1.00000000000000000
  0.00000483045425340  0.00000493358503478  0.00000503841217807  0.00000514235056450
  0.00000525098184801  0.00000539446830254  0.00000556396317446  0.00000573973564835
  0.00000588463642827  0.00000602519494468  0.00000616096732072  0.00000628629683474
  0.00000644187381283  0.00000663470532944  0.00000682731006253  0.00000699391054887
  0.00000714397342159  0.00000729078856401  0.00000743512330128  0.00000760729452715
  0.00000778919326979  0.00000795692610628  0.00000810059651588  0.00000824558666642
  0.00000840196430861  0.00000858837615827  0.00000880039094245  0.00000904420441623
  0.00000931608801478  0.00000959153447003  0.00001002650313531  0.00001044697509311
  0.00001092465249138  0.00001147754340516  0.00001206675390443  0.00001265621963262
  0.00001329270901362  0.00001390006539438  0.00001460942520117  0.00001533440844303
  0.00001609460687511  0.00001693591220371  0.00001786080583144  0.00001883698003129
  0.00001998350504966  0.00002118930833150  0.00002243185496917  0.00002373996141998
  0.00002511334455060  0.00002653931570616  0.00002809169939886  0.00002964314736657
  0.00003131394907099  0.00003301675764471  0.00003471534987189  0.00003690504734799
  0.00003902537255575  0.00004139549580422  0.00004399504287250  0.00004680837334505
  0.00004994297420849  0.00005347981301121  0.00005734236180562  0.00006132617350708
  0.00006541524908059  0.00007002350737279  0.00007552474411104  0.00008169951934602
  0.00008826490376752  0.00009639488835355  0.00010536236358966  0.00011487693378268
  0.00012510893854106  0.00013673439581075  0.00015210683367137  0.00017019677026225
  0.00019215398822826  0.00021902499928004  0.00024972045173125  0.00028453961333993
  0.00032342192104152  0.00037536795705245  0.00044637719111786  0.00053207611135531
  0.00063264953329766  0.00076296883542225  0.00094624394000838  0.00122460594696650
  0.00155791272741459  0.00197060960683045  0.00271933159303198  0.00422334862951523
  0.00737557490497136  0.01623659700078958  0.09191945601150429  1.00000000000000000
 -0.00171390521459928  0.00828865432901236  0.01677088933441535  0.02524173525519587
  0.03361053291170336  0.04173010525976346  0.04973880926287073  0.05822057495279921
  0.06706683606354168  0.07570954213902206  0.08454438185067201  0.09210125383852119
  0.10011873695779626  0.10864518071327089  0.11754811840161959  0.12709315070472232
  0.13649534170857833  0.14595683566326295  0.15612250386224491  0.16685144130330459
  0.17751126798858605  0.18855453794918517  0.19828939381124855  0.20856386869670646
  0.21915024275575126  0.22834467674293982  0.23739974886942811  0.24619803939600518
  0.25613009900628159  0.26750101352287359  0.27947049432838550  0.29085908833288965
  0.30192108817227337  0.31356316743640061  0.32492960148248001  0.33663898423177113
  0.34853133770346395  0.36136741997027350  0.37300635072163235  0.38503520310765749
  0.39775389647222398  0.41122478988955224  0.42492314076899429  0.43861354315585283
  0.45173004431988117  0.46466087228110287  0.47788254089233584  0.49121496080704047
  0.50415526752903117  0.51662693809253735  0.52930641981510695  0.54277847976762195
  0.55690075960242047  0.57031895133514221  0.58318144484634860  0.59555117526510637
  0.60752940676641765  0.61847261780390161  0.62985349132891555  0.64150327593660639
  0.65414032708852099  0.66743642777323908  0.68108483997178004  0.69528787791973934
  0.70965637830725214  0.72275042528126454  0.73454462303197732  0.74523599886629199
  0.75474427487163931  0.76278932931602439  0.76963512445136073  0.77613812334806631
  0.78252288300563888  0.79014206460390157  0.79805679117033013  0.80655537098601349
  0.81679862660051161  0.83022013356615509  0.84242582143057776  0.85455758459228282
  0.86491939849287280  0.87438586530104045  0.88383446896846718  0.89325403950308602
  0.90311971092820897  0.91354054801507711  0.92372944003576885  0.93342756485225020
  0.94219476899625043  0.95025024379065270  0.95825786537259250  0.96645342492004727
  0.97473321199459650  0.98314136806034058  0.99164476495036902  1.00000000000000000
 -0.00294325165574522  0.01135584759611928  0.02280611961789104  0.03396354111941980
  0.04527242781629458  0.05783499224207478  0.06998919338669704  0.08111278185516142
  0.09198667702732838  0.10252725418622234  0.11249038621282664  0.12160990809942990
  0.13202849640497458  0.14361536991739840  0.15584178000418814  0.16888309376541560
  0.18250559174118508  0.19515955117073153  0.20677717172945201  0.21843510367766941
  0.22960027028741239  0.23832085959195554  0.24746915721469073  0.25648118617399257
  0.26412049846660274  0.27117323205237526  0.27772523722776155  0.28588990126079011
  0.29520398232500128  0.30468375488344041  0.31411212343301409  0.32380882086591262
  0.33387760686831680  0.34409452066787521  0.35459271998453978  0.36747017584621638
  0.37985317311430788  0.39082074678118328  0.40108017862314765  0.41012825588524726
  0.41862827483430348  0.42676382850488931  0.43582657110399281  0.44629953026471597
  0.45661133673447785  0.46576444578372400  0.47429569833666657  0.48318587653607986
  0.49323366668792301  0.50413473706793666  0.51509325130177341  0.52599268730618054
  0.53690312108605864  0.54686138704136478  0.55631333243754588  0.56641449717328340
  0.57754289726386665  0.58788360431235176  0.59717816319966366  0.60628684802161092
  0.61634198820039532  0.62708551511967026  0.63766910633703100  0.64757958824115913
  0.65751997870536216  0.66759287152434121  0.67814701103732455  0.68921313037785437
  0.69939779094591636  0.70908307984969865  0.71838192641045007  0.72811213046556866
  0.73908352429634794  0.75106201722339783  0.76311342612108013  0.77396309262573504
  0.78439994575123329  0.79549487137466224  0.80628415707116541  0.81566664887789708
  0.82483164022441713  0.83592560547643413  0.85043013210308183  0.86373653492075564
  0.87580783194033940  0.88770409549998786  0.89982206415099841  0.91164264840462994
  0.92290518058270621  0.93444230895737701  0.94544679134529985  0.95670960117055626
  0.96717874361192890  0.97828815409567871  0.98895006859545198  1.00000000000000000
 -0.00358996988124336  0.01935107763442236  0.03943432215819349  0.05946076325559084
  0.07762972306968441  0.09471279992902766  0.11324819429331615  0.13029493940202422
  0.14791530990262761  0.16678775476177712  0.18686069662927984  0.20698918948295750
  0.22464656867828686  0.24052890764298865  0.25553375884743906  0.27158185500047233
  0.28902178409651508  0.30686853436590278  0.32482582115901509  0.34150283480921256
  0.35648282136891174  0.37134116651961252  0.38503165151591195  0.39763633487363814
  0.41008461384436878  0.42291640866627184  0.43600055037638696  0.44941462421780037
  0.46319293233435255  0.47729603669886661  0.49093838935038375  0.50392776297231678
  0.51650105750988762  0.52913979359305841  0.54120466146216195  0.55292734050756076
  0.56446496894707132  0.57552832772254980  0.58639128393148432  0.59682677626955949
  0.60785875673204459  0.61831977343040079  0.62822667413239919  0.63766837472911142
  0.64671918691126828  0.65609233417247992  0.66572696357123251  0.67517671320387407
  0.68320578115072439  0.69040537217126685  0.69740489375313819  0.70489512152667733
  0.71288282202566466  0.72137823430523085  0.72948890838455449  0.73836502406676385
  0.74652257994108107  0.75530069366772168  0.76286173784045397  0.77001400674538178
  0.77704299068463734  0.78352910268744458  0.79022943867357964  0.79728663124931631
  0.80421379876533694  0.81127049356955327  0.81869192888401454  0.82609447349539145
  0.83323464368651179  0.84084693842602831  0.84838979570901707  0.85545379251721054
  0.86223030116172727  0.86857626456718673  0.87443019894625262  0.88037662232513592
  0.88682790493625285  0.89351927875307346  0.90041066265937619  0.90828589091224377
  0.91573154301700854  0.92281791951421011  0.92954058783013804  0.93587488789943218
  0.94161633310513704  0.94698645915312163  0.95246035661453232  0.95757106856041496
  0.96187309999483162  0.96650032450304624  0.97143528813827207  0.97673832866156374
  0.98256052331723065  0.98840585696509053  0.99365826220342179  1.00000000000000000
 -0.00246379166781386  0.00965358610833049  0.02047825098437049  0.03279251437741498
  0.04398076158494058  0.05470782600676025  0.06609308160714165  0.07864236999713251
  0.09009028835084086  0.10148233776464864  0.11352329882850411  0.12679113429117514
  0.13902381785549592  0.15053170590761866  0.16220222844658558  0.17290417331356858
  0.18316639921537090  0.19354157112697190  0.20448814520616559  0.21614443235709949
  0.22796052645446069  0.23869569156811438  0.24802548203009436  0.25682607382183842
  0.26596948753570521  0.27535282708904441  0.28557085774749619  0.29485869883587656
  0.30451404398900100  0.31513242903549954  0.32726842763182135  0.33782770361951603
  0.34711832598824838  0.35594979653385550  0.36597121942127347  0.37585160871774498
  0.38618745417243733  0.39654860009076442  0.40745903355471580  0.41890186493174875
  0.42971127277044169  0.44214239097214342  0.45421280179960788  0.46527785218671069
  0.47597866445320330  0.48692989156687683  0.49915821963155527  0.51300088670606314
  0.52667375359178659  0.53945695650409775  0.55097240217730981  0.56212550653121984
  0.57260917171792269  0.58328551562607900  0.59380856563823758  0.60445725390059446
  0.61502165707850265  0.62735797195397680  0.64060307823574270  0.65304034737641647
  0.66393069048244358  0.67198025679517104  0.67957636474967320  0.68748351139233654
  0.69475157857207348  0.70101144933245985  0.70692029120409616  0.71318787296756614
  0.72047524259557005  0.72767174652802125  0.73709471306249341  0.74701009709886423
  0.75677223226537216  0.76641337594660741  0.77629688614272652  0.78615123972668921
  0.79627857396836088  0.80704304565387808  0.81872271524484708  0.83158037475351243
  0.84479823835926138  0.85780845546381657  0.87054470639735271  0.88309571217150329
  0.89512884161507689  0.90390229245655662  0.91255838383870846  0.92073556371198628
  0.92858034076415297  0.93638977537228152  0.94444835157855689  0.95311977304793438
  0.96352730918155394  0.97552916395783140  0.98793455987589807  1.00000000000000000
 -0.00196093096082215  0.00633646361114838  0.01616176317457529  0.02613648397656488
  0.03784018200752031  0.05069150489284795  0.06382894889131631  0.07678614095616937
  0.08807894845478809  0.09863546271823838  0.11015103759966187  0.12191688787108763
  0.13251283038807482  0.14216538260481740  0.15203619141214575  0.16379431406928255
  0.17330379613050886  0.18230037181311992  0.19146336574140693  0.20156813003722532
  0.21214654524044840  0.22373874043251271  0.23464566190788402  0.24518049343893539
  0.25535087965540237  0.26514098830137744  0.27560146148548276  0.28687436400493910
  0.29745832318488702  0.30895571289709239  0.31964706729396736  0.33034714064049053
  0.34217989552529737  0.35308559471703016  0.36406958828153402  0.37376853035576818
  0.38186755978553055  0.39063765230950337  0.39993202507101100  0.40865250794132346
  0.41661917684192523  0.42358592644888171  0.42977403045587637  0.43660901072673342
  0.44536904917121639  0.45572632887486492  0.46634969536301740  0.47737360284114522
  0.48856724133003071  0.50045019345620301  0.51351119592845529  0.52730830872318946
  0.54065210660273344  0.55283627609787644  0.56459424179759798  0.57614207588958688
  0.58704940739786926  0.59658375835843280  0.60606412585166392  0.61637116898943356
  0.62701505391273071  0.63677850362430632  0.64659083795637962  0.65886136640375181
  0.66963198572956228  0.67992684638960543  0.68915615971817246  0.69760008506010596
  0.70714008956861762  0.71702655116869263  0.72794877432688776  0.73911491406096896
  0.75053097299386251  0.76179392869429585  0.77232464455974592  0.78214506556993613
  0.79191693263740337  0.80258476750623475  0.81475837615180824  0.82735928969966532
  0.83884001585233348  0.84777589897462824  0.85693595542986023  0.86616685893254430
  0.87605912903848682  0.88602698466848007  0.89652086412366805  0.90750516526656588
  0.91868145247413835  0.92990987549344206  0.94070940285407567  0.95173123686340999
  0.96371475024955722  0.97693526803549524  0.98874263281351993  1.00000000000000000
  0.02907131631892610  0.12867212150854127  0.16284459466570367  0.18098118527384091
  0.19741177396844253  0.21425319781968763  0.23448767986225499  0.25622282517462003
  0.28085747643378361  0.30571492616934304  0.32590131581200554  0.34586645190690041
  0.36708152815359063  0.38545006992574665  0.40340692441017378  0.42078897992523384
  0.43733111943356728  0.45338157777586197  0.46712809306634412  0.47939714179644305
  0.49164298301666648  0.50432677467359444  0.51661177195106933  0.53049358244303335
  0.54385580681064261  0.55688623678823301  0.56940511886269463  0.58223087802887585
  0.59528325185493225  0.60811435360694610  0.62025554688313356  0.63197623762720334
  0.64248125365447606  0.65212319129559260  0.66190726859302751  0.67201258672699238
  0.68080492719817998  0.68904402717645197  0.69733710754311862  0.70630859704662496
  0.71605033642063620  0.72595457928983242  0.73532996735076384  0.74443197281285267
  0.75349220620483259  0.76202210643690182  0.76995589421532240  0.77724662334647643
  0.78430120193007136  0.79137311369837848  0.79827201557529814  0.80529481829397687
  0.81245431809733748  0.81919183421585839  0.82567069975731755  0.83202166355551288
  0.83847666437028656  0.84504296720966177  0.85156167951788952  0.85785557830668635
  0.86373595122248992  0.86943913654117044  0.87521368449679349  0.88101361850145254
  0.88636599251722070  0.89116645698443175  0.89572213444638782  0.90027731820290446
  0.90491778239553755  0.90967522057999994  0.91417729276489879  0.91847051155304615
  0.92271861204278594  0.92704490526692496  0.93149938036486457  0.93581120499317039
  0.93966702065476992  0.94332186347784019  0.94687864384376264  0.95051734441296931
  0.95410622122852373  0.95758090778895355  0.96098065354132101  0.96440442219273270
  0.96791491010751474  0.97121884016512172  0.97439963195325952  0.97732902434934976
  0.98006480449086975  0.98265551977301246  0.98509337589205126  0.98757216188061669
  0.99014219032463002  0.99295499398151377  0.99622012143189120  1.00000000000000000
 -0.01443292454783459  0.09237164657731355  0.13674186290078921  0.16500347795610074
  0.18485158721023051  0.20147194292056689  0.21635858682405631  0.22961089418072755
  0.24186231424322222  0.25360174233236965  0.26486829231646791  0.27615771881441059
  0.28734964606474489  0.29928764492943039  0.31163146668295871  0.32262746026156458
  0.33233060352172344  0.34173878737325636  0.35174847092396266  0.36237389301713402
  0.37213777504496226  0.38063820687672872  0.38896872327510806  0.39710337644036803
  0.40509005257685926  0.41367932080680581  0.42204819633861113  0.43085879929365561
  0.43895319512076303  0.44684893901637773  0.45452986489108749  0.46236697155120032
  0.47082204964280050  0.47851757248463561  0.48544895078808398  0.49213216629800649
  0.49892815688871878  0.50632747830843794  0.51410337982714338  0.52200064211130615
  0.53175031705744402  0.53910418959681627  0.54501589126288885  0.55005719482151727
  0.55487959348703375  0.55960333774758786  0.56464855612789389  0.56967019813244435
  0.57525677419203380  0.58096670931696470  0.58691504156527452  0.59343248823596639
  0.60000046701920695  0.60640981807349204  0.61279508205500810  0.61889245763340905
  0.62509092620274187  0.63165821051182736  0.63828609411882553  0.64504619896174531
  0.65209741510155061  0.65914517040542631  0.66596500398571501  0.67263345158432075
  0.67891084846490279  0.68493737945921651  0.69096285636745436  0.69737707954356443
  0.70413296667451164  0.71140086786841972  0.71850895583159580  0.72532395347122247
  0.73189121671572221  0.73861233124415926  0.74582086849276463  0.75318949306316896
  0.76010815730212333  0.76666176963664678  0.77299280801721904  0.77918699856622808
  0.78629196618532815  0.79307485137521139  0.79862600747024859  0.80359696609351894
  0.80872417486068349  0.81475563429535813  0.82170823529124193  0.82911397716163182
  0.83829527657647140  0.84960378815765214  0.86227541299754151  0.87615116498501766
  0.89167628808695332  0.90968699646996565  0.93683703434208210  1.00000000000000000
   3.6544955794014712E-002  -1.0000000000000000     
 F F F F F F F F F F F F F F F F F F F F F F F F F F F F F F F F F F F F F F F F F F F F F F F F F F F F F F F F F F F F F F F F F F F F F F F F F F F F F F F F F F F F F F F F F F F F F F F F F F F F F F F F F F F F F F F F F F F F F F F F F F F F F F F F
  <DiscreteSampler_grid>
  grouped_processes
  1 # 1 for a reference and 2 for a running grid.
  10 # Attribute 'min_bin_probing_points' of the grid.
  1 # Attribute 'grid_mode' of the grid. 1=='default',2=='initialization'
  0.0000000000000000 # Attribute 'small_contrib_threshold' of the grid.
  0.5000000000000000 # Attribute 'damping_power' of the grid.
 # binID   n_entries weight   weight_sqr   abs_weight
    28   10   4.177735022931897E+003   7.608797702498904E+007   4.177735022931897E+003
    34   10   4.177735022931896E+003   7.608797702498899E+007   4.177735022931896E+003
    52   10   4.177735022931897E+003   7.608797702498904E+007   4.177735022931897E+003
    55   10   8.361085215857616E+003   3.059707764699439E+008   8.361085215857616E+003
    56   10   8.361085215857620E+003   3.059707764699438E+008   8.361085215857620E+003
    58   10   4.177735022931896E+003   7.608797702498902E+007   4.177735022931896E+003
    61   10   8.297499368959630E+003   3.038400669770834E+008   8.297499368959630E+003
    62   10   8.297499368959629E+003   3.038400669770829E+008   8.297499368959629E+003
    67   10   8.434718367968975E+003   3.061290977195645E+008   8.434718367968975E+003
    68   10   8.434718367968973E+003   3.061290977195642E+008   8.434718367968973E+003
    70   10   8.297499368959629E+003   3.038400669770833E+008   8.297499368959629E+003
    71   10   8.297499368959627E+003   3.038400669770829E+008   8.297499368959627E+003
  </DiscreteSampler_grid>
