  0.00000043922294622  0.00000049964601096  0.00000054367136752  0.00000059110490518
  0.00000063640864450  0.00000067887504840  0.00000071970210240  0.00000076107652277
  0.00000080757541130  0.00000086047478521  0.00000091789942378  0.00000097435821139
  0.00000102997571314  0.00000109544988413  0.00000116689632045  0.00000123700094409
  0.00000130813893937  0.00000138310094317  0.00000146491302518  0.00000155774327335
  0.00000165430302224  0.00000174793747250  0.00000185651439490  0.00000196142772263
  0.00000207655603437  0.00000220528792225  0.00000232838543555  0.00000245432861096
  0.00000258992322540  0.00000273677668786  0.00000289555135543  0.00000309682557979
  0.00000330346088440  0.00000348518329769  0.00000367568030106  0.00000387573740056
  0.00000407876548755  0.00000432066734682  0.00000461330156240  0.00000491987679453
  0.00000528362650831  0.00000565933332156  0.00000602133655558  0.00000639524135130
  0.00000673709181363  0.00000715173365151  0.00000760617943744  0.00000810096673222
  0.00000862472010390  0.00000918520077584  0.00000975918745640  0.00001039500084013
  0.00001116992057548  0.00001208322991457  0.00001291315694819  0.00001373532069991
  0.00001453044988988  0.00001540449190743  0.00001637707003463  0.00001743206359529
  0.00001860892772848  0.00001992127614151  0.00002124395712988  0.00002255678832546
  0.00002418946449490  0.00002591512883820  0.00002824655999209  0.00003124862772317
  0.00003467799088713  0.00003846118093039  0.00004264069047143  0.00004719550061397
  0.00005228198276110  0.00005874541316408  0.00006540118422896  0.00007295816736367
  0.00008213022561928  0.00009293410758269  0.00010542442075666  0.00011909529158546
  0.00013558878569280  0.00015527936201571  0.00017824464926441  0.00020295091798469
  0.00023200437059134  0.00026777750618953  0.00032561743813216  0.00040760798115681
  0.00050636956704659  0.00065865199206093  0.00094110215812602  0.00165920104116700
  0.00261937858872267  0.00527168697765210  0.23072325063524862  1.00000000000000000
  0.00000556165703682  0.00000577280995829  0.00000603999988200  0.00000638636587847
  0.00000678182546187  0.00000722809242704  0.00000758876341985  0.00000792878172139
  0.00000829637000394  0.00000875489894570  0.00000936673817197  0.00000991914490367
  0.00001045053668241  0.00001098298536231  0.00001161092962090  0.00001235233774801
  0.00001313481997876  0.00001388092328522  0.00001467036162371  0.00001550992821049
  0.00001645197725060  0.00001739474052610  0.00001835257739406  0.00001939860309696
  0.00002068063356818  0.00002203817684163  0.00002340820870517  0.00002488026807376
  0.00002640824359461  0.00002800166822577  0.00002965651897384  0.00003138658271970
  0.00003333374004891  0.00003546331406995  0.00003769302929715  0.00003989196684742
  0.00004193600709533  0.00004411128835914  0.00004642893451981  0.00004886770146326
  0.00005140523494981  0.00005398076188971  0.00005651338005399  0.00005921517299395
  0.00006289850525045  0.00006706197373830  0.00007088471337370  0.00007502154972181
  0.00007969176447967  0.00008467891600276  0.00008987621274054  0.00009523875182955
  0.00010062086862781  0.00010621017953259  0.00011108446617471  0.00011655756197399
  0.00012258719168484  0.00012869778089270  0.00013466078322654  0.00014106317077642
  0.00014773197932965  0.00015500039300583  0.00016395110556339  0.00017465427022640
  0.00018604102876517  0.00019675683403531  0.00020675456418764  0.00021716283571441
  0.00022768415860768  0.00023941443521689  0.00025187009980210  0.00026589173094201
  0.00028077084629162  0.00029644360522669  0.00031307556743185  0.00033117997270420
  0.00035262910845629  0.00037988833233727  0.00041290679814155  0.00045192300861288
  0.00049639187036183  0.00054662451470978  0.00060521167638541  0.00067371350321589
  0.00075846354940454  0.00089107287176899  0.00105947523385452  0.00126112982936582
  0.00149842602604493  0.00180752214238281  0.00243510730658126  0.00351618334002756
  0.00552526820771419  0.00991850497120266  0.31913954245236975  1.00000000000000000
 -0.00000377755719946  0.00016601206379069  0.00081312752628864  0.00194398431431664
  0.00370356343818144  0.00604597487271548  0.00823237042345393  0.01126038963308834
  0.01488612578177838  0.01863477328233854  0.02290382776823569  0.02755879042123318
  0.03238271976801377  0.03798419497450275  0.04401952844728973  0.04872607831354910
  0.05381065448943148  0.05928390472976593  0.06457589182824233  0.07160052314138413
  0.07866975753865582  0.08566992595522835  0.09267361576677818  0.10042203882766725
  0.10898658525627096  0.11734879949403733  0.12479314869568876  0.13248333229150347
  0.14090395338904893  0.15112536002709465  0.16193425996787111  0.17270158800911758
  0.18336588378855931  0.19430424174166408  0.20670539066438146  0.21961133426790150
  0.23111166370520478  0.24206054592494936  0.25398133780778104  0.26634472131684839
  0.27877773562020347  0.29113347389936134  0.30340963372392460  0.31571027842984595
  0.32749540533478100  0.33897738433642322  0.35138644948177383  0.36280635424077778
  0.37383195040028971  0.38510145456403128  0.39597504289203639  0.40612190586052982
  0.41655853629347050  0.42808364224076717  0.44008420761629174  0.45252496925888636
  0.46430920091910360  0.47553117026992109  0.48664740265727841  0.49687543007361401
  0.50781042340528471  0.51939873970728456  0.53102255600762072  0.54430668495590828
  0.55728255129548099  0.56975263253779951  0.58256937103405471  0.59567883733465810
  0.60884320892086752  0.62187635928984786  0.63497662278968603  0.64770686932457955
  0.66014357589914963  0.67226895482446747  0.68376194862482331  0.69450417698604161
  0.70512894484681898  0.71609995614640332  0.72798156516027590  0.74107312277127368
  0.75513509658158795  0.77146871449416932  0.78781722541880517  0.80410808628369967
  0.82050948428044912  0.83706305011994731  0.85350813496465305  0.86923564778988582
  0.88481679326002061  0.90122409156613625  0.91781752103739245  0.93413599808759196
  0.94990369965887433  0.96662116385193764  0.98334928536976829  1.00000000000000000
 -0.00228982524713080  0.01136467801954220  0.02211302615703062  0.03155322955277318
  0.03966451790782304  0.04673874060641681  0.05344902792178162  0.06050936941676072
  0.06856972602978331  0.07814316372211488  0.08749392470739693  0.09615450822327384
  0.10549169071246406  0.11905342178120952  0.13626728169676944  0.15288112346832050
  0.16783637704821081  0.18160109884650788  0.19445692026996059  0.20464034357451741
  0.21636794157737058  0.22659688005742562  0.23576218365740029  0.24495860935236077
  0.25432872823963515  0.26383566324346813  0.27323602613169146  0.28309325294281723
  0.29429977396314055  0.30386732054693966  0.31377053043904091  0.32311705545213487
  0.33313440246650339  0.34354372558479646  0.35386124820119347  0.36349890934850554
  0.37296921279651662  0.38321993590306591  0.39456216243937303  0.40651961437913375
  0.41852420277958990  0.43084260791268147  0.44256903676965864  0.45322370136928863
  0.46349544936227804  0.47466940661616602  0.48784530286646943  0.50191349833945964
  0.51551951548799424  0.52775843300179892  0.53561770003628206  0.54269704005865360
  0.54980949212024099  0.55801168666494139  0.56839661523359997  0.57812823844357297
  0.58747369387400350  0.59836785730139663  0.60886935191992508  0.61945166002776042
  0.62983567761082559  0.64116984799047672  0.65255078934219735  0.66384391421196032
  0.67436456825121494  0.68478672990776190  0.69526740002504939  0.70492860996465156
  0.71508761847195124  0.72561256509553096  0.73693771207266634  0.74924429945005688
  0.76111624668473532  0.77226515821238739  0.78295863772342666  0.79385931221553363
  0.80557460734501762  0.81757587719273428  0.82913716180084063  0.83996119842782624
  0.84971709455135358  0.85975012591549937  0.87071498081185661  0.88040448301157459
  0.88908562506367006  0.89757342811551322  0.90705138942054309  0.91681575359832723
  0.92675133775611018  0.93705301742991698  0.94706924557837535  0.95677489256440706
  0.96644701621875317  0.97608257045152169  0.98714950385441103  1.00000000000000000
 -0.00087199354780786  0.00546508530408936  0.00992413596953302  0.01411286584449863
  0.01858661588279470  0.02338629807271665  0.02900247505949751  0.03537998137150966
  0.04261050844119397  0.05021941277838639  0.05751270900064879  0.06468733134491615
  0.07241556410691943  0.08021765661461266  0.08839072851841188  0.09620667177928677
  0.10366009366526120  0.11015638683731593  0.11628936791277164  0.12167924661436011
  0.12798673087533738  0.13457943476550924  0.14180118503099526  0.15145811822777122
  0.16106062511524297  0.16956448675091029  0.17726472704873414  0.18479701647610514
  0.19250722733436465  0.19995307516635341  0.20780948250667816  0.21681517509597120
  0.22540890629682411  0.23491127079981095  0.24536368289862048  0.25534900947860867
  0.26430164216749408  0.27257114946200856  0.28017883216725192  0.28773314245032283
  0.29582591267821434  0.30560534782836285  0.31642487537268738  0.32679450873762045
  0.33648245368148738  0.34591265028303714  0.35563394556292016  0.36580771532588313
  0.37575405113925275  0.38549428787291834  0.39553796256173029  0.40550536030195761
  0.41509962451596411  0.42504924454580528  0.43571349902689493  0.44689677250690318
  0.45849367782290490  0.46775931724823655  0.47677469901084807  0.48622661110581139
  0.49637585494086922  0.50745316220870162  0.51858432203109073  0.52920953588855713
  0.53963613061157556  0.55026249150927398  0.56119068528179838  0.57232239336291357
  0.58410610849540612  0.59595898859327034  0.60729570004965239  0.61764768778399604
  0.62828128694187080  0.63958940910039275  0.65155710408586132  0.66372542896326292
  0.67575805345690754  0.68793309456212626  0.70094265365352559  0.71709662647770245
  0.73412156024584629  0.75316234523373138  0.76939242294970134  0.78563680717230167
  0.80209429353889583  0.81756162948828470  0.83126063782330950  0.84524866069027316
  0.86153550237558107  0.88110947503405146  0.90311651559331074  0.92494270744513152
  0.94321904026736214  0.96174824442155116  0.98108244744821249  1.00000000000000000
 -0.00322122864509929  0.00886452633965331  0.01814828467594828  0.02576901934428395
  0.03503293691319363  0.04474704060585904  0.05474770198337057  0.06396464727251455
  0.07331477510140266  0.08296325523761419  0.09396978358506704  0.10501388680044944
  0.11568647355516688  0.12607413037769652  0.13725831352889661  0.14905110318273013
  0.15999478979927284  0.17071250689354442  0.18208465896607010  0.19213371802586773
  0.20334034968070322  0.21544426517717052  0.22739687091422545  0.23798719448389710
  0.24776631577173430  0.25713502102608915  0.26666755927922481  0.27661131372304354
  0.28795411521382341  0.29989185183552564  0.31140052595914380  0.32243373970499933
  0.33244721405957861  0.34202473974242809  0.35171111977086661  0.36039599041442755
  0.37018572093762225  0.38139754841059659  0.39346779555990918  0.40438287965182962
  0.41550410272887017  0.42797063409698760  0.43943721252988599  0.45078259915565833
  0.46092195917692630  0.47088727673403630  0.48057765623934268  0.49293183340681157
  0.50341899359449027  0.51343941947479432  0.52296558271284266  0.53585029508564941
  0.55159348377532014  0.56777681687323900  0.58253035050288771  0.59483754263396371
  0.60643788765869444  0.61850584152356369  0.63079676505874027  0.64267523306600094
  0.65426373641790070  0.66459731934276123  0.67349633129768771  0.68156097997506671
  0.68929188330775870  0.69795409074144354  0.70888479748567768  0.71970493204883412
  0.73014342340061622  0.74126948055418629  0.75331666355873361  0.76380790030545298
  0.77369267031499456  0.78379446507370187  0.79370581403590335  0.80398887805297381
  0.81509865254102465  0.82707687488625992  0.83970079858505120  0.85265161857933525
  0.86546612040330373  0.87752553528103139  0.88943971657955279  0.90101060705875669
  0.91144960364547911  0.92061065790287211  0.92955307700998402  0.93756976324952523
  0.94526960731373377  0.95428336222751875  0.96250812860664425  0.97029440628095387
  0.97731173197155996  0.98504217481940171  0.99243347269943494  1.00000000000000000
 -0.00141842767549607  0.00223269107128864  0.00635058385126973  0.01108535072916589
  0.01543729684936770  0.02045650894561544  0.02656632013871191  0.03414918748565964
  0.04279066784456138  0.05217019376156432  0.06196655988634055  0.07328040402219078
  0.08486692889328723  0.09736202486029419  0.11068855059356332  0.12578558690806785
  0.14160501921774540  0.15616983432269588  0.16997988286600008  0.18403593781338848
  0.19940112415168601  0.21489097729814333  0.22928567635139852  0.24218372196507221
  0.25504630068560630  0.26861681296013934  0.28401967663537991  0.29860626307366350
  0.31328474735533424  0.32766251929623424  0.34203120989416647  0.35612056329014008
  0.36846057762660195  0.38042002496265714  0.39407639950621248  0.40812010632035151
  0.42094171941097575  0.43343227684892593  0.44593243649001008  0.45813275709686851
  0.47056752121513490  0.48334942968461880  0.49831525714194269  0.51160613615480433
  0.52414510324185959  0.53682025591455185  0.54889444246014085  0.56055494988187549
  0.57203997783254934  0.58318051995121478  0.59404001405069284  0.60414727049849892
  0.61452458851657632  0.62485732091220580  0.63435696737554559  0.64304536977716686
  0.65111951706663962  0.65858685738842437  0.66653730248309151  0.67556957977325216
  0.68579016722343478  0.69774598738754623  0.70829913120869281  0.71826133746284193
  0.72767174645175237  0.73667377995867678  0.74595141446293578  0.75546766562270429
  0.76458357118516029  0.77213943313461109  0.77951542822520159  0.78633579849362123
  0.79511743052633732  0.80199774623229603  0.80841394075285755  0.81383815847013818
  0.81957305745671882  0.82559799308241366  0.83215858972564638  0.83914624185768205
  0.84708115392299121  0.85379254771929503  0.86038381954694942  0.86634434976781272
  0.87241640932858400  0.87897034107409544  0.88622804530686949  0.89435414344642972
  0.90183371506322985  0.90944158227915395  0.91766769910214152  0.92746299615601446
  0.94083840033403521  0.95657677466943269  0.97594775183315097  1.00000000000000000
 -0.00229232889447198  0.00671802707045057  0.01536546908470713  0.02403616762354041
  0.03320490634728049  0.04379927376326492  0.05572565261442967  0.06623561792602581
  0.07598942714554152  0.08600041983916426  0.09706083226480054  0.10958878287739501
  0.12224041836149968  0.13603015173188746  0.15056585932142383  0.16237442813092029
  0.17348874943280360  0.18477281839583881  0.19666876923299098  0.20859294954051028
  0.22215418689811295  0.23384865243328082  0.24651058026654582  0.25928699164395230
  0.27261905131245973  0.28565792077915064  0.29776680260119187  0.30928845489262985
  0.32072363786830987  0.33294249399912851  0.34457841102861642  0.35816879503227178
  0.36891552269523886  0.37946794108334997  0.38955920126637367  0.40000328027409632
  0.41094098506746618  0.42181402054835648  0.43219412306667149  0.44127811947347811
  0.44972154636840084  0.45830552828879861  0.46729857866006824  0.47656184470902058
  0.48580318408366119  0.49527807089887765  0.50536536661376108  0.51668472826014633
  0.52817227554308266  0.53949552858389394  0.54764280841635138  0.55530603173974535
  0.56426237175369653  0.57468043628097243  0.58461922980594261  0.59387322273114729
  0.60258686379780457  0.61024685101768461  0.61768930112683540  0.62460464364152291
  0.63212172126952948  0.64028331651385495  0.64929477595961560  0.65849190246885059
  0.66667616010477837  0.67478576915291699  0.68325745508254354  0.69385678483867252
  0.70570878558221606  0.71843182502277914  0.73129468520831709  0.74179689585043029
  0.75216290308658962  0.76153066311891282  0.77064059963134268  0.77920017960246968
  0.78789397020209861  0.79895873870487155  0.81091815722926275  0.82225606472327628
  0.83343585706618495  0.84523003553012965  0.85692317719131583  0.86743595507557469
  0.87785388637249340  0.88836939092857403  0.90015280181598711  0.91287724585276320
  0.92475525931308566  0.93611826579458091  0.94794233005450335  0.95963874331318855
  0.96912739837861839  0.97927542037761128  0.98969781177568772  1.00000000000000000
  0.09603662880986477  0.32233884259791451  0.34311342962945685  0.35639139767696915
  0.37076710834370485  0.38179709367232390  0.39060302499653854  0.40359132788445978
  0.41679313612411978  0.42832944094221770  0.43868250157118244  0.44700815426001761
  0.45620981289707491  0.46711167856158392  0.47758372155239309  0.48604565175798009
  0.49520130359003239  0.50521787182928679  0.51615234208665695  0.52773192054232887
  0.53783523909619535  0.54749102731609078  0.55853454609151976  0.57009492890036439
  0.58173016825090251  0.59350592488954679  0.60620352488665152  0.61637606027210834
  0.62582325985832121  0.63380143700471903  0.64185992883597687  0.64845187841772334
  0.65477029248035890  0.66127592420762760  0.66827364606207906  0.67589997618868758
  0.68366124254932192  0.69221368037431985  0.69961434694863411  0.70664572927883107
  0.71347496533459631  0.72055423135744767  0.72798564933089516  0.73539404155612720
  0.74304370349613480  0.74856356425781001  0.75430950262853236  0.75963559381249601
  0.76497937071927036  0.77037352859372310  0.77556171611332503  0.78017348182946733
  0.78459272881886100  0.78914054173710912  0.79374936114876482  0.79811645923394403
  0.80293492834918645  0.80724435632819691  0.81107804256855476  0.81463135155603716
  0.81796398875181620  0.82121125540872164  0.82466048341487996  0.82870966327769735
  0.83277473056927864  0.83653500668602254  0.84007478806036284  0.84359846110384362
  0.84731196113676777  0.85130746903105181  0.85560553947115559  0.85998734216678330
  0.86404998705784386  0.86828836873842341  0.87247865459967855  0.87698931662297885
  0.88163968098465728  0.88621794833627021  0.89077321183776770  0.89513186167632985
  0.89940661879594530  0.90393336954754744  0.90847804260200482  0.91295359189479608
  0.91793125750275739  0.92354844698737282  0.92912910049928799  0.93467453344602558
  0.94032838885653180  0.94606643095881093  0.95193187465576456  0.95807436661702539
  0.96495553485036611  0.97389154714456949  0.98566915528142496  1.00000000000000000
 -0.00849401505319914  0.06012686179352965  0.08930759621754894  0.10744701151590318
  0.11895079289660972  0.12827884516302404  0.13629325286714647  0.14535463357384137
  0.15471578173807068  0.16309251483185530  0.17036705302118496  0.17620337712855902
  0.18233259868131002  0.18847014356794317  0.19503663859573969  0.20197955068112378
  0.20897712325810000  0.21579024576540104  0.22200113783994357  0.22731355994336125
  0.23230639365856448  0.23759331706771178  0.24315950243687523  0.24840975190425832
  0.25307854447886668  0.25754782277815663  0.26205615510189451  0.26691018980411274
  0.27282104089084497  0.27899985208794204  0.28538365299325047  0.29195684807998534
  0.29862479337526171  0.30482126334965454  0.31037275382283502  0.31547652343461347
  0.32019285428885796  0.32479880804513717  0.32944754759117451  0.33409895160396147
  0.33888513480126098  0.34463754614072922  0.35083624344245629  0.35692820976963946
  0.36161755695865266  0.36597531495232088  0.37027881443283200  0.37464007568909402
  0.37942787492905333  0.38593927302545028  0.39277297922371057  0.39968109596021972
  0.40635706924794496  0.41298135675836289  0.41915729222058173  0.42564474758919557
  0.43227486242077873  0.43883174094192645  0.44619482074899919  0.45340707137384834
  0.45917166702942536  0.46494383767434372  0.47072018427462581  0.47697152132052784
  0.48484312678554070  0.49234077765102513  0.49911631876170187  0.50511304767792398
  0.51085793620498965  0.51717626807493278  0.52463205851016648  0.53277716496548189
  0.54042514557133681  0.54911691518710470  0.55685140696488411  0.56433143196043389
  0.57265822594495119  0.58082855549392487  0.59030606918195849  0.60049069415622791
  0.61005909129023816  0.62169908130413265  0.63444387094522170  0.64649649640675899
  0.65926594896666346  0.67147416201039201  0.68390188535831020  0.69636670268174561
  0.71023528317307316  0.72828619468029943  0.74872837747678445  0.77088265444187953
  0.79493149724612511  0.82521611097232050  0.86913635855723292  1.00000000000000000
   7.7532213884576805E-004  -1.0000000000000000     
 F F F F F F F F F F F F F F F F F F F F F F F F F F F F F F F F F F F F F F F F F F F F F F F F F F F F F F F F F F F F F F F F F F F F F F F F F F F F F F F F F F F F F F F F F F F F F F F F F F F F F F F F F F F F F F F F F F F F F F F F F F F F F F F F
  <DiscreteSampler_grid>
  grouped_processes
  1 # 1 for a reference and 2 for a running grid.
  10 # Attribute 'min_bin_probing_points' of the grid.
  1 # Attribute 'grid_mode' of the grid. 1=='default',2=='initialization'
  0.0000000000000000 # Attribute 'small_contrib_threshold' of the grid.
  0.5000000000000000 # Attribute 'damping_power' of the grid.
 # binID   n_entries weight   weight_sqr   abs_weight
    13   10   1.015447142984676E+003   8.018707846636383E+006   1.015447142984676E+003
    14   10   1.015447142984677E+003   8.018707846636404E+006   1.015447142984677E+003
    16   10   9.965444483968164E+002   7.669895305666459E+006   9.965444483968164E+002
    17   10   9.965444483968179E+002   7.669895305666481E+006   9.965444483968179E+002
  </DiscreteSampler_grid>
