 -0.00186280418751334  0.00972519149407320  0.01991583857442730  0.03044155439106710
  0.04098601438065903  0.05151595256426916  0.06204608454577863  0.07257525965137539
  0.08310622604015411  0.09364404331527271  0.10417840061624592  0.11471508246747168
  0.12525095967540345  0.13578696736003198  0.14632694433933707  0.15686940637902147
  0.16741172872831134  0.17795379501274586  0.18849492042866806  0.19903960422137737
  0.20957598113808559  0.22010718265368451  0.23063869595908565  0.24117444345817141
  0.25171447006780567  0.26225497248318358  0.27278922490921037  0.28331556937801855
  0.29384247714986694  0.30437590359725292  0.31491581112723105  0.32545429176521951
  0.33599289420660600  0.34652369083190587  0.35704929945770691  0.36757564036702173
  0.37809537027942208  0.38862016795066451  0.39915113347839315  0.40969749511166698
  0.42024483132795010  0.43079235676420813  0.44133442103530407  0.45187522615038589
  0.46241378028925084  0.47295946245856324  0.48350599755127666  0.49405431437962594
  0.50460080109359051  0.51514605671798686  0.52569146935400679  0.53623140756016274
  0.54677167629645340  0.55730240346095572  0.56783324228281917  0.57836413637962103
  0.58890449835706915  0.59944871334853467  0.60999302540844513  0.62053347196481212
  0.63107372445880661  0.64160947174523275  0.65214429375570915  0.66268144426606401
  0.67322260811378209  0.68376880680663332  0.69431465909566858  0.70486083707543468
  0.71540672234364533  0.72595395017579456  0.73649871331211492  0.74704387614612577
  0.75758932780243415  0.76813944993571248  0.77868156412198997  0.78922381270444031
  0.79976541449041982  0.81031104390660469  0.82084329030224257  0.83137594093587808
  0.84190528703781464  0.85244709098638338  0.86298343159707824  0.87352355291226136
  0.88406099759060164  0.89460332265897113  0.90514795943141213  0.91569158467363798
  0.92621972327619595  0.93675007423190226  0.94728156416724829  0.95782813119918198
  0.96837163684730299  0.97891677206863648  0.98945871588565693  1.00000000000000000
 -0.00236905927407126  0.00955783923827514  0.01972142525348661  0.03024535196026146
  0.04079409458734475  0.05133520569898936  0.06187020510747007  0.07240494957179865
  0.08294415616259425  0.09348788735776918  0.10402860013058893  0.11456696527514657
  0.12510288118521765  0.13563982096329033  0.14618147589657901  0.15672633443146575
  0.16726766880141336  0.17780537398441076  0.18834255809499278  0.19888217809452122
  0.20942572068911491  0.21997161064177465  0.23051311838748920  0.24105414143366802
  0.25159162589595502  0.26213423156829324  0.27267760030829008  0.28321821056281704
  0.29376093778190415  0.30429894199470719  0.31484204652166753  0.32538303021240833
  0.33592840247642797  0.34647321359760924  0.35701934380600214  0.36756524041137906
  0.37811225572935719  0.38865780433225422  0.39920468455714225  0.40973327724675390
  0.42026456143693652  0.43079311767886680  0.44133878708547791  0.45188192671242527
  0.46242793434610902  0.47296439940043278  0.48350030567378000  0.49403591614399922
  0.50458260599782301  0.51512312105493618  0.52566466635198661  0.53620092122877228
  0.54674197261016277  0.55727874168249381  0.56780753057814215  0.57834018733004855
  0.58887639154584259  0.59942197541123243  0.60996666429448321  0.62050144887869696
  0.63103827323813200  0.64157079487978796  0.65210927634597393  0.66264594488808104
  0.67318726254284911  0.68373335766398513  0.69427808241991418  0.70482315112973892
  0.71536626966979666  0.72591442044069210  0.73646193397185877  0.74700740027088242
  0.75755158331294215  0.76809612534002447  0.77864272980873095  0.78918791776916097
  0.79973188687919894  0.81027605951395332  0.82082254569156954  0.83136999568407821
  0.84191852608373485  0.85246385652311718  0.86300826709103196  0.87354894058590671
  0.88408441214365729  0.89462028062052823  0.90514890867860731  0.91568220949634582
  0.92621558306577034  0.93675736613614513  0.94730186508923109  0.95784658581116999
  0.96838233216015257  0.97891871507170181  0.98945411754836865  1.00000000000000000
   2.5644365996827338E-008  -1.0000000000000000     
 F F F F F F F F
  <DiscreteSampler_grid>
  grouped_processes
  1 # 1 for a reference and 2 for a running grid.
  10 # Attribute 'min_bin_probing_points' of the grid.
  1 # Attribute 'grid_mode' of the grid. 1=='default',2=='initialization'
  0.0000000000000000 # Attribute 'small_contrib_threshold' of the grid.
  0.5000000000000000 # Attribute 'damping_power' of the grid.
 # binID   n_entries weight   weight_sqr   abs_weight
    10   10   1.322623097372511E+010   1.749331857703254E+020   1.322623097372511E+010
  </DiscreteSampler_grid>
