  0.00000044626911220  0.00000046850445807  0.00000049687423907  0.00000052386823425
  0.00000054983469306  0.00000057609679580  0.00000060872833892  0.00000063459498902
  0.00000066049372936  0.00000068692456728  0.00000071509816030  0.00000074727516358
  0.00000078176404499  0.00000081672507720  0.00000085088020522  0.00000088702825742
  0.00000092804480320  0.00000097049441968  0.00000101493268149  0.00000106034416932
  0.00000110424684518  0.00000114676642773  0.00000119007091701  0.00000123099945239
  0.00000127255742581  0.00000131343913941  0.00000135870631464  0.00000141085712430
  0.00000146969021378  0.00000152623212426  0.00000157767480616  0.00000162053715117
  0.00000166161114364  0.00000170876471211  0.00000177047667599  0.00000186646786646
  0.00000196943744822  0.00000206819205090  0.00000216387384529  0.00000226172425793
  0.00000236326818338  0.00000246780956542  0.00000258836193421  0.00000272316097939
  0.00000287547105405  0.00000300789147650  0.00000313199165293  0.00000326083242406
  0.00000338716807271  0.00000351478212295  0.00000366832374360  0.00000382905232969
  0.00000396633870005  0.00000409968921229  0.00000426383529562  0.00000444098599507
  0.00000462283287070  0.00000482457417894  0.00000503061204456  0.00000521897701984
  0.00000545334239545  0.00000572408663505  0.00000609543987559  0.00000654869304876
  0.00000701478952312  0.00000746715889272  0.00000792543948915  0.00000847434751259
  0.00000915716957964  0.00001004876243560  0.00001108245653689  0.00001195477160555
  0.00001268969309699  0.00001349632921148  0.00001430708608466  0.00001507607208175
  0.00001627861733073  0.00001762666492003  0.00001924571572295  0.00002118360171404
  0.00002329980616952  0.00002575418755381  0.00002866573403712  0.00003239063471200
  0.00003691223475539  0.00004331080978385  0.00005182839535162  0.00006116902504449
  0.00007348179981474  0.00009211998054836  0.00012054549564696  0.00016968201710257
  0.00028175919790359  0.00074427852745281  0.15948849891577271  1.00000000000000000
  0.00000801777625479  0.00000928287933234  0.00001049078971291  0.00001159495677813
  0.00001249399512163  0.00001327973207140  0.00001405534149284  0.00001495979845820
  0.00001569247092590  0.00001621132262199  0.00001673359083649  0.00001730108165437
  0.00001787111526137  0.00001846826498449  0.00001912275244932  0.00002065321577066
  0.00002253686563316  0.00002457808153837  0.00002634975351505  0.00002852905018059
  0.00003099269199752  0.00003387986110294  0.00003651860461175  0.00003947769535833
  0.00004250619471267  0.00004562622318920  0.00004883549066967  0.00005150341598755
  0.00005408702223862  0.00005689983685531  0.00005978330516512  0.00006183383393207
  0.00006383269056062  0.00006586899429091  0.00006770583062096  0.00006948166037155
  0.00007250303130862  0.00007538437672333  0.00007754200452708  0.00007974978809565
  0.00008222321899653  0.00008451292902008  0.00008676974796555  0.00008910924346829
  0.00009169376385201  0.00009414859265283  0.00009667767460142  0.00009900504895223
  0.00010148077890250  0.00010417375060229  0.00010730944151417  0.00011077992199224
  0.00011434466188342  0.00011784508598543  0.00012129703972910  0.00012488930433849
  0.00012875039708348  0.00013274218146683  0.00013674162925027  0.00014089442519141
  0.00014545404814916  0.00015014489418740  0.00015470953307008  0.00015928485146369
  0.00016429898822234  0.00016965099470715  0.00017578526849049  0.00018399908216522
  0.00019427721560310  0.00020345023981037  0.00021016854835013  0.00021745846608234
  0.00022505517077459  0.00023350132886291  0.00024426097834307  0.00025982834059826
  0.00028038731194167  0.00030098898398833  0.00032402013611082  0.00034981005471086
  0.00038177801067851  0.00041867944634838  0.00046451435826885  0.00052355784289597
  0.00060084679010606  0.00070286075085949  0.00084655153330048  0.00104977736904199
  0.00129356825657949  0.00161961167746006  0.00205059722071779  0.00281061267034806
  0.00550671642146960  0.15669589694429525  0.70012111520396170  1.00000000000000000
  0.00000017687712374  0.00000044300314680  0.00000071200663112  0.00000110756912029
  0.00000154509561144  0.00000218375726612  0.00000293955136971  0.00000374976383063
  0.00000484004702332  0.00000612313459356  0.00000754098724978  0.00000897663927064
  0.00001039458026469  0.00001197122409904  0.00001362879875974  0.00001542107945340
  0.00001747314588790  0.00001958096759357  0.00002147559796446  0.00002320582224089
  0.00002545453090039  0.00002842569115451  0.00003221550528039  0.00003619539927291
  0.00004070413874942  0.00004583622391661  0.00005084578086128  0.00005603014989729
  0.00006275045597982  0.00007012040210464  0.00007731094071079  0.00008416893762805
  0.00009154023410078  0.00010077582931308  0.00011227856392519  0.00012459346629524
  0.00013772254649610  0.00015114734784966  0.00016670820176021  0.00018511468150412
  0.00020700523178154  0.00023025136261131  0.00025573482892603  0.00028467849509113
  0.00031799213561037  0.00035503846728615  0.00039709261098109  0.00044500277259169
  0.00050379943632878  0.00056717732520747  0.00062686679463552  0.00068363045575797
  0.00074774323347994  0.00081415966088689  0.00087595425389277  0.00093100092508232
  0.00100030840372824  0.00107677380653328  0.00114040910794958  0.00120833827348489
  0.00128117868431220  0.00134239211896746  0.00139895234626213  0.00145966712989392
  0.00153117664951562  0.00163643403090435  0.00174805525144156  0.00183742365480593
  0.00192327346524579  0.00200343604971807  0.00208433404091838  0.00217078246829181
  0.00226336868723113  0.00239321383273684  0.00259632815557200  0.00281627015031092
  0.00308397444684386  0.00341092051158669  0.00375665699405458  0.00417477017134844
  0.00447831396242477  0.00470137885445405  0.00492529160152033  0.00515482166195020
  0.00538435172238008  0.00563139320615259  0.00588921774068130  0.00620001821448080
  0.00681437903055678  0.00736376671137805  0.00803394120122698  0.00888326498606229
  0.01029013032511278  0.02576649351381266  0.19281025007850128  1.00000000000000000
 -0.00279166535988650  0.01103151545169633  0.02417296773669702  0.03757532827025704
  0.05092206202907576  0.06443958536774418  0.07819674225522029  0.08914161203941144
  0.10005014805089558  0.11187141485524396  0.12559643639130369  0.13987208711337334
  0.15319717355593265  0.16440282294895428  0.17354661840694055  0.18199405437809477
  0.19023993087733987  0.19988780194820011  0.21040424265176569  0.22179778041358436
  0.23261087263149788  0.24318222438419021  0.25299306977829095  0.26295523500598333
  0.27285160974888018  0.28360283175866829  0.29463871830700544  0.30581255654647826
  0.31817414847302694  0.33238777934918007  0.34672594745897251  0.35850408746454759
  0.36910857674626008  0.37885805074363571  0.38850122314100161  0.39749896465295692
  0.40708793086340239  0.41886098715715259  0.43067977664657459  0.44226085789071107
  0.45406092736443077  0.46520439970956351  0.47518295339322253  0.48392876974970234
  0.49321184183871480  0.50301822069484636  0.51309128680414107  0.52365525370028898
  0.53431051860205891  0.54499939688827881  0.55569710585986121  0.56661565791048352
  0.57722768212831110  0.58612287607685765  0.59512430902960967  0.60421942675723117
  0.61456548900525931  0.62385156072015191  0.63205231977025023  0.64076221192983984
  0.64963932364704369  0.65823495881181782  0.66763424693714124  0.67727313752723495
  0.68795604989974668  0.70009048078479585  0.71182012813595708  0.72178635875608410
  0.73216585522761801  0.74066356795595689  0.74963039820189858  0.75709964170598509
  0.76362429878515037  0.77029452393345943  0.77713305402248378  0.78463794506237461
  0.79504364401769445  0.80792959312435397  0.82233099075500737  0.83624280236554482
  0.84822225018595443  0.85713608746240144  0.86629087197555621  0.87535398865278768
  0.88319697996635149  0.89044779398613783  0.89736680003834512  0.90144780599892138
  0.90922160126609064  0.91729967717480210  0.92515792750854364  0.93585150450484778
  0.95074440455800091  0.96658637639973188  0.98262673303979586  1.00000000000000000
 -0.00260943529480990  0.01032048850065483  0.02165869464999878  0.03475552923889566
  0.04951441060176098  0.06247681476847097  0.07433604827537307  0.08389851210124508
  0.09391810610153825  0.10411280899607468  0.11400134422902895  0.12410089717422450
  0.13478088839484154  0.14624884012648723  0.15769477950223679  0.16870699746838827
  0.18038950874631310  0.19260708165524293  0.20426389992170599  0.21506821029043616
  0.22589389163375390  0.23704835314874007  0.25025065081722075  0.26279664199376657
  0.27521822089017262  0.28828518333070779  0.30196411162060016  0.31647340618474495
  0.33006808368594220  0.34065949747104168  0.34933377625907358  0.35724715066459084
  0.36571267809364028  0.37259912093850472  0.38025636372568544  0.38798879033884465
  0.39529270515244819  0.40687975914629237  0.42039061167733249  0.43733014041532398
  0.45144793620055740  0.46233336861646712  0.47112965257253214  0.48065576925354220
  0.49131232122232804  0.50129252187758677  0.51247747712885583  0.52271052924744532
  0.53258395784830082  0.54103515190202334  0.54998683908355928  0.56101306495584458
  0.57319969263397919  0.58474568460027743  0.59622934819003115  0.60735520737995086
  0.61671341289388237  0.62375342955293933  0.63012812975729970  0.63640226463120353
  0.64263239060255628  0.64902980139489241  0.65599888138083240  0.66597940891891882
  0.67745038522391154  0.68894594004196430  0.70019698401134067  0.71095686087052312
  0.72068195486683084  0.72978320641206984  0.73924272410402558  0.74908930957566844
  0.75855878648661612  0.76738345009507003  0.77769852384188387  0.78725370598648570
  0.79781691588324422  0.80941583889105539  0.82180408190021659  0.83058519305912226
  0.83959529629013718  0.84813556523851286  0.85499795323836414  0.86359282554713324
  0.87391676467274726  0.88568336813602799  0.90040871645055431  0.91466793749245201
  0.92740955572139472  0.93884243543173662  0.94935972292167925  0.95968148298368428
  0.96971128736888557  0.97928189305022451  0.98828188404850636  1.00000000000000000
 -0.00420070214145900  0.01447257524475271  0.02865153185553605  0.04033252770617483
  0.05170945750615124  0.06178118918249366  0.07015486114339213  0.07709438316034865
  0.08427723706117179  0.08953076983729724  0.09340385610028738  0.09986471360311555
  0.10743137063876500  0.11598267499376806  0.12580604990254932  0.13586297275656095
  0.14576025357103192  0.15638266542150295  0.16826195565515092  0.18034343605789174
  0.19161593760885193  0.20208484096813870  0.21237725216379852  0.22344324562568776
  0.23469127983489732  0.24666516780133432  0.25966251573481131  0.27251936111746583
  0.28438329230771997  0.29564308518099808  0.30764941576481608  0.32105513736486169
  0.33498418210225123  0.34835114408315448  0.36128140859606267  0.37361289366302114
  0.38483362885962402  0.39531677679339305  0.40632602552009872  0.41785981766257346
  0.42930758086626519  0.44045710036494090  0.45145285482537445  0.46298310149772287
  0.47592715131629021  0.48523237444959516  0.49347855577433136  0.50230494628906841
  0.51113480075923312  0.51876452344595247  0.52672063071001596  0.53712759407937427
  0.54862410932962757  0.55884690767942091  0.56751942450534332  0.57465599992198235
  0.58183625160568797  0.58965394418073958  0.60026200230165272  0.60959171254485045
  0.61840663011198549  0.62921646842573153  0.64171086856228698  0.65439879326497341
  0.66508923792855290  0.67553530820738372  0.68658064986758349  0.69914253945497096
  0.71169594423103089  0.72330558482171348  0.73342482385190133  0.74108269533500581
  0.74719471847195285  0.75306854040378601  0.75942642800120530  0.76741559536213766
  0.77588793424811553  0.78499581534064045  0.79531390993327888  0.80656235435602019
  0.81826012857224817  0.83187613815116046  0.84443496194490997  0.85707798723880158
  0.86833105566203728  0.88040949555314962  0.89258520476916725  0.90482824784059723
  0.91757437526105567  0.92922711002542380  0.93991804727373429  0.94988032119892207
  0.96013472359960972  0.97145611513660424  0.98413729994017540  1.00000000000000000
  0.00000005621497024  0.00000423130797816  0.00001449301787170  0.00002793610993140
  0.00004065172551495  0.00005341995894310  0.00006681324506920  0.00008172871697435
  0.00010883610084312  0.00014004140016438  0.00017076636921812  0.00020362975027434
  0.00023830343784444  0.00027399835696134  0.00031268608405470  0.00035289286692607
  0.00039405127268525  0.00043930903795857  0.00048614335246438  0.00053441599580166
  0.00058417205150800  0.00063362978861025  0.00067671199764911  0.00071881094907847
  0.00076148728328120  0.00080902455343058  0.00085284972750237  0.00089518687915489
  0.00093823420165619  0.00098124919676854  0.00102553972070990  0.00107272475560476
  0.00112259087543159  0.00117717919279188  0.00123580190556478  0.00130285145695908
  0.00136237564244502  0.00142972654964554  0.00149806790170563  0.00157191673266398
  0.00164144655197741  0.00170638964827549  0.00176913177879142  0.00183428181643233
  0.00190394521054334  0.00195992476666746  0.00201125946724198  0.00206669297705239
  0.00212342336318066  0.00217821442501661  0.00222995417885507  0.00230745331952102
  0.00239884102085679  0.00253787361050693  0.00271153043034950  0.00287112649485366
  0.00303166012785530  0.00319395709084827  0.00336003778767764  0.00355162227337811
  0.00379418840566759  0.00408649747133628  0.00433002236125174  0.00453468660365699
  0.00474602265234884  0.00501675237542009  0.00528818719190410  0.00541826104807369
  0.00551188957411298  0.00561143082271254  0.00571773395028539  0.00583347470948762
  0.00599295237246915  0.00615243003545067  0.00656924477889930  0.00705856787070916
  0.00747000849246697  0.00776971922967922  0.00803092946249923  0.00830717380955875
  0.00880245089984051  0.00942425238888765  0.01007117451061541  0.01083255535738088
  0.01184865519076411  0.01270481694203559  0.01370225304480550  0.01508681101658810
  0.01699185126105907  0.01854536070050417  0.02184145879283653  0.02424811567898136
  0.02973867882360232  0.03620737584765785  0.16545519587074720  1.00000000000000000
 -0.00029956109780594  0.00151200270989179  0.00370671694237740  0.00585510140706356
  0.00807338994657564  0.01072602915323851  0.01350630599961247  0.01644653610825161
  0.01954319690117709  0.02265040111234134  0.02560764447682413  0.02893485193026034
  0.03244060691163084  0.03583760348912722  0.03945870633726317  0.04366016643157741
  0.04849965901643517  0.05376243411045830  0.05829673222427100  0.06323923322060991
  0.06789767632818910  0.07187777665209091  0.07654540310489419  0.08148134031469205
  0.08640071508636434  0.09224275515301034  0.10012287579470565  0.10854126018936250
  0.11653369939398298  0.12441904280409975  0.13197436482634198  0.13985018279023265
  0.14858575400074550  0.15845356896059815  0.17103344418132080  0.18624046186073381
  0.20242479662522747  0.21859848253840200  0.23502141790921025  0.25298014915022904
  0.27063526830889073  0.28700551438143379  0.30505748582554049  0.32539580156237169
  0.34708528802637978  0.37347605234647469  0.40415238050770602  0.43197444407520652
  0.45909868434203399  0.48164180359848330  0.50335522673518840  0.53305201811159353
  0.56492974033997390  0.59309880813587790  0.61940140032702085  0.64510125182560729
  0.67243501648079329  0.69917739744351493  0.72419962311511454  0.74694124710099785
  0.76585226344080104  0.78505801053823643  0.80225931824696828  0.81674121543402600
  0.83036508828734723  0.84140154209896889  0.85250553039852628  0.86278558418230600
  0.87144373737490277  0.88013900369822406  0.88833110837563478  0.89670827539941200
  0.90487001417402735  0.91257380261216869  0.91994993027663885  0.92564399933340968
  0.93094069764609388  0.93598651511789521  0.94087554875884083  0.94692022594374659
  0.95353800579091996  0.95901299385355465  0.96401189085550709  0.96920193981878855
  0.97372801480918703  0.97648100771173996  0.97891326950376611  0.98107468286784649
  0.98316179993592934  0.98514368788766682  0.98718118462273663  0.98934514397884321
  0.99158853742617070  0.99391654990275169  0.99658182127315054  1.00000000000000000
  0.16909217120415612  0.18090134122583365  0.19321889708689474  0.20384052632506211
  0.20795739039079739  0.21953201835454650  0.24327206366002388  0.27051611073019360
  0.28611422200141984  0.30012305824351404  0.31717038260775693  0.32927231427123360
  0.33899877708123932  0.34832612068956109  0.35893329043971295  0.37032198425751989
  0.38214554276266216  0.39325137153458817  0.40354012040923443  0.41393879948035422
  0.42627862159233709  0.44011857215656730  0.45402564770367665  0.46767830196119470
  0.47995381827524575  0.49094191317011104  0.50206218698074656  0.51277453927514027
  0.52271590344560781  0.53183475928497936  0.54142352991844256  0.55200972637292700
  0.56276558436329749  0.57277154465869173  0.58280273530008020  0.59273688243798961
  0.60169629408365732  0.61008537257174333  0.61805250170797366  0.62604394086561299
  0.63360435938796922  0.64170270128937013  0.65048820734392498  0.65923549295087580
  0.66778724610620865  0.67616393240646522  0.68434924202926539  0.69195922784820174
  0.69919383781544187  0.70657011853661333  0.71347921866344266  0.72023707497828593
  0.72715510828621333  0.73403543619259992  0.74148982700612331  0.74956167692394948
  0.75825621050796865  0.76736187385187660  0.77636000442726949  0.78520444382666532
  0.79314754044323332  0.80023900375859480  0.80735162887652223  0.81487492360144487
  0.82296114921393948  0.83117699105050324  0.84041910614628090  0.84827363795197319
  0.85563188934911782  0.86320789794297437  0.87048332602008238  0.87697055995428341
  0.88323730167877412  0.88974013264310492  0.89601952001340124  0.90166264364468596
  0.90722412218563830  0.91289331864478263  0.91849337966436817  0.92425237377847036
  0.93022117800814208  0.93583935623720071  0.94062374023925921  0.94513555861063292
  0.94989081517265939  0.95426103669691087  0.95811867149415897  0.96210811799590812
  0.96636262982927057  0.97063143802853791  0.97457926670338246  0.97838932607190487
  0.98276984554850844  0.98792277828738129  0.99370876254115115  1.00000000000000000
 -0.02639745394603783  0.11649123301534417  0.15892385978540158  0.18524127799092310
  0.20672518850513338  0.22572605430397613  0.24588524168217191  0.26193765481985504
  0.27504773366942803  0.28628451451776094  0.29835619130838115  0.31218652302827710
  0.32596089223561592  0.33942477827160633  0.35214209545035297  0.36171123305663955
  0.36824262989179235  0.37428981245322557  0.38061044161478036  0.38755912040788038
  0.39390236261290884  0.40010319808549016  0.40690608071795570  0.41439110629913489
  0.42429031448124521  0.43364116605539160  0.44267554296023753  0.45140440847797558
  0.46031124195851331  0.47103078132461629  0.47966188557021761  0.48781149275252433
  0.49580771831712228  0.50500325894150855  0.51453975970557286  0.52353150887930688
  0.53160763299815694  0.53882969898970534  0.54554912422531676  0.55247031010012027
  0.55908448515629605  0.56415546682530959  0.56896544224947843  0.57360999005479996
  0.57842454852004677  0.58424702859697419  0.58980926323693783  0.59547184335845693
  0.60061588974106339  0.60600776870971285  0.61148269416985590  0.61667098963412659
  0.62176286603244979  0.62712631776852490  0.63337509224349098  0.63934675507135075
  0.64483624429070352  0.65070208240675120  0.65716586773621488  0.66425038675609460
  0.67111842711254455  0.67694540106707601  0.68248035638589011  0.68825048621569140
  0.69462719939798545  0.70146002164446575  0.70774296523695812  0.71240431119316527
  0.71654471910104733  0.72150073690594430  0.72681147017996384  0.73107864593485183
  0.73447477142906203  0.73694111592155065  0.73984135223699687  0.74315211295482375
  0.74697340575895599  0.75279088009769013  0.75846725573147511  0.76476763507820933
  0.77181197283878999  0.77928006910127057  0.78637047115012482  0.79315784819910118
  0.80043421840536932  0.80774405408754946  0.81607165495906431  0.82562663141865933
  0.83663969721833720  0.84647566381596118  0.85512644886177569  0.86520324255334269
  0.87941734349116119  0.89910135045325879  0.92548174261789606  1.00000000000000000
   1.0019137809563195E-003  -1.0000000000000000     
 F F F F F F F F F F F F F F F F F F F F F F F F F F F F F F F F F F F F F F F F F F F F F F F F F F F F F F F F F F F F F F F F F F F F F F F F F F F F F F F F F F F F F F F F F F F F F F F F F F F F F F F F F F F F F F F F F F F F F F F F F F F F F F F F
  <DiscreteSampler_grid>
  grouped_processes
  1 # 1 for a reference and 2 for a running grid.
  10 # Attribute 'min_bin_probing_points' of the grid.
  1 # Attribute 'grid_mode' of the grid. 1=='default',2=='initialization'
  0.0000000000000000 # Attribute 'small_contrib_threshold' of the grid.
  0.5000000000000000 # Attribute 'damping_power' of the grid.
 # binID   n_entries weight   weight_sqr   abs_weight
    28   10   4.914031425779569E+003   1.186508291893586E+008   4.914031425779569E+003
    31   10   1.248934000752849E+004   8.153561733891258E+008   1.248934000752849E+004
    32   10   1.248934000752849E+004   8.153561733891258E+008   1.248934000752849E+004
    34   10   4.916009688386113E+003   1.188586602840290E+008   4.916009688386113E+003
    37   10   1.179994926499257E+004   7.143678548312622E+008   1.179994926499257E+004
    38   10   1.179994926499258E+004   7.143678548312626E+008   1.179994926499258E+004
    43   10   1.196953380800559E+004   7.408348538367692E+008   1.196953380800559E+004
    44   10   1.196953380800560E+004   7.408348538367701E+008   1.196953380800560E+004
    46   10   1.180598974204521E+004   7.156511697581928E+008   1.180598974204521E+004
    47   10   1.180598974204521E+004   7.156511697581933E+008   1.180598974204521E+004
    52   10   4.914031425779569E+003   1.186508291893586E+008   4.914031425779569E+003
    58   10   4.916009688386111E+003   1.188586602840289E+008   4.916009688386111E+003
  </DiscreteSampler_grid>
