 -0.00223608214228140  0.00965516545925823  0.01984976525126924  0.03038272679195373
  0.04093011877978913  0.05147683196018057  0.06202489155368573  0.07257451853516828
  0.08311455024037193  0.09364831900912088  0.10418440462002923  0.11472852191352406
  0.12527711841471034  0.13582380335272209  0.14636896445434955  0.15691530453576522
  0.16745026367317714  0.17798848511750986  0.18852408958293632  0.19907124718437047
  0.20961645425965686  0.22016457284133487  0.23071183404896303  0.24125650207262209
  0.25179128457449862  0.26232571990627052  0.27285790956278844  0.28339392334174957
  0.29392349678163970  0.30445090774360106  0.31498097237005451  0.32552077620774200
  0.33606199863236652  0.34660607266980725  0.35714362301336189  0.36767984898440875
  0.37821664583980041  0.38875674261589671  0.39930057413274267  0.40984517791612646
  0.42038970726371994  0.43092181256065981  0.44145443286083191  0.45198799861092759
  0.46253253869511768  0.47307626284199811  0.48361613147456822  0.49415981883579285
  0.50470283161692397  0.51525220616681922  0.52580022655037906  0.53633782580480793
  0.54686579080970443  0.55739059581745165  0.56791609930133624  0.57843749989604587
  0.58896702076909202  0.59950623279992254  0.61005502888142105  0.62059873048106784
  0.63114123648943588  0.64168269222083518  0.65222971769875882  0.66277112920642611
  0.67330402898160646  0.68383228854546685  0.69436500492396780  0.70491113310863940
  0.71545902988222954  0.72600312870539674  0.73654439371703140  0.74707994317514959
  0.75761780465077988  0.76814893147578933  0.77868620691228208  0.78922627513886290
  0.79977452294668316  0.81030681815902494  0.82083809355073067  0.83136919555061883
  0.84191319574712031  0.85245556231142616  0.86299238065825346  0.87352901008676109
  0.88406902855847913  0.89460971866692740  0.90515307751698038  0.91569744159749489
  0.92624268641448704  0.93678328825492874  0.94732223482111855  0.95786202057040037
  0.96840526538293203  0.97893903132569693  0.98947207350893118  1.00000000000000000
 -0.00247953676056614  0.00960886366123414  0.01979351057259611  0.03031103386150717
  0.04084342642887902  0.05138812730839824  0.06192607568447840  0.07246741115705538
  0.08300736971789058  0.09355362635652296  0.10410224493976139  0.11464215053078108
  0.12518297232835651  0.13571835476634400  0.14625891688130557  0.15679047766806800
  0.16732534724132389  0.17786026781471942  0.18839655750607157  0.19893459181543338
  0.20947674793259807  0.22002080829961596  0.23056514263346209  0.24110108268600589
  0.25164349779135620  0.26218436101770354  0.27272902558980022  0.28326829708505147
  0.29380861447018869  0.30435270515164198  0.31489235920498077  0.32543035723920333
  0.33596751909965938  0.34650940705232169  0.35704798190452575  0.36758433875945495
  0.37812035093462087  0.38865991972734698  0.39919950133132942  0.40974303722117822
  0.42028633423847794  0.43082940563875399  0.44137461493351671  0.45191485806591081
  0.46245802505735056  0.47299274859215479  0.48353432025530618  0.49407515542445468
  0.50462272042170231  0.51516231348476405  0.52570060157805609  0.53623521407824914
  0.54676559637113864  0.55729404544448569  0.56782763352318588  0.57836847265046165
  0.58891045738875414  0.59944264794898872  0.60997840635547629  0.62051769929770384
  0.63106538138917079  0.64161089182557429  0.65215715848778477  0.66269744208482584
  0.67322900614095293  0.68375917714197076  0.69428747701437399  0.70482793381950370
  0.71536792289316620  0.72591220630406394  0.73645643938356831  0.74700220330083400
  0.75754744021443565  0.76809175435783172  0.77863118777605567  0.78917496087535099
  0.79971808054327254  0.81025953399607242  0.82079990087751797  0.83133437938409249
  0.84187436248138692  0.85240901993894680  0.86294813467817377  0.87348820181793752
  0.88403416480360486  0.89457971439313744  0.90512356922032999  0.91566282225979889
  0.92620035379201626  0.93673844701324482  0.94728312977428453  0.95782758062591333
  0.96837255054350568  0.97891372038010516  0.98945805943735265  1.00000000000000000
   2.5516240933091603E-008  -1.0000000000000000     
 F F F F F F F F
  <DiscreteSampler_grid>
  grouped_processes
  1 # 1 for a reference and 2 for a running grid.
  10 # Attribute 'min_bin_probing_points' of the grid.
  1 # Attribute 'grid_mode' of the grid. 1=='default',2=='initialization'
  0.0000000000000000 # Attribute 'small_contrib_threshold' of the grid.
  0.5000000000000000 # Attribute 'damping_power' of the grid.
 # binID   n_entries weight   weight_sqr   abs_weight
    10   10   1.322623097372512E+010   1.749331857703257E+020   1.322623097372512E+010
  </DiscreteSampler_grid>
