  0.00000484900387402  0.00000503620247655  0.00000523243087157  0.00000542906668134
  0.00000566584115545  0.00000589575414939  0.00000614334604093  0.00000640408486163
  0.00000667329675513  0.00000695180550169  0.00000724769725266  0.00000756601214549
  0.00000790469532379  0.00000826609707725  0.00000865315081326  0.00000903108617428
  0.00000940682534860  0.00000978073431180  0.00001014347585318  0.00001049711893352
  0.00001089103352584  0.00001134218396312  0.00001183806370954  0.00001238549185593
  0.00001298470603554  0.00001359581391134  0.00001417063616866  0.00001483506428013
  0.00001552618666484  0.00001626128310858  0.00001704103507278  0.00001781663115150
  0.00001859055424727  0.00001939440906621  0.00002023344047349  0.00002114601281680
  0.00002209658507278  0.00002313026532158  0.00002419989972527  0.00002533848756728
  0.00002658892821285  0.00002781645364694  0.00002900174341298  0.00003025733194370
  0.00003163822781651  0.00003323413932000  0.00003498688777336  0.00003685408922280
  0.00003886607758191  0.00004105768231204  0.00004332432556808  0.00004569447886648
  0.00004815097175638  0.00005082298168187  0.00005381725143868  0.00005710298128141
  0.00006052804179120  0.00006411936209490  0.00006793413074734  0.00007206126223467
  0.00007653410275646  0.00008127301272303  0.00008627480567161  0.00009146404682008
  0.00009717718110340  0.00010318386072925  0.00011009486498592  0.00011718562781608
  0.00012537581839386  0.00013487028787501  0.00014564042642212  0.00015754514223999
  0.00017051021557999  0.00018545969278538  0.00020217952631907  0.00022070713461418
  0.00024184617355382  0.00026688465752995  0.00029691524041343  0.00033347292426647
  0.00037807806798175  0.00042868488251040  0.00048813584004682  0.00055704501648722
  0.00063536382092836  0.00072849535414979  0.00085949197066905  0.00104684417341037
  0.00131127146075628  0.00166463686311661  0.00209748665048831  0.00275963624264967
  0.00393173879982053  0.00728950421031367  0.40344003798471878  1.00000000000000000
  0.00000540339216926  0.00000654199107716  0.00000686386900501  0.00000718158776829
  0.00000747273504457  0.00000773043958044  0.00000798638463644  0.00000827885449949
  0.00000859928258052  0.00000894870872502  0.00000928761733133  0.00000960433578862
  0.00000991849312921  0.00001024451356770  0.00001061530129919  0.00001106279848893
  0.00001153531440210  0.00001202178555210  0.00001249785027146  0.00001299806928909
  0.00001351197199382  0.00001402060390630  0.00001455988577193  0.00001517262004325
  0.00001582450621950  0.00001655328227739  0.00001730549815425  0.00001803899235468
  0.00001876533975555  0.00001955637495909  0.00002040252823626  0.00002129733842165
  0.00002223356114699  0.00002321029080638  0.00002423650132911  0.00002528957693510
  0.00002645524347675  0.00002762267142303  0.00002885286505348  0.00003017514907272
  0.00003167721086688  0.00003324989691833  0.00003501170062497  0.00003683696928761
  0.00003871154624921  0.00004068162879050  0.00004274638242556  0.00004493445938410
  0.00004725879058564  0.00004966161702998  0.00005223207064201  0.00005513064792365
  0.00005825581157489  0.00006146357371226  0.00006494989893734  0.00006855063154672
  0.00007265200940066  0.00007709094418740  0.00008181581075627  0.00008681748301208
  0.00009222421540254  0.00009824388612471  0.00010496274227549  0.00011237394584303
  0.00012009464292760  0.00012863373886680  0.00013755407071026  0.00014768987767533
  0.00015729349877000  0.00016777653623645  0.00017954440153600  0.00019288573388074
  0.00020968641195306  0.00022889639719167  0.00025111080734329  0.00027648806298822
  0.00030545429861461  0.00033633445820425  0.00037102950193499  0.00041126398040716
  0.00045818400750333  0.00051373951769166  0.00058430129937043  0.00067753354530763
  0.00076925344027427  0.00086180886737856  0.00096771702981279  0.00110917836934404
  0.00130233351678736  0.00156251300820031  0.00194219634587228  0.00245115025382076
  0.00317743360903176  0.00436126598369819  0.09374227232521580  1.00000000000000000
  0.00000940951200231  0.00001054156095419  0.00001109849877569  0.00001158038404046
  0.00001208850868126  0.00001260650234516  0.00001337315973295  0.00001418975575936
  0.00001492730510260  0.00001562599624721  0.00001634349079678  0.00001713040293663
  0.00001802948239751  0.00001895384699117  0.00001983813137606  0.00002081769216040
  0.00002178219195386  0.00002309784018296  0.00002454551281348  0.00002607704749006
  0.00002769855941439  0.00002930981807691  0.00003087612728512  0.00003242393253450
  0.00003402166278975  0.00003574285829821  0.00003749213942130  0.00003927209061094
  0.00004119725373738  0.00004324006856687  0.00004543738895398  0.00004787664327265
  0.00005033119689341  0.00005286551754955  0.00005551530261985  0.00005830780783032
  0.00006125509724687  0.00006462066694777  0.00006807275278885  0.00007192836451956
  0.00007609897963950  0.00008038773778399  0.00008515375576104  0.00009010324894225
  0.00009510326160359  0.00009987287915896  0.00010474855052060  0.00010986967916688
  0.00011592938852325  0.00012242000258526  0.00012939347076425  0.00013702397629380
  0.00014502060391386  0.00015406761510520  0.00016302910047338  0.00017366681748985
  0.00018462215827255  0.00019695959521960  0.00020990184420506  0.00022395732241031
  0.00023878329186793  0.00025516410868741  0.00027295857128212  0.00029257840692845
  0.00031305733721432  0.00033541035192866  0.00035989225952975  0.00038693350574723
  0.00041746698396691  0.00045142185819367  0.00048950484373858  0.00053108826900894
  0.00057829991377194  0.00063159574421258  0.00068917408174665  0.00075144682176379
  0.00082137470295929  0.00089842297780925  0.00098625225233198  0.00108301630315996
  0.00119107807796813  0.00131848901608932  0.00146630292718273  0.00163840597618516
  0.00181348686189312  0.00196576746866780  0.00213487964639032  0.00238193612423679
  0.00281977749292722  0.00324142238138270  0.00369550255746051  0.00429070901577458
  0.00512301464106705  0.00685752509049655  0.10105458491196009  1.00000000000000000
 -0.00222265999412711  0.01055265284010288  0.02232319139510048  0.03398725858894289
  0.04470034068243441  0.05558895377990828  0.06663273889499879  0.07885119256228726
  0.09116650841480525  0.10335164462847529  0.11645092694566564  0.13015920124821348
  0.14375357399068528  0.15747079250080068  0.17065250563001813  0.18295754190826446
  0.19662340725659350  0.20978432405967568  0.22246192230737019  0.23466160373776587
  0.24700678900000006  0.25921309717547758  0.27065275610520628  0.28179090178752486
  0.29299902220032681  0.30467101041613442  0.31666415408467302  0.32896575407711759
  0.34133574105896830  0.35337923440531321  0.36489590634116087  0.37609572951131803
  0.38728273161091364  0.39859125558185399  0.41014252653002442  0.42162158011088452
  0.43221716005856059  0.44200753670170834  0.45172459383555891  0.46138208603359715
  0.47145324114228254  0.48148162145218804  0.49187158130099873  0.50101898219686902
  0.51041937833290330  0.51965528721100673  0.52963751238936174  0.54018636860103852
  0.54998822049351670  0.55960714119991484  0.56935637841797471  0.57940509882847002
  0.58929119648430905  0.59914740438473790  0.60913121818521943  0.61917387437653904
  0.62918519935299067  0.63898797014489850  0.64828544909893804  0.65755372285226721
  0.66679502873949714  0.67634103334542450  0.68579873410895698  0.69497329058237634
  0.70373719359444453  0.71238398075458820  0.72103021354261920  0.73033503517241871
  0.74011394719312129  0.75029938060192558  0.76088442216367647  0.77137913911204503
  0.78176453634773546  0.79161489512049399  0.80099891196765438  0.81074404428899816
  0.82076306950108435  0.83137266703168122  0.84185748936112181  0.85226805967069985
  0.86267911482414739  0.87268157642175659  0.88199759761260799  0.89115544717995843
  0.89992390668287980  0.90898289232191609  0.91753031279252428  0.92612543587813367
  0.93483889744207871  0.94381481585603999  0.95231388632553993  0.96098722801467040
  0.96992065094177837  0.97934535248463805  0.98970315390422792  1.00000000000000000
 -0.00252563476195034  0.01039205444991571  0.02107140381333452  0.03089057534837668
  0.04049028130805498  0.04966386065306734  0.05924613157749179  0.06877421388169699
  0.07877499181650516  0.08961275065405649  0.10135274213279240  0.11262991745085130
  0.12349223715742048  0.13365535503731563  0.14330340603915312  0.15152637633069505
  0.15965140124072985  0.16838822610895940  0.17814191130341472  0.19022022131246316
  0.20162705232894440  0.21268192786818413  0.22319542290068553  0.23378041747898609
  0.24386515832176886  0.25393004191632096  0.26437403405451665  0.27522746490109556
  0.28615202952163055  0.29684451327359607  0.30788835711303048  0.31961110083388994
  0.33155190099298487  0.34233322586410231  0.35240222106695906  0.36186311359917145
  0.37150580331299288  0.38122557349204500  0.39118198988281183  0.40140074278593990
  0.41230473560490849  0.42344476841099526  0.43484864967456360  0.44653194947480418
  0.45878509045819682  0.47117908248140838  0.48313954120094671  0.49450885318752308
  0.50537933124216661  0.51592824270262028  0.52617762331382800  0.53647353551013655
  0.54716818881112195  0.55804665402320364  0.56870517086176953  0.57889752652118054
  0.58973302689580087  0.60114002844411574  0.61259054685288494  0.62370849689717278
  0.63409853819282769  0.64430326692416773  0.65458824179432085  0.66512680765341003
  0.67594097025210187  0.68697708313482209  0.69817027612915383  0.70898483742835039
  0.71985377954021512  0.73060552881481389  0.74054277172766225  0.75013571718569061
  0.75993569548585982  0.77022045486052215  0.77982318437160414  0.78930264623224289
  0.79972287478599735  0.81029299740575544  0.82089922020191486  0.83162995002930717
  0.84235490674587066  0.85302702390795981  0.86333253763334850  0.87372551196566572
  0.88442793505580974  0.89570832993849392  0.90750165246837144  0.91873817842319949
  0.92881845816751785  0.93837517285779337  0.94758906644621577  0.95734565552774720
  0.96766736901051931  0.97828120031319310  0.98889710677695009  1.00000000000000000
 -0.00220573052282253  0.00926970468499990  0.01975517956121907  0.02997032784550132
  0.04010386618889633  0.04988319950844750  0.05969200396392512  0.06954629014350988
  0.07924702745308256  0.08873625867247154  0.09848469898491705  0.10833586822996868
  0.11836816666756317  0.12861842818931082  0.13931840351340202  0.15001030377765145
  0.16056986869972467  0.17135800134933113  0.18222688595886222  0.19309250283811832
  0.20396405098767037  0.21520647944899515  0.22646436648671323  0.23711437213694941
  0.24765851593882846  0.25850053500905174  0.26960194257833431  0.28064981738957695
  0.29171075495096210  0.30281010271629749  0.31401256927267601  0.32520842853299298
  0.33606513128723770  0.34656490668935697  0.35747344716163321  0.36876551831082327
  0.37980801135530839  0.39000709893668134  0.39989353891391888  0.40984753819635933
  0.42014317253304523  0.43045876487505907  0.44053024293125803  0.45065315394515876
  0.46127815876844469  0.47272216015151847  0.48226648844065689  0.49150434575658475
  0.50082078266907859  0.51022044985033488  0.52197738113010750  0.53323705974000490
  0.54398065140196616  0.55459283355149414  0.56515842291930740  0.57523374428291429
  0.58541180686709182  0.59571845158045800  0.60655094475925941  0.61687361927266871
  0.62723342012706773  0.63767297965147429  0.64797077965725902  0.65780299794162345
  0.66744177075553912  0.67745559942801648  0.68854722470948770  0.69985137321616253
  0.71072967388534980  0.72151193906820210  0.73291638113061364  0.74480743060314314
  0.75649099299827327  0.76784712102232144  0.77867920855188000  0.78854836085857827
  0.79811137135559940  0.80765048508386461  0.81799118107250779  0.82843376672488211
  0.83984347176155016  0.85163721387438762  0.86254423413707759  0.87264417276296269
  0.88292412835105571  0.89391269542761065  0.90477797058678044  0.91543701473924832
  0.92654127115214580  0.93784312298928263  0.94840242622719639  0.95843641979466432
  0.96805152350605495  0.97804000979015226  0.98899662112264153  1.00000000000000000
 -0.00004479505130316  0.00000429142496103  0.00005337790122522  0.00014603431508363
  0.00029125687984903  0.00043778135776389  0.00059083094260531  0.00071074704798970
  0.00080549726134149  0.00090648567819315  0.00100592607809091  0.00110548792235666
  0.00120944929486601  0.00132315975138269  0.00144112142933719  0.00155828078621596
  0.00167722079838197  0.00179751928941811  0.00191921077022611  0.00203906625808752
  0.00215788325447602  0.00228106225863451  0.00240841714676379  0.00253785266868412
  0.00266186818600995  0.00278171271569194  0.00289851589414623  0.00301989772876149
  0.00314738804875356  0.00329070013190214  0.00343217507324561  0.00357846910716998
  0.00373369670396086  0.00388372671881193  0.00403959563942820  0.00420552338180540
  0.00437645696742804  0.00455239935501877  0.00472733008773232  0.00488954772600678
  0.00502727596075284  0.00516713681324364  0.00530868147287891  0.00546128611745240
  0.00564544470023737  0.00587516142616382  0.00613677003341016  0.00640573881016984
  0.00664902454185567  0.00688879694872371  0.00711774806502574  0.00734176246481373
  0.00755382521472122  0.00775079305537300  0.00793584293789529  0.00812001362522190
  0.00831009702525532  0.00850675869622697  0.00870492774981329  0.00889858832045755
  0.00908915699244826  0.00928648320387508  0.00953944387657822  0.00987268582790817
  0.01038897184362699  0.01077582831255914  0.01112704505879660  0.01146854693559334
  0.01184146268436604  0.01219814905881534  0.01248795466879337  0.01278449006923326
  0.01310951769240447  0.01378084817270460  0.01445994953204239  0.01488145499177662
  0.01524832654051310  0.01565014766116028  0.01624950858362132  0.01708206211001886
  0.01801985077455317  0.01911571042633992  0.02041318388988562  0.02174882601912207
  0.02375988048613607  0.02510945872105108  0.02631170956805029  0.02801565697853350
  0.03009330922112366  0.03222257571465922  0.03378333016182593  0.03522914848469468
  0.03712186208688326  0.03892473415513211  0.59341507088012335  1.00000000000000000
 -0.00260308963234204  0.00650478118098687  0.01499499283978670  0.02285425255220848
  0.03016388058811353  0.03918554539725341  0.05132230686332879  0.06388401977231387
  0.07619051031471562  0.08863224254194380  0.10223153294984344  0.11507021742787950
  0.12689028294284765  0.13822774132724486  0.14966922580837602  0.16161364183651072
  0.17309641935699382  0.18456069479710790  0.19574930732223869  0.20730362073574654
  0.21854749481269506  0.22925452676151142  0.23902798218464294  0.24929233562951042
  0.26019196112104181  0.27128148389585544  0.28106021677531279  0.29126080390650078
  0.30143135289693856  0.31184774763661782  0.32120554413370639  0.33026125649967397
  0.33881836757738482  0.34736721134248411  0.35608962458721355  0.36489377052355215
  0.37365358352093125  0.38309070410325885  0.39268500736741996  0.40300526702431444
  0.41294418524595633  0.42235136457133360  0.43114837597688388  0.44012805626883200
  0.44976443080267547  0.45948680218277610  0.46890701123429473  0.47833146322138570
  0.48833605539549552  0.49887317996186259  0.50926309850085993  0.51920749280997602
  0.52885241122285465  0.53884503808300555  0.54912772076992222  0.55993912883068409
  0.57066607619576404  0.58171315687192060  0.59376490912987201  0.60625375978514617
  0.61761789826078151  0.62850341538433496  0.63852662982824160  0.64811833099732652
  0.65735772955957783  0.66658997252996444  0.67590384123439495  0.68495912098317724
  0.69420611593761483  0.70342460624788816  0.71292604784538127  0.72248821469463564
  0.73195900932938796  0.74187904159187856  0.75214705085796807  0.76270984515968132
  0.77316916736109309  0.78341634771655488  0.79389886721056957  0.80429042854575017
  0.81453081209319544  0.82513493193443999  0.83622707278816077  0.84756823000519865
  0.85896749804231776  0.86991132195691090  0.88059117339780213  0.89130648195086615
  0.90258194911402567  0.91488676758140519  0.92853780278298592  0.94331401482419219
  0.95695240479133270  0.97234890505362059  0.98634907007127182  1.00000000000000000
  0.08586232218368831  0.08740367588162724  0.08894502957956620  0.09048638327750513
  0.09202773697544407  0.09356909067338302  0.09520233375361646  0.09686097199257415
  0.09851961023153183  0.10017824847048952  0.10580212395819381  0.11543232160379474
  0.12744931841958643  0.14595072410415066  0.16086764974795187  0.17237680001922392
  0.18245531498345038  0.19227762469891913  0.20210363217218363  0.21304274581086630
  0.22373363918965775  0.23362323160471363  0.24320952842882576  0.25290235489491397
  0.26306889876848455  0.27353409753643176  0.28391845382658643  0.29405189339826970
  0.30445952750200872  0.31507309741412515  0.32547845450969420  0.33492970180140580
  0.34428751683344022  0.35338421670969455  0.36269277911502618  0.37245817939818521
  0.38250332508440477  0.39285079069371642  0.40253301436188027  0.41205864191334651
  0.42171328300522043  0.43118723229586298  0.44057283740637310  0.44959821369170822
  0.45918896378273333  0.46919809992762868  0.47900713783806459  0.48770932227904518
  0.49591851459139541  0.50418122016961231  0.51249060013463932  0.52065512611072240
  0.52884304129640303  0.53697171245764219  0.54520848811469713  0.55310244410206433
  0.56081629182581239  0.56823926438439731  0.57567617866597320  0.58392712777813627
  0.59241306174713049  0.60088941691300013  0.60952932140302185  0.61877936113243981
  0.62787231924757425  0.63651864041846473  0.64504476498585928  0.65458605123761460
  0.66446251663304090  0.67360051907183038  0.68262971019032515  0.69198910818760317
  0.70190064396114571  0.71186470100437405  0.72154502780543794  0.73132386370996194
  0.74155586622424496  0.75238268434507594  0.76353354683598529  0.77479536290137541
  0.78512612880416555  0.79507411679317941  0.80494777424390707  0.81548003748085385
  0.82608654331343190  0.83693044407591910  0.84834110287277376  0.86008236932719428
  0.87206532433773143  0.88429122285442296  0.89717084632232502  0.91120705334712215
  0.92753224228681164  0.94609322044973476  0.96867296389780444  1.00000000000000000
 -0.01744379598789198  0.10293049874196918  0.13542315474977251  0.15580685487722762
  0.17312731056266459  0.18872136518708449  0.20273211872067359  0.21496641277725259
  0.22668947188356942  0.23746108537314703  0.24743491176065713  0.25639819442628586
  0.26519483427432922  0.27439386485698997  0.28338769209089593  0.29191789093734810
  0.30025142813561295  0.30810277756948284  0.31591900157053837  0.32375798362968694
  0.33141902672825624  0.33871557998543667  0.34559779020697712  0.35215097363702313
  0.35874170527227606  0.36541048592195097  0.37210659989289468  0.37886282390681369
  0.38547681292703373  0.39178359247623507  0.39788412827974784  0.40391535012769753
  0.40991990242715809  0.41590462843725451  0.42188496925371666  0.42781681049533915
  0.43371763288877568  0.43960210182366560  0.44539772617418727  0.45131485634913909
  0.45722689675634332  0.46307149649049861  0.46877972959038328  0.47440918696473677
  0.48003017301350270  0.48568537777784215  0.49148404186881750  0.49744173207221726
  0.50337534239176518  0.50912876648025585  0.51473737823168586  0.52025878148272431
  0.52568714014350504  0.53114835922963377  0.53675050376829492  0.54270186608678084
  0.54891573767333079  0.55522984873725856  0.56150095180827875  0.56780603610662028
  0.57416030479123181  0.58030333940725598  0.58640214590470519  0.59242582051590864
  0.59836444431806890  0.60453130017482781  0.61073857423805655  0.61713513521389052
  0.62312673615953806  0.62873587457386182  0.63444470056665858  0.64023814530508349
  0.64674132955662389  0.65344002991316996  0.65981076615091749  0.66624461276074154
  0.67286489397043392  0.68001567462675427  0.68754849595638479  0.69491878338271351
  0.70216494390302286  0.70968752555871528  0.71799160159164599  0.72684664586105963
  0.73628121892571463  0.74572286360062412  0.75574330696211189  0.76627121851076874
  0.77788179066565200  0.79048091930892095  0.80428574865592439  0.81903815133948432
  0.83560642067947877  0.85619420005404512  0.89142905727513944  1.00000000000000000
   2.9503207422481707E-003  -1.0000000000000000     
 F F F F F F F F F F F F F F F F F F F F F F F F F F F F F F F F F F F F F F F F F F F F F F F F F F F F F F F F F F F F F F F F F F F F F F F F F F F F F F F F F F F F F F F F F F F F F F F F F F F F F F F F F F F F F F F F F F F F F F F F F F F F F F F F
  <DiscreteSampler_grid>
  grouped_processes
  1 # 1 for a reference and 2 for a running grid.
  10 # Attribute 'min_bin_probing_points' of the grid.
  1 # Attribute 'grid_mode' of the grid. 1=='default',2=='initialization'
  0.0000000000000000 # Attribute 'small_contrib_threshold' of the grid.
  0.5000000000000000 # Attribute 'damping_power' of the grid.
 # binID   n_entries weight   weight_sqr   abs_weight
    10   10   9.052931686752933E+001   2.206530898108908E+004   9.052931686752933E+001
    16   10   9.052931686752933E+001   2.206530898108908E+004   9.052931686752933E+001
    22   10   9.052931686752933E+001   2.206530898108909E+004   9.052931686752933E+001
    28   10   9.052931686752936E+001   2.206530898108910E+004   9.052931686752936E+001
  </DiscreteSampler_grid>
