 -0.00250320187525045  0.00947368244683731  0.01962853191148605  0.03014707530669374
  0.04069128550103054  0.05122446422572408  0.06175210511923822  0.07229256322825386
  0.08283942863987012  0.09338711329690916  0.10393490955864795  0.11447341577688727
  0.12501022452072899  0.13553075000973866  0.14605828963464307  0.15659129912777020
  0.16713932943632107  0.17769474649297243  0.18824448877668745  0.19878903697621528
  0.20933138478583360  0.21987760075931123  0.23042750050409475  0.24097952586788143
  0.25152281145941846  0.26206579360854115  0.27260838509199958  0.28315991926478246
  0.29370417700945417  0.30424449775063717  0.31478550519803561  0.32532602929877369
  0.33586271654975003  0.34639378447213809  0.35692154427041323  0.36745628048383921
  0.37798623006710186  0.38852168949040750  0.39905221185953327  0.40958864427248703
  0.42013264995020527  0.43068246484528305  0.44123778715520878  0.45178801161093851
  0.46233359018460113  0.47286627227707478  0.48340200446237380  0.49394117373837976
  0.50448724682856305  0.51503413886289373  0.52557622822239569  0.53612429545992102
  0.54667257504081446  0.55722081469896712  0.56776889866509239  0.57831621373396569
  0.58886906363481717  0.59941944617344722  0.60996427703451384  0.62049820301352032
  0.63103490192297818  0.64157505704498585  0.65212635422403387  0.66267154109521786
  0.67321248497975494  0.68374655692935060  0.69427938325539129  0.70482080141137782
  0.71536964953196436  0.72591666146651368  0.73646342480027360  0.74700633886268852
  0.75755671128620050  0.76810312652943402  0.77864978056009371  0.78919784638919332
  0.79974790341460256  0.81029692825536037  0.82084635524742300  0.83139632190110169
  0.84194445398988194  0.85248536456697610  0.86301609992065376  0.87354714397492883
  0.88407438803188532  0.89460942760313489  0.90513629187657663  0.91567498391535063
  0.92621306713399909  0.93675983805278995  0.94729975061682214  0.95784276289057180
  0.96838848029092117  0.97892672803210601  0.98946544239697765  1.00000000000000000
 -0.00243924195141933  0.00955828422838330  0.01972608698505558  0.03023580733389368
  0.04077788385177912  0.05132180385089143  0.06186418261237690  0.07240598926905632
  0.08295260966953066  0.09349817550451382  0.10404324647243829  0.11459053015138732
  0.12513550757128614  0.13568037371710806  0.14621905137865418  0.15676542363016494
  0.16730749730764161  0.17784232186207080  0.18837455064750835  0.19890556242830734
  0.20944887928426986  0.21999172917848381  0.23053980283198836  0.24107492002638042
  0.25161252942808526  0.26215118881425731  0.27269966891527025  0.28324147036490138
  0.29378403612555631  0.30432408391299193  0.31486366877148847  0.32540226507691977
  0.33594718205424789  0.34649658366289238  0.35704210641291517  0.36758063276323955
  0.37812013035423631  0.38866224460826143  0.39920533860580037  0.40974967495178272
  0.42029266629832879  0.43084000154601737  0.44138738485405909  0.45193405175047369
  0.46247311350406417  0.47300284152897365  0.48353139289054758  0.49406434147224026
  0.50460498163829870  0.51514785432161669  0.52569318835915113  0.53623835596044345
  0.54677924251383536  0.55732251163927637  0.56786062551969418  0.57840204072049284
  0.58893619815264475  0.59947868717426078  0.61001879318246088  0.62056042613511819
  0.63109694788939885  0.64163856179173373  0.65218054205302400  0.66272463944314530
  0.67326904324853920  0.68381628904665559  0.69435953000642492  0.70490302956058792
  0.71543424850813964  0.72596780650687642  0.73649918022024363  0.74704343568042308
  0.75758860180531384  0.76813567686499462  0.77867967434667862  0.78922421452806102
  0.79976952274844315  0.81031351896480341  0.82085667423010578  0.83139702257829773
  0.84194196649546560  0.85248900075513634  0.86302581624116170  0.87356134364158533
  0.88409877846756368  0.89463537480700650  0.90516904914149887  0.91569384631892903
  0.92623330249837632  0.93677231786971193  0.94731970300474211  0.95786537402069138
  0.96839765187510196  0.97893189967591487  0.98946236561316059  1.00000000000000000
   2.5652710765890329E-008  -1.0000000000000000     
 F F F F F F F F
  <DiscreteSampler_grid>
  grouped_processes
  1 # 1 for a reference and 2 for a running grid.
  10 # Attribute 'min_bin_probing_points' of the grid.
  1 # Attribute 'grid_mode' of the grid. 1=='default',2=='initialization'
  0.0000000000000000 # Attribute 'small_contrib_threshold' of the grid.
  0.5000000000000000 # Attribute 'damping_power' of the grid.
 # binID   n_entries weight   weight_sqr   abs_weight
    10   10   1.322623097372492E+010   1.749331857703205E+020   1.322623097372492E+010
  </DiscreteSampler_grid>
