  0.00000455911708170  0.00000488075716982  0.00000512349858645  0.00000536354101403
  0.00000559701831780  0.00000583880862860  0.00000608902725831  0.00000634125632922
  0.00000659490886941  0.00000685004495773  0.00000710407598505  0.00000736981308041
  0.00000765482482043  0.00000796136298808  0.00000828516699729  0.00000861278374339
  0.00000894316439442  0.00000928797181820  0.00000966193641001  0.00001006204776992
  0.00001044673419425  0.00001083512006639  0.00001127184675767  0.00001173101543941
  0.00001219843969760  0.00001268272554414  0.00001318958398012  0.00001371762832386
  0.00001427271924362  0.00001487423070570  0.00001549699072887  0.00001612805526268
  0.00001677921786859  0.00001746766215403  0.00001819987220471  0.00001895944713494
  0.00001975784174574  0.00002061858165596  0.00002154491832738  0.00002251329685252
  0.00002349600936788  0.00002448822637730  0.00002550191961202  0.00002658200995820
  0.00002774166395875  0.00002896593841039  0.00003025209048744  0.00003170392751570
  0.00003321242260776  0.00003480004576354  0.00003644870432445  0.00003815326289227
  0.00003997819342818  0.00004199371751239  0.00004414792536746  0.00004642268083453
  0.00004885104331882  0.00005139945083250  0.00005408655794147  0.00005692601209213
  0.00005995020482827  0.00006316867546960  0.00006661529233964  0.00007034395877135
  0.00007448201294703  0.00007903813646062  0.00008402701785074  0.00008941682432324
  0.00009495977137116  0.00010063912422010  0.00010668512834956  0.00011327004908539
  0.00012027686008803  0.00012789245608087  0.00013604213235704  0.00014581010266606
  0.00015770178935979  0.00017107157086584  0.00018627749525801  0.00020369547001397
  0.00022366324632497  0.00024642494278790  0.00027373538159911  0.00030786739119132
  0.00035230502061905  0.00040737335570091  0.00047843471511566  0.00057425045807111
  0.00069623316487404  0.00085055910835552  0.00111551047051414  0.00157875686072447
  0.00268639821557817  0.00741861706298223  0.64342984800096270  1.00000000000000000
  0.00000462644038971  0.00000500159140128  0.00000533277246987  0.00000566165853884
  0.00000597471848848  0.00000630558381710  0.00000666921306300  0.00000705800107193
  0.00000746727615219  0.00000789606233178  0.00000835291427685  0.00000882269497363
  0.00000930894536167  0.00000982121386772  0.00001033696083982  0.00001086283075994
  0.00001141847371029  0.00001200159067249  0.00001260936370077  0.00001327374687796
  0.00001395995636518  0.00001467325271778  0.00001539244054803  0.00001613137716227
  0.00001691590474882  0.00001774365622178  0.00001861716108055  0.00001954563654060
  0.00002051904940547  0.00002153779532725  0.00002265904673773  0.00002384744515368
  0.00002507169285408  0.00002637693825845  0.00002774448497394  0.00002917138669325
  0.00003063494955266  0.00003212408334773  0.00003365747377531  0.00003527854061092
  0.00003701118006515  0.00003883064529697  0.00004077522301309  0.00004276856442573
  0.00004483985119848  0.00004707730497141  0.00004944892669288  0.00005201431747569
  0.00005480322142497  0.00005776494828689  0.00006086652116891  0.00006405464468485
  0.00006728661235812  0.00007070966824306  0.00007456961968134  0.00007860126039121
  0.00008292276292655  0.00008748215879166  0.00009224871810148  0.00009746148029757
  0.00010329214240416  0.00010942911736552  0.00011604788518823  0.00012311096063450
  0.00013069799891036  0.00013876749704623  0.00014710014157948  0.00015584463611368
  0.00016492264923360  0.00017456055874687  0.00018453131813910  0.00019650708121527
  0.00021009071908966  0.00022512877849497  0.00024151581469576  0.00025901975708363
  0.00027851470708449  0.00030160184225751  0.00032861085004855  0.00035888430546937
  0.00039335875674765  0.00043475430471696  0.00048311556721946  0.00053923510207213
  0.00060928697940978  0.00069942005398643  0.00080482352132818  0.00093166181468364
  0.00111625526112084  0.00137511231550561  0.00185070859311070  0.00272097490544170
  0.00488041460905006  0.01449059212874158  0.36519660559507061  1.00000000000000000
  0.00000667463328474  0.00000706054126699  0.00000770002241651  0.00000824341947836
  0.00000882175903424  0.00000940569178255  0.00001002862177196  0.00001065443682394
  0.00001125777325680  0.00001181059457988  0.00001234219137891  0.00001285514132276
  0.00001343615381010  0.00001403899246176  0.00001461220356118  0.00001517451002768
  0.00001571735311402  0.00001628877925119  0.00001690061641485  0.00001752320926755
  0.00001814949051143  0.00001879078759823  0.00001942907990571  0.00002003043530207
  0.00002062114704030  0.00002126274977198  0.00002198814014175  0.00002276996546037
  0.00002355216113784  0.00002432595187988  0.00002511817446535  0.00002594572172406
  0.00002678850794624  0.00002768590035575  0.00002863875069115  0.00002958109595026
  0.00003058411847974  0.00003165488901165  0.00003280513360517  0.00003397902539951
  0.00003522470360042  0.00003656381272692  0.00003796431890895  0.00003941985720922
  0.00004089878854071  0.00004239972402549  0.00004394756705943  0.00004556583723917
  0.00004725709248874  0.00004895621895146  0.00005072998197468  0.00005265642210527
  0.00005471102045393  0.00005693973127269  0.00005927215905748  0.00006167933296926
  0.00006413228394438  0.00006657857497702  0.00006900243968694  0.00007144997865724
  0.00007394609840260  0.00007652469541375  0.00007926091386817  0.00008209766509651
  0.00008500793251541  0.00008808700470002  0.00009133060029820  0.00009456512089759
  0.00009866335338558  0.00010291948918144  0.00010767748995879  0.00011306618032108
  0.00011892979851306  0.00012535077868796  0.00013267078886685  0.00014096922364463
  0.00015037672450976  0.00016106981250674  0.00017298361829676  0.00018667968805736
  0.00020264739721194  0.00022080805207920  0.00024328260973982  0.00027221816204584
  0.00030928216373327  0.00035883335099703  0.00042128481194079  0.00049915595781746
  0.00060511530496369  0.00077256311473878  0.00104572648277774  0.00154781401404041
  0.00263644165978265  0.00721144876213841  0.52116116817798808  1.00000000000000000
 -0.00152001488974724  0.00693914079819878  0.01385201174132564  0.02005337078662282
  0.02658457044164780  0.03284089162464371  0.03865595601701124  0.04535722959218792
  0.05247380545184883  0.05955217223463766  0.06638300484877210  0.07288069496535793
  0.07958822393508103  0.08619934934452594  0.09308077443093839  0.10051703664593351
  0.10842474109284253  0.11663337492584575  0.12515373454152182  0.13389267549864134
  0.14270938052452631  0.15214128499398821  0.16200305047499519  0.17188763204748170
  0.18159433280609222  0.19118620858370869  0.20097814320711571  0.21111317250224446
  0.22189236408403315  0.23307725162561785  0.24427200930868007  0.25552777386324699
  0.26726006538522545  0.27933896408339415  0.29161941802779567  0.30363080815676163
  0.31618174736430982  0.32937672032717519  0.34277234511479499  0.35668449431710259
  0.37166385870629620  0.38672932495303619  0.40128842023569289  0.41600592153928501
  0.43137941733959156  0.44699765483312326  0.46268562357433540  0.47863512641249928
  0.49398570101922812  0.50850901018678862  0.52297819626235198  0.53792256027692509
  0.55322693924509048  0.56817364062058451  0.58263463342632649  0.59668362838590194
  0.61055087993026502  0.62440122713409651  0.63810133030465788  0.65176631018669473
  0.66518437609871950  0.67782185809071605  0.69052436397384898  0.70280899228849714
  0.71445869895353875  0.72493999069045545  0.73590535602475837  0.74708273549080417
  0.75820453354931394  0.76898550520857145  0.77973536481698258  0.79053786729752362
  0.80103189004080610  0.81117105304102410  0.82103757315782278  0.83075145475656920
  0.84037913601458747  0.84962191527711994  0.85852169748545470  0.86734264917316550
  0.87615052038187768  0.88510699106896640  0.89368591857489288  0.90192728095132269
  0.91039837125803280  0.91925265486627528  0.92794912688798337  0.93631672904146124
  0.94437107186438629  0.95228425688805785  0.96004688955160788  0.96757618913085108
  0.97487014306301534  0.98216400264722770  0.99037074599940478  1.00000000000000000
 -0.00237536349549520  0.00940295495875100  0.01987531430773789  0.03044519706701529
  0.04129776724822322  0.05228982716170946  0.06277303477107050  0.07314311824551417
  0.08341287756146391  0.09413351246791596  0.10500781771583742  0.11647495818198556
  0.12751129317348511  0.13871076934632603  0.14943136107630961  0.16026176590765329
  0.17086930977723497  0.18149802330505244  0.19174567267489115  0.20173144529614623
  0.21117877167654345  0.22027152180578696  0.22972100690601086  0.23929240623555173
  0.24877608929473255  0.25800125970853371  0.26685148596543479  0.27605192926223765
  0.28605600043010393  0.29648264357476223  0.30722616209943071  0.31794924686814779
  0.32878305086429177  0.33950601958858578  0.35028904459313881  0.36152086439604375
  0.37296393632160618  0.38485268800758848  0.39635732841910765  0.40690532880870406
  0.41699834430146809  0.42708393243549458  0.43726233107703461  0.44753289275260666
  0.45761068708905400  0.46803501714413298  0.47850212978872064  0.48867015284515458
  0.49900642537661172  0.50988088744872195  0.52122399935443875  0.53259197292079885
  0.54390856747385041  0.55507244848091242  0.56598980654380193  0.57638305105201326
  0.58668544317238092  0.59691395779169021  0.60728151043750156  0.61787274214105270
  0.62858548262949399  0.63970387854277910  0.65054847994728948  0.66181709997306304
  0.67268199412689822  0.68359451251933412  0.69469580149312793  0.70595348832920191
  0.71691128824780626  0.72818439450739025  0.73937278500977621  0.75010426439297162
  0.76002219866635923  0.76989802461116608  0.77964115872849438  0.79047490780553520
  0.80167919675683852  0.81287022933263642  0.82390442707826517  0.83525519600986209
  0.84676177402348218  0.85723458392321639  0.86682245790776236  0.87619250309629770
  0.88586598923336290  0.89541936202230110  0.90535826321450685  0.91511571500082789
  0.92603883998460057  0.93750326060593192  0.94843543800610863  0.95865038889860277
  0.96862665728306463  0.97831232203882779  0.98903019222550004  1.00000000000000000
 -0.00152803182291245  0.00433669787481889  0.00936453399669211  0.01383661669192670
  0.01795708128633914  0.02190280226738734  0.02578929211092454  0.02959172439777218
  0.03335141692451683  0.03727822822851896  0.04109137916034296  0.04474289535341881
  0.04825185084258313  0.05176477824693698  0.05556427933520792  0.05963324969574398
  0.06343390588934171  0.06708886756014863  0.07085713814182956  0.07468180956398675
  0.07860508521343726  0.08263435591866930  0.08660800941517081  0.09047311722669905
  0.09437393843743669  0.09853109355222608  0.10266517245597476  0.10690622908046903
  0.11102040541528330  0.11510271838517724  0.11940679154436565  0.12369650548780431
  0.12838821941547846  0.13331345023712540  0.13830534733068572  0.14335448419763147
  0.14851592451852647  0.15384119391175705  0.15927688604453938  0.16491850262751953
  0.17087565961086043  0.17698808928429297  0.18304635983570472  0.18898725696636032
  0.19498729468458414  0.20119992911890375  0.20763930109638312  0.21420912164053724
  0.22094973551855429  0.22802685235074438  0.23500139205423420  0.24193240802659774
  0.24889563552654237  0.25628129928446675  0.26402270023281610  0.27210909074955292
  0.28032697088350117  0.28869823811256967  0.29737903022611245  0.30629980616578267
  0.31530801360072197  0.32460534751015624  0.33443221075735791  0.34480549383501075
  0.35561725431674662  0.36718622291820258  0.37918754483767775  0.39139545663996850
  0.40391651884975749  0.41683432036252377  0.43014220063188324  0.44335404696905983
  0.45700082352734273  0.47132418821041477  0.48613007436095385  0.50111111788957707
  0.51659547581981080  0.53278356663899717  0.55031217899815188  0.56888277955174116
  0.58824465092071043  0.60867948507313707  0.63053207451913995  0.65361789787141955
  0.67736109224783725  0.70175960917203883  0.72680601006743084  0.75251132220588568
  0.77911458067006578  0.80696561775510389  0.83491770518555686  0.86392347371875333
  0.89440132302538189  0.92687970304065259  0.96181187831441528  1.00000000000000000
 -0.00228860151469357  0.00896967328187632  0.01875939107741441  0.02842987059252606
  0.03840567925254179  0.04837282036943749  0.05896995416559711  0.06989357632528907
  0.08076469460417526  0.09133024198205113  0.10197523058525569  0.11314566657315255
  0.12439891787587982  0.13535638561623742  0.14576350509958691  0.15647814654888212
  0.16740650884478994  0.17864856790956096  0.18972781738443306  0.20087469860240417
  0.21234339797399551  0.22401100494530407  0.23610219790276094  0.24830450190274292
  0.26020143608857838  0.27128605049238069  0.28158315586593546  0.29198362536491668
  0.30209817970354996  0.31184760975955722  0.32121399269579159  0.33064884799858518
  0.34073908438056949  0.35070110103168706  0.36110975883282226  0.37199381195696912
  0.38245646825170715  0.39272809766414341  0.40226528197182143  0.41180378358535197
  0.42134702591560641  0.43066077273629705  0.44017635200726829  0.44973687504942222
  0.45952108345549086  0.47026019020302823  0.48141395088381805  0.49230696938171264
  0.50258131891247415  0.51261978637432393  0.52314572212634913  0.53445172422210541
  0.54544010553839994  0.55617384396236813  0.56691350590798928  0.57783898447448501
  0.58841114564007213  0.59893012408702995  0.60975105154061571  0.62070410844694990
  0.63123925691011551  0.64137303882679553  0.65160317948581814  0.66203905512409278
  0.67266155661038318  0.68328669226346506  0.69420958796786458  0.70504344199634561
  0.71536592247472996  0.72546940685894457  0.73546387880502040  0.74571309801915964
  0.75589261618599191  0.76571582584682307  0.77545972812740138  0.78549059169218483
  0.79578623678596272  0.80647945956641887  0.81704769222529794  0.82787710782906476
  0.83901700082568453  0.85028942279604480  0.86140089454311264  0.87219697679152508
  0.88255326886360130  0.89294848608866162  0.90361035619434782  0.91409645271854711
  0.92452369039391902  0.93475637550416524  0.94506159886600838  0.95555600434372789
  0.96633826517896737  0.97747368310552551  0.98879813234905978  1.00000000000000000
 -0.00198119823865867  0.00872955789727887  0.01815227948996478  0.02784730720782184
  0.03825165412283116  0.04827752539879433  0.05753038477050476  0.06716925556875768
  0.07707229299570892  0.08706329747158027  0.09706571463408202  0.10751986478895058
  0.11860602289799578  0.13011015196916573  0.14162925141300214  0.15246929619856800
  0.16257135114799176  0.17260500445365506  0.18283665987318684  0.19336423712960146
  0.20403364351314207  0.21476999803809727  0.22561886413149262  0.23634430691535074
  0.24711254605083399  0.25795399259859958  0.26874663183316244  0.27943477768988162
  0.28988521544495582  0.30027633784973551  0.31065705105616287  0.32092581533740661
  0.33120742089661132  0.34156227653183380  0.35221788029895684  0.36288957363559798
  0.37322387089088571  0.38342336787544701  0.39366441478261621  0.40395736412379896
  0.41402078882897708  0.42409995459297012  0.43442946633435914  0.44502934851855319
  0.45561942882355094  0.46642777478062158  0.47743458414141982  0.48822748142273109
  0.49886742762988012  0.50943014042671464  0.52007547841156632  0.53089475442802392
  0.54184774407220504  0.55289798640023480  0.56375445524294454  0.57420304947652756
  0.58462508017897064  0.59548496500801484  0.60695881569289656  0.61847726020769578
  0.62983225584827285  0.64122657305861497  0.65241346125161181  0.66310760293591653
  0.67338112547324991  0.68365233791671620  0.69400292904899730  0.70504982826598284
  0.71523183897316012  0.72562150313866913  0.73601054038606284  0.74646686951821473
  0.75659143592190370  0.76646153935409578  0.77700946862861830  0.78774265886824613
  0.79829568595794198  0.80848869114944599  0.81936058573259096  0.82999655991147636
  0.84037348217443142  0.85032623993772793  0.86008481100386702  0.87013446744899448
  0.88030328690031534  0.89056551996134536  0.90051391246272106  0.91045462073032080
  0.92062551974795492  0.93171064077121113  0.94262550612651153  0.95360683538393809
  0.96529763905943766  0.97754951483867292  0.98899699420848997  1.00000000000000000
  0.03205568414914163  0.06400703658851370  0.08470575491569250  0.10531410747405399
  0.12761664003829754  0.15232489296264384  0.17665387479041228  0.19913932621014405
  0.22002933596560703  0.24251082914288682  0.26556583190537669  0.28769863383633520
  0.30881451904257889  0.32964626662649077  0.35026645885583579  0.36986188741017179
  0.38922391701938253  0.40853544761358901  0.42724557930541240  0.44501690714566916
  0.46216056367772357  0.47854536331751174  0.49435261541305303  0.50931728806349474
  0.52355168264837992  0.53784180572512263  0.55262871193070795  0.56676348057510428
  0.58020530157252515  0.59295681296474456  0.60570559439091787  0.61809233853977352
  0.62996785495891172  0.64124289941526325  0.65219938754793760  0.66305777831785484
  0.67405280713554783  0.68508436685594998  0.69603678190213514  0.70650902729424581
  0.71645311496795783  0.72596538453631421  0.73504751551573044  0.74388339392998137
  0.75243397253950062  0.76091904922470444  0.76914213631153250  0.77713845540429316
  0.78486041012080832  0.79228085624389177  0.79956388868452943  0.80676965431705905
  0.81395604248995890  0.82096558067531245  0.82767005481631117  0.83412586972462455
  0.84041356875394158  0.84652193371943074  0.85253067769448676  0.85850672174039944
  0.86439294397914102  0.87014765140248918  0.87569870732866828  0.88098945311987686
  0.88620389143252287  0.89140081463075660  0.89639525615169713  0.90113802575434310
  0.90578607615290296  0.91045918637067624  0.91492607429133621  0.91915859600297256
  0.92323018390379596  0.92720299834542264  0.93111264077856937  0.93496701519575831
  0.93865997862588690  0.94210524439359400  0.94549716322096067  0.94887869662151370
  0.95219932616866931  0.95546804180496603  0.95869518705604562  0.96186790856925908
  0.96498738877232337  0.96808187966999060  0.97117653851420405  0.97420956332508091
  0.97714383110908332  0.98000334205190287  0.98281076290692793  0.98560620862288517
  0.98847726218436760  0.99159461119218451  0.99539370428767682  1.00000000000000000
 -0.01428630836398873  0.06693827813301775  0.09317968735666202  0.10980579077211414
  0.12190105263236918  0.13184670128638107  0.14041090415104948  0.14868050305381569
  0.15668439402637055  0.16407237291991392  0.17104513120907397  0.17769943279734282
  0.18436979473563969  0.19098043490196875  0.19733642737925206  0.20347068822572970
  0.20938982385760202  0.21514405166674919  0.22101475942137511  0.22697795630470124
  0.23261214614695891  0.23792355224469486  0.24301857537262878  0.24812335778324829
  0.25333144989976342  0.25855811856415722  0.26377464317889115  0.26891682969717817
  0.27415311898973416  0.27952265310911584  0.28497855308996178  0.29035513512335398
  0.29587182076742014  0.30141841652823315  0.30695644246592935  0.31242162067449619
  0.31784535922432194  0.32323294274176084  0.32857891685542295  0.33392381500934598
  0.33920889160973550  0.34442530850093350  0.34970900770336105  0.35482396850846121
  0.35996525268609741  0.36510192682774706  0.37046163802460430  0.37554549737704296
  0.38060544112498057  0.38556820506895417  0.39104218746096364  0.39650262602897701
  0.40191818916387195  0.40705421819697518  0.41219543781707330  0.41751872955089958
  0.42290051882584156  0.42820055284481989  0.43360632107519093  0.43901107640274650
  0.44468110029245722  0.45036413617261378  0.45633978501628575  0.46307730190140356
  0.47015932293164953  0.47715720184330307  0.48408496016889696  0.49105785434722354
  0.49803807267800460  0.50512309063053007  0.51242221251558817  0.51981773927219255
  0.52725195200044050  0.53487229769651201  0.54300296070738863  0.55180592203971124
  0.56084335850218048  0.56981326001085797  0.57854505211216334  0.58741948911704356
  0.59702498476779986  0.60726511597198729  0.61815273459182141  0.62945609994367180
  0.64112742414484347  0.65315150535624267  0.66539070279159607  0.67752312553777416
  0.69012532187973019  0.70433973100992509  0.72223316696465423  0.74362547002148838
  0.76796292619930195  0.79839929138093912  0.84669497156076057  1.00000000000000000
   5.4497711472373117E-002  -1.0000000000000000     
 F F F F F F F F F F F F F F F F F F F F F F F F F F F F F F F F F F F F F F F F F F F F F F F F F F F F F F F F F F F F F F F F F F F F F F F F F F F F F F F F F F F F F F F F F F F F F F F F F F F F F F F F F F F F F F F F F F F F F F F F F F F F F F F F
  <DiscreteSampler_grid>
  grouped_processes
  1 # 1 for a reference and 2 for a running grid.
  10 # Attribute 'min_bin_probing_points' of the grid.
  1 # Attribute 'grid_mode' of the grid. 1=='default',2=='initialization'
  0.0000000000000000 # Attribute 'small_contrib_threshold' of the grid.
  0.5000000000000000 # Attribute 'damping_power' of the grid.
 # binID   n_entries weight   weight_sqr   abs_weight
    13   10   2.033009529582861E+005   2.336835796894001E+011   2.033009529582861E+005
    14   10   2.033009529582863E+005   2.336835796894005E+011   2.033009529582863E+005
    16   10   2.033009529582861E+005   2.336835796894001E+011   2.033009529582861E+005
    17   10   2.033009529582863E+005   2.336835796894005E+011   2.033009529582863E+005
    22   10   2.033009529582861E+005   2.336835796894001E+011   2.033009529582861E+005
    23   10   2.033009529582864E+005   2.336835796894005E+011   2.033009529582864E+005
    25   10   2.033009529582861E+005   2.336835796894001E+011   2.033009529582861E+005
    26   10   2.033009529582864E+005   2.336835796894005E+011   2.033009529582864E+005
    31   10   2.033009529582860E+005   2.336835796894000E+011   2.033009529582860E+005
    32   10   2.033009529582863E+005   2.336835796894005E+011   2.033009529582863E+005
    34   10   2.033009529582860E+005   2.336835796894000E+011   2.033009529582860E+005
    35   10   2.033009529582863E+005   2.336835796894005E+011   2.033009529582863E+005
  </DiscreteSampler_grid>
