 -0.00252766668786671  0.00954733313834054  0.01972600721585202  0.03024459691969088
  0.04078997934131481  0.05133701215444953  0.06188235575640511  0.07242732574223887
  0.08296869867060723  0.09350345965019269  0.10403817856041582  0.11457435748198364
  0.12512169228028602  0.13567019519857942  0.14621458602842158  0.15676176814304524
  0.16730963643593522  0.17785649632815248  0.18839328925630358  0.19893036713195791
  0.20947289055644774  0.22002159251699929  0.23056350168448805  0.24110123001339001
  0.25164232366669798  0.26218349231359195  0.27272420751507903  0.28325925660113704
  0.29380205185735120  0.30434113329656565  0.31488733238067951  0.32542473056146243
  0.33597241719315796  0.34651360924053037  0.35705554353855778  0.36759525470191251
  0.37813574210853401  0.38868070426701168  0.39921689595465359  0.40974105359001783
  0.42026630582900742  0.43080008319440116  0.44134860110246826  0.45189649369485513
  0.46244693615581944  0.47298580803479812  0.48352664919422617  0.49406120059261599
  0.50460700602462905  0.51515333856397361  0.52569916609662648  0.53624493303512211
  0.54678705272616568  0.55732990372358926  0.56787383019023430  0.57842125769290220
  0.58896923764142228  0.59951895860311466  0.61006171397099851  0.62060349524408398
  0.63112299493128965  0.64164426784641815  0.65217151360327041  0.66271871227334367
  0.67327138805567333  0.68381387423915529  0.69434929861315198  0.70487619154489056
  0.71540331356755638  0.72593808828513984  0.73648056493630065  0.74703146859074587
  0.75757532527405247  0.76810424124361198  0.77862911644137034  0.78916095857234936
  0.79970790688079652  0.81025861597302229  0.82081027763392245  0.83136174266108109
  0.84190031350559191  0.85243318144022096  0.86296680402908821  0.87351360878799644
  0.88406796715126634  0.89460632941811979  0.90514405716469759  0.91567976022496367
  0.92622912952039016  0.93677355541852014  0.94731159530120046  0.95784554767428776
  0.96838765861912446  0.97893021536221370  0.98946955583158647  1.00000000000000000
 -0.00252576582641540  0.00948747202761442  0.01965261867511319  0.03016988342845978
  0.04071114222445550  0.05124691066115252  0.06178738964010469  0.07233755809332142
  0.08288030237884587  0.09342238680868817  0.10396433857997150  0.11451203741698805
  0.12505985257716451  0.13560721574530266  0.14615290653119861  0.15669754825374457
  0.16723645356967037  0.17777185037041393  0.18830817963920443  0.19885212625089638
  0.20940519418833059  0.21995412596796460  0.23050122240539139  0.24104835832623600
  0.25159466351878740  0.26213280638412351  0.27266982246921079  0.28320284501843368
  0.29374498428457624  0.30427829938217105  0.31481986951448959  0.32535775944996009
  0.33590503788762305  0.34645179683536836  0.35699625534745411  0.36753859994551469
  0.37808278928968125  0.38863367782039449  0.39918252851650543  0.40972731153575520
  0.42027297408871539  0.43081809720017106  0.44136417871283379  0.45190841942693460
  0.46245214548119801  0.47299769669811420  0.48354016861162114  0.49408020637025513
  0.50461823638158187  0.51515393463002590  0.52569405083558285  0.53623539983913238
  0.54677464720503299  0.55731338418390597  0.56784254052874117  0.57837409113387328
  0.58890211103801082  0.59944186179551917  0.60998805653936983  0.62053875634756939
  0.63108741879430330  0.64163600209187199  0.65218478764161714  0.66273505205489081
  0.67328547384501836  0.68383930849130137  0.69438877851379965  0.70493288229738982
  0.71547149897137441  0.72601530348848842  0.73656230699421854  0.74710152453115120
  0.75763948081900567  0.76817647069611172  0.77871616405022093  0.78925017955806276
  0.79978412218392980  0.81032466219892108  0.82087160990690600  0.83142167302772974
  0.84197678170816892  0.85251629428211617  0.86304609861856485  0.87357077795362248
  0.88410127069020727  0.89463992202551479  0.90518147770281310  0.91572474040893315
  0.92626879303235965  0.93680195821546453  0.94733431988140870  0.95786823739463645
  0.96840204585720457  0.97893589620249943  0.98946524993670415  1.00000000000000000
   2.5512185104508394E-008  -1.0000000000000000     
 F F F F F F F F
  <DiscreteSampler_grid>
  grouped_processes
  1 # 1 for a reference and 2 for a running grid.
  10 # Attribute 'min_bin_probing_points' of the grid.
  1 # Attribute 'grid_mode' of the grid. 1=='default',2=='initialization'
  0.0000000000000000 # Attribute 'small_contrib_threshold' of the grid.
  0.5000000000000000 # Attribute 'damping_power' of the grid.
 # binID   n_entries weight   weight_sqr   abs_weight
    10   10   1.322623097372511E+010   1.749331857703254E+020   1.322623097372511E+010
  </DiscreteSampler_grid>
