  0.00000471196345932  0.00000494896909092  0.00000510304627895  0.00000524071938679
  0.00000539311533006  0.00000561493269291  0.00000580945499858  0.00000599836455369
  0.00000618092681577  0.00000634742475271  0.00000650531683243  0.00000666899797598
  0.00000684467234283  0.00000704208700976  0.00000724857902477  0.00000746326298164
  0.00000767653508242  0.00000788985506629  0.00000810402763386  0.00000831594793603
  0.00000852069761239  0.00000873354800421  0.00000894759558407  0.00000914748488955
  0.00000936429304405  0.00000960233444823  0.00000986791781662  0.00001016435045834
  0.00001045603858234  0.00001075079669310  0.00001106230066602  0.00001136249631013
  0.00001166135510693  0.00001196406483426  0.00001226631667915  0.00001260511612933
  0.00001302509805554  0.00001341788611403  0.00001381363798734  0.00001420254500611
  0.00001460673070980  0.00001503605142225  0.00001546922181438  0.00001591249193956
  0.00001639202205087  0.00001693316333773  0.00001753099295731  0.00001813395098633
  0.00001874401224019  0.00001938983650118  0.00002009259445233  0.00002080206148003
  0.00002151261782979  0.00002223456347105  0.00002298328420663  0.00002375018580903
  0.00002455501656153  0.00002542729183529  0.00002639113295072  0.00002740537940550
  0.00002847971224394  0.00002965618345477  0.00003094446111002  0.00003233780225689
  0.00003366127547386  0.00003524932764995  0.00003685528549530  0.00003855474727979
  0.00004039791183212  0.00004240595768778  0.00004443548151421  0.00004654324681060
  0.00004883782904023  0.00005124282250819  0.00005407226238360  0.00005740203865816
  0.00006108991105682  0.00006522640341187  0.00006987949119993  0.00007582360585853
  0.00008269371992582  0.00009066545445904  0.00009986930705186  0.00011145345602233
  0.00012600905020606  0.00014346700889768  0.00016447318843331  0.00019106756002289
  0.00023096763753909  0.00029777616216951  0.00040363593836033  0.00058102636534165
  0.00098421521598987  0.00250834088731578  0.08554184325403397  1.00000000000000000
  0.00001664358778480  0.00003435037351709  0.00004224888502347  0.00005237284771024
  0.00006125630687152  0.00006968419446207  0.00007889207565566  0.00008818881550897
  0.00009740278752670  0.00010721411103663  0.00011741154880255  0.00012799715210060
  0.00013865461731844  0.00014969215832661  0.00016099804599754  0.00017165245367345
  0.00018203483199023  0.00019269679817514  0.00020378534476890  0.00021496880796214
  0.00022660731620561  0.00023798848378726  0.00024917105562434  0.00026071803398883
  0.00027275100320402  0.00028482205061845  0.00029759019824382  0.00031058094459228
  0.00032342813194290  0.00033675331847745  0.00035126399256012  0.00036611732837852
  0.00038132555082393  0.00039739840000801  0.00041523359919261  0.00043309992453784
  0.00045158623863357  0.00047080796291260  0.00049057335010750  0.00051057692323678
  0.00053154725272793  0.00055364753309807  0.00057627799217279  0.00060020950997583
  0.00062739167702994  0.00065472638811986  0.00068253893467915  0.00071057258084032
  0.00073907230920747  0.00076888491144766  0.00080178265948948  0.00083680208144385
  0.00087168100320110  0.00090489050776084  0.00094544031039858  0.00099028612347326
  0.00103455453234960  0.00108504518261856  0.00113268246000011  0.00118276188580652
  0.00123539595574282  0.00129192189697641  0.00136004001873094  0.00142818290101871
  0.00149805212174131  0.00156689400882002  0.00163678382752841  0.00171150626517579
  0.00179397971381059  0.00187955774166810  0.00198264904701483  0.00207004957729929
  0.00216747907404169  0.00227797446460640  0.00239211157618181  0.00252902908536048
  0.00267049710791691  0.00282670190781237  0.00299921133225098  0.00318566681129600
  0.00338376789523854  0.00363571647549886  0.00383901762981032  0.00405339556430981
  0.00434142293630602  0.00469098964335369  0.00509184942762983  0.00577489257814776
  0.00666564360180184  0.00800335861869533  0.01024372122360516  0.01401198231722946
  0.01867800158182420  0.02501003531974037  0.35724520556867045  1.00000000000000000
  0.00000558557025963  0.00000567198663347  0.00000594021298936  0.00000632296500311
  0.00000677536204265  0.00000714407944113  0.00000742620263694  0.00000770633020670
  0.00000797004497330  0.00000823863806066  0.00000852017514710  0.00000881941305543
  0.00000913578567542  0.00000947398687991  0.00000982057231877  0.00001016356743531
  0.00001051439149275  0.00001092438953331  0.00001146821180515  0.00001204343615397
  0.00001256112736831  0.00001314457090526  0.00001373054849351  0.00001431041893027
  0.00001498648272956  0.00001571213227125  0.00001646101723422  0.00001723705367735
  0.00001803348000526  0.00001886157557608  0.00001975805151020  0.00002082584082122
  0.00002180725372337  0.00002295903798157  0.00002416426872609  0.00002540986912971
  0.00002693521408912  0.00002860651556675  0.00003023197714866  0.00003187104579432
  0.00003361766410590  0.00003550464735028  0.00003738437410237  0.00003924502805599
  0.00004116475802277  0.00004319387148096  0.00004546022290839  0.00004802864384182
  0.00005079439200547  0.00005375987368950  0.00005713529291549  0.00006070839165947
  0.00006445469192129  0.00006809252073082  0.00007217096264271  0.00007650825218127
  0.00008148920905912  0.00008690468372178  0.00009305412199154  0.00009987992396963
  0.00010678626705068  0.00011355986706671  0.00012089105616443  0.00012918090509245
  0.00013812207754716  0.00014792935329495  0.00015861632404830  0.00017080911970511
  0.00018498521567941  0.00020104963518920  0.00021907099760053  0.00023865416436072
  0.00025802348226486  0.00027861670398861  0.00030186351538057  0.00032992368301680
  0.00036090965323179  0.00039487149748602  0.00043270161334437  0.00047596674347524
  0.00053300537151688  0.00059760706684033  0.00066351735034155  0.00073045299376668
  0.00081389426167495  0.00091083941574802  0.00102927850263860  0.00117181601811724
  0.00135810763937120  0.00160022784416265  0.00201567593431370  0.00275769566166418
  0.00361934748421142  0.00457467646090460  0.08298300832367729  1.00000000000000000
 -0.00195885227426699  0.00693905956336670  0.01496545764312009  0.02277619655955721
  0.03058907972435173  0.03838562757840755  0.04646795327065813  0.05503312034771121
  0.06406268472971931  0.07337966909316271  0.08292378214700759  0.09251779863608925
  0.10187668063562409  0.11082096611900341  0.11982435831045223  0.12928024440859104
  0.13887469162646929  0.14837438141743961  0.15778673485483272  0.16758213557906729
  0.17755069235022505  0.18727172546552748  0.19654704637848311  0.20615788544953328
  0.21689074697772059  0.22788829015792322  0.23956011579862432  0.25197182629560411
  0.26497184943024527  0.27794932526057198  0.29085100672171033  0.30367363381864709
  0.31670279014610192  0.32936066338124054  0.34234873091522067  0.35508331953529537
  0.36857990279707742  0.38143385119431589  0.39369363138105368  0.40629648155566533
  0.41808327841531884  0.42921521220682102  0.43992164866042011  0.45057845960353360
  0.46253672085085940  0.47513836022912892  0.48897368917819656  0.50220824383614360
  0.51268891434250730  0.52263528468349429  0.53325412586603638  0.54411198123529902
  0.55460001634796419  0.56443192881798332  0.57533128813572387  0.58720279874905179
  0.59983882876861261  0.61349608041328973  0.62649602440945151  0.63891120371786081
  0.65085882290666242  0.66207933606535152  0.67324452995051998  0.68525970002572967
  0.69765035378907048  0.71000576531557336  0.72207041269091943  0.73440416101046813
  0.74549413861031599  0.75534913574605889  0.76508646913031364  0.77534101884891360
  0.78615060582676000  0.79692865632666865  0.80772648218111054  0.81874658047097992
  0.82875494584188436  0.83884410446209734  0.84901686699397239  0.85947576516709656
  0.87004610069691501  0.88008620493269396  0.88993893029455984  0.89924989766031704
  0.90817971662567065  0.91694274334775527  0.92580447419866152  0.93455144803718471
  0.94284676289175096  0.95105476767722030  0.95945521280777080  0.96787672812377756
  0.97623681238711391  0.98412448562384691  0.99218021399083800  1.00000000000000000
 -0.00219390002593712  0.00979114863026163  0.02035336388543055  0.03112153484920984
  0.04232696923600165  0.05415377212202813  0.06624963312900356  0.07724024375597487
  0.08675054427969428  0.09558904349852231  0.10429093406084831  0.11428710595717445
  0.12449030399280869  0.13496478996983718  0.14566181899971573  0.15665922890083406
  0.16766692500899863  0.17845108875979382  0.18943023628929473  0.20131812150923062
  0.21339287020734160  0.22504233912993260  0.23505912566965781  0.24455752398606367
  0.25406888674962458  0.26349683396675877  0.27296434389258617  0.28255696655432250
  0.29213951764580837  0.30171227544855861  0.31138789991658344  0.32271066448380370
  0.33384700568184611  0.34237171789066412  0.35036478778352853  0.35861654708732632
  0.36807944422111838  0.37804323622607128  0.38841506604157539  0.39967369062990038
  0.41246799006038792  0.42409988900473877  0.43429396572356910  0.44470024090883548
  0.45438414132150184  0.46385094140759264  0.47357452237043290  0.48451883949361751
  0.49613678702436781  0.50771917797997779  0.51891792183763641  0.52975116719816873
  0.54037755372323393  0.55156223138646843  0.56348191145531479  0.57579161435295001
  0.58761431967766264  0.59905362055597844  0.61053286538357410  0.62178247050674473
  0.63271484561606162  0.64380886536709625  0.65487329339474742  0.66502590041897047
  0.67408082610706532  0.68274748087844428  0.69192586356405772  0.70202720794879114
  0.71151525167047114  0.72153219891403686  0.73207493177883820  0.74380657723724775
  0.75466837157926614  0.76503864865321836  0.77541087439617462  0.78501668610452524
  0.79422864568113072  0.80307712027677847  0.81238026131626240  0.82195574077317235
  0.83180151506666933  0.84202726015802665  0.85245668986072465  0.86307301373615519
  0.87344167227534364  0.88477467450000180  0.89606840934515086  0.90740509025981142
  0.91850930792426655  0.93030300390502851  0.94145578672891150  0.95244942988305981
  0.96329123214997281  0.97551880203618591  0.98761408272887385  1.00000000000000000
 -0.00400427249436729  0.02645957672114566  0.04674746483932196  0.06565354666540585
  0.08345353506008837  0.10072465452560621  0.11623014225542116  0.13056921264802035
  0.14454460478545120  0.15693369803276738  0.16922539331553391  0.18173601652193641
  0.19427851264083668  0.20634667879096646  0.21831597112114418  0.22970563260823929
  0.24023971554778836  0.25045598091950505  0.26106285177212762  0.27193003818895817
  0.28257192581057150  0.29304924359968210  0.30362263227263675  0.31436186339573452
  0.32459809363455033  0.33461586951117500  0.34534327295228118  0.35751253772285779
  0.37176889860780554  0.38549863250061195  0.39793360334169980  0.40995924846659809
  0.42151948796586153  0.43271439191943356  0.44421604440693940  0.45605549771953474
  0.46777112302238782  0.47895245505136369  0.48974948528833379  0.50062132201095866
  0.51163337192033576  0.52228862584761648  0.53307881726615081  0.54428609539368022
  0.55574985716286573  0.56722758794073735  0.57869204034516708  0.58987384964530021
  0.60094550958006809  0.61178065139067039  0.62230253873599262  0.63250568382966521
  0.64254012364219548  0.65273564305925680  0.66313090238854722  0.67425645965368675
  0.68527551779405449  0.69605146625733660  0.70688980838190618  0.71801556829021806
  0.72900081582539300  0.73942243375552186  0.74962790540459667  0.76020872329235334
  0.77117971598381418  0.78210198059902236  0.79242187971437938  0.80228167285255469
  0.81180210996130830  0.82131506821373179  0.83080396188524819  0.83941614588264013
  0.84731571511171455  0.85462146454312271  0.86176703486603856  0.86908790833644334
  0.87623890935000881  0.88302974720346472  0.88973111451923237  0.89669338091512785
  0.90374860122977485  0.91175643496902037  0.91853415738053312  0.92471257945150565
  0.93070052786905455  0.93624955832554557  0.94160691018060705  0.94746278135111650
  0.95329559418531229  0.95937564464799274  0.96483648856160142  0.97034715909922042
  0.97665476168405096  0.98409404788795340  0.99219440863554043  1.00000000000000000
 -0.00171833705549067  0.00806319922186697  0.01700461333415729  0.02556105795334386
  0.03457974187755519  0.04416425128762465  0.05391373484246006  0.06449863063796304
  0.07620564897260915  0.08746665979931789  0.09714031336779232  0.10648877266069623
  0.11628474449856101  0.12689481810880537  0.13769192642192046  0.14830318522495803
  0.15897092857595513  0.16931446393488697  0.17950183699832137  0.18979480819699904
  0.20024307029605876  0.21116056629661628  0.22274086331016527  0.23381145480707524
  0.24389672917801830  0.25416210864870153  0.26480550092878419  0.27564038478882535
  0.28649290291394758  0.29797690768836388  0.30930994061651224  0.32022668507118890
  0.33090782876670660  0.34151351520661238  0.35169228256158569  0.36106296153602391
  0.37055515706721137  0.38080979516564911  0.39207126415539373  0.40459075607995787
  0.41708575127340858  0.42889015867632707  0.43961651110429933  0.44949905103491744
  0.45925722111168554  0.46946073049535264  0.47980273936323808  0.49024374485160616
  0.50108381330672913  0.51285677959004883  0.52422434006702912  0.53529110600321239
  0.54632291708189984  0.55730527222240944  0.56731038115356003  0.57717120445098313
  0.58844142019875612  0.59927595293695934  0.60941052438008125  0.61881672492977924
  0.62869226533296885  0.63901635357523423  0.64995381263220542  0.66142435585977610
  0.67345759869489341  0.68503891938909744  0.69659931007363751  0.70828587107469743
  0.72038459382511888  0.73104504893457689  0.73998730452065065  0.74895663794091938
  0.75872597481953963  0.76914583069324982  0.77962742127494966  0.78981296484249841
  0.80038825209755049  0.81089409120245204  0.82122670138279774  0.83176003504094698
  0.84254039065515218  0.85342652391608997  0.86406657299880796  0.87457560944376223
  0.88549734346716547  0.89671486623346564  0.90730152723114943  0.91696992935254762
  0.92654252756138511  0.93600673110144594  0.94621089189679497  0.95657023221325777
  0.96738961741682938  0.97810524283421152  0.98942048354127088  1.00000000000000000
 -0.00315592185804950  0.01193879405412769  0.02334674774983042  0.03402411763044449
  0.04443172331491062  0.05519082953083964  0.06689253328821383  0.07938818732633172
  0.09134343222070961  0.10243421393512027  0.11331526556712550  0.12433184624438540
  0.13581229253778890  0.14728140172562088  0.15842554594779970  0.16941184325859973
  0.18079568398451037  0.19266583140787649  0.20468653983310561  0.21662868845452080
  0.22875439000545267  0.24068577066878050  0.25235141271866535  0.26357882794657517
  0.27402612693027673  0.28303385177072771  0.29276806616357004  0.30271312744123341
  0.31269453916880047  0.32230363862454930  0.33220941610162552  0.34223312558769836
  0.35207565693283449  0.36213843579150995  0.37222767101393012  0.38307480680105749
  0.39369285012702981  0.40418827543682750  0.41462608920874405  0.42494848921685763
  0.43522641311191929  0.44551156311730972  0.45581984152784527  0.46642403241180969
  0.47784060090975117  0.48985778155488607  0.50174970772456262  0.51251304186034596
  0.52350900576565307  0.53411780201757619  0.54485253211093954  0.55557489250488279
  0.56636953656482281  0.57759663613081780  0.58820141770264678  0.59938736323953534
  0.61033053385543912  0.62077382087118682  0.62991395393329175  0.63800952111453613
  0.64675800509429793  0.65574007233847953  0.66468814201717663  0.67361688613224380
  0.68303965627245966  0.69354507982433722  0.70492516313285947  0.71505217834146506
  0.72468640763857828  0.73380116265904105  0.74328867529400289  0.75298861331274336
  0.76245875317718204  0.77218701792245803  0.78184502203564110  0.79130389362432796
  0.80105085132087306  0.81099965642650185  0.82143613806021154  0.83161020039268130
  0.84178212815097364  0.85223988244465321  0.86337412563356286  0.87433837320466612
  0.88453473069458954  0.89462246196144712  0.90454184514543245  0.91550058901287557
  0.92684016840668915  0.93870526626305506  0.94974368736186165  0.95948880935665215
  0.96928811589561370  0.97891081802440860  0.98897114065273273  1.00000000000000000
  0.09482280962885134  0.11186720955636231  0.12266120947308710  0.13265194999114296
  0.14215302537820204  0.15096050678202855  0.15978678235405469  0.16839420491305951
  0.17888094222560127  0.18899106603291613  0.19842370406533355  0.20803043579590103
  0.21784749063033795  0.22752444256922436  0.23649268565392539  0.24502125337480640
  0.25343274098651924  0.26185577439195212  0.27072169108675714  0.28024346499274089
  0.28985389062789729  0.29826084089700761  0.30683608872121948  0.31597187314238506
  0.32559682119165323  0.33472033471160523  0.34331193112449576  0.35132421874163672
  0.35982092040292779  0.36912293678723423  0.37872955135074088  0.38779006191325222
  0.39619257926842277  0.40408519484909472  0.41209710174373471  0.42019930350334267
  0.42871669280789099  0.43770696813342341  0.44606495611937491  0.45385730317441564
  0.46145412815537723  0.46912733130731377  0.47763481743081493  0.48687595799340261
  0.49596420695657556  0.50423281935094688  0.51220179211538641  0.52015167694413422
  0.52844614149142777  0.53693971232008908  0.54510685455081387  0.55294426330282742
  0.56117608586543177  0.56977440559824510  0.57855429318338214  0.58716748039838840
  0.59571318218362623  0.60428148166061901  0.61294699353320459  0.62181828472984457
  0.63101135595383828  0.64051475013969628  0.64979495383077124  0.65880814089694262
  0.66797389556110298  0.67733018243573817  0.68649401185617842  0.69547041653419406
  0.70447254073503562  0.71377329337452866  0.72257620655029098  0.73179400044800769
  0.74157312204704540  0.75166382919402230  0.76125370322076569  0.77048671038917405
  0.77976049155697313  0.78890262229387487  0.79770768653409407  0.80641378091979543
  0.81480734129978261  0.82308382917259959  0.83155375007796717  0.84022701727218285
  0.84937679151761858  0.85863239314528239  0.86808119215382618  0.87773483891024418
  0.88771491963915927  0.89806838237948416  0.90914799896411957  0.92089599079917139
  0.93409177802324950  0.94938372478843769  0.96999723434320595  1.00000000000000000
 -0.01603660568256834  0.09680253160462107  0.13323972024526903  0.15427879624095547
  0.17214980914376715  0.18763255889539468  0.20137358111266232  0.21452968631519709
  0.22751622818816641  0.23949894098458371  0.24975012297538934  0.25996975933541855
  0.26967617207170275  0.27918152315565614  0.28803641417506237  0.29626089187402826
  0.30458415723527499  0.31269240879253934  0.32080134029255020  0.32864494600503491
  0.33617888912919930  0.34349120932394311  0.35046119344494636  0.35734222806458366
  0.36410023872634456  0.37107909436577208  0.37789153678119330  0.38439865370079929
  0.39098531571669026  0.39751671741740585  0.40432650737427955  0.41117812608289717
  0.41788831577600133  0.42385808551888343  0.42932130808901953  0.43462300475242466
  0.44017130201565768  0.44622517963587316  0.45271373099638512  0.45940091452167237
  0.46579909695717986  0.47203760132558092  0.47792706741194502  0.48348009955092791
  0.48853612969763899  0.49350907125441312  0.49875667537009044  0.50471760749234917
  0.51156029505122047  0.51809137638408143  0.52426070061126850  0.52980015224826571
  0.53512617673949159  0.54077237622456298  0.54573295903039964  0.55136598063232001
  0.55735273967302634  0.56340562535360195  0.56935195180560161  0.57511090877751614
  0.58083028526597724  0.58667987974920566  0.59269854874100225  0.59874862088068637
  0.60474118972474222  0.61061684700549834  0.61648678814318569  0.62233236626777599
  0.62794294823126473  0.63333528908079861  0.63865410905506281  0.64412178739297754
  0.65004804223133728  0.65628628974184278  0.66285416667366337  0.66990365399314822
  0.67746776224057192  0.68557368721628698  0.69392365601708206  0.70235431775797241
  0.71102217195881934  0.72035890635235555  0.73007702063875246  0.73934990849719273
  0.74871965557038622  0.75843308693913714  0.76806330260324918  0.77850282246129909
  0.78939983045961681  0.80083304358310103  0.81295083415369296  0.82607389676137821
  0.84144098237213016  0.86153232194123308  0.89551589820687860  1.00000000000000000
   1.2309065788427167E-003  -1.0000000000000000     
 F F F F F F F F F F F F F F F F F F F F F F F F F F F F F F F F F F F F F F F F F F F F F F F F F F F F F F F F F F F F F F F F F F F F F F F F F F F F F F F F F F F F F F F F F F F F F F F F F F F F F F F F F F F F F F F F F F F F F F F F F F F F F F F F
  <DiscreteSampler_grid>
  grouped_processes
  1 # 1 for a reference and 2 for a running grid.
  10 # Attribute 'min_bin_probing_points' of the grid.
  1 # Attribute 'grid_mode' of the grid. 1=='default',2=='initialization'
  0.0000000000000000 # Attribute 'small_contrib_threshold' of the grid.
  0.5000000000000000 # Attribute 'damping_power' of the grid.
 # binID   n_entries weight   weight_sqr   abs_weight
    13   10   1.503059919511210E+000   1.288990136643012E+001   1.503059919511210E+000
    22   10   1.503059919511210E+000   1.288990136643011E+001   1.503059919511210E+000
    25   10   6.482561748296236E+000   2.325705936637283E+002   6.482561748296236E+000
    31   10   1.503059919511210E+000   1.288990136643012E+001   1.503059919511210E+000
    34   10   6.482561748296237E+000   2.325705936637284E+002   6.482561748296237E+000
    40   10   1.503059919511210E+000   1.288990136643012E+001   1.503059919511210E+000
    49   10   1.467128507115356E+000   1.166683235515345E+001   1.467128507115356E+000
    58   10   1.467128507115357E+000   1.166683235515346E+001   1.467128507115357E+000
    61   10   6.124829082225736E+000   1.836522879139291E+002   6.124829082225736E+000
    67   10   1.467128507115356E+000   1.166683235515346E+001   1.467128507115356E+000
    70   10   6.124829082225736E+000   1.836522879139291E+002   6.124829082225736E+000
    76   10   1.467128507115356E+000   1.166683235515346E+001   1.467128507115356E+000
  </DiscreteSampler_grid>
