 -0.00249125762478412  0.00952817060950135  0.01969613497590225  0.03022246656453871
  0.04076623146673134  0.05130551802877198  0.06184517476709969  0.07239268071272728
  0.08293907141461050  0.09347775791572707  0.10401454473074498  0.11454659306356130
  0.12508618079277090  0.13563100877062403  0.14618323098685959  0.15673431844409760
  0.16728278654518361  0.17782283431260190  0.18834870704633849  0.19887252543237097
  0.20940489822791772  0.21995360405322928  0.23050020792394349  0.24104510719807437
  0.25158902707474490  0.26213619048474357  0.27268418332598438  0.28322760162998689
  0.29376800024004096  0.30430882337017018  0.31484280585901797  0.32537873785827492
  0.33591478786540313  0.34646197707898180  0.35700263739018445  0.36754413019453341
  0.37807961304440618  0.38861815007955647  0.39915105683926294  0.40968818729764306
  0.42022780755191680  0.43076467302465427  0.44129829751598953  0.45183283111578709
  0.46237545271490516  0.47292402990022003  0.48347298577602343  0.49401580768904918
  0.50455707433149488  0.51509950680368455  0.52564202836599005  0.53617816887791458
  0.54671171727276557  0.55724954933963777  0.56779429207957000  0.57833283724836348
  0.58887024625266682  0.59940529230330086  0.60995092780611881  0.62049877904436257
  0.63104663342768907  0.64158967551860602  0.65212777716886361  0.66266352085302249
  0.67320233863604706  0.68374526958308679  0.69428753854990366  0.70483295834342596
  0.71537842528203066  0.72593024919683957  0.73647568568851840  0.74701620588447393
  0.75755678305828944  0.76810157650140731  0.77864364169762734  0.78917311507696253
  0.79970367955939747  0.81024041129136171  0.82078955204040549  0.83134021379100509
  0.84188673946684578  0.85243234742922791  0.86297732127361215  0.87353044591667495
  0.88407151317524324  0.89459923851098677  0.90511607887740664  0.91564625067774830
  0.92618619871647112  0.93673178159813597  0.94727568265407636  0.95782292531476498
  0.96836719204241062  0.97890968130794787  0.98945214831562689  1.00000000000000000
 -0.00243667885353885  0.00958936536300036  0.01976166262494874  0.03027010716132620
  0.04080895300282018  0.05135209547277973  0.06189380277421522  0.07243775076544356
  0.08297989883398239  0.09352045748148728  0.10406238049572361  0.11460255897385747
  0.12514862098449819  0.13568813132451987  0.14622703865902145  0.15676670824273756
  0.16730621955262492  0.17784902803683766  0.18839333590621407  0.19894139122403778
  0.20948953222984754  0.22002983636398446  0.23057292651225278  0.24111775903009555
  0.25166910691091227  0.26221515018254760  0.27275362122512226  0.28329029048985449
  0.29383260217329038  0.30438080060025285  0.31492983633538446  0.32547767177592418
  0.33602469785577677  0.34657337259963178  0.35712315167282549  0.36767342552945198
  0.37822374878596726  0.38877234274499928  0.39931073541256690  0.40984631981029301
  0.42038325701598955  0.43092552462253902  0.44146335144756188  0.45199946207172631
  0.46253252777231607  0.47307139197419434  0.48360970974378420  0.49413713164486800
  0.50465922786901674  0.51518372196677142  0.52572296740260871  0.53626437876513544
  0.54680207633869615  0.55733665726987625  0.56787636153538579  0.57842069235409399
  0.58896895835151142  0.59951543889050019  0.61006271202729989  0.62060471953004959
  0.63114687467738717  0.64168604175245314  0.65223265547863007  0.66277982979261174
  0.67332090848643433  0.68386271514439412  0.69439676694463204  0.70493814894840057
  0.71547520064502512  0.72602105911550341  0.73656558120225191  0.74711564499887162
  0.75766149588637455  0.76819304400977950  0.77871536983299294  0.78923810263943628
  0.79977462869647864  0.81031749100127315  0.82086176354458729  0.83140737500540507
  0.84194913877940858  0.85249160066111518  0.86303430040812790  0.87357158500327736
  0.88411239264715791  0.89464110625832316  0.90517751532784274  0.91571005205400147
  0.92623825545515603  0.93677205476815206  0.94729049978026647  0.95782616596673553
  0.96836282888148106  0.97891058107878104  0.98945750652702058  1.00000000000000000
   2.5657826523160683E-008  -1.0000000000000000     
 F F F F F F F F
  <DiscreteSampler_grid>
  grouped_processes
  1 # 1 for a reference and 2 for a running grid.
  10 # Attribute 'min_bin_probing_points' of the grid.
  1 # Attribute 'grid_mode' of the grid. 1=='default',2=='initialization'
  0.0000000000000000 # Attribute 'small_contrib_threshold' of the grid.
  0.5000000000000000 # Attribute 'damping_power' of the grid.
 # binID   n_entries weight   weight_sqr   abs_weight
    10   10   1.322623097372511E+010   1.749331857703253E+020   1.322623097372511E+010
  </DiscreteSampler_grid>
