  0.00000044483274897  0.00000046901813407  0.00000049254961382  0.00000051385136568
  0.00000053447967661  0.00000055421115107  0.00000057359908745  0.00000059235954371
  0.00000061150289855  0.00000063210973059  0.00000065460155849  0.00000067780447562
  0.00000070107247679  0.00000072509733923  0.00000075014176189  0.00000077586813769
  0.00000080175629444  0.00000082684027527  0.00000085082412433  0.00000087696226352
  0.00000090510410083  0.00000093333371398  0.00000096147588360  0.00000099139369116
  0.00000102264170124  0.00000105607537032  0.00000109400931771  0.00000113726789377
  0.00000118017108758  0.00000122112366047  0.00000126405681106  0.00000130860027371
  0.00000135308433756  0.00000139836670884  0.00000144463861997  0.00000149229246906
  0.00000154217374696  0.00000159419564874  0.00000164467921415  0.00000169870583277
  0.00000175627689194  0.00000182087950759  0.00000189081753669  0.00000196111666122
  0.00000203197921331  0.00000211420021208  0.00000220849043114  0.00000230551006261
  0.00000240392555027  0.00000251079876795  0.00000262986887492  0.00000275637371464
  0.00000289290222819  0.00000304234294425  0.00000320192131514  0.00000336005320904
  0.00000352642938550  0.00000370705284827  0.00000390633957572  0.00000412518590019
  0.00000436797151878  0.00000463693517400  0.00000492512040038  0.00000526479760832
  0.00000558403281907  0.00000596609260111  0.00000640628428544  0.00000691940986042
  0.00000752411039717  0.00000816506555793  0.00000883000201766  0.00000953787457413
  0.00001031304820507  0.00001119451316477  0.00001211303171944  0.00001298385184434
  0.00001391125374637  0.00001498261817722  0.00001633601758621  0.00001818434828916
  0.00002058780295000  0.00002368485856393  0.00002743440655026  0.00003199826461168
  0.00003676891958478  0.00004304674552735  0.00005203614018954  0.00006536799989436
  0.00008459039264817  0.00011426860314835  0.00016290322638253  0.00024770673019381
  0.00043108724870016  0.00125018590308615  0.25601665167800819  1.00000000000000000
  0.00000055144768854  0.00000114124243509  0.00000147496400149  0.00000175963622575
  0.00000202393928866  0.00000225370220752  0.00000252447560943  0.00000282822793329
  0.00000323431714659  0.00000365027138282  0.00000409518351892  0.00000453323213677
  0.00000496602475713  0.00000537773832794  0.00000581003325609  0.00000620418491441
  0.00000665155072302  0.00000710698668851  0.00000760141031386  0.00000809588845905
  0.00000864649353177  0.00000923935669599  0.00000987858046259  0.00001061602263347
  0.00001136619289866  0.00001208137927433  0.00001286524208207  0.00001370360470861
  0.00001471100919655  0.00001577367536837  0.00001697600030102  0.00001821019691427
  0.00001953512964122  0.00002098183125815  0.00002247359698893  0.00002407274408042
  0.00002569010723045  0.00002731640853527  0.00002902535561801  0.00003081183082448
  0.00003287386195647  0.00003513054149687  0.00003733893824501  0.00003969208491456
  0.00004209360727447  0.00004469582916601  0.00004771260763305  0.00005097952750965
  0.00005456043924544  0.00005848501731322  0.00006268003518992  0.00006716373487102
  0.00007175616870453  0.00007661668648577  0.00008201276967748  0.00008754712675763
  0.00009370300159563  0.00009993268942161  0.00010676256410291  0.00011510927569421
  0.00012396914947002  0.00013366295817396  0.00014454842290878  0.00015647877938029
  0.00016962022448506  0.00018500253087961  0.00020277710470171  0.00022252989874997
  0.00024552966524244  0.00027350577306043  0.00030451081058219  0.00033459507405618
  0.00036899828193781  0.00040430482789368  0.00044375040591700  0.00049635976998554
  0.00055470399552188  0.00062644445653974  0.00071756850324194  0.00082326216840230
  0.00096695704681733  0.00113649367235748  0.00136053452906950  0.00163811154774285
  0.00200624351189832  0.00238139895480283  0.00269392415171852  0.00298627621658911
  0.00332684048240223  0.00367179154136511  0.00413140452795447  0.00517638333965165
  0.00840492034281850  0.08295642560548894  0.52185875255930025  1.00000000000000000
  0.00000504633909864  0.00002024979622569  0.00002627392486509  0.00003356029884566
  0.00004386181145074  0.00005483271724979  0.00006570133880125  0.00007479536272085
  0.00008354454205736  0.00009107413222213  0.00009818645249759  0.00010542092799731
  0.00011230708515454  0.00012011586283352  0.00012813957025777  0.00013680309861310
  0.00014626202967409  0.00015682805149126  0.00016833319624911  0.00018051241661222
  0.00019334197910266  0.00020726165552148  0.00022245233333055  0.00023852131472975
  0.00025542073241442  0.00027332748653787  0.00029150816323937  0.00030983183152766
  0.00032860290603352  0.00034861016400135  0.00037037868998752  0.00039337566654019
  0.00041763198740455  0.00044208118219545  0.00046875095607290  0.00049643237642787
  0.00052439327359649  0.00055355182155759  0.00058366308842954  0.00061579214834790
  0.00065257348922373  0.00068906334345677  0.00072868061030309  0.00076120840276115
  0.00079266795964905  0.00082871387510681  0.00086355289633065  0.00089906836756045
  0.00094015119136437  0.00098402753179175  0.00103068454764142  0.00108141042692727
  0.00113144633448989  0.00117821406460509  0.00122596582777548  0.00127433073544714
  0.00132656524452983  0.00138964365738950  0.00146467652975280  0.00154735517186458
  0.00162478955024503  0.00169756859745489  0.00176505616303800  0.00182501942248484
  0.00188947084220941  0.00196074947131296  0.00203776109222792  0.00212669536804180
  0.00223349815937973  0.00235680319687311  0.00248625783820222  0.00262580928255936
  0.00277141707255426  0.00291613162850473  0.00305473014656142  0.00321174223830401
  0.00337016284524661  0.00354376805236779  0.00374736306532574  0.00399011946042831
  0.00431529372003438  0.00484310224832759  0.00552320685438311  0.00608611006265990
  0.00660953305724909  0.00717358780601423  0.00792718603972232  0.00886368826192424
  0.00960565660701723  0.01045199404034196  0.01179489259363763  0.01326562982468875
  0.01507042711111491  0.01807149485046720  0.38403807401215362  1.00000000000000000
 -0.00324668867081986  0.01386298821306916  0.02769507088280809  0.04106303292365136
  0.05363169827563031  0.06571811037852510  0.07690382175953990  0.08717045402348893
  0.09656391616836167  0.10585024439879159  0.11614265957732584  0.12748695531645021
  0.13914227498101267  0.15014732280664195  0.16079853860381957  0.17096995823856742
  0.18087982035904379  0.19172374118427807  0.20261337944298038  0.21388872598598344
  0.22512637309953412  0.23729357241099902  0.24911131927626112  0.25998246114893320
  0.27070471686527803  0.28176504857436080  0.29401693958945224  0.30620287110235578
  0.31779633518634820  0.32828566674375470  0.33887069918237739  0.34936502606518510
  0.35936792034448650  0.36876297093849958  0.37816016473512348  0.38808972730929014
  0.39760643475336155  0.40684580589854957  0.41627543071597500  0.42630926525083074
  0.43700636113008923  0.44813754860578542  0.45880338669313292  0.46895195601107487
  0.47955988077795214  0.48990803764518209  0.50034782907277242  0.51023819873554332
  0.52027706002602991  0.53021718218349789  0.54005761375122030  0.54990889531215359
  0.56075423386579115  0.57010233627172702  0.57892079123600504  0.58750886756221121
  0.59703986891083660  0.60756460459425510  0.61808530112596194  0.62807466228778175
  0.63756996612993200  0.64698151706135199  0.65700216865267635  0.66784159822297484
  0.67973799320320338  0.69175229617643452  0.70281908724926945  0.71232675261319234
  0.72074805505748740  0.72945701490862558  0.73706355813452351  0.74446736985766404
  0.75255702530202429  0.76091607417291485  0.77106567621969146  0.78121970965273191
  0.79077107943427571  0.80123806909047079  0.81169549656120388  0.82346051741508441
  0.83526587771278193  0.84667131310649824  0.85749759473072684  0.86817497615099171
  0.87893295595858545  0.89004886710107067  0.90131750315218406  0.91270476926970234
  0.92426274847865264  0.93546868878361644  0.94640426812084155  0.95742848332290720
  0.96888664862836826  0.97952891132373299  0.98988728097193512  1.00000000000000000
 -0.00229276604309639  0.00900588156660681  0.01813791976752663  0.02774134164592006
  0.03769007511100346  0.04784018091088751  0.05836464342879463  0.06899870171232246
  0.07912141273992145  0.08878627413266157  0.09790436594639265  0.10812457282294559
  0.11939369831586923  0.13177533484605558  0.14413158224826933  0.15596750833529346
  0.16737584649887968  0.17794048735695503  0.18812991274067545  0.19803390520759365
  0.20745833443862544  0.21659110532267681  0.22616410952717014  0.23673407990127490
  0.24762796289001487  0.25790311322512821  0.26800787998558917  0.27814537857135080
  0.28848985546842182  0.29895686865490900  0.30969555564447898  0.32065631082314500
  0.33070049524976397  0.33972258785006265  0.34864929657101179  0.35844327954432120
  0.36878609576204302  0.37883878795248965  0.38846849599785660  0.39850973305029008
  0.40881706396367173  0.41892693263384739  0.42908273355105264  0.43957794176441789
  0.45102715325606696  0.46320499490784622  0.47539439112319348  0.48758178969945121
  0.49871610155113133  0.50972251014934344  0.52009498553961586  0.52928515163346190
  0.53859012151181596  0.54797604451997306  0.55866252714239362  0.57056109724193771
  0.58276776688131715  0.59540496356418826  0.60782529869822521  0.61969825001816570
  0.63238244344421646  0.64507426898893971  0.65674082683738999  0.66730236373872143
  0.67702364751766664  0.68609091954884716  0.69545073051729145  0.70430305124908477
  0.71388920288207325  0.72419888818353551  0.73437971913561284  0.74478751698379919
  0.75587358873450761  0.76787133740701996  0.78041051051348476  0.79255491462603511
  0.80468193489379403  0.81640518373075466  0.82777925668337859  0.83843621453684203
  0.84878400257668951  0.85939096844732921  0.87026345715828879  0.88079570800381612
  0.89050988091057226  0.90002377807235456  0.90970935827489596  0.91975882412175636
  0.92949174781103117  0.93943305721682602  0.94981254177573293  0.96105874219010201
  0.97185894748009349  0.98136349558304292  0.99107992578364290  1.00000000000000000
 -0.00215923580127655  0.01087260733148140  0.02289859898208739  0.03361442184719068
  0.04479535546709063  0.05471818116530382  0.06324181893110566  0.07083062062073553
  0.07821417070222683  0.08660300628361405  0.09666180357911711  0.10811695439486151
  0.11964301903805530  0.13010672608011198  0.14071401323417268  0.15173671010777814
  0.16371732375633019  0.17623574114399995  0.18859609706786268  0.20079388738744328
  0.21251666301125088  0.22202882107420086  0.23148765402797844  0.24138814386156590
  0.25208744568857511  0.26266423793932731  0.27411076203552109  0.28652114054067407
  0.29899137672266113  0.31133177408416324  0.32338166846896305  0.33510595289598366
  0.34742238833178524  0.35969807650843882  0.37188047811133940  0.38489848926951031
  0.39905626084816187  0.41362854569216756  0.42848317687762233  0.44281508711307177
  0.45631276956732431  0.46891002361688450  0.48112354341401059  0.49325488602128892
  0.50462419657402269  0.51580118592199231  0.52697294460755628  0.53860990174184964
  0.55047254500400378  0.56362356472861386  0.57657310875295809  0.58879665131047898
  0.60069420507490456  0.61310173405027368  0.62524348373345984  0.63698836492509359
  0.64890945417732782  0.66054028528672704  0.67101686007592842  0.68108770101311178
  0.69129018639028750  0.70150629382892005  0.71144871935706944  0.72138320847677839
  0.73151372927838887  0.74186814631216258  0.75217334277006176  0.76232508498157103
  0.77262847902539944  0.78300229388370846  0.79379023361725298  0.80369300731075122
  0.81379344686322874  0.82359428828618908  0.83309044105832231  0.84224731749275816
  0.85109063445634903  0.85989713652868527  0.86905214051201207  0.87802169015387943
  0.88625972018159693  0.89442938238359293  0.90224817559188075  0.91022689136037560
  0.91794931236136479  0.92554414033022081  0.93321556025232877  0.94071029073672341
  0.94791726706999624  0.95493222863372751  0.96207700157091092  0.96977531469788381
  0.97776661650996377  0.98532497481946268  0.99256038440883465  1.00000000000000000
 -0.00220136190693778  0.01123877249086607  0.02150328875857236  0.03146789684194360
  0.04188255959072947  0.05341611823336818  0.06451982859694436  0.07556112106337799
  0.08680228065454319  0.09834529250021413  0.10932870968665176  0.11939783000152279
  0.12923806777957458  0.13942459323368026  0.15045208845622968  0.16253999918803325
  0.17424867279414291  0.18530160576317667  0.19486898015586795  0.20409144691487255
  0.21404355373252826  0.22407078737153477  0.23328600547885200  0.24236007334462453
  0.25238366400713391  0.26386972417350191  0.27447141129836200  0.28360921798875527
  0.29268639580830963  0.30213317011855800  0.31222273306418430  0.32296927695591254
  0.33397568401423994  0.34569684690541924  0.35760894405887189  0.36964826366897108
  0.38211758999280004  0.39425623264769755  0.40597863762302311  0.41690183546201182
  0.42703716169038669  0.43679459371060508  0.44663027425202168  0.45714600502196123
  0.46754960843691401  0.47748919998401873  0.48841017279174792  0.49912917751772307
  0.51066173368446766  0.52245631392669023  0.53358538313274884  0.54505860338535794
  0.55672500469159103  0.56801770712331479  0.57799647779920527  0.58799984043467834
  0.59744843820808669  0.60667728305762214  0.61528206829798349  0.62429733589173797
  0.63396864147958953  0.64387605707342466  0.65416743715645131  0.66469015220774019
  0.67583935135237549  0.68704798417181612  0.69807278466183464  0.70878966380576258
  0.71888459287893247  0.72797315947613161  0.73710836666136947  0.74640064035924081
  0.75745059412877858  0.76831798491012604  0.77831941995014797  0.78858774463849246
  0.79915692284722928  0.81179055477297057  0.82512565128982718  0.83794418882054367
  0.85063570106237429  0.86153349362276233  0.87188840943788570  0.88135144766236129
  0.89077764646172164  0.90005917186739715  0.90927970767270561  0.91841878316494463
  0.92817007197479928  0.93720752137647045  0.94806864087598741  0.95912456993206785
  0.96895861335144318  0.97939257854513040  0.98923375344795439  1.00000000000000000
 -0.00231646048623602  0.00818907579978988  0.01676571953498912  0.02570120540109349
  0.03507363550540436  0.04538121037555130  0.05635542572144823  0.06680894449151935
  0.07681451031362160  0.08652422734558324  0.09618123633128577  0.10656332869871044
  0.11817181080703687  0.13112447321461909  0.14427482392168872  0.15772026340967937
  0.16989628898712963  0.18146731201657265  0.19285688406500204  0.20438131198855428
  0.21582712908752263  0.22702328452969306  0.23775380138749039  0.24787307574140632
  0.25706090131776888  0.26546568693995282  0.27394347384235906  0.28240862934891431
  0.29127930368542848  0.30184764980359780  0.31197683637016949  0.32229181404520069
  0.33225394382857165  0.34261294805428183  0.35220209397142593  0.36362613066108534
  0.37508563377671450  0.38667219830642308  0.39830593869161185  0.41019664569704550
  0.42182665112700712  0.43366514300953879  0.44507990300848016  0.45637158309480608
  0.46644061296874512  0.47657638756959225  0.48713696057079187  0.49906984792412595
  0.51194679413528810  0.52411476175110960  0.53568439144814750  0.54623461623066250
  0.55654277817399822  0.56629039487647248  0.57659801067688898  0.58817158155695048
  0.60102950498127872  0.61330026899641477  0.62364026632732994  0.63310458035011619
  0.64277867576853864  0.65382546566758815  0.66526404314983278  0.67699555753851481
  0.68865929282464222  0.70069990641928392  0.71226367659293344  0.72289384702341175
  0.73290692119716894  0.74233176875284768  0.75175557677100435  0.76206083191109431
  0.77251849534601336  0.78252928460633508  0.79217756964015951  0.80169634581078475
  0.81107022325236777  0.82198272682224793  0.83313078372970861  0.84276391449850752
  0.85336738467645989  0.86428798166494547  0.87518062571957045  0.88355362179716301
  0.89195632510857492  0.90118393164230004  0.91041438148037879  0.91985100270200837
  0.92924002268153738  0.93926667632444172  0.95020359564586554  0.96105085290873327
  0.97138894677570087  0.98146709734220117  0.99070751441328708  1.00000000000000000
  0.19187787900866893  0.19686811514501951  0.20150398903031763  0.20588508009898901
  0.21064514357263245  0.21884120591396003  0.22747508043580514  0.23486749997538942
  0.24144510986748927  0.24738644896012629  0.25447145160662132  0.26003651789876259
  0.26691127722000640  0.27315588844048178  0.27903215541439796  0.28393937418377363
  0.28998611088324699  0.29688790110371366  0.30432570468085846  0.31203588736533427
  0.31887622412613920  0.32548669846736972  0.33231296169157026  0.33969053017656731
  0.34774706286892038  0.35633537788648767  0.36277762736523028  0.36886531843421827
  0.37503542039739240  0.38161806802131665  0.38856594395382710  0.39540561170699540
  0.40207299118482809  0.40870500088269690  0.41518997605682290  0.42193289535870687
  0.42876433007158660  0.43506176585525097  0.44079071589417029  0.44641642162297507
  0.45243936943290403  0.45837315357857955  0.46445362875760998  0.47034751221507581
  0.47624659902880961  0.48219648221580574  0.48820317419312348  0.49452418688632466
  0.50081555201347994  0.50765336502397085  0.51498357641712056  0.52249064418260704
  0.52965319333393968  0.53671834500421112  0.54397795020676365  0.55163053143273078
  0.55961225925971636  0.56786015885273222  0.57588546445349864  0.58373983844662769
  0.59137999876125580  0.59859231670438484  0.60573721680835013  0.61376195070036632
  0.62249823803451054  0.63130618536239902  0.63998161597622116  0.64901802796983010
  0.65866089859048405  0.66875868012832784  0.67909563318903632  0.68911647863682113
  0.69903913092819270  0.70899138014203655  0.71900544695358737  0.72871435017467334
  0.73847581018883757  0.74833702725901330  0.75745770572183591  0.76620854473307987
  0.77497040185770250  0.78464026703277845  0.79513440583817641  0.80552758646732903
  0.81675216469591094  0.82876911144579202  0.84105033041171107  0.85365310960462415
  0.86675861947862165  0.88060557808770612  0.89530687531685116  0.90970073277226371
  0.92449343995101663  0.94090491266835630  0.96312280658604010  1.00000000000000000
 -0.00949980746644082  0.05414785829359137  0.07995798626213575  0.09688346950547606
  0.10994101482931468  0.12132747957028413  0.13075560778314602  0.13927273558816503
  0.14781375429350160  0.15609221162806408  0.16369694282111188  0.16970586069633548
  0.17476746707260635  0.17973339918766718  0.18481093226984252  0.19034865278676275
  0.19560118049412231  0.20086992639609655  0.20608966979629276  0.21149351395659130
  0.21692790336349438  0.22230988788639144  0.22755081076229866  0.23273065325610395
  0.23805850605715936  0.24358624637804777  0.24922717459436328  0.25465334541628742
  0.25992567885932583  0.26488035015202549  0.26921343973711320  0.27380210900893615
  0.27844380849995409  0.28295110350852459  0.28830844149197088  0.29424527334046430
  0.30008047570546215  0.30570544958977752  0.31154038202795131  0.31760840973147991
  0.32383037855873725  0.33016746337142638  0.33627802553391800  0.34171590883206515
  0.34670371293583202  0.35155227852312737  0.35667118244127577  0.36216125223412932
  0.36839173000835707  0.37551124168010341  0.38193001681757305  0.38804430316019672
  0.39389425784197396  0.39976875979160875  0.40599185483701256  0.41256608182277577
  0.41940590866043037  0.42645142059618613  0.43356588969669596  0.44075363462403067
  0.44777167907614246  0.45427645551648760  0.46071669473542309  0.46723012675361680
  0.47397841473096414  0.48071319436975202  0.48747012430192754  0.49446435392064453
  0.50214330155292641  0.51027771984182846  0.51828573419634882  0.52651036460134493
  0.53539622032548118  0.54470473806501674  0.55400602515102193  0.56320030471409799
  0.57235566673316851  0.58192870860644841  0.59211699286926200  0.60187679359549939
  0.61134146572181280  0.62098159657846552  0.63244318326712901  0.64483111295432705
  0.65756163941422185  0.67045825699001771  0.68420370205485370  0.69943963606866344
  0.71561314865711623  0.73296216710889861  0.75175285671836078  0.77267016538015210
  0.79838884302652335  0.82831521980518530  0.87030533960378864  1.00000000000000000
   2.9609409374949172E-003  -1.0000000000000000     
 F F F F F F F F F F F F F F F F F F F F F F F F F F F F F F F F F F F F F F F F F F F F F F F F F F F F F F F F F F F F F F F F F F F F F F F F F F F F F F F F F F F F F F F F F F F F F F F F F F F F F F F F F F F F F F F F F F F F F F F F F F F F F F F F
  <DiscreteSampler_grid>
  grouped_processes
  1 # 1 for a reference and 2 for a running grid.
  10 # Attribute 'min_bin_probing_points' of the grid.
  1 # Attribute 'grid_mode' of the grid. 1=='default',2=='initialization'
  0.0000000000000000 # Attribute 'small_contrib_threshold' of the grid.
  0.5000000000000000 # Attribute 'damping_power' of the grid.
 # binID   n_entries weight   weight_sqr   abs_weight
    13   10   1.254369325973312E+005   1.269147516709147E+011   1.254369325973312E+005
    14   10   1.254369325973318E+005   1.269147516709159E+011   1.254369325973318E+005
    16   10   1.255284750246269E+005   1.270307904384862E+011   1.255284750246269E+005
    17   10   1.255284750246275E+005   1.270307904384875E+011   1.255284750246275E+005
  </DiscreteSampler_grid>
