  0.00000497497193100  0.00000504142581131  0.00000521981022262  0.00000543263842003
  0.00000569283116873  0.00000597960879446  0.00000622882899287  0.00000648218746311
  0.00000672826363747  0.00000698241777221  0.00000731039265317  0.00000765177856432
  0.00000796699210443  0.00000826365439492  0.00000856597743501  0.00000888322674750
  0.00000923175295173  0.00000962286702865  0.00001004843117000  0.00001049606053297
  0.00001097618517014  0.00001148416286576  0.00001197604321045  0.00001244055923231
  0.00001289142630747  0.00001337007286797  0.00001387461776016  0.00001442446154045
  0.00001505793729765  0.00001572455102885  0.00001639746525063  0.00001712532583330
  0.00001786888167151  0.00001863636588778  0.00001943479169530  0.00002025163476315
  0.00002106745684645  0.00002191908620495  0.00002287033880498  0.00002393101577895
  0.00002502613108926  0.00002618294757423  0.00002741802895485  0.00002867766662283
  0.00003000924224611  0.00003140245703462  0.00003286424146081  0.00003435598844975
  0.00003589681854681  0.00003740225521450  0.00003895162707546  0.00004069568733509
  0.00004257299659992  0.00004458571317672  0.00004677112558096  0.00004925048906740
  0.00005203606593985  0.00005534035886266  0.00005870554385843  0.00006241170622119
  0.00006638637929933  0.00007055804096113  0.00007499850009994  0.00007983896144690
  0.00008529644008830  0.00009116008811936  0.00009723705809816  0.00010398132686347
  0.00011160945428938  0.00012019911713920  0.00012943129622844  0.00013952995409205
  0.00015089483633566  0.00016423710209574  0.00017938721803150  0.00019615123073520
  0.00021526663054970  0.00023678588666209  0.00026321015425793  0.00029476629563002
  0.00033148856462216  0.00037392486467500  0.00042478637167727  0.00048873192606924
  0.00057033003090059  0.00066859399808478  0.00081051871317264  0.00102287700364533
  0.00130219737949377  0.00162063853277864  0.00207667961356160  0.00306338170781355
  0.00559126977092957  0.06539225758345335  0.11993980187237488  1.00000000000000000
  0.00000675226051520  0.00000711177706146  0.00000735585641007  0.00000756250608388
  0.00000776534140947  0.00000797209976137  0.00000818612973527  0.00000840351216213
  0.00000866311176727  0.00000892914241724  0.00000918685241725  0.00000943624533606
  0.00000969036439800  0.00000996457515663  0.00001025403859146  0.00001055115361880
  0.00001085696596473  0.00001121545378729  0.00001157258508205  0.00001193008515844
  0.00001229189410034  0.00001270330484749  0.00001318990806377  0.00001368690349476
  0.00001418638589191  0.00001480520343762  0.00001548117332746  0.00001616881085676
  0.00001686660160776  0.00001757266132742  0.00001827712739521  0.00001899777939805
  0.00001978623668347  0.00002065490474373  0.00002161024512116  0.00002261690164927
  0.00002369221430655  0.00002476465226397  0.00002584983522856  0.00002705985352514
  0.00002833155608369  0.00002972878377479  0.00003126601480437  0.00003286640917854
  0.00003466949470486  0.00003668719108963  0.00003876690676526  0.00004119420270834
  0.00004370921753093  0.00004637885578097  0.00004918201785597  0.00005224693370475
  0.00005570662559460  0.00005961580501570  0.00006369488964832  0.00006784035535992
  0.00007222688211899  0.00007690285034895  0.00008211144183782  0.00008784254485377
  0.00009386206838578  0.00010066883926190  0.00010806741919616  0.00011625106453814
  0.00012544749171538  0.00013562059353838  0.00014680618322672  0.00015912913022795
  0.00017321338032458  0.00019019936328412  0.00020927370401603  0.00023032948141544
  0.00025211286777476  0.00027392690058268  0.00029690946622039  0.00032225172630866
  0.00035011885553553  0.00038217458928443  0.00042134343613229  0.00047106394412589
  0.00053437670825863  0.00060385680138752  0.00067661981971331  0.00076412996836103
  0.00086209236827837  0.00096803289109811  0.00109576440909045  0.00123433481256810
  0.00139796787030754  0.00160458084378423  0.00196351569603005  0.00265604512367912
  0.00362581355824473  0.00517906903507850  0.11447747761246606  1.00000000000000000
  0.00000747800000158  0.00000911823940735  0.00001016552880423  0.00001131648877294
  0.00001274780991470  0.00001420789102757  0.00001564906136620  0.00001698906151257
  0.00001834070812546  0.00001973080075782  0.00002124902105492  0.00002277846433113
  0.00002439009577700  0.00002610280744590  0.00002781038381614  0.00002948389909226
  0.00003115627248578  0.00003286500266287  0.00003468839154196  0.00003656719983327
  0.00003842407408685  0.00004031526993198  0.00004224083056674  0.00004426636514418
  0.00004632534009371  0.00004847031713779  0.00005062897120710  0.00005292630576210
  0.00005534047629878  0.00005769416647641  0.00006000774307345  0.00006234952542090
  0.00006470059401095  0.00006718073556561  0.00006976083735032  0.00007276426620475
  0.00007554977586219  0.00007828750089700  0.00008107015812816  0.00008403736636089
  0.00008729602138141  0.00009065635696599  0.00009404313218673  0.00009781509299986
  0.00010158595495932  0.00010573325155409  0.00011008912031039  0.00011454326800119
  0.00011909939763343  0.00012416522980700  0.00012970023421217  0.00013538374920214
  0.00014137971850231  0.00014808452730926  0.00015529836718235  0.00016283174613742
  0.00017101174395570  0.00017978450770281  0.00018937330458217  0.00020025416703252
  0.00021272334167399  0.00022642008962482  0.00024179992832421  0.00025861608577695
  0.00027694999143978  0.00029616153014447  0.00031594586891357  0.00033816386158172
  0.00036281369781300  0.00039211380961788  0.00042736326589067  0.00046868271513754
  0.00051484289329448  0.00056389914869032  0.00061810090076653  0.00068586538277771
  0.00077300285835733  0.00087373760961827  0.00098155073931546  0.00109725486819215
  0.00120495244064632  0.00132030356191270  0.00146270523984309  0.00165435500680710
  0.00191885869826544  0.00218373151148182  0.00243690366009636  0.00271600695628585
  0.00302696512832944  0.00343798010555212  0.00383586506627317  0.00436802428813539
  0.00514784968969077  0.00645125693458576  0.03278832906191358  1.00000000000000000
 -0.00153556302451175  0.00954934614313090  0.01710862489229491  0.02463791385430372
  0.03185023711589954  0.03898551616666051  0.04643162278823426  0.05458610032641427
  0.06348294230106619  0.07261647323185808  0.08149680733461162  0.08987591694827475
  0.09771298001295108  0.10573487800421230  0.11441327975926938  0.12347545718018561
  0.13224441356198968  0.14085489902988299  0.14994442683355252  0.15899034603114509
  0.16770385707991642  0.17627769249354486  0.18485866868422354  0.19451486278726951
  0.20534156372690396  0.21693398679868817  0.22858832246256963  0.23954086711273975
  0.25021530449952728  0.26096873510875812  0.27218359038075235  0.28260015807875388
  0.29296274362102159  0.30407006723575913  0.31699265994898884  0.33022189767880056
  0.34339610929919356  0.35664740749854423  0.36936153374994174  0.38209292458656791
  0.39491262479664935  0.40885802368339347  0.42249361946045222  0.43610983117863539
  0.44851551362002851  0.46171942935474342  0.47478240134509941  0.48760310684815417
  0.50023432692664871  0.51423827648702136  0.52891559436757718  0.54249057638280618
  0.55480032473118013  0.56624761143580871  0.57811697247702687  0.59131540706436148
  0.60539215962656567  0.61801562893974626  0.62999285606341571  0.64229716872924614
  0.65498871394090608  0.66706913171074211  0.67856286978134261  0.68987623670387033
  0.70140296090108734  0.71325985788194302  0.72515045411232915  0.73726653693123634
  0.74910466972738510  0.76019452704385260  0.77104012092375551  0.78236500350410632
  0.79433068658336869  0.80530651232403905  0.81521311979926314  0.82421243141489431
  0.83273649169642872  0.84118851675853856  0.84964500071971383  0.85823091932294804
  0.86686217961777778  0.87558216944864975  0.88476735813387952  0.89427716524959078
  0.90360575845741620  0.91248111057598325  0.92142729603507689  0.93065675221483990
  0.93999325086663621  0.94890898043950112  0.95764215118491824  0.96597393399561005
  0.97431715266748264  0.98300239518917365  0.99142215093866459  1.00000000000000000
 -0.00290185992005375  0.01022476878567736  0.02122835138140409  0.03252864962382751
  0.04363579093653876  0.05425611802049410  0.06464193886780698  0.07534537092108123
  0.08640082707393323  0.09718729024835579  0.10719903556212826  0.11637262320283460
  0.12604527183556827  0.13606888862187658  0.14549956972418726  0.15419555250921391
  0.16285828539829561  0.17284327161522026  0.18369413250096445  0.19442291415285876
  0.20535620012247310  0.21647939755710682  0.22773728515127273  0.23885568152660078
  0.25088591036118363  0.26459086111847369  0.27739993039035288  0.28857166916279198
  0.29882971053881335  0.30885277588031096  0.31945481568463940  0.32961012218206603
  0.33962954547757956  0.35021404622118046  0.36159441974045736  0.37340173795446185
  0.38497112850114618  0.39545254137287489  0.40475333238849859  0.41384619679855372
  0.42300673641847958  0.43340984062162374  0.44389800033014648  0.45425033980346718
  0.46474489593963908  0.47456944777749011  0.48519463886418340  0.49582811293029128
  0.50666881405847120  0.51738909717073156  0.52837715985967271  0.53949456391460515
  0.55046080081491755  0.56172612885161011  0.57311534565032429  0.58375672987688021
  0.59310728065751261  0.60232234925034833  0.61156092217378411  0.62095633479499823
  0.63058623967460381  0.64091848844511135  0.65179914763462965  0.66290049925305439
  0.67354103774582985  0.68418783263169936  0.69471909199163240  0.70572417449162339
  0.71632743447762626  0.72679312322806655  0.73672421674750355  0.74648243499541933
  0.75644550334755412  0.76635972524000318  0.77630722516689821  0.78642772845327191
  0.79704916970591166  0.80858063004871628  0.82003098334262725  0.83099849373805479
  0.84091989636220954  0.85060623122693935  0.86029202802994320  0.87039212374290031
  0.88040575266480314  0.89064477868672509  0.90126977398549435  0.91255861226825263
  0.92450488218994287  0.93588250983793775  0.94695052641888056  0.95814555842179416
  0.96911374362222591  0.97929136562740560  0.98933297569908185  1.00000000000000000
 -0.00256660545255574  0.01091671944919566  0.02182590750068263  0.03295100116747322
  0.04385896258180803  0.05445694091444616  0.06520654575404686  0.07597116482811576
  0.08621125211200294  0.09590816086291470  0.10582944680166126  0.11638022590840313
  0.12707078224438931  0.13800885728142157  0.14880697140487836  0.15885723654322190
  0.16870665371381813  0.17838554188927339  0.18871191574192941  0.19881319679322415
  0.20930222241244259  0.22083690170036435  0.23245338689118922  0.24326781486291632
  0.25361703467061458  0.26396018552571310  0.27443027093069711  0.28480599789532718
  0.29539473355187579  0.30654649752340862  0.31823967015757748  0.33029829246092546
  0.34222976113711073  0.35373693626872404  0.36359392413469793  0.37326573644849187
  0.38285497273664604  0.39231428541454622  0.40206945787196097  0.41151226114556994
  0.42218716041566645  0.43421805442620615  0.44538920984967389  0.45487377951158148
  0.46427231867921948  0.47349783822911318  0.48284150024918537  0.49244908705260065
  0.50226112089028307  0.51161357376805028  0.52032514590375645  0.52915988401282321
  0.53895019002518774  0.54878999491198510  0.55768667630700208  0.56609288110622624
  0.57469691274248214  0.58435932665229151  0.59484055476273456  0.60465378503704947
  0.61466571292543115  0.62458062312301310  0.63519066357988918  0.64588240806225339
  0.65641198645104282  0.66760550707128385  0.67906733930513608  0.69087944076458307
  0.70236008623332424  0.71366885385105261  0.72517758170555746  0.73653042190998985
  0.74762185165793571  0.75860328008419287  0.76887672623839931  0.77847675166130559
  0.78786988781718426  0.79788232557144234  0.80863248023434753  0.81967093634232313
  0.83012065177116690  0.84135081340361084  0.85248474347936909  0.86484647916027091
  0.87706933110622010  0.88908257181312056  0.90004655760634311  0.91064523134800168
  0.92146962443719116  0.93322415558991301  0.94484462515209788  0.95692708844745455
  0.96844630588920033  0.97943765228414503  0.98995074078043377  1.00000000000000000
 -0.00008281106534835  0.00019720089857919  0.00058675043391675  0.00084335353398467
  0.00105412448420994  0.00127355278136462  0.00150166877308756  0.00172805122082539
  0.00194164819685493  0.00214803611719652  0.00235047533572002  0.00255081789644556
  0.00275152756318150  0.00295739149832620  0.00315660734588627  0.00334920596270000
  0.00353815617462661  0.00372421972491997  0.00390462015312072  0.00406824670051547
  0.00423376380773793  0.00439528364372926  0.00455028115451489  0.00471942557947467
  0.00489148233182924  0.00506537812429125  0.00524078187284314  0.00541010658335134
  0.00558107092697274  0.00575739911982761  0.00595651422496833  0.00618328328675096
  0.00642716211404787  0.00667190607755522  0.00691323625920490  0.00715318511701645
  0.00740684477959193  0.00765590914981980  0.00793475480820131  0.00820831033643936
  0.00847002106976195  0.00873410644746123  0.00899737162325040  0.00926637356453866
  0.00954353899718760  0.00982241828953273  0.01010311343555809  0.01040941073719354
  0.01074799032027151  0.01108809649536923  0.01144358351181107  0.01179159994190880
  0.01215997690004546  0.01253811641827018  0.01296865330854175  0.01331500604005248
  0.01363542426983266  0.01404262872469353  0.01440492843192753  0.01465199952325824
  0.01488917258012386  0.01516194021020690  0.01547188834091183  0.01581109118981365
  0.01617154318408607  0.01657966252617853  0.01698682842931413  0.01743433025091206
  0.01786591759804187  0.01838145420013587  0.01899346349122298  0.01961485374496967
  0.02019860342872030  0.02077737839702619  0.02140270577808670  0.02221648079868082
  0.02352403359224546  0.02448530694487281  0.02508339061830043  0.02561138188856930
  0.02620372386287317  0.02693921886768231  0.02798664539000595  0.02944323696704350
  0.03119884837545092  0.03424891654029451  0.03883153149328570  0.04009145428456094
  0.04194953986699232  0.04491132627311665  0.04946116438886735  0.05422233431678377
  0.05850974119291394  0.07893219826321783  0.32300600965914711  1.00000000000000000
 -0.00305682040437259  0.01303818732369748  0.02663259647230544  0.04085490544390431
  0.05326906162046534  0.06560320712872031  0.07793262239419821  0.09125860448778841
  0.10418417525303660  0.11754781241011926  0.13081751249223639  0.14386507018330844
  0.15713962619557098  0.16977244122654764  0.18129693407455857  0.19260910421535632
  0.20528054104067878  0.21878884548992394  0.23220919504227330  0.24441893254236982
  0.25634771588007421  0.26786135492545232  0.27923297674130670  0.29045273640094715
  0.30183871130337703  0.31380176433813739  0.32569239484727303  0.33680956734863760
  0.34659729897555319  0.35608396365203082  0.36464217113309433  0.37341516530836788
  0.38261348776431198  0.39193954912517365  0.40133231493090593  0.41060068689136386
  0.41871662608718890  0.42599892643631321  0.43320342772006265  0.43994607895759247
  0.44700271285046977  0.45411427912736879  0.46138281729524250  0.46864137859181620
  0.47586155883338410  0.48335480699392369  0.49191075118275079  0.49935278968893054
  0.50753299816412056  0.51594069979479962  0.52445971944946324  0.53290240150354029
  0.54148372312139004  0.54978591425032164  0.55788244304250301  0.56596610527762725
  0.57368161057859446  0.58161807344205829  0.58988351200736888  0.59882191046190891
  0.60743805340247925  0.61565174661812316  0.62355440275457741  0.63108241123990994
  0.63877462994014389  0.64709163112462631  0.65519322053381468  0.66342334631529809
  0.67185185715136209  0.68081215116058658  0.69012209125502033  0.70052064342753118
  0.71190630092218532  0.72380086262297261  0.73568687973078173  0.74782620026857383
  0.76060609573875415  0.77269177750682183  0.78372746553688211  0.79457706431087460
  0.80616247031861721  0.81862202848076748  0.83127023282770152  0.84432249144164961
  0.85774219576612265  0.87076504425457613  0.88260761809965660  0.89423494487908772
  0.90689332667261791  0.92016313177508890  0.93312673932252055  0.94558256597453583
  0.95880019583842324  0.97240099260685287  0.98670745393874126  1.00000000000000000
  0.09248298721324430  0.10575463739620315  0.11890006054807395  0.13328591122286626
  0.14942962177253757  0.16427836818168351  0.17690653808186038  0.18933166669765716
  0.20355612577655835  0.22022331977268611  0.23565246177768157  0.24860058227974682
  0.26086710344719910  0.27269155942819207  0.28373862066038563  0.29515820923531466
  0.30614136668144781  0.31661255097128810  0.32679420497974182  0.33705217850023061
  0.34762042450062614  0.35858035780567843  0.37025248471428435  0.38232085104900632
  0.39418993628942012  0.40586276925083542  0.41668120470762587  0.42684132731372365
  0.43719119605609469  0.44850237956825495  0.46008950373506363  0.47137187992172702
  0.48186908943477114  0.49155189596838966  0.50089026389084190  0.51007244855267742
  0.51887741546412480  0.52731458804325271  0.53550056921302469  0.54402803147532997
  0.55277727497485962  0.56112386144425341  0.56873040605042857  0.57638854447566645
  0.58398192953660188  0.59149582086695573  0.59914186210093479  0.60731588579405804
  0.61628128100843271  0.62578209083220693  0.63490435953130087  0.64305111728949271
  0.65074215691929393  0.65839825058430379  0.66614812867590656  0.67416527000983650
  0.68228965719365220  0.69037484687864281  0.69837183136913772  0.70641622623020439
  0.71423357261182396  0.72224621123603072  0.73071111166987690  0.73937747385376174
  0.74770832826683375  0.75549592709211721  0.76314303649552528  0.77069504180221593
  0.77821093039634837  0.78572638081750501  0.79301197969545867  0.79999885048163799
  0.80699673664007110  0.81415415448605211  0.82129077071898193  0.82840917830781591
  0.83590881102636982  0.84392024858231085  0.85211679750679670  0.86000432167564722
  0.86748097967410487  0.87478297972279961  0.88223610320842316  0.89014021378315122
  0.89823855823377963  0.90683989419530497  0.91511499118224571  0.92322729574985307
  0.93105886581822384  0.93868865756940056  0.94634031515452921  0.95408344114843657
  0.96248531231070589  0.97220064764226133  0.98471567603174781  1.00000000000000000
 -0.01789150930156438  0.10480513651782464  0.14090639106909847  0.16397147840774751
  0.18179032066513989  0.19617166898584215  0.20892480304021516  0.22074043559754403
  0.23091633611235282  0.24012269841799330  0.24902687788858047  0.25797203838546851
  0.26733935339545783  0.27588235136054512  0.28371343862985343  0.29134517193212295
  0.29916977586346388  0.30717324365982429  0.31538981650191111  0.32334588198870867
  0.33086981296213014  0.33793500787879283  0.34502626816100657  0.35239208063956445
  0.35960319763115595  0.36706807287911186  0.37464885771543033  0.38219172373299837
  0.38915252402665063  0.39542609922880967  0.40150383830078640  0.40768791312211089
  0.41387677320700811  0.42012568228142450  0.42638380214133575  0.43259629875502759
  0.43877299465490555  0.44462223334495848  0.45035925940617627  0.45621169745926754
  0.46224979497439223  0.46872085409163333  0.47530694077519170  0.48215644462939583
  0.48883839150687169  0.49511271132484602  0.50094859079743703  0.50643162312380319
  0.51193268629432220  0.51745154640524027  0.52322475153040837  0.52922686802037322
  0.53521813877010227  0.54101827693916571  0.54644776430304631  0.55173658759696198
  0.55709314765313533  0.56233484795233346  0.56746951786759869  0.57263460222529172
  0.57761247705818197  0.58276019368281851  0.58807283737025462  0.59339091638007813
  0.59873851023512292  0.60413766311577244  0.61006297325971182  0.61638357721342607
  0.62319432529396157  0.63013528047527767  0.63695073270734359  0.64370982971255319
  0.65052939737167770  0.65750491694701119  0.66466360275366754  0.67196988217166520
  0.67955678832413091  0.68698059544120205  0.69393992494728718  0.70080624501557442
  0.70794605381144293  0.71550179144695492  0.72316976266335831  0.73079342057122321
  0.73900829299313664  0.74768567084385495  0.75676530866408898  0.76657586412164047
  0.77779242023234763  0.79095871625706848  0.80482078411644287  0.81957791643956079
  0.83604361516180059  0.85632230394587316  0.89218725063133408  1.00000000000000000
   4.4486015656823065E-003  -1.0000000000000000     
 F F F F F F F F F F F F F F F F F F F F F F F F F F F F F F F F F F F F F F F F F F F F F F F F F F F F F F F F F F F F F F F F F F F F F F F F F F F F F F F F F F F F F F F F F F F F F F F F F F F F F F F F F F F F F F F F F F F F F F F F F F F F F F F F
  <DiscreteSampler_grid>
  grouped_processes
  1 # 1 for a reference and 2 for a running grid.
  10 # Attribute 'min_bin_probing_points' of the grid.
  1 # Attribute 'grid_mode' of the grid. 1=='default',2=='initialization'
  0.0000000000000000 # Attribute 'small_contrib_threshold' of the grid.
  0.5000000000000000 # Attribute 'damping_power' of the grid.
 # binID   n_entries weight   weight_sqr   abs_weight
    13   10   1.046407325568050E+002   9.004123695366642E+004   1.046407325568050E+002
    22   10   1.046407325568050E+002   9.004123695366635E+004   1.046407325568050E+002
    25   10   3.819893030830590E+002   1.233829615643351E+006   3.819893030830590E+002
    31   10   1.046407325568050E+002   9.004123695366630E+004   1.046407325568050E+002
    34   10   3.819893030830589E+002   1.233829615643351E+006   3.819893030830589E+002
    40   10   1.046407325568050E+002   9.004123695366630E+004   1.046407325568050E+002
    49   10   9.572627185478122E+001   7.577617867832664E+004   9.572627185478122E+001
    58   10   9.572627185478119E+001   7.577617867832663E+004   9.572627185478119E+001
    61   10   4.283906410600836E+002   1.586410991826588E+006   4.283906410600836E+002
    67   10   9.572627185478126E+001   7.577617867832670E+004   9.572627185478126E+001
    70   10   4.283906410600837E+002   1.586410991826589E+006   4.283906410600837E+002
    76   10   9.572627185478122E+001   7.577617867832664E+004   9.572627185478122E+001
  </DiscreteSampler_grid>
