 -0.00233316969115245  0.00951167866180682  0.01966523031065044  0.03017345118595597
  0.04072156862917002  0.05126843534737366  0.06181668298376020  0.07236534598500832
  0.08290972370639163  0.09345455116623635  0.10399883583956146  0.11454943010471973
  0.12509559903013021  0.13563764462106420  0.14617487890816991  0.15670161064494254
  0.16723553873037306  0.17776135883801106  0.18830345034126927  0.19883881701433345
  0.20938649355751637  0.21993519177279292  0.23048392013623892  0.24102502248044647
  0.25156157229272424  0.26210208329901241  0.27263280788857497  0.28316201437965727
  0.29368678464908127  0.30422099719859247  0.31476001933037140  0.32529606110902132
  0.33583562587517840  0.34637602348655017  0.35692473830458898  0.36747255354191544
  0.37801995574093139  0.38856581164949627  0.39911689226335761  0.40966546121432790
  0.42021657887279168  0.43076463231351869  0.44130766549897227  0.45184860481875327
  0.46239118279179497  0.47294124962109174  0.48347883100706979  0.49401707135677808
  0.50454444573820700  0.51507968261628412  0.52561835007336266  0.53614983201431687
  0.54668994642462942  0.55721349747464899  0.56775595154848635  0.57828687634283726
  0.58882973337553746  0.59936539600401206  0.60991041082166708  0.62045395719760199
  0.63100502887361332  0.64153904127904093  0.65207314637725355  0.66260475428173082
  0.67315358589633079  0.68370647334877155  0.69425207430156455  0.70479198164508505
  0.71533168280566584  0.72587721104400904  0.73641956923178920  0.74695655679222783
  0.75748456846740853  0.76802023217342830  0.77856083222311312  0.78911313998381027
  0.79966247718041317  0.81021105948568095  0.82075251920263670  0.83129851820015765
  0.84184270988033361  0.85238670689689411  0.86292941804862322  0.87346642502424343
  0.88401067267625277  0.89454453665518041  0.90508408478037106  0.91562298651476004
  0.92617311735076013  0.93672367911377619  0.94727325018088360  0.95781723413878161
  0.96836089299381800  0.97890619010976565  0.98945283015279906  1.00000000000000000
 -0.00246001600522476  0.00948112481124548  0.01963783566183461  0.03015693778518406
  0.04070629281211616  0.05124564765462369  0.06178845040684519  0.07232428814897400
  0.08286053094506865  0.09339394472479183  0.10393237096788081  0.11447182626938193
  0.12501350379319276  0.13555397841355538  0.14609081746691929  0.15662678423219356
  0.16715870164350813  0.17769468172895059  0.18822773790665048  0.19876362193433508
  0.20930247951163067  0.21984164527812500  0.23038246810976479  0.24091883322395677
  0.25145577397081931  0.26199072346835112  0.27253243796997823  0.28307551979042972
  0.29361871769108305  0.30416031814769345  0.31470331203171714  0.32524313021057033
  0.33577686615370339  0.34630585181297341  0.35684222155433365  0.36737061375090668
  0.37790415787109033  0.38844112847813284  0.39898933382992147  0.40953852771970789
  0.42008582705402542  0.43063235892716123  0.44117476346581769  0.45171434717008813
  0.46225801232996644  0.47280628067177138  0.48335914336018665  0.49391174327425191
  0.50445506271852036  0.51499673043481808  0.52553694700220743  0.53608022675536171
  0.54662055521696440  0.55716184678710157  0.56770960378370527  0.57826051757370656
  0.58880965036985411  0.59935696889706491  0.60989938093356943  0.62043907908942497
  0.63097598469720229  0.64151735678291222  0.65206570030043753  0.66261667264974577
  0.67316805590401252  0.68371167615961981  0.69425689998318740  0.70479208912298463
  0.71532990355962944  0.72586593116894893  0.73641335502701144  0.74696242633055032
  0.75750237108087959  0.76804269575764028  0.77858445550520994  0.78913414025005402
  0.79968152694796990  0.81023071131401203  0.82077979886599350  0.83133085522202932
  0.84187962637621283  0.85243333123306431  0.86297058956596817  0.87351164815149862
  0.88404384910290357  0.89458440015484786  0.90512310261885520  0.91566230549752570
  0.92620719028522858  0.93675217240554620  0.94729768108164558  0.95784423780904759
  0.96838394191351285  0.97892356425723204  0.98946089600954845  1.00000000000000000
   2.5649401448018856E-008  -1.0000000000000000     
 F F F F F F F F
  <DiscreteSampler_grid>
  grouped_processes
  1 # 1 for a reference and 2 for a running grid.
  10 # Attribute 'min_bin_probing_points' of the grid.
  1 # Attribute 'grid_mode' of the grid. 1=='default',2=='initialization'
  0.0000000000000000 # Attribute 'small_contrib_threshold' of the grid.
  0.5000000000000000 # Attribute 'damping_power' of the grid.
 # binID   n_entries weight   weight_sqr   abs_weight
    10   10   1.322623097372510E+010   1.749331857703253E+020   1.322623097372510E+010
  </DiscreteSampler_grid>
