 -0.00244481011000907  0.00953060823778863  0.01969883836913341  0.03022510156096848
  0.04077635614119823  0.05131733388681670  0.06186377801305559  0.07240724892274639
  0.08295653383270857  0.09349072555065016  0.10402494246308011  0.11455854978672476
  0.12510150511766840  0.13564769505913329  0.14618611911704793  0.15672780808320785
  0.16727093703756138  0.17781401231312932  0.18835888852385738  0.19889625246543030
  0.20943674054240252  0.21997849912531708  0.23052063607767523  0.24106326513524903
  0.25160453095905660  0.26214417605086276  0.27268732939777351  0.28322797670580785
  0.29377657675494162  0.30432687838961825  0.31487579382564596  0.32542486321448399
  0.33597355025675890  0.34651985558368170  0.35705930957088428  0.36759403857545370
  0.37813239910795832  0.38867119083774693  0.39920668958113836  0.40974183212723309
  0.42026794126086497  0.43080323634508794  0.44134335704349964  0.45189096424990294
  0.46243149012217366  0.47296931061237263  0.48351541099373202  0.49406235962551709
  0.50460788421388625  0.51515273668715111  0.52570199805096485  0.53624686317857706
  0.54678899788098112  0.55733091009525015  0.56788043581062075  0.57843420152329950
  0.58898369230106540  0.59953445693587626  0.61006048578753447  0.62058030207836401
  0.63109775064575102  0.64163327079877663  0.65218125613614675  0.66272880480854468
  0.67328073064120642  0.68381635184591227  0.69435345862705999  0.70488309225026835
  0.71542828956974913  0.72596795488838195  0.73651484148921398  0.74706218176343109
  0.75759418130143863  0.76811913165845103  0.77863312568859788  0.78916189918413115
  0.79969489779321323  0.81023874379046745  0.82078292481076764  0.83132838119861463
  0.84187228626429789  0.85241899734113313  0.86296395147767102  0.87350290549527199
  0.88404187897471842  0.89457910863961465  0.90512183227327381  0.91566541405384783
  0.92621605032014076  0.93675873779899943  0.94730263024120254  0.95784250608128640
  0.96838275847041455  0.97892565638496487  0.98946042514645272  1.00000000000000000
 -0.00253985853932117  0.00945924680783636  0.01961603150593703  0.03013050577530415
  0.04067458902147641  0.05121459255755269  0.06175700550068228  0.07230262489865362
  0.08284818513105204  0.09339896722355992  0.10394372682866819  0.11448674004366244
  0.12503244034131045  0.13557676432872950  0.14612005585532026  0.15665318004709008
  0.16719061074628802  0.17772596896383958  0.18826988978032094  0.19881499761583743
  0.20936466685141045  0.21991246207973530  0.23046275038169353  0.24100630391081990
  0.25154790641467822  0.26208200774045204  0.27262279869359390  0.28316771581680961
  0.29371826442939952  0.30425882070514887  0.31479932641658875  0.32533979374935218
  0.33588841441395823  0.34643703583938612  0.35698367304250750  0.36753187898643547
  0.37808053123360352  0.38862479126486987  0.39915617008569010  0.40968749523896664
  0.42022416707102700  0.43076591981963724  0.44130257238694143  0.45183476958056940
  0.46236401047458131  0.47289066532354967  0.48342050797974878  0.49394780396762678
  0.50447668095994924  0.51500780292360371  0.52555254825710229  0.53610278271144218
  0.54665287926420336  0.55720091834553176  0.56774903171795355  0.57829412395096880
  0.58884181745265352  0.59938414513912963  0.60992509716910759  0.62045944189739566
  0.63099934634491028  0.64154622439365316  0.65209004725634190  0.66263204820594790
  0.67317329921943148  0.68371893962544961  0.69426668607056963  0.70480573920452494
  0.71534304097267254  0.72587382025290703  0.73640699448121327  0.74694362796778324
  0.75748391786421365  0.76802515780191494  0.77856831753839317  0.78910902895849788
  0.79965347551752619  0.81019777770661761  0.82074108354295905  0.83128434966594211
  0.84182700892739115  0.85237400796299301  0.86292076044114174  0.87346921737162320
  0.88401740179687516  0.89456573399804540  0.90511489559269986  0.91566166514163905
  0.92620281318580244  0.93674433310135663  0.94728934026573730  0.95783352193532079
  0.96837611763840059  0.97891672393626583  0.98946015249896579  1.00000000000000000
   2.5649615457788262E-008  -1.0000000000000000     
 F F F F F F F F
  <DiscreteSampler_grid>
  grouped_processes
  1 # 1 for a reference and 2 for a running grid.
  10 # Attribute 'min_bin_probing_points' of the grid.
  1 # Attribute 'grid_mode' of the grid. 1=='default',2=='initialization'
  0.0000000000000000 # Attribute 'small_contrib_threshold' of the grid.
  0.5000000000000000 # Attribute 'damping_power' of the grid.
 # binID   n_entries weight   weight_sqr   abs_weight
    10   10   1.322623097372511E+010   1.749331857703254E+020   1.322623097372511E+010
  </DiscreteSampler_grid>
