 -0.00250859745573867  0.00947631532758352  0.01962341119819562  0.03012460961211292
  0.04066266361957758  0.05120046432157160  0.06174251861566903  0.07227978076605616
  0.08281749507408988  0.09335062281960432  0.10388919292602256  0.11443653085923614
  0.12498824468968459  0.13553937800956709  0.14608328388680139  0.15662665554064037
  0.16717120528218296  0.17772066517228061  0.18826902035006998  0.19881286325677719
  0.20935579069277188  0.21989441469600024  0.23043546197909215  0.24098053419303567
  0.25153026084896252  0.26207805730654554  0.27262410691553224  0.28316623435842392
  0.29370867031249087  0.30424439176232565  0.31478206482643567  0.32531546015927626
  0.33585785752450431  0.34639624787026274  0.35694074754017308  0.36748478911427662
  0.37803674758212796  0.38858322376949089  0.39912127766936323  0.40965535499707961
  0.42019474257341877  0.43073885224698627  0.44128584820322808  0.45182497925981330
  0.46236673870998618  0.47290154015542024  0.48344415518908523  0.49398404871621154
  0.50452733461126253  0.51506672162592582  0.52561091577669206  0.53615378405338932
  0.54669032639559445  0.55722609203713303  0.56776696747881350  0.57831701688816639
  0.58886235109702889  0.59940613470242532  0.60995282566912890  0.62050030766503661
  0.63104983222605915  0.64159478269150538  0.65213534780472138  0.66267199015620948
  0.67321350512647637  0.68376004468202312  0.69430444666997559  0.70484729067088747
  0.71538785932026916  0.72593087104222298  0.73647341216681350  0.74701932533539805
  0.75756837369828423  0.76811848417443285  0.77865716915654126  0.78919465096742125
  0.79973305406072481  0.81028671628055104  0.82082655083415779  0.83136382514128560
  0.84189927584120527  0.85244643969302769  0.86299099600322393  0.87353222273279818
  0.88407502440244612  0.89461454532381135  0.90515909219654289  0.91569140104190261
  0.92623099501377115  0.93676215278283581  0.94730334147174911  0.95784448540702194
  0.96838116929594753  0.97891645811836991  0.98945365798822515  1.00000000000000000
 -0.00249394501863817  0.00956497865201987  0.01974939151763814  0.03027420084188355
  0.04082458537679606  0.05136610505554373  0.06190889521407263  0.07245399032632464
  0.08300362245579064  0.09355150857880441  0.10409547043469157  0.11463667404666117
  0.12517079681680907  0.13570559286634346  0.14624191053270888  0.15678639993851246
  0.16732603382852418  0.17786919290141184  0.18841131990902221  0.19895909380511481
  0.20949669345332905  0.22003421972034753  0.23057141601825942  0.24111657353323876
  0.25166322418017106  0.26221015531347924  0.27275079567686611  0.28328537366664869
  0.29381574899901042  0.30435025268246474  0.31488977935231621  0.32543333241384131
  0.33597767913073739  0.34651435212863252  0.35705445459736035  0.36759404888909941
  0.37814003695334092  0.38868233191221524  0.39921319484487883  0.40974731542151166
  0.42028583199200420  0.43082661032672598  0.44136508253818929  0.45190366860706455
  0.46244164022076306  0.47297256207548655  0.48350319908842454  0.49403964302774050
  0.50458509518878192  0.51512734834766261  0.52567508110534167  0.53622141220592856
  0.54676386942701927  0.55730942568111619  0.56785215607452666  0.57840139757279196
  0.58894425489251301  0.59948937319201312  0.61003540660365896  0.62058023599293699
  0.63112109760272184  0.64165920698730572  0.65219517953143125  0.66273628053618694
  0.67327186893374336  0.68381345497973378  0.69435684047485113  0.70489526451696982
  0.71543210355955356  0.72596567128359679  0.73651113125789047  0.74706207537376723
  0.75761307655117183  0.76816101712561291  0.77870603464821997  0.78924938039512260
  0.79979196649416695  0.81033341404169135  0.82087845693616202  0.83142788560558534
  0.84196744082757902  0.85250191186674917  0.86303368975716199  0.87357726791365442
  0.88411415670097104  0.89465426536832127  0.90519380939491101  0.91573955157170572
  0.92628793632011774  0.93681094684494615  0.94732953746299120  0.95784557813876203
  0.96838768493065253  0.97893935652859598  0.98947322888682898  1.00000000000000000
   2.5657358347421063E-008  -1.0000000000000000     
 F F F F F F F F
  <DiscreteSampler_grid>
  grouped_processes
  1 # 1 for a reference and 2 for a running grid.
  10 # Attribute 'min_bin_probing_points' of the grid.
  1 # Attribute 'grid_mode' of the grid. 1=='default',2=='initialization'
  0.0000000000000000 # Attribute 'small_contrib_threshold' of the grid.
  0.5000000000000000 # Attribute 'damping_power' of the grid.
 # binID   n_entries weight   weight_sqr   abs_weight
    10   10   1.322623097372511E+010   1.749331857703254E+020   1.322623097372511E+010
  </DiscreteSampler_grid>
