 -0.00236786010177986  0.00955554600774204  0.01972147487322326  0.03024337283663298
  0.04079125157638907  0.05133838729130164  0.06188743737722163  0.07242812583646643
  0.08296952058350870  0.09350228256124070  0.10404338133960121  0.11457470890349113
  0.12511256601848142  0.13565103101521356  0.14620122349106418  0.15674754514742514
  0.16729180216497649  0.17783365938507190  0.18838152172659536  0.19892396554910635
  0.20946606153809008  0.22000593138454982  0.23054924009292871  0.24108980839577543
  0.25162396602545967  0.26214968295678548  0.27268053755669458  0.28321353404285371
  0.29375254388978195  0.30428989567121761  0.31482781765036127  0.32537019326694516
  0.33591024124073837  0.34645390494765266  0.35699843043912910  0.36754042574441553
  0.37808285152857113  0.38862193528080741  0.39916660956998079  0.40971008265325926
  0.42025519751989671  0.43080089166152596  0.44134761986837961  0.45189622107694538
  0.46243864159478087  0.47298277228378371  0.48352562957148282  0.49406564734297143
  0.50460662017089186  0.51515051052804484  0.52569842928078492  0.53623722592219902
  0.54676725504695733  0.55730162966038810  0.56783280014423110  0.57836581790495500
  0.58889688503577053  0.59942961303147713  0.60996769396142914  0.62050024417804617
  0.63104082848460596  0.64158272445167541  0.65212366953136314  0.66265752218328178
  0.67318779696302899  0.68372899389886821  0.69425987786012633  0.70479373946709378
  0.71531656831718948  0.72585309016292610  0.73639063692542228  0.74693025076875241
  0.75747548650416907  0.76801780110906470  0.77856378155596506  0.78910832222360250
  0.79964851627112743  0.81018856521425320  0.82072651198782309  0.83126864736862860
  0.84181227958268057  0.85235898576679403  0.86290622706946063  0.87345241339878033
  0.88399669057887253  0.89454247559192734  0.90508960392926319  0.91563881374316747
  0.92618768375821725  0.93673443841549831  0.94727797823194826  0.95782162122514436
  0.96836553959795690  0.97891082670513774  0.98945448652612167  1.00000000000000000
 -0.00243536605382752  0.00956882409556028  0.01974512120418044  0.03024964035448505
  0.04078179422941521  0.05131706385858317  0.06185862230084368  0.07239850704310809
  0.08293143947796605  0.09347251090638731  0.10401408317561139  0.11456193737467130
  0.12511018310357636  0.13565540203076959  0.14619529107297860  0.15673335293772031
  0.16727646477105515  0.17781805904973680  0.18836191142585934  0.19889727070692584
  0.20944023117063340  0.21997527648445356  0.23051623028295778  0.24105816688271919
  0.25159822845716312  0.26214049422576041  0.27267902847260905  0.28322453764510547
  0.29376807199947508  0.30430606515595399  0.31484419719231416  0.32538394730527104
  0.33593184193927073  0.34647573968284856  0.35701822368760128  0.36756020111339838
  0.37810881612066011  0.38865958629891811  0.39920168092094549  0.40973785885165098
  0.42027504879805577  0.43080720309455928  0.44133789540261209  0.45186502340468293
  0.46239513895170342  0.47292984095100560  0.48346275652465270  0.49400070572064464
  0.50453864244702384  0.51507360003054736  0.52560718351331781  0.53614584093228135
  0.54668422452124721  0.55722803188231196  0.56776812429895940  0.57830667845857398
  0.58884576694332191  0.59938173078520962  0.60992342495580820  0.62046216344380734
  0.63100436610041621  0.64154989804209950  0.65209668242471874  0.66264381705021558
  0.67319116834608517  0.68373221826936403  0.69427559674113115  0.70481333827219483
  0.71535879315122719  0.72590399796138205  0.73645069296355348  0.74699710752972892
  0.75754141224034688  0.76808898346241072  0.77863688231960548  0.78917922633933779
  0.79971699663022999  0.81023839702355216  0.82076808535469814  0.83130304459116056
  0.84184965543645596  0.85239208862446203  0.86293444657288432  0.87347774859408511
  0.88401937916886075  0.89455953647806852  0.90510552346954343  0.91564933691410555
  0.92619269526217685  0.93673147560377024  0.94727175507179118  0.95781416248635043
  0.96835860705243726  0.97890815664639241  0.98945399982111915  1.00000000000000000
   2.5514741371794965E-008  -1.0000000000000000     
 F F F F F F F F
  <DiscreteSampler_grid>
  grouped_processes
  1 # 1 for a reference and 2 for a running grid.
  10 # Attribute 'min_bin_probing_points' of the grid.
  1 # Attribute 'grid_mode' of the grid. 1=='default',2=='initialization'
  0.0000000000000000 # Attribute 'small_contrib_threshold' of the grid.
  0.5000000000000000 # Attribute 'damping_power' of the grid.
 # binID   n_entries weight   weight_sqr   abs_weight
    10   10   1.322623097372511E+010   1.749331857703254E+020   1.322623097372511E+010
  </DiscreteSampler_grid>
