  0.00000030013878368  0.00000037896191013  0.00000043724168563  0.00000048625871891
  0.00000053474536247  0.00000058804467388  0.00000065283062584  0.00000071901605341
  0.00000080619938500  0.00000089445378669  0.00000097880765568  0.00000105301770790
  0.00000115094342558  0.00000127670229056  0.00000142825677072  0.00000160929736972
  0.00000181219484990  0.00000202251837737  0.00000223023917057  0.00000244046535831
  0.00000268929479245  0.00000294833387484  0.00000322182749701  0.00000350005122275
  0.00000376214817338  0.00000402642538081  0.00000430593556563  0.00000458118621252
  0.00000487614467172  0.00000519730268438  0.00000552425267695  0.00000593397980108
  0.00000641366522968  0.00000691951897456  0.00000746747284999  0.00000806073786098
  0.00000867090735416  0.00000923420221606  0.00000979953158721  0.00001042648174341
  0.00001110464924803  0.00001174994353523  0.00001242100985545  0.00001316269567514
  0.00001396977680524  0.00001476266213737  0.00001552606487118  0.00001642322571633
  0.00001744525550388  0.00001862135026686  0.00001992248347812  0.00002141403203343
  0.00002284847565465  0.00002426996986163  0.00002574917884157  0.00002731547818568
  0.00002885984138709  0.00003076478840981  0.00003317559061199  0.00003570020567720
  0.00003829936606124  0.00004105518409837  0.00004394081766865  0.00004679925204482
  0.00004971089178496  0.00005323891661123  0.00005769484779856  0.00006298128734021
  0.00006927342430938  0.00007726306417352  0.00008679359738272  0.00009676126360024
  0.00010781669395593  0.00012032027888960  0.00013351342658496  0.00014648488634437
  0.00016171032366324  0.00017584405013309  0.00019490234726390  0.00021897050582441
  0.00024683631522743  0.00027978806505165  0.00032220676431244  0.00037443726577293
  0.00043913705161102  0.00051706956428560  0.00061839804811486  0.00076296156965396
  0.00095064401693282  0.00118577237747274  0.00150505307923207  0.00214869648980358
  0.00313912787827818  0.00581581360728583  0.28093476100944853  1.00000000000000000
  0.00000710650669551  0.00000790117726815  0.00000824968602745  0.00000891476552435
  0.00000967910610957  0.00001075682057876  0.00001142115040021  0.00001236968632840
  0.00001342320496716  0.00001437417865198  0.00001530974367194  0.00001622856650534
  0.00001712653186167  0.00001818081098610  0.00001937454872484  0.00002045026728812
  0.00002148616387975  0.00002248842339463  0.00002369640056302  0.00002523903733885
  0.00002689665814187  0.00002833107157022  0.00002969132229655  0.00003118830274182
  0.00003285513291110  0.00003442871972187  0.00003615055205657  0.00003813918367624
  0.00004029560145564  0.00004275342810000  0.00004570004535626  0.00004921850279118
  0.00005299737798118  0.00005715619147857  0.00006142634597950  0.00006603946852997
  0.00007091215187504  0.00007577274637214  0.00008055784397398  0.00008549408183066
  0.00009084200372925  0.00009693496832909  0.00010345700180223  0.00010981911293599
  0.00011651349430418  0.00012249603886226  0.00012767933145128  0.00013323747033404
  0.00013933349338657  0.00014607628168390  0.00015386738886596  0.00016101997868421
  0.00016881644829671  0.00017615810167017  0.00018344150067583  0.00019139213569985
  0.00020051484357503  0.00021034168147598  0.00021980563884132  0.00022789050814096
  0.00023391597107928  0.00024119233950745  0.00024921478493782  0.00025713259091396
  0.00026498493763873  0.00027390444657572  0.00028771532913866  0.00030449514707806
  0.00031933935481445  0.00033463402723763  0.00034968982997130  0.00036652115880535
  0.00038451253473189  0.00040590152302851  0.00043222964654693  0.00046036914501953
  0.00049395729081785  0.00053322399479170  0.00057919072123568  0.00063457801263852
  0.00069951119981670  0.00077364091714638  0.00085502163270905  0.00095329233198365
  0.00106347439776164  0.00121036465070886  0.00138947222352818  0.00162640939136039
  0.00196694290748649  0.00243293630597633  0.00308445883790425  0.00418683564106073
  0.00621901061035989  0.01150520083963974  0.27088166896359789  1.00000000000000000
  0.00000544441414125  0.00001239647858634  0.00001626819440558  0.00001857307543567
  0.00002044203926192  0.00002236442418606  0.00002394670207806  0.00002551096488200
  0.00002750581130913  0.00003024875120734  0.00003347541359125  0.00003724355634375
  0.00004072620383542  0.00004458751024174  0.00004866414381029  0.00005354351459039
  0.00005873743718303  0.00006376612741229  0.00006860940571411  0.00007303025857354
  0.00007659000141548  0.00008016681503788  0.00008408590575629  0.00008828637870801
  0.00009316958373788  0.00009849051654645  0.00010472473333231  0.00011106448592986
  0.00011727179052012  0.00012322398449443  0.00012905984210503  0.00013555949123947
  0.00014223376498875  0.00014858258498914  0.00015540505731707  0.00016225310155344
  0.00016925629741840  0.00017710538558634  0.00018695540655441  0.00019585707808175
  0.00020508497087528  0.00021504971592271  0.00022568776228138  0.00023757913488723
  0.00025150961111004  0.00026809425846177  0.00028616407958644  0.00030444392562525
  0.00032461013007080  0.00034511292847043  0.00037207540228846  0.00040265181986635
  0.00042523938520967  0.00044500315369256  0.00046451283630259  0.00048521714342109
  0.00050708838336693  0.00053357012117843  0.00057275737185320  0.00061550435529862
  0.00066176090039699  0.00071378626525180  0.00077574931080483  0.00084784885249243
  0.00092226386356249  0.00099615438767066  0.00107503666685534  0.00116404891663476
  0.00126615564531325  0.00136736669311762  0.00147745452316744  0.00160784621020031
  0.00177549492567803  0.00199734498989100  0.00221320166792665  0.00242359806906579
  0.00265321225842390  0.00292082098882098  0.00321531480341417  0.00360269298713569
  0.00398581359612229  0.00434547420794881  0.00476068030094943  0.00511995004447290
  0.00553353311983684  0.00595487838887068  0.00646496552398651  0.00706797061195216
  0.00807812757790296  0.00974031836659847  0.01202298246289852  0.01484500926959093
  0.01706491215840089  0.02234178141693412  0.18702616176968284  1.00000000000000000
 -0.00211792555033231  0.00773080387622758  0.01771622064023823  0.02957264336532549
  0.04131363705940852  0.05257763562814895  0.06367203781668720  0.07456566471802183
  0.08519914121076470  0.09531264667202613  0.10536371818105900  0.11598974840960229
  0.12861139043317685  0.14198718970240212  0.15473752344765068  0.16764021168935334
  0.18014380611727787  0.19116091765035406  0.20170624502297163  0.21198693074988989
  0.22319748810919557  0.23416644443443774  0.24595158786973448  0.25675537711369956
  0.26808769492102941  0.27858432346223966  0.28932405827929009  0.30038614700280541
  0.31087494238777025  0.32200906445532601  0.33265721579037411  0.34473837980858713
  0.35502467724780185  0.36402895295004212  0.37268365845966706  0.38213719260295392
  0.39192345538734841  0.40258975578728606  0.41327283366237855  0.42491910150694162
  0.43561588219431679  0.44536764896263947  0.45522447758257717  0.46603231823569302
  0.47888934191190735  0.49285180649892291  0.50774458449953641  0.52350378868551672
  0.53825594765695972  0.55282504983198177  0.56648579754859307  0.57922606279244249
  0.59063423001320992  0.60140588521612992  0.61218286649821829  0.62347137877618553
  0.63573498708499698  0.64891689701350441  0.66108654436622993  0.67131802290432319
  0.68172612200595439  0.69396173505912562  0.70762109356478053  0.71938780916211109
  0.73021864393770963  0.74224803128286165  0.75495734578106422  0.76612943867679717
  0.77801700374822536  0.78857234109308694  0.79738074924828994  0.80485259033934375
  0.81288603963353212  0.82182581439088531  0.83332996612680588  0.84291404523430691
  0.85146843020333463  0.86010015232862025  0.86921358227522016  0.87881705930651288
  0.88836193873955127  0.89789827006775491  0.91252484332890271  0.92837181227234522
  0.94358497094621618  0.95827520375578557  0.96785736422326318  0.97266476526976520
  0.97702915238442278  0.98094695281374589  0.98494460496408109  0.98843740082973464
  0.99126912055058991  0.99390208552300641  0.99696488147336382  1.00000000000000000
 -0.00241704857013441  0.00869876669714872  0.01917678753259106  0.02884841449724597
  0.03886254400767862  0.04973971137167870  0.06108907963399565  0.07358624751878542
  0.08573578999502229  0.09755363415610048  0.10954511858852364  0.11964490594788231
  0.13043317991149128  0.14215157884021781  0.15213434099670620  0.15630292996207373
  0.16091073893690103  0.16577583141879448  0.17066851694471022  0.17787862440808347
  0.18738536656276952  0.19758643692663294  0.20725479563144306  0.21700440856056002
  0.22684805577134526  0.23695937685496307  0.24805425474433848  0.26012896788893813
  0.27154515600657014  0.28217061112808561  0.29167099764980015  0.29986997975266783
  0.30867472288594883  0.31798589649210418  0.33071134987533130  0.34310865476039848
  0.35528812654415709  0.36698635190851814  0.37862871670764631  0.39004017114900913
  0.39927702796924153  0.40725861613645192  0.41531605628123613  0.42444018345948559
  0.43401454755473728  0.44321791979988306  0.45409959175013637  0.46624773414308790
  0.47776609272738052  0.48919670027887108  0.50035858534825650  0.51219133149222906
  0.52577134254868485  0.53871421106471462  0.55057535517919098  0.56182330239148470
  0.57442444830371586  0.58638968259051982  0.59786679763269823  0.60886789865555524
  0.61830844469933077  0.62696718605352908  0.63516040383808570  0.64375486465436316
  0.65372902713400460  0.66591377264414353  0.67955037083700864  0.69155364542837827
  0.70359912876839359  0.71474047881132252  0.72483567472973165  0.73318689768019618
  0.74144666266415715  0.75043725233685421  0.76099141693445627  0.77343768957327952
  0.78488290206444733  0.79548167195170716  0.80675461800399217  0.81820047986994415
  0.83115276259736603  0.84408285834276109  0.85435371740955868  0.86176044638185434
  0.86911302701330118  0.87793310263745672  0.88921192673611249  0.89946821217280337
  0.90900661239538161  0.91775513782735774  0.92913222564941589  0.94256831240231631
  0.95761830286810401  0.97255223077004371  0.98651202190181098  1.00000000000000000
 -0.00098106085907541  0.00570704844629031  0.01350297426636069  0.02441566418068915
  0.03589498531711078  0.04780961418427859  0.06027108782442092  0.07093044365450876
  0.08104401793947899  0.09210578162022173  0.10459626557338556  0.11584912935446084
  0.12683034269669552  0.13715302366419491  0.14705437533338897  0.15510482321440150
  0.16229766140243168  0.16915126171730627  0.17691579092863310  0.18700107458757126
  0.19859995745389616  0.21044846063919109  0.22373299524856796  0.23374269821980087
  0.24318995945567204  0.25264739214067194  0.26290599659161779  0.27506852997237707
  0.28616648964475133  0.29594112608153050  0.30605318150811811  0.31657493799900277
  0.32830935243759218  0.34161291137757077  0.35507392088627093  0.36897112286755429
  0.38109411423402567  0.39081464131510851  0.40012876184837615  0.41018796446781436
  0.42212972073853772  0.43833644983718661  0.45149275888755658  0.46242795606827092
  0.47179885101563634  0.48074288892964456  0.49062305258074357  0.50290794788099824
  0.51435074848736684  0.52555793868870759  0.53682471642833018  0.54785767981761702
  0.55686139300977533  0.56205151539180653  0.56756215981609615  0.57304625143163568
  0.57888809518986162  0.58476731373316271  0.59421244552061669  0.60776185039011343
  0.62027421312532005  0.63134543883252880  0.64106513414186883  0.65038913369483298
  0.66033189590592101  0.67191228882823306  0.68409337580207263  0.69553521408362740
  0.70734755916951608  0.71824477353911020  0.73089255406363984  0.74107316044285054
  0.74976136504152291  0.75802388573910362  0.76678346429179134  0.77822213882110258
  0.79248110841973030  0.80511911423285443  0.81551906663081730  0.82642305484244027
  0.83687852755927805  0.84950094866584469  0.86238960530160091  0.87571852913677561
  0.88840882746758043  0.90027759533887564  0.91059943137010457  0.91989362858932944
  0.92940098253794312  0.93892605573963750  0.95006947470248171  0.96085007589181459
  0.97068647334534541  0.97957633573171510  0.98946457214396000  1.00000000000000000
 -0.00005055740443209  0.00000245504479104  0.00005546749401417  0.00012129728076213
  0.00022510758680975  0.00032891789285736  0.00045222430968063  0.00058244477674328
  0.00067264162744722  0.00074965754901312  0.00083725200179076  0.00092611154421370
  0.00101580002788603  0.00110593063676262  0.00120327054103481  0.00133763423097658
  0.00152711212853843  0.00170757084911596  0.00188922206395967  0.00207758420266633
  0.00226782641288579  0.00245925915134815  0.00266794040030898  0.00287773407699794
  0.00308889969007194  0.00330781808530822  0.00353016208380727  0.00375683018593016
  0.00398123312229322  0.00420753976981720  0.00443829097494470  0.00466868622186950
  0.00490525286237757  0.00515514280395546  0.00539361497444178  0.00564626813317315
  0.00590830090099673  0.00617350245135984  0.00643248423471700  0.00669497161030061
  0.00698102686785660  0.00730259892507152  0.00765438958516923  0.00795803339176825
  0.00817766467839830  0.00838319092166905  0.00858902446821535  0.00880353345613159
  0.00903979952787158  0.00937059459434418  0.00976767057550593  0.01018448271766612
  0.01058234443918483  0.01094264431096370  0.01126236487377213  0.01153298940187258
  0.01183759728772221  0.01217952152726177  0.01259093796338724  0.01305909636145201
  0.01337897210058661  0.01365994124422284  0.01395069704862314  0.01422636512317042
  0.01452871225738158  0.01497157880241444  0.01541470997998636  0.01585121456119604
  0.01627683639513809  0.01668998285364280  0.01721440625024135  0.01793437407468365
  0.01856604336082869  0.01920096294837947  0.01989257736574116  0.02077632319092946
  0.02166870992800305  0.02286815773738636  0.02396663669869771  0.02490804117800306
  0.02561495613265929  0.02623810675982925  0.02709261805516540  0.02825772208937554
  0.02960957811225190  0.03104439099477152  0.03257738717025054  0.03412948430369538
  0.03584272651566591  0.03754758067256905  0.03992719308525769  0.04309657382843798
  0.04549199443459041  0.04773996414960006  0.06712261060062523  1.00000000000000000
 -0.00204526067434936  0.00896098184066762  0.01946007059199411  0.03088693409406636
  0.04365430562834623  0.05747085720810620  0.06939092910681666  0.08007277279046038
  0.09188819463596262  0.10568840708950621  0.12003985835928932  0.13213346852181532
  0.14288312709127210  0.15304780885362260  0.16325469401134127  0.17318974540956050
  0.18233090130275409  0.19120793342556697  0.19997376807343026  0.20924083733747512
  0.21815321534510465  0.22622241634502871  0.23182120903825654  0.23735147683650515
  0.24303980195018607  0.25158912536544881  0.26128994492010371  0.27098737859524119
  0.27947257453421953  0.28656912411852348  0.29446741137004528  0.30392918442262246
  0.31454598159522407  0.32495987561095380  0.33463619592710353  0.34450297623582221
  0.35403776448519592  0.36346545887720372  0.37251204080299455  0.38204401712501729
  0.39271918537728223  0.40371913490923794  0.41499889410965662  0.42765602298207867
  0.43977553197244135  0.44932993702965751  0.45882723813133208  0.46828946907980945
  0.47708130050879249  0.48543324707639784  0.49423562928485748  0.50302654112497902
  0.51335056841490578  0.52593249673721931  0.53822029607615618  0.55037137665557512
  0.56208558767564742  0.57654300373064027  0.59018473608272548  0.60398779625206267
  0.61713582880159790  0.62904155653147187  0.64009472674639012  0.65113818398055467
  0.66162451916593201  0.66810651106260344  0.67534941147690375  0.68216811916718567
  0.68867134286758347  0.69583596156333904  0.70697824320196179  0.71716957185983898
  0.72590736877792295  0.73444897437990153  0.74446545644549755  0.75702418491567880
  0.77044841106477047  0.77961721710545673  0.78964038040027251  0.79961522483748615
  0.80962720044233594  0.81817394060153492  0.82550684911490113  0.83409979205952078
  0.84327729773777860  0.85383371643940165  0.86794638625092313  0.88176852805926065
  0.89723963875103085  0.91378098759443915  0.93067554755432358  0.94647830446975068
  0.96077720212398598  0.97424450601335144  0.98691551209781625  1.00000000000000000
  0.28688717975622774  0.40288724968268302  0.44876576808985702  0.45980441551279339
  0.46926523449777324  0.47827822487754135  0.49688469002094143  0.50801466801850581
  0.51689100568563073  0.52603340120176079  0.53853803634378983  0.54875310324207405
  0.55740282418792964  0.56472858387765823  0.57174912316726256  0.58027227725335506
  0.58632091344888293  0.59407259162376858  0.60280048745806414  0.61141577242770073
  0.61745731751501665  0.62289231372964049  0.62857170998372769  0.63400590149341185
  0.64102080648911963  0.64809249615530873  0.65558672659864614  0.66437829321460840
  0.67075296320640998  0.67431016171461455  0.67745846648669328  0.68086856162859155
  0.68475173271949774  0.68884279666360926  0.69349849134130093  0.69828727396100820
  0.70270117979767377  0.70711258112636655  0.71165907128160888  0.71604947367652327
  0.72040444070926202  0.72532221959400334  0.73073913715544381  0.73756205887777804
  0.74432397482840551  0.75047042633407912  0.75383211704482800  0.75722878171369590
  0.76109382868139197  0.76540554634443958  0.76949823466664513  0.77504780144325203
  0.78026058535527976  0.78519733798848801  0.79000434552273591  0.79497845014373925
  0.80004055117247508  0.80593069986001065  0.81242212450599827  0.81899368032005071
  0.82456924635651552  0.82981209672624490  0.83482561649842812  0.83964275903804753
  0.84468380844390678  0.84958086750274830  0.85378984188808327  0.85753700123219079
  0.86134164235026489  0.86512544362569610  0.86900441760829850  0.87320560614496423
  0.87786775403026485  0.88242535561012092  0.88704464684422624  0.89075699716809731
  0.89391659991062478  0.89705908318440097  0.90021317421882108  0.90345941022610354
  0.90760759735544816  0.91203634022442714  0.91629504924545768  0.92069610592078877
  0.92561991360351970  0.93121326069317001  0.93719358747549064  0.94319678195808876
  0.94885420331054071  0.95421336018818503  0.95995096577315342  0.96624215522474244
  0.97277321206080092  0.97976368122132551  0.98898379813487902  1.00000000000000000
 -0.01978798649642594  0.11421788070625292  0.15144198395942982  0.17495999234658557
  0.19009715841198183  0.20369960016983851  0.21693556716757084  0.22868996380490744
  0.24108667694667715  0.25422245673990729  0.26792773332468373  0.27981718540648726
  0.28979150880000837  0.29859949325649243  0.30651946174556510  0.31358623850832640
  0.32020842231343849  0.32691817420214919  0.33431696495882202  0.34012425931096080
  0.34538151461336913  0.35060241225929406  0.35551438532922752  0.36076663584674434
  0.36698325305996488  0.37322125642124265  0.37936426068802176  0.38580341874912877
  0.39241101356972574  0.39896119771346855  0.40507326868902960  0.41123183961762388
  0.41743835754482306  0.42371304791452286  0.43089213041714386  0.43757170207208546
  0.44427636614443583  0.45074373203300333  0.45696414580585309  0.46345126383858831
  0.46962189540091281  0.47568102221588565  0.48167533739163443  0.48762991794996541
  0.49391279440946123  0.50004917846068175  0.50639973730897403  0.51301475628671034
  0.51972580626475207  0.52715534598365643  0.53475401481875240  0.54071828612938044
  0.54604270740214622  0.55112133886836989  0.55585131160985790  0.56025201131551494
  0.56460844276929867  0.56918637195470023  0.57422488121663151  0.58016132060634140
  0.58632555799998332  0.59277397160993983  0.59944080231561248  0.60635626097983186
  0.61356244227566747  0.62085057481785544  0.62800535734350860  0.63394275999441774
  0.63904608849562849  0.64387140137394538  0.64868449161991582  0.65424915451771470
  0.66051704616443441  0.66761946438127684  0.67549089325553535  0.68462589920070038
  0.69461318550151174  0.70429476191606710  0.71339781734677643  0.72233997340476308
  0.73205122009259771  0.74276308963030946  0.75193392679833104  0.75783415934636034
  0.76288606509800050  0.76825549566297269  0.77425650614570840  0.78069016037902772
  0.78899407231268603  0.80126957557149814  0.81530665013519432  0.83340965158816471
  0.85270553830019469  0.87300965461955482  0.90124235906651307  1.00000000000000000
   8.6290674142845724E-004  -1.0000000000000000     
 F F F F F F F F F F F F F F F F F F F F F F F F F F F F F F F F F F F F F F F F F F F F F F F F F F F F F F F F F F F F F F F F F F F F F F F F F F F F F F F F F F F F F F F F F F F F F F F F F F F F F F F F F F F F F F F F F F F F F F F F F F F F F F F F
  <DiscreteSampler_grid>
  grouped_processes
  1 # 1 for a reference and 2 for a running grid.
  10 # Attribute 'min_bin_probing_points' of the grid.
  1 # Attribute 'grid_mode' of the grid. 1=='default',2=='initialization'
  0.0000000000000000 # Attribute 'small_contrib_threshold' of the grid.
  0.5000000000000000 # Attribute 'damping_power' of the grid.
 # binID   n_entries weight   weight_sqr   abs_weight
    10   10   3.129209430301852E+002   4.020944462788921E+005   3.129209430301852E+002
    16   10   3.129209430301851E+002   4.020944462788918E+005   3.129209430301851E+002
    22   10   3.129209430301851E+002   4.020944462788921E+005   3.129209430301851E+002
    28   10   3.129209430301851E+002   4.020944462788917E+005   3.129209430301851E+002
  </DiscreteSampler_grid>
