  0.00000471711821452  0.00000494538657519  0.00000515544566224  0.00000534809871568
  0.00000554924404899  0.00000575770730985  0.00000594873608530  0.00000613250115163
  0.00000631889168533  0.00000652393648502  0.00000671695877135  0.00000689276340878
  0.00000705700829240  0.00000720996925829  0.00000736992763536  0.00000755189170931
  0.00000774476127249  0.00000792890497288  0.00000810096522651  0.00000826359626531
  0.00000842284019209  0.00000858642921956  0.00000875446864774  0.00000896209453325
  0.00000917209240922  0.00000939460839839  0.00000964077835141  0.00000989253466213
  0.00001014665640409  0.00001039317028106  0.00001063023070621  0.00001089479033006
  0.00001118067990195  0.00001147035152070  0.00001176334533199  0.00001205366238318
  0.00001232869356256  0.00001269087112220  0.00001312192589236  0.00001353931515721
  0.00001395870849776  0.00001438629510402  0.00001480842269237  0.00001523001402143
  0.00001563386214096  0.00001606058293641  0.00001649812477217  0.00001694537834941
  0.00001742818884241  0.00001793392163207  0.00001845592714323  0.00001898676881173
  0.00001951697201567  0.00002004159184365  0.00002056702545688  0.00002112104593453
  0.00002173952237271  0.00002242262669543  0.00002325287505316  0.00002401110363930
  0.00002474575832402  0.00002557563606198  0.00002646810253561  0.00002742763636949
  0.00002843206280960  0.00002956986322841  0.00003092399580793  0.00003238124000950
  0.00003385913777033  0.00003544730114688  0.00003721567374103  0.00003926381673509
  0.00004158917617462  0.00004410496877774  0.00004708799859727  0.00005034692309012
  0.00005363848479745  0.00005709575231356  0.00006072774741193  0.00006487672494297
  0.00006982030695390  0.00007609803444332  0.00008363557070286  0.00009218084560348
  0.00010226465891442  0.00011434980775900  0.00012905395856197  0.00014842886094094
  0.00017453616456399  0.00021659116104969  0.00028357438389188  0.00042076804455446
  0.00073966287408353  0.00189612963758572  0.09600322022602739  1.00000000000000000
  0.00003179268525631  0.00003290994009731  0.00003389449151556  0.00003544892917811
  0.00003718118566293  0.00003857808452690  0.00003994894863937  0.00004139902802665
  0.00004321811742523  0.00004503679148082  0.00004983737758076  0.00005354228883280
  0.00005630759388206  0.00005902325235369  0.00006182526816150  0.00006461636151159
  0.00006745006381491  0.00007040966677138  0.00007350129274286  0.00007661399341952
  0.00008035845267054  0.00008472644404425  0.00008937197727609  0.00009411893697814
  0.00009905004123506  0.00010442197626367  0.00010995195507133  0.00011546080936662
  0.00012108163665496  0.00012719461704225  0.00013327420319250  0.00013959335152032
  0.00014668294760106  0.00015435467084891  0.00016180149289529  0.00016892405043213
  0.00017594351430178  0.00018307165264569  0.00019051752206064  0.00019826490188610
  0.00020628770562293  0.00021451761067903  0.00022322562679814  0.00023232721833743
  0.00024211657064336  0.00025355859559766  0.00026690412283528  0.00028109201809676
  0.00029396716934113  0.00030759080654236  0.00032132887480662  0.00033651841268625
  0.00035324277759134  0.00037073937048908  0.00039043157320012  0.00041299945457621
  0.00043451198402898  0.00045920561778344  0.00048460306954948  0.00051181021359483
  0.00054355556889151  0.00057729155569529  0.00061068731149372  0.00064437843561436
  0.00068090905962373  0.00072141127393691  0.00076443236782789  0.00081310270832520
  0.00086799912027608  0.00092830508132141  0.00101280228308245  0.00109108310325496
  0.00117197130600292  0.00124512910176475  0.00131953904941091  0.00140309888779215
  0.00149745614373022  0.00161038268409123  0.00174042639185895  0.00188167051655964
  0.00206024003598283  0.00223279960982435  0.00243071765691230  0.00267407842219952
  0.00300967334316511  0.00343624221456296  0.00405003711703407  0.00480957882109600
  0.00591566280421059  0.00656794546637687  0.00768507896503760  0.00896927793637660
  0.01065712152440070  0.01315753847362702  0.02099012785878313  1.00000000000000000
 -0.00000280819446808  0.00011821362481922  0.00058073089653621  0.00141376932594843
  0.00267789072419050  0.00435936520732139  0.00642310417094746  0.00880228597976426
  0.01153604808434179  0.01491920062538855  0.01862372938694020  0.02242560314815255
  0.02586538453308562  0.02930322903334523  0.03335742249803343  0.03788690596111627
  0.04249153057769468  0.04743388502598586  0.05280222466035953  0.05849262169182702
  0.06457917999536411  0.07100757390017551  0.07807728812739309  0.08503125285304292
  0.09269947627255255  0.10088602298803503  0.10910939253851115  0.11791070999357675
  0.12762646668846933  0.13815698302921234  0.14866363788825004  0.15816643025168992
  0.16728511060936452  0.17646932850754937  0.18611482502140933  0.19673138162819620
  0.20799433858775787  0.21997965745910331  0.23167361995945937  0.24267724670857149
  0.25392531240565785  0.26506753457497456  0.27532399511636296  0.28549044651700833
  0.29616892343675816  0.30719998106576757  0.31869521822211333  0.33075071556666336
  0.34274992608603949  0.35491625806968469  0.36700527022971541  0.38026516055881177
  0.39402235556422432  0.40768920156735772  0.42150314934825445  0.43516764854700152
  0.45022484695740350  0.46576538587969546  0.48149791664814434  0.49772834920578019
  0.51580567999692917  0.53355073559539334  0.55117786602286967  0.56854621121617577
  0.58531054485103151  0.60111128496964372  0.61644699997121399  0.63259373656773354
  0.64842246671653470  0.66326907320480832  0.67762642622878522  0.69252174804495381
  0.70703643064430410  0.72148403565271579  0.73597959945357339  0.75054126559216860
  0.76508974207365743  0.77907041250219156  0.79231513425155364  0.80501048763858873
  0.81756058567087553  0.83003359948874755  0.84247678945636617  0.85508921753974165
  0.86855184067798763  0.88224095222578569  0.89457658664856210  0.90647977902919119
  0.91727142879691537  0.92808668006117201  0.93896293836398004  0.94981752080450277
  0.96239212180156308  0.97508068261461811  0.98766286870796660  1.00000000000000000
 -0.00214766295425875  0.01056142877327391  0.02120686622109234  0.03174113622292814
  0.04205231269980626  0.05214434167415356  0.06361963720030586  0.07653187004739635
  0.08778042209956613  0.09590388129598341  0.10470972115658039  0.11380886208328297
  0.12345740604125482  0.13303818587418564  0.14208806846561967  0.15049171726585403
  0.15919726567148665  0.16839872442922940  0.17733881557673567  0.18570735858245119
  0.19370394214644424  0.20202570445529822  0.21261189936499311  0.22373078190512691
  0.23512391873830746  0.24543868020512441  0.25638813226098056  0.26754027967845750
  0.27850268394576255  0.28914354531717129  0.29836407638725571  0.30692597082266715
  0.31525643585860219  0.32403863804778649  0.33319046791172319  0.34326726286151038
  0.35363036331656161  0.36463452900929483  0.37583685352768631  0.38619313633971614
  0.39626515443701393  0.40577195068779914  0.41456499716618961  0.42398208437375018
  0.43416614862373965  0.44459529275967441  0.45470748005138079  0.46472334998089859
  0.47558989022465459  0.48749152777513272  0.49865658905468313  0.50791095738433378
  0.51642822633625496  0.52566050481254323  0.53439813834345251  0.54265751597441081
  0.55135618837770184  0.56123591092014802  0.57291613353265369  0.58397482281796664
  0.59373800216051353  0.60410569284164750  0.61561207044163935  0.62836666180758438
  0.64135333778914849  0.65390552925409362  0.66601170155113321  0.67796094861234046
  0.68981330318250644  0.70102394081548702  0.71150346340773174  0.72141394114283808
  0.73137093467844583  0.74181195069579520  0.75188095393265941  0.76215191123101922
  0.77239033373331512  0.78350244490107379  0.79668528634520674  0.81142605605164986
  0.82637940729997394  0.83996050694961621  0.85300606546504465  0.86633384882754505
  0.88040434633923392  0.89386902790861467  0.90588468496769214  0.91662985794083185
  0.92694369692006995  0.93696978857150326  0.94693494089281527  0.95699695783074001
  0.96759108990007670  0.97794417468682060  0.98828367971286168  1.00000000000000000
 -0.00098757738542527  0.00719123527653510  0.01319678641854283  0.01911826770500604
  0.02588921035322139  0.03349850489354607  0.04097101155839714  0.04786825282312960
  0.05432205457861247  0.06154789303427812  0.06985407995410430  0.07845773631912858
  0.08652460326009864  0.09426015631706310  0.10251372093338301  0.11146908830693281
  0.12094436964955202  0.13048590492077347  0.13969436396998458  0.14884334940476227
  0.15765239362009983  0.16663183208811647  0.17641558084780154  0.18578134125590129
  0.19375405741945606  0.20134216214202338  0.20862121682936727  0.21611994001047669
  0.22356840555571569  0.23143180832019844  0.23899078947434152  0.24657275018133037
  0.25401085681979629  0.26216957692342063  0.27096553247798738  0.27938533237062130
  0.28699351903701581  0.29440397149865305  0.30167116842161934  0.30923541624456280
  0.31836062057605397  0.32943592262542659  0.34186624572653218  0.35399323309523090
  0.36405086186883134  0.37360367291726770  0.38256798888653848  0.39169321414960340
  0.40100614735468521  0.41100451339353955  0.42083618079873258  0.43059504529495868
  0.44034278675635152  0.45036519261264413  0.46097038013146602  0.47151943474095109
  0.48243011144415276  0.49412932223205147  0.50528902797950481  0.51652999386677967
  0.53063921633658850  0.54537142921433124  0.55895678913238911  0.57086115582200292
  0.58258349755419914  0.59466878044934468  0.60608995204603455  0.61672580240119856
  0.62766454585994513  0.63995436943645478  0.65290956212691120  0.66465491934430565
  0.67543803597125329  0.68679807114041491  0.69966198102754973  0.71379669392628997
  0.72901377497124764  0.74051157488457819  0.75185148194200568  0.76312253619307113
  0.77457349905515593  0.78589009782595975  0.79728121572941568  0.80898278547987612
  0.82230563423212666  0.83697169299516139  0.85023609992073856  0.86668165111522943
  0.88414251182698711  0.90058072658346267  0.91610697539619801  0.93198689848676020
  0.94819624508909650  0.96444371067969126  0.98187593806509166  1.00000000000000000
 -0.00332564321166280  0.01073945328739009  0.02453327377763048  0.03875878618858413
  0.05237520017764721  0.06452898798762406  0.07539774081116019  0.08655030079430499
  0.09954189979250200  0.11325280568452738  0.12618960692924175  0.13822702533645054
  0.14944849574190888  0.16036490722357466  0.17107590580604742  0.18159101123101692
  0.19181428748440105  0.20254073955166166  0.21353360265846022  0.22374653113566889
  0.23368753863539676  0.24356421561829103  0.25252083127574054  0.26096311568053432
  0.26989537486545079  0.27991409949020968  0.29060935645660768  0.30059278884698576
  0.31060739331303472  0.32222796059731090  0.33562661853905834  0.34890062034659136
  0.36042732477123474  0.37187000299687206  0.38001347732186180  0.38832773969024936
  0.39589590149315274  0.40371138502473392  0.41277067740406509  0.42329275568537078
  0.43442113112125369  0.44640651294616257  0.45789657421597207  0.46693293207788950
  0.47556583536588098  0.48437183155829933  0.49372536034048958  0.50318901480251610
  0.51238813646708770  0.52111621945701025  0.53266280226650720  0.54484653650768766
  0.55681530045739180  0.56759056436137012  0.57725003381200979  0.58675951750513577
  0.59713364379448330  0.60812752154346916  0.61904526085199552  0.63089079645356250
  0.64365361164135881  0.65397158266356958  0.66388195375954684  0.67350614884580406
  0.68415210160797435  0.69540662258823061  0.70621543048859969  0.71630785284086163
  0.72584540273969467  0.73498752331933914  0.74344138830739182  0.75169475684744991
  0.75941253706928946  0.76720291370148574  0.77497522085493342  0.78358055081147815
  0.79334100297417187  0.80575318524264250  0.81973450165233841  0.83441551282119009
  0.84895535577151104  0.86282299418026231  0.87545624029585278  0.88689909444392245
  0.89949572929103516  0.91263381611611283  0.92472423674689064  0.93547706649915874
  0.94447559130761860  0.95252942458990386  0.96043119114103592  0.96831201986426485
  0.97656462549498646  0.98502710299606633  0.99264818802197297  1.00000000000000000
  0.00221772206310331  0.03512471289301703  0.06686978935326496  0.09476050131232922
  0.11953234252796420  0.13803551980029272  0.15562587240159698  0.17461466881694032
  0.19565523396284129  0.21584668261137765  0.22886751349140899  0.24178956278523397
  0.25445885419083697  0.26793220470818613  0.28603374876842486  0.30584818112613144
  0.32250378978173300  0.33690704168319058  0.34966082657806929  0.36227299115816564
  0.37386583553523628  0.38461481344496062  0.39470692333379487  0.40731088265977172
  0.41986653228901760  0.43171155359340041  0.44197789079373506  0.45155334461681090
  0.46148182934957044  0.47109718500540687  0.48084368143819617  0.49078673985961069
  0.50024882270088222  0.50963690381777327  0.51890275331036906  0.52835031801122101
  0.53833675489578436  0.54816603715666878  0.55724975872712668  0.56538466446241364
  0.57268754664099863  0.58050057260523191  0.58869210394734828  0.59685970363176621
  0.60451007276952873  0.61254397563098406  0.62097077367561992  0.63086053747513426
  0.64228498812331114  0.65297482926253025  0.66256091337774470  0.67105794286434650
  0.67944326699898194  0.68854375286207470  0.69849513366078320  0.70816596031184587
  0.71726247952235345  0.72593476400628232  0.73445698827048078  0.74411524326551703
  0.75227053465423432  0.76013993029050897  0.76799006953244575  0.77607906651707526
  0.78381557183103989  0.79140001374529345  0.79871427210094104  0.80580721494624874
  0.81303680508486131  0.82015850098548249  0.82697814576606332  0.83417763039816761
  0.84212243134245324  0.85018949641135932  0.85797259956453731  0.86487241984195418
  0.87028019223899478  0.87590568576062278  0.88056562288146323  0.88536173991672640
  0.89012699971791631  0.89600535013090976  0.90280356384703186  0.90965552385501569
  0.91682926628935513  0.92497699895692009  0.93369213927598460  0.94137099089325316
  0.94726315591058130  0.95278822649122907  0.95833001664261064  0.96396462559725626
  0.97040350228462158  0.97754133167205082  0.98664230700249844  1.00000000000000000
 -0.00167216094478649  0.00763492848023736  0.01496576763333719  0.02201891338727456
  0.02936924341070687  0.03670562439185508  0.04430225785757454  0.05296306091316694
  0.06189278207806391  0.07053624552963805  0.07934569991496349  0.08864819813650494
  0.09856801453112732  0.10817849504427222  0.11724631884104618  0.12601655445549223
  0.13638149103765568  0.14684569988551241  0.15586998261555871  0.16537442056289653
  0.17516097113103324  0.18493511389852277  0.19432055105509735  0.20370251096464517
  0.21401944091746331  0.22487827010929759  0.23517270941680568  0.24452052963486645
  0.25374989468848119  0.26399181641491337  0.27535187485341184  0.28769239115719597
  0.30067172066441589  0.31431673161864260  0.32849224763298351  0.34164019300999937
  0.35272634447953155  0.36252200538002877  0.37224611087384968  0.38327676226762653
  0.39632612144625207  0.40679583121670554  0.41665571981699506  0.42660469836510934
  0.43716216155910037  0.44722397919530682  0.45788986431790407  0.47149941587614796
  0.48493937824639055  0.49798211734859366  0.51050640158362126  0.52307273386110498
  0.53606679094056975  0.55009592560549603  0.56520386630375075  0.57726282791367811
  0.58767898427576359  0.59636208730361673  0.60605849807014334  0.61641381394618600
  0.62656364969898415  0.63679491929430188  0.64673216744562578  0.65631253683206370
  0.66513268176289375  0.67408086534453948  0.68404781750384147  0.69491385232917280
  0.70586784889098275  0.71679978254369903  0.72703993636644892  0.73652344180028662
  0.74601314272917740  0.75615019110533366  0.76761354157943418  0.78051915568420760
  0.79420188813294323  0.80699196272544294  0.81764557396802195  0.82740015195665606
  0.83706006048639936  0.84645991115683450  0.85647076072467720  0.87113374606454130
  0.88426054929920450  0.89722812562481469  0.91015877030628001  0.92219101616215093
  0.93374766061123271  0.94493665051371001  0.95540132261527433  0.96505407060227455
  0.97428686755884575  0.98289794205977221  0.99145437701045869  1.00000000000000000
  0.10943610124496556  0.11733661173414835  0.12770583510449052  0.14063072636249421
  0.15583540698632545  0.16883432420684941  0.18032107022687782  0.18931866631862487
  0.19689030760551154  0.20395650929677273  0.20985596319167799  0.21575359986490072
  0.22158204245559690  0.22841463928160824  0.23503921905222178  0.24071476686607984
  0.24593588570328154  0.25179427271502347  0.26116840682651304  0.26992330881989779
  0.27774749959352851  0.28542284123271189  0.29233838444549654  0.29915350386259631
  0.30712220086366171  0.31541794578007809  0.32283309757228218  0.32935148420656374
  0.33547676037506863  0.34185593982068074  0.34825786831015881  0.35611774381322681
  0.36721444388035474  0.37684107673570771  0.38265573743482556  0.38896994985835887
  0.39719124049707794  0.40463196329068074  0.41207882157890735  0.41878417986117006
  0.42556126634011920  0.43282021197597642  0.44176280159783105  0.45198051363594099
  0.46141671620912816  0.46956624865426932  0.47737243063837470  0.48584929639919811
  0.49490674518095445  0.50400019962976650  0.51345543108338210  0.52268682009141798
  0.53186719673534177  0.54082987758764245  0.54955269767354298  0.55915349652313107
  0.56971164450437906  0.58002847035369354  0.59073081371468839  0.60236397262700225
  0.61269151628117602  0.62218305706017341  0.63135646067272966  0.64008648516105615
  0.64856536840662948  0.65673569779258834  0.66527921098678189  0.67442914813533794
  0.68359043208032477  0.69279719033911336  0.70174196856577176  0.71112866159101706
  0.72146599301958869  0.73209843250958007  0.74254976523726046  0.75298108311593948
  0.76270507079170824  0.77161297484239189  0.77988385042431763  0.78858910436437613
  0.79774735926000084  0.80715032441311485  0.81618756942278436  0.82512049205144589
  0.83471921945608640  0.84519328403193628  0.85723707417128991  0.87006477085361900
  0.88186214282095809  0.89320581169261437  0.90585639182201161  0.92010154124056942
  0.93528263675411882  0.95318517342593656  0.97474252217630031  1.00000000000000000
 -0.01034167924070892  0.05652326964817747  0.08040392924331301  0.09555030406309781
  0.10879020616630342  0.12126518570308849  0.13034660186630084  0.13878483469242545
  0.14683425623398372  0.15496158253303460  0.16312132352731123  0.17078736998612201
  0.17787939941295264  0.18507750306370813  0.19251200167610422  0.19985261449835179
  0.20684278106446788  0.21333719774490389  0.21944713136762611  0.22533221847908647
  0.23096370485557255  0.23637411505274275  0.24171792638654763  0.24695200309395640
  0.25221679331893981  0.25781552600747809  0.26352918364555061  0.26892648125294710
  0.27390031080611210  0.27858591068741068  0.28315431493521909  0.28773907287723904
  0.29292183780889691  0.29845893700849357  0.30387333194152383  0.30920436136762836
  0.31426626202181535  0.31962803800215001  0.32517240727893254  0.33069342467309482
  0.33600671138839849  0.34151535307406744  0.34686105383894944  0.35207525210729823
  0.35704114298218359  0.36222122021716302  0.36806456647925012  0.37414838741017414
  0.37985734413356104  0.38532226430511729  0.39091780620340877  0.39684022777449757
  0.40284466156236715  0.40868760865467552  0.41482964408454170  0.42172577247627457
  0.42857157226155596  0.43516518025278411  0.44183617860519281  0.44827052917653815
  0.45517180276365976  0.46243568762407800  0.47001217904818932  0.47769887110021603
  0.48532024552970698  0.49266432921276959  0.49984290119708991  0.50743671639349663
  0.51506005827853774  0.52408945755900804  0.53388903516059039  0.54320111322669529
  0.55233382623978444  0.56139098797045062  0.57188295845329074  0.58310765648605556
  0.59378403010074521  0.60537442383786755  0.61655784815888426  0.62675878686175091
  0.63559614900441919  0.64506795417163620  0.65526754031393275  0.66620207233002160
  0.67790584637827100  0.69076363443596456  0.70411560259837502  0.71714502229626698
  0.73146426141862142  0.74700979496584818  0.76331834955907552  0.78158189566732483
  0.80196858555753026  0.82983709325217569  0.87637596277251872  1.00000000000000000
   7.4152255607933914E-004  -1.0000000000000000     
 F F F F F F F F F F F F F F F F F F F F F F F F F F F F F F F F F F F F F F F F F F F F F F F F F F F F F F F F F F F F F F F F F F F F F F F F F F F F F F F F F F F F F F F F F F F F F F F F F F F F F F F F F F F F F F F F F F F F F F F F F F F F F F F F
  <DiscreteSampler_grid>
  grouped_processes
  1 # 1 for a reference and 2 for a running grid.
  10 # Attribute 'min_bin_probing_points' of the grid.
  1 # Attribute 'grid_mode' of the grid. 1=='default',2=='initialization'
  0.0000000000000000 # Attribute 'small_contrib_threshold' of the grid.
  0.5000000000000000 # Attribute 'damping_power' of the grid.
 # binID   n_entries weight   weight_sqr   abs_weight
    13   10   8.836775671109790E+001   6.805739406021422E+004   8.836775671109790E+001
    14   10   8.836775671109783E+001   6.805739406021412E+004   8.836775671109783E+001
    16   10   8.836775671109793E+001   6.805739406021427E+004   8.836775671109793E+001
    17   10   8.836775671109793E+001   6.805739406021427E+004   8.836775671109793E+001
    22   10   8.836775671109790E+001   6.805739406021422E+004   8.836775671109790E+001
    23   10   8.836775671109783E+001   6.805739406021412E+004   8.836775671109783E+001
    25   10   8.836775671109793E+001   6.805739406021427E+004   8.836775671109793E+001
    26   10   8.836775671109793E+001   6.805739406021427E+004   8.836775671109793E+001
    31   10   8.836775671109788E+001   6.805739406021421E+004   8.836775671109788E+001
    32   10   8.836775671109783E+001   6.805739406021412E+004   8.836775671109783E+001
    34   10   8.836775671109790E+001   6.805739406021422E+004   8.836775671109790E+001
    35   10   8.836775671109793E+001   6.805739406021427E+004   8.836775671109793E+001
  </DiscreteSampler_grid>
