  0.00000487322175143  0.00000538255006636  0.00000562744511145  0.00000579364223312
  0.00000591257441859  0.00000604488680381  0.00000620194642291  0.00000639550695945
  0.00000660139711740  0.00000685109206871  0.00000717048099284  0.00000749926154783
  0.00000783665350948  0.00000811696882893  0.00000836417631841  0.00000857178896869
  0.00000874774474294  0.00000891434959660  0.00000908797751900  0.00000930449375652
  0.00000951115961828  0.00000970096262704  0.00000989011644388  0.00001014214616776
  0.00001046636354698  0.00001075755967174  0.00001101962297054  0.00001127523862455
  0.00001153734707003  0.00001181978866914  0.00001209861808619  0.00001232175614259
  0.00001266843976335  0.00001310389979068  0.00001365355755385  0.00001430652643825
  0.00001492834961180  0.00001547946003434  0.00001601428429923  0.00001662047778340
  0.00001724754195594  0.00001783376922721  0.00001839597065545  0.00001896078584051
  0.00001951153814986  0.00002021291080923  0.00002144505059001  0.00002301032940460
  0.00002460476132992  0.00002590709021241  0.00002711556695667  0.00002817330712442
  0.00002911183854147  0.00002995747872465  0.00003072869472113  0.00003150158037329
  0.00003244581835825  0.00003352480514841  0.00003453282577731  0.00003559927455065
  0.00003669181046068  0.00003796961044407  0.00003949793643728  0.00004134650041386
  0.00004320699379194  0.00004519435824020  0.00004787935045880  0.00005045744221161
  0.00005271353361026  0.00005503042714644  0.00005746348151853  0.00006014002648997
  0.00006473911081502  0.00007017399810962  0.00007554663140830  0.00008062037205765
  0.00008551477007118  0.00009099265907575  0.00009816309289910  0.00010723867567527
  0.00011818279628014  0.00013123395660269  0.00014598098455314  0.00016043518885474
  0.00017727064277028  0.00020055673314613  0.00023209015913446  0.00026626178210986
  0.00030301919784203  0.00034499318740355  0.00041116724457608  0.00051490977397551
  0.00074038441418362  0.00141346950783826  0.68944347981499987  1.00000000000000000
  0.00000896734783710  0.00001442114170247  0.00001833010036981  0.00002168134925733
  0.00002428576892386  0.00002766482807946  0.00003145771557088  0.00003464649557286
  0.00003845081611428  0.00004275751135883  0.00004711559941969  0.00005135834145938
  0.00005572296029925  0.00006047166704236  0.00006485770670496  0.00006929657388807
  0.00007400100521638  0.00007887663601091  0.00008357474002529  0.00008820094623799
  0.00009246567687019  0.00009636755935688  0.00010060020675572  0.00010462413964476
  0.00010779646022375  0.00011126838330105  0.00011448922098308  0.00011686842792928
  0.00011859234043576  0.00012183943087706  0.00012521420063163  0.00012876608024727
  0.00013257012034657  0.00013716021982735  0.00014256687806736  0.00014701996443789
  0.00015096934903946  0.00015495404022180  0.00015953498031989  0.00016401157022490
  0.00016884431318847  0.00017365897221877  0.00018307503573342  0.00019458517168412
  0.00020562764609623  0.00021615522475108  0.00022545783362259  0.00023355334400897
  0.00024039767360717  0.00024757772285597  0.00025516569934511  0.00026570490313384
  0.00027528466952431  0.00028438195863929  0.00029434720020433  0.00030448202732740
  0.00031525077756873  0.00032608428373558  0.00033721258078556  0.00034995231692206
  0.00036650245125349  0.00038607130122892  0.00041276820328623  0.00044117181003211
  0.00047542364655195  0.00051519805829919  0.00057038888894738  0.00062907377696804
  0.00069183928712444  0.00075796010399180  0.00082557288851013  0.00089105395722891
  0.00096300931497405  0.00104137890946060  0.00114097340811531  0.00126613844849304
  0.00141661873725288  0.00155989091777502  0.00169973891764847  0.00184543712998843
  0.00200168773867314  0.00218475216939074  0.00242297251252212  0.00272447670884572
  0.00311365828760515  0.00364696464127263  0.00436077731153549  0.00530339033990477
  0.00633319387376935  0.00750903612399364  0.00948691776670845  0.01248224796351171
  0.01555864158274294  0.02595691984043717  0.74518961654177140  1.00000000000000000
 -0.00000357779005040  0.00013326488500313  0.00071943165641273  0.00192406455589294
  0.00368716759377163  0.00557024633701024  0.00771532313391847  0.01050665448734546
  0.01387950098513845  0.01778868027352024  0.02201897626927303  0.02646596470721941
  0.03090978850920603  0.03569194081500302  0.04077772036273467  0.04609049367090672
  0.05151261924743624  0.05660136109906986  0.06186997742238646  0.06717406643097329
  0.07240737375711720  0.07784441028721588  0.08312228360123754  0.08962325392405514
  0.09685133302759902  0.10323716449078450  0.11044723787551625  0.11858934514728636
  0.12642867724818135  0.13533013109259812  0.14417585233992045  0.15478376169056765
  0.16558888569999886  0.17714201041491492  0.18877477380282057  0.20000924872264977
  0.21080492971614104  0.22221592344560692  0.23505699550004858  0.24847437954281693
  0.26210680419789478  0.27651822566947848  0.29226374672659849  0.31123274444109938
  0.32991796506269866  0.34749064098679866  0.36213459000331771  0.37461155005284341
  0.38524279909697284  0.39496264578286672  0.40506423236942318  0.41622017919247856
  0.42781921429736747  0.43872897621052942  0.44993511282592707  0.46235377271954731
  0.47531969872931473  0.48862150935396292  0.50242769269961307  0.51744222827919162
  0.53394587421614381  0.54880382620157564  0.56298143954317070  0.57752562383826367
  0.59293417693885198  0.61208636785735360  0.63139032841687970  0.64976280733894243
  0.66753563779706326  0.68551272605350611  0.70571810855799100  0.72952499873985366
  0.75146611003704444  0.76786620785330650  0.78245994217859005  0.79678701488149373
  0.80978355028628379  0.82122309631802448  0.83141295957680683  0.84217083960957595
  0.85341356796483514  0.86581786984451881  0.87806825355819840  0.88807712765050140
  0.89604041903964349  0.90364297822886330  0.91166021504218719  0.91990304070750262
  0.92889531617265853  0.93767071178600447  0.94690701508616082  0.95722102117554397
  0.96717180558355387  0.97745653467377625  0.98836603200285622  1.00000000000000000
 -0.00311816543693659  0.01257556929985261  0.02511992855371924  0.03804346214926461
  0.05099650770856026  0.06409552621231711  0.07707905192421795  0.08889081334853187
  0.10115301555392746  0.11285231993726007  0.12382438965140535  0.13385224097037229
  0.14377387241544506  0.15417072939647222  0.16642556328120683  0.17989704547228819
  0.19154627405264726  0.20484132132287611  0.21928460308132541  0.23544108665204042
  0.24833204597758191  0.26114944562901332  0.27123853619753968  0.28018952638450029
  0.28811057935020035  0.29556403199736897  0.30615624599457503  0.31567097040429043
  0.32272374041770019  0.32960991523615757  0.33650552664940836  0.34379050141888751
  0.35089065222977089  0.36548892681214740  0.38042108782505080  0.39712402106643979
  0.41392513542380577  0.42534415031556511  0.43519443096191779  0.44422981407389034
  0.45326148224084017  0.46271642506637167  0.47186819326342327  0.48213137076230356
  0.49065662071272931  0.49824808911205637  0.50731554096012865  0.51744460318539220
  0.52791914309391363  0.53603165744055747  0.54479916793440120  0.55488400779295088
  0.56563952856826716  0.57879898833103738  0.59316886225510268  0.60697367387340584
  0.62079319647515585  0.63758063404722154  0.65224468222737142  0.66375246560923573
  0.67186011849660154  0.67958264871967977  0.68731090343914325  0.69342665246441226
  0.69943222163777674  0.70604692287771587  0.71310146011663156  0.72033263455317242
  0.72658145594969659  0.73403715837253791  0.74307860619148547  0.75161342910518603
  0.76048122979686883  0.77154425105654822  0.78533701087393359  0.79881023444471966
  0.81017348862381944  0.82142974058883056  0.83273165487574208  0.84529926104034481
  0.86083275096739142  0.87599099636280653  0.88353239549261486  0.89070037305477034
  0.89843901072208998  0.90608860343837327  0.91301347555648127  0.91856418255997219
  0.92396193631603252  0.93033006753925929  0.93747561478473773  0.94741046188035216
  0.96001224843501343  0.97301881503715304  0.98655293440807090  1.00000000000000000
 -0.00366054922403340  0.01441419421834494  0.02701740520662898  0.03698998793445892
  0.04541457442354700  0.05425995660968776  0.06353702343933068  0.07219264273586175
  0.08239650742011008  0.09205035785487137  0.10102246295853262  0.10960639548446469
  0.11957754107128660  0.13022405791106995  0.14099087368017538  0.15146227343143084
  0.16139632199125345  0.17150264375943927  0.18270067199822834  0.19454459698023877
  0.20451577669814480  0.21426768362851309  0.22347163461110414  0.23249146282802069
  0.24379389397196274  0.25590636318455684  0.26822334988387375  0.28171621363751786
  0.29435252218379959  0.30510636130894225  0.31306036211902322  0.31864106133168352
  0.32453995244368294  0.33047428015134078  0.33697060631018277  0.34291605338754350
  0.34859193663696730  0.35511044096562566  0.36255295452028213  0.36988633586121000
  0.37751247793256160  0.39308127983106783  0.40688276982624827  0.41946962621171335
  0.43108340117244082  0.44163419894286721  0.45149072046367345  0.46180095536962845
  0.47199672307657525  0.48281166668615266  0.49456189306519527  0.50737216128050722
  0.52248359221765583  0.53552841148851416  0.54963107973528902  0.56518311764579465
  0.57972259075544541  0.59178194897192293  0.60352439611339903  0.61559466756020786
  0.62729705448871931  0.63948825396839304  0.65461755588984538  0.67026119418393082
  0.68505105655273524  0.69867083827936793  0.71337652947579866  0.73014232162629311
  0.74647155344055660  0.75782630000375362  0.76766865314623256  0.77910254467345075
  0.79356182583556667  0.80782098411215630  0.82221802789327003  0.83536785197271801
  0.84449196158598339  0.85275797308555179  0.85879610963131314  0.86501981766295422
  0.87298841424078300  0.88161982798664040  0.88776099282314336  0.89262603675810903
  0.90032175126440184  0.90712726567892188  0.91488356307018814  0.92340987711328737
  0.93451544131810871  0.94743004176065526  0.96011606471285826  0.97012943026618004
  0.97903372288340762  0.98660344186334648  0.99351736017828129  1.00000000000000000
 -0.00316863525937472  0.00637248766044927  0.01592678452265683  0.02555587750067307
  0.03688697104698393  0.05035942824469535  0.06242986827871176  0.07403382243692112
  0.08589296070713430  0.09872899283077084  0.10970612818225922  0.11803962192716200
  0.12605732544320464  0.13464336567961288  0.14234362803128608  0.14898863097981141
  0.15551313935865158  0.16249230818800531  0.17023558164615493  0.17898901195891426
  0.18766286539687060  0.19764946629838984  0.20840807429768374  0.21968637596551058
  0.23357236751677221  0.24648442405451465  0.25767415755223749  0.26747932614624204
  0.28072092471771981  0.29091111429890854  0.30004593547290881  0.30738932763851690
  0.31445228397382086  0.32168537890128279  0.33015228421191339  0.34052715902282965
  0.35186659995470038  0.36270251301919243  0.37214489214552321  0.38300150923467052
  0.39420752974375878  0.40479577477826106  0.41448501176493485  0.42511023809861559
  0.43667425530130932  0.44954310522133217  0.46197323069556512  0.47398586442584190
  0.48643809573647973  0.50056509605193256  0.51567348066177410  0.53046941004668013
  0.54424487748391193  0.55850953350451715  0.57185901531180583  0.58573511153635349
  0.60103978069992803  0.61378694913321774  0.62684621864891876  0.64082059536985503
  0.65573282382401687  0.66723680159992482  0.67666485734548276  0.68668538482010544
  0.69699198890761449  0.70699673631157667  0.71732291441092311  0.73063338614372209
  0.74259182243402200  0.75207838163857255  0.76155354812384635  0.77149058093858458
  0.78278632721811681  0.79303529432470499  0.80034078724450342  0.80639143302583571
  0.81290364113630709  0.81971219482427771  0.82635475477214582  0.83167802571637606
  0.83673235663363477  0.84260993959965191  0.84913744074126618  0.85682612742697906
  0.86647822516219164  0.87577558199897010  0.88402742654415023  0.89245473193362213
  0.90232661563251826  0.91478589480630057  0.92828283225904384  0.94083111849829104
  0.95295822510822359  0.96764043394526000  0.98351508375418650  1.00000000000000000
 -0.00294599976893083  0.01779120984132691  0.03544278087618859  0.05093363379609480
  0.06614108060223332  0.08207177877731858  0.09916371588193877  0.11654274211724740
  0.13154854787632175  0.14387325997135963  0.15459934343666037  0.16437980065640692
  0.17406915410180085  0.18439815627599376  0.19367293739614136  0.20158739097576839
  0.20942853201492703  0.21759635660439799  0.22530874886346686  0.23313690064712317
  0.24167807678434328  0.25056609615766923  0.25945165397853148  0.26856755185773806
  0.27772218171899959  0.28751630077169488  0.29848404537395712  0.31045205682840221
  0.32354202578421826  0.33717844397617908  0.35001323476361718  0.36209027615594080
  0.37380993561447512  0.38581882166985487  0.39968321660346945  0.41573517240933366
  0.42857413232597230  0.44000610835088660  0.45097417100912662  0.46210661797948449
  0.47271730451440275  0.48353471823808958  0.49517434089679047  0.50711601245710658
  0.51911255519103583  0.53152766572012666  0.54769604528812899  0.56524803109166100
  0.58138857273184830  0.59713722675739167  0.61263443454007716  0.62600168878225038
  0.63352479960858066  0.64107050733217641  0.64807088906749499  0.65374985174698030
  0.65904378920018047  0.66406001734775444  0.66909909109046406  0.67456579234396219
  0.67988520930066554  0.68518636976441372  0.69137583543683934  0.69876265439075269
  0.70548706006632966  0.71356495358797567  0.72443102196409526  0.73554539331664615
  0.74586131359499852  0.75416499220196997  0.76085848147558732  0.76864334318082739
  0.77780347562604069  0.79042380275218060  0.80056375458020945  0.81073520241206920
  0.82202590361410122  0.83375935492614650  0.84416917046514683  0.85215321721677639
  0.85941140438877495  0.86997620761401417  0.87998294689742051  0.88932684159620756
  0.89936950580625974  0.90981029460377927  0.91991808214660498  0.92989394947748794
  0.94062474180459887  0.95334643343020598  0.96366941847316745  0.97170111481947019
  0.97923124983381094  0.98648202013128183  0.99329384997988068  1.00000000000000000
 -0.00233055422954536  0.01032659849307437  0.02158172706402737  0.03403826125879809
  0.04717455050470782  0.05939512390464827  0.06921144474646318  0.07796343758444556
  0.08719083250263969  0.09778106150961433  0.11085575464792692  0.12506684306925853
  0.13551031069985905  0.14378868468661524  0.15203062815197882  0.16128529983237275
  0.17147805288539705  0.18162400882270099  0.19448473522660459  0.20968780951472168
  0.22256735584079862  0.23369894746593475  0.24568819418345070  0.25790658459597399
  0.27099264526830635  0.28498753035710511  0.29705312380950699  0.30813581270097490
  0.32013513982163366  0.33326081184960504  0.34567698013521397  0.35558423053839616
  0.36283707237586166  0.37054630811107819  0.37802186049583480  0.38628877267328177
  0.39542696111969111  0.40427829944102101  0.41219171009349603  0.42029116158558788
  0.42956891701381761  0.43774338168219534  0.44567360886264423  0.45371402891225815
  0.46227643992070533  0.47124288596986968  0.48026014139514550  0.49207564062528708
  0.50452347850745571  0.51510546831130799  0.52547595662556623  0.53640038240494869
  0.54865230288430333  0.55718387584686269  0.56514189001088955  0.57354794734527392
  0.58093815426129081  0.58724515197564786  0.59339445018079418  0.59979082000483097
  0.60664811371486860  0.61353407803018745  0.62016531778924344  0.62728847918285946
  0.63457704453317254  0.64112510006480883  0.64881063230925295  0.66000335921470976
  0.67353630984282487  0.68587827326225881  0.70087630348943342  0.71603664867538119
  0.73056288993083007  0.74253070485677752  0.75505917760711594  0.76763575328078593
  0.78033629021841400  0.79446763088753880  0.80757248763669209  0.81953959882193528
  0.82993249064280172  0.84109480266995595  0.85332163381585990  0.86376192910643990
  0.87365900110032468  0.88700018035466677  0.90302067735692526  0.91756277356146643
  0.93016108088521554  0.94162620873330771  0.95307868930734563  0.96419806658872798
  0.97270761631360003  0.98165138349996239  0.99053595439548903  1.00000000000000000
  0.18303214468596107  0.58795284646434554  0.68793343183842071  0.73659621479520754
  0.76532560718765297  0.77914438269217745  0.78878965109466148  0.79748756296696666
  0.80591516253681972  0.81331615022321668  0.81967684132498964  0.82553615828621230
  0.83158906849646286  0.83731177666789303  0.84141159751741534  0.84437152957222295
  0.84689168376067459  0.84939574178481803  0.85192050410381481  0.85469675122414057
  0.85827487618708365  0.86077272096246260  0.86351607740117020  0.86657467796700949
  0.86914343395890548  0.87174782655506200  0.87475879426148218  0.87750066278025074
  0.87943189178401904  0.88090388418564503  0.88239046150783440  0.88388185975952893
  0.88537805480832232  0.88685939793619184  0.88828579015813647  0.89001687558273224
  0.89240825661340872  0.89493973180984865  0.89694502597187931  0.89827857234384090
  0.89979502148303780  0.90144123917559538  0.90333771390727269  0.90527925886729188
  0.90717134554568990  0.90898428625686500  0.91055946919707353  0.91195517904798074
  0.91332979552049376  0.91470389608540748  0.91633147759724332  0.91789260967330533
  0.91944296739846265  0.92094567887601497  0.92235898872321420  0.92373940288671519
  0.92503396327640863  0.92648466113105177  0.92817842127256767  0.93004424980152123
  0.93179802556502811  0.93327089095740667  0.93468393220869894  0.93606837854697378
  0.93742140657321338  0.93876666991607183  0.94010730776983364  0.94142289586647687
  0.94272215342912236  0.94409378870844063  0.94552395050969429  0.94698215229165428
  0.94831215493140109  0.94964389128346149  0.95088357837518034  0.95205618996080887
  0.95325352709161915  0.95448847623897282  0.95579803573649313  0.95733872992712421
  0.95931565209435343  0.96177728377577076  0.96448692081873411  0.96685136940990812
  0.96885973270209347  0.97082086003473056  0.97273121841365084  0.97456775381037120
  0.97648379227267190  0.97856835516409124  0.98097183914109065  0.98376233506388633
  0.98703060766271655  0.99076673026954842  0.99508831997847935  1.00000000000000000
 -0.01848304296232440  0.13747248749610474  0.19270116961974326  0.21710057567537680
  0.23959803500018539  0.26747885980524361  0.28992548997873235  0.30617443762238455
  0.32075922863299261  0.33537298208160937  0.35069179780060472  0.36800081875116591
  0.38176924138161866  0.39494454318947225  0.40580832397106503  0.41661387025192675
  0.42798834229645905  0.43991800740512099  0.44752984103145732  0.45368021106974660
  0.45922647338725381  0.46486094315372939  0.47073081204127215  0.47697526890820963
  0.48262711983405437  0.48751458583197976  0.49207753169887930  0.49697212512858840
  0.50175596579832016  0.50524980504544326  0.50794860540821407  0.51064040613326134
  0.51334873725197483  0.51638608542083697  0.52103105882173173  0.52614739425769019
  0.53081320746609539  0.53451939006431293  0.53831885741486407  0.54265962465630491
  0.54747908403722412  0.55202835144485896  0.55633357016095819  0.56086024996792128
  0.56579171147251561  0.57070584744113195  0.57535855115251500  0.57952530692364002
  0.58359574627099253  0.58832741586785764  0.59362274240634794  0.59864969144836955
  0.60458052076511737  0.61061455921200636  0.61684065388897968  0.62317115477379958
  0.62918349082504654  0.63460123300858151  0.64008501156222430  0.64541582083410376
  0.65213827765670951  0.65970134125681723  0.66727895163760698  0.67369369582762695
  0.67970920054564310  0.68526573492095089  0.69070235615678333  0.69607173751243767
  0.70129991682350146  0.70628250285510863  0.71141468836822863  0.71707024925402008
  0.72279924477708979  0.72824738863920391  0.73365315319282520  0.73932239568384095
  0.74523992853802623  0.75125631536850856  0.75746606360337532  0.76552388845979835
  0.77434256042389893  0.78329835224373157  0.79191914673159303  0.79990045124858444
  0.80794929404113047  0.81674095083415199  0.82704392356606649  0.83781660521111490
  0.84717011214718663  0.85698298455890598  0.86717368563185937  0.87804095628357504
  0.88964107943327420  0.90282834302340742  0.92751257467967840  1.00000000000000000
   1.6159382981874997E-006  -1.0000000000000000     
 F F F F F F F F F F F F F F F F F F F F F F F F F F F F F F F F F F F F F F F F F F F F F F F F F F F F F F F F F F F F F F F F F F F F F F F F F F F F F F F F F F F F F F F F F F F F F F F F F F F F F F F F F F F F F F F F F F F F F F F F F F F F F F F F
  <DiscreteSampler_grid>
  grouped_processes
  1 # 1 for a reference and 2 for a running grid.
  10 # Attribute 'min_bin_probing_points' of the grid.
  1 # Attribute 'grid_mode' of the grid. 1=='default',2=='initialization'
  0.0000000000000000 # Attribute 'small_contrib_threshold' of the grid.
  0.5000000000000000 # Attribute 'damping_power' of the grid.
 # binID   n_entries weight   weight_sqr   abs_weight
    10   10   1.037770252313035E+001   6.513802521340497E+002   1.037770252313035E+001
    11   10   1.037770252313033E+001   6.513802521340480E+002   1.037770252313033E+001
    16   10   6.245431717110963E+000   2.957384289256440E+002   6.245431717110963E+000
    17   10   6.245431717110956E+000   2.957384289256433E+002   6.245431717110956E+000
  </DiscreteSampler_grid>
