 -0.00240664901041956  0.00953511800992806  0.01969778534299916  0.03021736374306852
  0.04076329302731628  0.05130603201166273  0.06184624595232162  0.07238810124796084
  0.08292921589059755  0.09348045787027154  0.10402262930012976  0.11456354820901374
  0.12510416428172866  0.13565159387505324  0.14619358387688994  0.15673512478096113
  0.16727699903546772  0.17782184184181188  0.18835526651540888  0.19888911958169875
  0.20942826367523065  0.21997924341943562  0.23052378149153430  0.24106198258385877
  0.25160003436249473  0.26214391580844387  0.27268792170736816  0.28322588414850886
  0.29376344067584059  0.30429718970916786  0.31483003803430865  0.32535975586088006
  0.33589683191354047  0.34643649126960524  0.35697946406399578  0.36752646606644690
  0.37806623913821524  0.38860588809143787  0.39913816042127931  0.40967681826139690
  0.42021905057697723  0.43076196868264072  0.44130153803883593  0.45183965121316122
  0.46237690386821972  0.47292133178422630  0.48346276085766360  0.49400861455749234
  0.50455635272419119  0.51510157807701284  0.52564539435427160  0.53618490796776952
  0.54672184609289942  0.55725976364255891  0.56779362017796775  0.57833301323075204
  0.58887431308593385  0.59942005461794678  0.60996716227747982  0.62051431829463111
  0.63106515587074041  0.64161716194047236  0.65215804284711820  0.66269199757216546
  0.67322536956072077  0.68376165455705662  0.69430308692517761  0.70484405138924933
  0.71539415480520530  0.72593834474884777  0.73647654796614348  0.74700418304215377
  0.75753744386150768  0.76807198158171197  0.77861015812189271  0.78915078068977051
  0.79969635063586719  0.81024383710296610  0.82078664087138276  0.83133126899213738
  0.84187714306031192  0.85242693984361739  0.86297594211787299  0.87352893836133605
  0.88408072025516726  0.89463083464512316  0.90518003828870430  0.91573197759491365
  0.92628183162480116  0.93682626036944505  0.94736469725715566  0.95790079478911372
  0.96843194307245895  0.97895530238710760  0.98947743525659348  1.00000000000000000
 -0.00250633153129813  0.00951901399668248  0.01968334648952218  0.03020454213937523
  0.04075124841940506  0.05129745396436552  0.06184353624043000  0.07238946192100039
  0.08293570579800304  0.09348399781418021  0.10402558060463810  0.11456356354770757
  0.12509794070123420  0.13563893622427187  0.14618435405912231  0.15672402247380479
  0.16725923261778283  0.17779051751224489  0.18832901173842156  0.19887115469094943
  0.20941699570734698  0.21996362061798580  0.23050845051680766  0.24103913380031697
  0.25157111815493211  0.26210638412076587  0.27265719971764563  0.28320862943743197
  0.29375123826512123  0.30428676871837618  0.31481816871307777  0.32535649857296056
  0.33590035384218792  0.34644204646578824  0.35697764920873909  0.36751098585398789
  0.37804693384478100  0.38859031866660065  0.39913652077238110  0.40967900924729633
  0.42022159884455534  0.43076560342710918  0.44130937257694025  0.45184996727410398
  0.46238990283968529  0.47293479991171083  0.48348536605420506  0.49403224412869257
  0.50457994008723517  0.51512051301514239  0.52565994280675021  0.53620029722568641
  0.54674726045328970  0.55729728476796359  0.56784471248632695  0.57838623707379688
  0.58893200081016250  0.59947126838966724  0.61000800973103908  0.62053686762432725
  0.63107515475527443  0.64162272652013108  0.65216641949433019  0.66269677873055755
  0.67322706007220268  0.68376838477133839  0.69431967763492752  0.70486997811663021
  0.71542008171112004  0.72596921499031908  0.73651896461360322  0.74706129171195290
  0.75759997368264342  0.76813185615952539  0.77866815965909253  0.78920682750934557
  0.79974754067525455  0.81029168465096790  0.82083657937979093  0.83138363686872885
  0.84191515938340344  0.85245256284448379  0.86298450421942918  0.87353031783531077
  0.88407487117201711  0.89462399886667787  0.90517378749309418  0.91571429740582566
  0.92625053259356416  0.93678890814054261  0.94732544474715930  0.95786744245047406
  0.96839312193548743  0.97893198672520976  0.98946618751088056  1.00000000000000000
   2.5654029393287620E-008  -1.0000000000000000     
 F F F F F F F F
  <DiscreteSampler_grid>
  grouped_processes
  1 # 1 for a reference and 2 for a running grid.
  10 # Attribute 'min_bin_probing_points' of the grid.
  1 # Attribute 'grid_mode' of the grid. 1=='default',2=='initialization'
  0.0000000000000000 # Attribute 'small_contrib_threshold' of the grid.
  0.5000000000000000 # Attribute 'damping_power' of the grid.
 # binID   n_entries weight   weight_sqr   abs_weight
    10   10   1.322623097372511E+010   1.749331857703254E+020   1.322623097372511E+010
  </DiscreteSampler_grid>
