 -0.00206389119512946  0.00976249585962989  0.01998023690678646  0.03051295763285126
  0.04105390335835570  0.05159579503506462  0.06213343070158026  0.07266781074660791
  0.08320391496006818  0.09372719481325145  0.10425329394991935  0.11477663622202003
  0.12531470766631181  0.13585967279691316  0.14639672916818824  0.15693968509540754
  0.16746462435749329  0.17799333243078430  0.18851842900380728  0.19906118162803765
  0.20960155483817866  0.22012713465462483  0.23064845493536676  0.24117427585175855
  0.25171298987171176  0.26224759466908704  0.27277453383614175  0.28330466716964636
  0.29384204567003247  0.30438889810350406  0.31493557808417932  0.32547878220209975
  0.33601708131385799  0.34655517232021582  0.35709153928582815  0.36763141527559751
  0.37817187204678571  0.38871637690690242  0.39925951613966665  0.40980220248384597
  0.42034635045681695  0.43089484128281630  0.44143859490372650  0.45198176407655005
  0.46252519898697658  0.47307170739370202  0.48361668588624751  0.49415804098147487
  0.50470189878079752  0.51523070729082787  0.52576380734041517  0.53629451018100904
  0.54683829803964246  0.55737622936813236  0.56791227267677691  0.57844051514200190
  0.58896947435017999  0.59948857783128451  0.61001623227485979  0.62054645641793660
  0.63109063153384204  0.64163390824563904  0.65217459998046978  0.66271505990668556
  0.67325658135056732  0.68379993270188377  0.69433948296029457  0.70488224879541794
  0.71541672994890282  0.72595204772200728  0.73648731153784674  0.74703364856222232
  0.75757940841595539  0.76812073283291771  0.77864940997580734  0.78918064728111137
  0.79971043637190276  0.81025248088953261  0.82079179533679003  0.83133640004886022
  0.84187840276981563  0.85242224464738015  0.86296483587666206  0.87351132959388000
  0.88404848696681548  0.89458391808926296  0.90511282242112334  0.91565353607017430
  0.92619627337021759  0.93673599527284690  0.94727353853617047  0.95781196910092836
  0.96835877964650630  0.97890667375426110  0.98945354224234805  1.00000000000000000
 -0.00237704588721698  0.00950139674907500  0.01965626008042764  0.03017958531139474
  0.04073029414269516  0.05127879625422403  0.06182084482326787  0.07236192753794300
  0.08290283637238519  0.09345169081095653  0.10400147459268516  0.11455083549350803
  0.12509576728627450  0.13564213980582576  0.14618722425736189  0.15673722300209486
  0.16728001161355105  0.17782346248407394  0.18836412811312772  0.19890596971271099
  0.20944306422503547  0.21997768080062755  0.23051122745773509  0.24104484019784070
  0.25157825025245861  0.26211068896469153  0.27264762440408191  0.28318917813833411
  0.29373666539563770  0.30428355938245627  0.31482953436439892  0.32537234057437031
  0.33591709964115535  0.34645948986232733  0.35700167305049463  0.36754266700959709
  0.37808520930176287  0.38863141144933860  0.39917690662540412  0.40972456545644842
  0.42027298848115507  0.43081761404717711  0.44136244546227521  0.45190698851900457
  0.46244971879688096  0.47298240354691351  0.48351436287006749  0.49405021849487285
  0.50459435965690358  0.51513644130409419  0.52568212339471931  0.53622991772769635
  0.54677829797858524  0.55731915472250371  0.56785669114361748  0.57839765211849481
  0.58894044256697409  0.59948574695718493  0.61003085998561934  0.62058037346985251
  0.63112509419928808  0.64166576932340291  0.65220594894791206  0.66274966927229750
  0.67329018392497209  0.68382619178622717  0.69435326028157995  0.70488685803415840
  0.71542199565023601  0.72596427395206220  0.73650676281024696  0.74704507905174511
  0.75758595521184247  0.76812299967483311  0.77866386342169325  0.78919982391119670
  0.79973702081984377  0.81027221659990833  0.82080741022290593  0.83134447793961141
  0.84188755725105047  0.85242830149853444  0.86296549263158806  0.87350384936872894
  0.88404590406825501  0.89459309816750621  0.90513294665002630  0.91566502648424508
  0.92619289048595643  0.93672826941656695  0.94726980762215252  0.95781431353201596
  0.96835846702818518  0.97890681122330103  0.98945435284814276  1.00000000000000000
   2.5645517073917808E-008  -1.0000000000000000     
 F F F F F F F F
  <DiscreteSampler_grid>
  grouped_processes
  1 # 1 for a reference and 2 for a running grid.
  10 # Attribute 'min_bin_probing_points' of the grid.
  1 # Attribute 'grid_mode' of the grid. 1=='default',2=='initialization'
  0.0000000000000000 # Attribute 'small_contrib_threshold' of the grid.
  0.5000000000000000 # Attribute 'damping_power' of the grid.
 # binID   n_entries weight   weight_sqr   abs_weight
    10   10   1.322623097372510E+010   1.749331857703253E+020   1.322623097372510E+010
  </DiscreteSampler_grid>
