  0.00000593391244651  0.00000622525858481  0.00000642907629868  0.00000667787760967
  0.00000692924578089  0.00000712018589721  0.00000731188555196  0.00000752107152092
  0.00000772602914811  0.00000792596579177  0.00000816895385175  0.00000845095891353
  0.00000875067828668  0.00000907333731552  0.00000942548326442  0.00000982248293218
  0.00001022991004786  0.00001066003404858  0.00001113680906669  0.00001167091390816
  0.00001225318968782  0.00001289687956180  0.00001359173377469  0.00001426996026198
  0.00001498207880628  0.00001566160536902  0.00001631591298506  0.00001699373442172
  0.00001769260459602  0.00001836271090970  0.00001909796474724  0.00001988542472685
  0.00002073214363533  0.00002166674524529  0.00002265066275128  0.00002360200324473
  0.00002458180222188  0.00002557774386412  0.00002661985454622  0.00002777841843994
  0.00002905410899387  0.00003040113331631  0.00003176197237189  0.00003306544165112
  0.00003453156821685  0.00003622673471016  0.00003800812635132  0.00004005865677450
  0.00004239668089880  0.00004484642024428  0.00004725921068325  0.00004945600617367
  0.00005171917294590  0.00005414240056017  0.00005641282841101  0.00005878455613582
  0.00006132069712451  0.00006381940649028  0.00006676825015180  0.00007045423530575
  0.00007460045232300  0.00007891375466148  0.00008316688024810  0.00008739184629454
  0.00009168031330295  0.00009710195563780  0.00010305544043569  0.00011006491556661
  0.00011788509306152  0.00012606558508284  0.00013458803507766  0.00014386446364626
  0.00015463708253141  0.00016580567177792  0.00017784951951917  0.00019144275525334
  0.00020799153215894  0.00022650130496896  0.00024692969075046  0.00027550361161966
  0.00031022194028335  0.00035069592748228  0.00039380086048136  0.00044147469029296
  0.00050157692727021  0.00058500060707829  0.00070349933857457  0.00085252970657317
  0.00101294303520919  0.00122963653106176  0.00150493686236375  0.00192142878638556
  0.00265711543500706  0.00539635224806361  0.05634999414410375  1.00000000000000000
  0.00000593665710389  0.00000651378893450  0.00000691819791310  0.00000736297155165
  0.00000781519522121  0.00000831334639702  0.00000885542315443  0.00000941632153111
  0.00001008570669938  0.00001082993435361  0.00001160419812531  0.00001237404135763
  0.00001315389579051  0.00001396470059989  0.00001492338342679  0.00001597871954997
  0.00001706650104788  0.00001814920306972  0.00001924716317152  0.00002043096551884
  0.00002171054774538  0.00002302068037972  0.00002428446799208  0.00002556577113234
  0.00002685681449294  0.00002814490126761  0.00002950661711723  0.00003103167221019
  0.00003259400729712  0.00003415087752828  0.00003587167425852  0.00003765317504886
  0.00003955737701377  0.00004179681987857  0.00004433863848326  0.00004689735561761
  0.00004939549846644  0.00005180774725618  0.00005437683040574  0.00005706965833428
  0.00005992983934456  0.00006292827632672  0.00006580102937294  0.00006846859744707
  0.00007151741684493  0.00007507232174044  0.00007897250135594  0.00008376624806553
  0.00008856528721718  0.00009392888936090  0.00009973315207575  0.00010564559316074
  0.00011122759229625  0.00011655960133707  0.00012215502050495  0.00012798952166972
  0.00013449037557515  0.00014144179740804  0.00014889609809069  0.00015632197960518
  0.00016424028053120  0.00017353402287492  0.00018420838778821  0.00019619129736521
  0.00020899601387613  0.00022218307646750  0.00023608521197890  0.00025074250479311
  0.00026606442356130  0.00028304833414646  0.00030251037407947  0.00032582239874955
  0.00035497553755657  0.00039012438581141  0.00043334828249571  0.00047871294140276
  0.00052383817194606  0.00057754609282282  0.00064509128518360  0.00072189493785911
  0.00078123095949858  0.00084902614478570  0.00092390818658412  0.00100268216888154
  0.00108696895606790  0.00118408493515856  0.00129023925206072  0.00142543541795088
  0.00164906697655245  0.00204285841973722  0.00257737418534890  0.00343375106408438
  0.00440596473343695  0.00673831525341973  0.01992310332015627  1.00000000000000000
  0.00000618781927924  0.00000682327695569  0.00000734678735685  0.00000779965647386
  0.00000833301301639  0.00000907063406085  0.00000975190863110  0.00001044225293354
  0.00001109609686315  0.00001170579758381  0.00001236468330469  0.00001303802868956
  0.00001369353385767  0.00001438837326446  0.00001511712686541  0.00001594646236990
  0.00001653355879066  0.00001707768787970  0.00001758155305377  0.00001806882773243
  0.00001857216772255  0.00001897903069517  0.00001936704005446  0.00001983069765331
  0.00002031045759193  0.00002080731012343  0.00002145975922403  0.00002213118074036
  0.00002287037798175  0.00002357886658620  0.00002422488060917  0.00002484783925919
  0.00002554776867244  0.00002624224313957  0.00002705926948328  0.00002792921813931
  0.00002881886653355  0.00002981855779796  0.00003086871827304  0.00003200210168756
  0.00003316886634554  0.00003448764312371  0.00003590372882597  0.00003724706070726
  0.00003861505360890  0.00004001052699696  0.00004158150983689  0.00004316387907252
  0.00004475721194336  0.00004639077811440  0.00004809591351555  0.00004982494013681
  0.00005157187539682  0.00005336835232661  0.00005528831599629  0.00005724253784278
  0.00005941041106497  0.00006188924983601  0.00006472005003902  0.00006782882172038
  0.00007115941889747  0.00007462753221346  0.00007797901990204  0.00008149298507528
  0.00008547827706817  0.00009002254212431  0.00009532094162222  0.00010116556717337
  0.00010711109283076  0.00011348307763373  0.00012077538004105  0.00012907214110336
  0.00013866022407969  0.00014933963328578  0.00016109868685491  0.00017525161387621
  0.00019087569475078  0.00020721611087167  0.00022542816122796  0.00024604606477455
  0.00026899118905058  0.00029597466748006  0.00033073383671506  0.00037291311295514
  0.00042146559404042  0.00048731580330388  0.00058695146285948  0.00072298293064714
  0.00089638608402763  0.00118376087165884  0.00160114001852748  0.00224779288860164
  0.00392649453740958  0.00815110143986333  0.05113076032085698  1.00000000000000000
 -0.00243202114322517  0.00853319562038772  0.01807170249236473  0.02889361800657412
  0.04067678664454519  0.05327428902064078  0.06620299306020939  0.07931152183241261
  0.09127034648491746  0.10225085016130978  0.11397429664195460  0.12587553577479418
  0.13899924379551798  0.15243846771465358  0.16509106159876233  0.17667009318443083
  0.18752443137828217  0.19905796871842538  0.21108773730596891  0.22196854108711531
  0.23244912477810861  0.24286788919772845  0.25539409633784094  0.26859041042478937
  0.28194536295204375  0.29509547093345839  0.30773824948966350  0.31967962486920132
  0.33142196169996052  0.34384848616702313  0.35602660253627405  0.36696444529768119
  0.37678871182904500  0.38596085901695931  0.39542682949193064  0.40622586279537487
  0.41743848745482531  0.42786081296752726  0.43716036218490811  0.44629168202297032
  0.45580173365834836  0.46633583383410049  0.47751496083442602  0.48797729696753656
  0.49899563765288024  0.50959159439713941  0.51898625479466909  0.52802205690694703
  0.53640768708343611  0.54383881366971432  0.55111246099776123  0.55769827266121830
  0.56561750924798093  0.57416054994365429  0.58289334468035170  0.59156360273528152
  0.60027391827123622  0.60980203105793929  0.61933605263418756  0.62792555470396882
  0.63573734060310416  0.64411392405847134  0.65421704097412814  0.66481302390801889
  0.67476743739947442  0.68445775920438456  0.69461280335525544  0.70658429795002287
  0.72029559927869546  0.73306023400557596  0.74502331415398937  0.75718499267680961
  0.76882517274073969  0.77640564665019995  0.78337907716484223  0.79041848512242074
  0.79971512124019506  0.81099304589045906  0.82244096053155447  0.83398047197237379
  0.84423574758007258  0.85345934592833717  0.86210392139944747  0.87096756229305561
  0.88041285799501512  0.88955329952783735  0.89840523164418784  0.90654776341520038
  0.91480030733003992  0.92481844118676215  0.93663525729425323  0.94891005364258985
  0.96252781971610657  0.97501300807929281  0.98773773075449200  1.00000000000000000
 -0.00029484701017666  0.00022164862184176  0.00131681711944777  0.00237158873046228
  0.00319524134582009  0.00392884807638210  0.00466616517008865  0.00536913423036296
  0.00604172232231940  0.00669500030966189  0.00725082683620723  0.00777982857903192
  0.00833202141796863  0.00887074113804455  0.00939748339975268  0.00994795095330597
  0.01050228558085175  0.01103525129763990  0.01153441079730170  0.01206406228475636
  0.01260334767333381  0.01316837595289893  0.01381425373691758  0.01453147521123479
  0.01518431746541656  0.01592301507804058  0.01671908380466307  0.01751704817530715
  0.01826340209811947  0.01898287919285597  0.01964537334626430  0.02045388662818440
  0.02142092339330520  0.02251473656920537  0.02356816315088679  0.02387136047806569
  0.02417455780524459  0.02447775513242349  0.02478095245960239  0.02503399616262332
  0.02524815340098705  0.02546231063935078  0.02567646787771451  0.02588382518947319
  0.02602216696744851  0.02616050874542383  0.02629885052339915  0.02643719230137446
  0.02682396356682632  0.02738264587274719  0.02798842912540131  0.02857610461571761
  0.02902924485902489  0.02947790145230012  0.02993367987318333  0.03045078193824622
  0.03110320629666367  0.03168240716911919  0.03212398824312634  0.03258773163600734
  0.03387672221699844  0.03598968339999533  0.03808871064656096  0.03937079172595387
  0.04012698984677154  0.04073355052636293  0.04132448596761934  0.04185058808137233
  0.04234903281268472  0.04310793118331943  0.04468565676362379  0.04591849926324491
  0.04714661892419966  0.04918257173691688  0.05200815583971383  0.05470363588498755
  0.05592317503719359  0.05696512191170001  0.05786548495921167  0.05986399546367663
  0.06283596965968147  0.06503334165632188  0.06752917175105773  0.07155173583207762
  0.07351812638701428  0.07445970197001069  0.07537153982875339  0.07616505631675104
  0.07724376550768781  0.08702695747583220  0.09008400298064759  0.09229049186691529
  0.09537667930526407  0.10740248677194321  0.27295389850883983  1.00000000000000000
 -0.00381726007052742  0.01660309853830600  0.02777295940908571  0.03810898906419542
  0.04771985768113408  0.05879575643619286  0.07223542610680489  0.08641535483578934
  0.10188990119477938  0.11585499449409387  0.12774783718376878  0.13864804927375091
  0.14951694597928003  0.16041516092172445  0.17200952774277128  0.18280902402958224
  0.19342227849575722  0.20384901324633933  0.21436189229759919  0.22568647319198834
  0.23871524890540632  0.25276628843149579  0.26578019466583680  0.27719150545016424
  0.28808645792845827  0.29875942242568576  0.30962789428625920  0.32213986040399251
  0.33364443052639225  0.34460243826607978  0.35416494247172203  0.36319595004246247
  0.37305300529064972  0.38281526223974033  0.39230381193502595  0.40110022418328034
  0.41001459696894299  0.41982024786349936  0.43036515258441510  0.44080783641009930
  0.45112252308076278  0.46081585504190808  0.47146609780168680  0.48144237375869209
  0.49203308266283874  0.50305976444504297  0.51292100119846040  0.52221831222525317
  0.53109515075928426  0.54022662043585967  0.55038736072981043  0.56041822540569319
  0.56970242210991151  0.57848649879479863  0.58712830649402947  0.59605200902867328
  0.60597714363539557  0.61672329781216795  0.62891263927646945  0.64038429780548889
  0.65133673194150354  0.66189287514383577  0.67140129918220637  0.67958041551094805
  0.68742509174691324  0.69526806773930161  0.70353356350041352  0.71218800106891988
  0.72049248978739966  0.72958509780918179  0.74081191676785640  0.75228689467057808
  0.76319369866617193  0.77337233398353777  0.78283460891665602  0.79180870878876808
  0.80073802418920870  0.80957847031788854  0.81777385859257901  0.82545459156270895
  0.83350057383007070  0.84276961839731801  0.85340711365025157  0.86379365571853162
  0.87367140173943125  0.88344380348414364  0.89369377243280079  0.90495274993181496
  0.91641070834997251  0.92668544336548431  0.93641577217366379  0.94768447666998545
  0.96057820653660120  0.97355793836384863  0.98667665338862465  1.00000000000000000
 -0.00024962404603318  0.00089406090720949  0.00174723942562318  0.00251193769202757
  0.00300844282417514  0.00351987812237961  0.00403622003765934  0.00454086187648794
  0.00497604422540858  0.00538716114937191  0.00578935326326954  0.00615621333614859
  0.00650997986233201  0.00682034942273072  0.00711735324886691  0.00736779371749059
  0.00762109184309867  0.00788403559579217  0.00815309111555608  0.00843386401701859
  0.00875037666149527  0.00909851694846899  0.00948391379186565  0.00988268416173095
  0.01022468709637964  0.01049935367755364  0.01078183857593817  0.01107016406252128
  0.01138628677736663  0.01171115545930179  0.01221892293735678  0.01263946537989571
  0.01299557666009952  0.01326143494448952  0.01354109424664201  0.01396359023145479
  0.01438608621626757  0.01484318965832678  0.01530794946681438  0.01591029424967126
  0.01658134188435553  0.01722212939549217  0.01778086134128896  0.01825332728645081
  0.01877287356580497  0.01932094569752327  0.01989621556693322  0.02073610351188181
  0.02152413512038176  0.02211576680050515  0.02237763130476728  0.02263949580902941
  0.02290136031329153  0.02322666389990423  0.02357143228250345  0.02391620066510267
  0.02424909519107686  0.02442524754497663  0.02460139989887640  0.02477755225277617
  0.02514645186656781  0.02616097864068614  0.02674729473592115  0.02727008102176073
  0.02763943831168301  0.02799120118273615  0.02836301410684870  0.02874080418739651
  0.02912718724189279  0.02941814874999433  0.02968344525837751  0.02995444117755086
  0.03023313370306106  0.03051385176708847  0.03082389813762045  0.03113394450815242
  0.03229999038179245  0.03329858802052823  0.03391557358209900  0.03437246540277015
  0.03481836977373371  0.03526735135269712  0.03588583077385456  0.03658334828842989
  0.03749774371221793  0.03842428817468430  0.03940386436994948  0.04021544459548803
  0.04093530878218935  0.04164703879829783  0.04283593607537143  0.05258820206397422
  0.06007101049597817  0.06172117902133067  0.14753253149216067  1.00000000000000000
 -0.00260118128226515  0.01168568403958394  0.02249996530059238  0.03049781059929378
  0.03844317036173359  0.04720150802580747  0.05680034768547523  0.06647390985850611
  0.07639376052135152  0.08649395188380207  0.09778489320021759  0.11001077403237200
  0.12347060461408169  0.13620523104242305  0.14883599774048592  0.16017556661544960
  0.17040113153818159  0.17958138504014606  0.18845464234271714  0.19739219024821850
  0.20739203031354772  0.21955882830491871  0.23242590850072642  0.24502528490818654
  0.25493581048883124  0.26495432000117508  0.27520574262120306  0.28641256979809382
  0.29671585548300333  0.30588025655638434  0.31488208126371170  0.32464579603102023
  0.33466780453584238  0.34465149247349469  0.35429789812819601  0.36389819315615135
  0.37406347813752172  0.38534845946786578  0.39725252398840016  0.40845384793777334
  0.41893010217989879  0.42885412018121283  0.43916586351358722  0.44893173565100070
  0.45783132633061735  0.46691299384678864  0.47524166629987380  0.48379399493795100
  0.49247695713463002  0.50180416613493861  0.51094784884383371  0.51998546286590708
  0.52882601120754102  0.53787385575013480  0.54832270179411868  0.56029084618888847
  0.57238903404531027  0.58501854217942639  0.59857637255051488  0.61144481815520091
  0.62095735234542371  0.62929632508492184  0.63809578276310497  0.64694681329842763
  0.65799039267824988  0.66920080470329080  0.68050688546479576  0.69015621018878570
  0.69919614118926265  0.70804051066287566  0.71843951301734488  0.72685502897895993
  0.73552920299262026  0.74436824774098664  0.75355884052487276  0.76328454255024358
  0.77241941929116242  0.78195843133988818  0.79216500432390413  0.80305397970720127
  0.81452068589569004  0.82627355489933929  0.83820201744233647  0.85042786710946794
  0.86267781343066474  0.87490960856663680  0.88757152147216356  0.90021134335405595
  0.91445445255552060  0.92787436234264642  0.94165338195398618  0.95409640195992917
  0.96547222356439433  0.97639723672864520  0.98830115633278959  1.00000000000000000
  0.05909205161306166  0.16242799600585930  0.18453791654944024  0.20649426080470046
  0.24292551086203790  0.27649482128257297  0.30482486566558331  0.32362115314892398
  0.34216902836039520  0.35859453809060654  0.37394223046309433  0.38801290577102565
  0.40147462223751984  0.41541371527152426  0.43017537647383425  0.44580509301746091
  0.45961558508038952  0.47233039993656806  0.48762675805531863  0.50562721201187755
  0.52201674386376784  0.53573465831443068  0.54788446150567616  0.55954849568586629
  0.57084667426758251  0.58177761128321615  0.59245349532276337  0.60335748059877903
  0.61410521777975768  0.62444210963509394  0.63362144740464299  0.64186562040216533
  0.64980497967687667  0.65800068554057844  0.66646853583310317  0.67513332620538358
  0.68352900083413670  0.69176664313286684  0.69934023577250870  0.70657998028951396
  0.71437455709907371  0.72388756014597011  0.73331730210493118  0.74233772947981413
  0.75038813957141204  0.75800666298278163  0.76496180518991153  0.77178490942451483
  0.77878444460350271  0.78581367422182402  0.79289656460733127  0.79939427442477184
  0.80566884561569596  0.81196089459211385  0.81850673656902651  0.82519778303245084
  0.83176158135172462  0.83810745121247121  0.84436267293208422  0.85062987916537514
  0.85625057014806283  0.86112957581659799  0.86618597519058127  0.87066291441585231
  0.87503561665476659  0.87922814240618641  0.88345036846348912  0.88780246794405260
  0.89252853973307633  0.89711426292728069  0.90123660031429409  0.90516151957463886
  0.90903631062849877  0.91318787395647938  0.91759023611094248  0.92200099843099947
  0.92634706455405391  0.93054901985115890  0.93467849361718636  0.93874886744044128
  0.94279710665332483  0.94667894851773282  0.95040282927894326  0.95400684162807203
  0.95756597991553960  0.96134258080036672  0.96533247172784886  0.96934682749845236
  0.97305214217995917  0.97690592494986717  0.98073893846665516  0.98424918491137237
  0.98761898706985296  0.99113264548702151  0.99518957394096996  1.00000000000000000
 -0.01014954940914600  0.05814989114999827  0.08596604419339279  0.10246912341072467
  0.11516722745518007  0.12710885445695647  0.13767182453954532  0.14796415201034477
  0.15658896956625507  0.16485977407666327  0.17224759526934810  0.17905514827267344
  0.18605792225491014  0.19282763371700537  0.19990829844414998  0.20641584606976399
  0.21218381617650667  0.21752636876492842  0.22300481797185379  0.22905310967406009
  0.23510043703914341  0.24090999657861067  0.24671852395079558  0.25275897682664289
  0.25904189408142525  0.26490158077075510  0.27071872533895747  0.27553449536600966
  0.28041937946236412  0.28528829217512119  0.29024120163013412  0.29637408725660669
  0.30260615457941709  0.30877399983568771  0.31476107647141210  0.31991688122494361
  0.32521246273956073  0.33045961143541980  0.33574999894259899  0.34134363856679983
  0.34696334279650509  0.35271139606853791  0.35830302345142390  0.36361268369842897
  0.36870588349307515  0.37375119607089280  0.37875907518465823  0.38295052020935877
  0.38710153230923583  0.39128878916128612  0.39574287932546809  0.40163651606428163
  0.40716821822868654  0.41331848654490211  0.41930157279840119  0.42561187837788972
  0.43156705684090524  0.43774755505730634  0.44442709899355493  0.45154070587119494
  0.45858850101138404  0.46609068838391371  0.47423452042276881  0.48216109408006030
  0.48982453587918545  0.49863578158912419  0.50653559495440581  0.51318425154538505
  0.51957760992947899  0.52573013376390809  0.53293395619078066  0.54105681370020675
  0.55046429676070108  0.56089458345761767  0.57322381305361403  0.58437430541837188
  0.59390039833388608  0.60363227881146808  0.61320116133821900  0.62181868475814173
  0.62961445245431502  0.63768379431862321  0.64634530843880789  0.65699653374658096
  0.66930569145385554  0.68201004645760777  0.69454864048481513  0.70700970809030717
  0.71949662661942870  0.73353365559628880  0.75193942283401216  0.77389735444502727
  0.79759114412055765  0.82441370910867307  0.86345874152092483  1.00000000000000000
  0.83855716675772318       -1.0000000000000000     
 F F F F F F F F F F F F F F F F F F F F F F F F F F F F F F F F F F F F F F F F F F F F F F F F F F F F F F F F F F F F F F F F F F F F F F F F F F F F F F F F F F F F F F F F F F F F F F F F F F F F F F F F F F F F F F F F F F F F F F F F F F F F F F F F
  <DiscreteSampler_grid>
  grouped_processes
  1 # 1 for a reference and 2 for a running grid.
  10 # Attribute 'min_bin_probing_points' of the grid.
  1 # Attribute 'grid_mode' of the grid. 1=='default',2=='initialization'
  0.0000000000000000 # Attribute 'small_contrib_threshold' of the grid.
  0.5000000000000000 # Attribute 'damping_power' of the grid.
 # binID   n_entries weight   weight_sqr   abs_weight
    13   10   1.004983074679174E+006   9.980822035571992E+012   1.004983074679174E+006
    14   10   1.004983074679148E+006   9.980822035571465E+012   1.004983074679148E+006
    16   10   1.004983074679174E+006   9.980822035571996E+012   1.004983074679174E+006
    17   10   1.004983074679148E+006   9.980822035571465E+012   1.004983074679148E+006
    22   10   1.004983074679175E+006   9.980822035572004E+012   1.004983074679175E+006
    23   10   1.004983074679149E+006   9.980822035571482E+012   1.004983074679149E+006
    25   10   1.004983074679174E+006   9.980822035571996E+012   1.004983074679174E+006
    26   10   1.004983074679148E+006   9.980822035571465E+012   1.004983074679148E+006
    31   10   1.004983074679174E+006   9.980822035571996E+012   1.004983074679174E+006
    32   10   1.004983074679148E+006   9.980822035571465E+012   1.004983074679148E+006
    34   10   1.004983074679174E+006   9.980822035571996E+012   1.004983074679174E+006
    35   10   1.004983074679148E+006   9.980822035571467E+012   1.004983074679148E+006
    40   10   1.004983074679175E+006   9.980822035572012E+012   1.004983074679175E+006
    41   10   1.004983074679148E+006   9.980822035571475E+012   1.004983074679148E+006
    43   10   1.004983074679174E+006   9.980822035571996E+012   1.004983074679174E+006
    44   10   1.004983074679148E+006   9.980822035571471E+012   1.004983074679148E+006
    49   10   1.004983074679174E+006   9.980822035571996E+012   1.004983074679174E+006
    50   10   1.004983074679148E+006   9.980822035571471E+012   1.004983074679148E+006
    52   10   1.004983074679174E+006   9.980822035572000E+012   1.004983074679174E+006
    53   10   1.004983074679148E+006   9.980822035571465E+012   1.004983074679148E+006
    58   10   1.004983074679174E+006   9.980822035571996E+012   1.004983074679174E+006
    59   10   1.004983074679148E+006   9.980822035571475E+012   1.004983074679148E+006
    61   10   1.004983074679174E+006   9.980822035571992E+012   1.004983074679174E+006
    62   10   1.004983074679147E+006   9.980822035571457E+012   1.004983074679147E+006
  </DiscreteSampler_grid>
