 -0.00253223345988361  0.00956121303140806  0.01974572628481466  0.03026970824317923
  0.04080880137596978  0.05134426556468964  0.06188725142278078  0.07243360865287900
  0.08297797496391421  0.09351779562363642  0.10405887408786998  0.11460074844923616
  0.12513728400399107  0.13567732912469516  0.14621647344216585  0.15675886314955237
  0.16729248515127607  0.17783027762003870  0.18836661891653828  0.19890977548166008
  0.20944698149819543  0.21999239310169591  0.23053571441327816  0.24108417412292257
  0.25162563174019287  0.26216120891964739  0.27269324156182118  0.28322835474172053
  0.29375869030345275  0.30429335734756008  0.31482630636602654  0.32537671115056505
  0.33592005106194178  0.34646843923971860  0.35701160647107588  0.36756259169505917
  0.37810759620257745  0.38865529078471966  0.39919514149623619  0.40973972987182189
  0.42028452895977697  0.43082645450392282  0.44137021878918353  0.45190502755531509
  0.46244440628387523  0.47298369614400748  0.48352992113228666  0.49407407611909265
  0.50461752795400205  0.51516166329245483  0.52571162617719269  0.53625227175535028
  0.54679355430392851  0.55733458717024098  0.56788168075509793  0.57842876826380341
  0.58897236306053224  0.59951698178623969  0.61006374784757234  0.62061005417091575
  0.63115655102063783  0.64170233199804760  0.65225394304347273  0.66280767494093773
  0.67336047661471399  0.68390819424687921  0.69445600178694311  0.70499976829252853
  0.71554133001597064  0.72607185499587412  0.73659904028245471  0.74713199341635450
  0.75767366928696511  0.76822198580142587  0.77877105825302151  0.78930967918627093
  0.79985005975199963  0.81038355434987774  0.82092486141127519  0.83145860796748161
  0.84199538933682072  0.85252346573466686  0.86306087915590324  0.87359686517856916
  0.88413662409916316  0.89466227652757391  0.90519360352251688  0.91572840184337134
  0.92626141638543391  0.93678946027076249  0.94731946709887072  0.95785703496235031
  0.96839062157616940  0.97892000807155077  0.98945708380725828  1.00000000000000000
 -0.00252048752518724  0.00944807875624252  0.01960002407004779  0.03010483832940982
  0.04064869198413064  0.05118188981739653  0.06171255793255486  0.07225416626674304
  0.08279770267273164  0.09333988429122453  0.10387440387008214  0.11441477829921741
  0.12495396420926499  0.13549381911736791  0.14603400144040171  0.15657616397229066
  0.16711683186862478  0.17765633857052768  0.18820045760029508  0.19874938961890595
  0.20930175024590492  0.21984064470969233  0.23038113000838889  0.24091339535625636
  0.25145387097011301  0.26199314609616525  0.27253467224138411  0.28307270236542070
  0.29361137571358664  0.30415463122780778  0.31470473120110559  0.32525752543835046
  0.33580422604623072  0.34635504979829979  0.35690571374979990  0.36746019499431282
  0.37799936859469346  0.38853297538780185  0.39906344338230226  0.40960561586721878
  0.42014655944933965  0.43068571276921813  0.44122034104347935  0.45175993955372029
  0.46230561389020924  0.47285713760325776  0.48340576587826151  0.49395697666604199
  0.50449399774787362  0.51503583939916420  0.52557533603533324  0.53612492603738804
  0.54666143353397445  0.55719724450088726  0.56773717473486063  0.57828985269629141
  0.58884522945784801  0.59939711256370365  0.60993736221575623  0.62046981530671474
  0.63100787967365202  0.64155827171243729  0.65210464958962366  0.66264715470587510
  0.67318946361271415  0.68373611079505803  0.69428656514005871  0.70483424715613241
  0.71538638804933763  0.72593415340030631  0.73647802075119917  0.74701305651617955
  0.75755136628774078  0.76808724674947670  0.77862863126111448  0.78916664851670426
  0.79971281648466697  0.81026336967986479  0.82081134690687574  0.83134512673052463
  0.84187489519947634  0.85240664959981027  0.86294935837644204  0.87349737722760956
  0.88405053264291633  0.89460303991041101  0.90514732993146430  0.91568511517170414
  0.92622824701515882  0.93677394993564034  0.94732200174702907  0.95787135376755994
  0.96840487722696400  0.97894174985275895  0.98947048744156407  1.00000000000000000
   2.5524314911003335E-008  -1.0000000000000000     
 F F F F F F F F
  <DiscreteSampler_grid>
  grouped_processes
  1 # 1 for a reference and 2 for a running grid.
  10 # Attribute 'min_bin_probing_points' of the grid.
  1 # Attribute 'grid_mode' of the grid. 1=='default',2=='initialization'
  0.0000000000000000 # Attribute 'small_contrib_threshold' of the grid.
  0.5000000000000000 # Attribute 'damping_power' of the grid.
 # binID   n_entries weight   weight_sqr   abs_weight
    10   10   1.322623097372511E+010   1.749331857703253E+020   1.322623097372511E+010
  </DiscreteSampler_grid>
