  0.00000044221753641  0.00000048335882250  0.00000052281681080  0.00000056003031473
  0.00000059973000966  0.00000063989865812  0.00000068032355418  0.00000072135081919
  0.00000076197484106  0.00000080399371361  0.00000084895784118  0.00000089833387545
  0.00000095335387986  0.00000101059430465  0.00000106936380137  0.00000113211560175
  0.00000119933264026  0.00000127244078127  0.00000135366561967  0.00000143046192150
  0.00000151042160889  0.00000159693200826  0.00000169111952621  0.00000179558701416
  0.00000191772830918  0.00000203941339339  0.00000217582703309  0.00000231407213134
  0.00000245851082832  0.00000262527045347  0.00000280151922257  0.00000298123753575
  0.00000315820252408  0.00000333272068256  0.00000352458486004  0.00000374001863643
  0.00000398046363962  0.00000424286919013  0.00000451285024358  0.00000477630107562
  0.00000507395972541  0.00000540375358062  0.00000576666001326  0.00000616886165910
  0.00000658315604204  0.00000705728737205  0.00000761038255937  0.00000821607892932
  0.00000889226542183  0.00000966663291974  0.00001053777257247  0.00001148167472246
  0.00001241264232036  0.00001342477247838  0.00001450717383857  0.00001572459795871
  0.00001700575938427  0.00001838584162427  0.00001985456162994  0.00002144181372682
  0.00002318611850680  0.00002526064514594  0.00002769327770387  0.00003025487501858
  0.00003296819529477  0.00003606466528933  0.00003938408809218  0.00004339727361402
  0.00004734497567816  0.00005169077150361  0.00005650771254939  0.00006181784383570
  0.00006764601652032  0.00007423655693686  0.00008099329440226  0.00008847657285937
  0.00009643688888656  0.00010549206671522  0.00011600917735749  0.00012900081505602
  0.00014524042014069  0.00016622661398039  0.00019169158522157  0.00022259417358701
  0.00026040231777532  0.00030482677824651  0.00035729129168849  0.00042213084558813
  0.00051278986837111  0.00065900073939219  0.00089558429869404  0.00124431113059421
  0.00188108117084249  0.00317873796847878  0.22037485108680230  1.00000000000000000
  0.00000604527672769  0.00000632026987595  0.00000656324180443  0.00000687145673574
  0.00000725600019427  0.00000790029353065  0.00000847487586719  0.00000887841494208
  0.00000926821099681  0.00000964177708470  0.00000999525312781  0.00001031485246564
  0.00001062197751765  0.00001096619047058  0.00001141344036548  0.00001196178891961
  0.00001259982922776  0.00001326133653190  0.00001404128380580  0.00001493543256767
  0.00001598279403350  0.00001715088247777  0.00001815121553659  0.00001927249614128
  0.00002074416915487  0.00002249708159790  0.00002431207684463  0.00002615344817713
  0.00002800381499481  0.00002988021531925  0.00003198432092078  0.00003449429026091
  0.00003762651786914  0.00004117557501666  0.00004504310180455  0.00004926764963764
  0.00005408766091875  0.00005954105908388  0.00006515458650566  0.00007030789609203
  0.00007569402366395  0.00008152390604893  0.00008872663100959  0.00009629500811012
  0.00010303580137870  0.00010990313183346  0.00011711323637009  0.00012551734886534
  0.00013496556289740  0.00014395903791108  0.00015388816677913  0.00016444443071370
  0.00017660870011167  0.00019077336760804  0.00020640008585748  0.00022278202799248
  0.00024010074678077  0.00025965446072646  0.00028106882436845  0.00030339463432239
  0.00032577731482065  0.00034925016122431  0.00037564492728652  0.00040381555561158
  0.00043601105216331  0.00047141389416716  0.00051130516973295  0.00055546387853775
  0.00060389623520490  0.00065629214537586  0.00071149540305627  0.00077015796461963
  0.00083288638700624  0.00090096545495330  0.00097923601055698  0.00107111511546795
  0.00117818473438886  0.00129105351490825  0.00140796138636594  0.00152917638519583
  0.00168273828911447  0.00186186220322591  0.00207864975050913  0.00233246451774339
  0.00261713063566157  0.00307055605430780  0.00353081705494399  0.00423765257358758
  0.00502184461594410  0.00605313101694967  0.00754359527736790  0.00988730877175149
  0.01392470323475003  0.02285141022185126  0.09292791407986079  1.00000000000000000
  0.00000544923858948  0.00000623475264533  0.00000693048352885  0.00000726564692685
  0.00000757993307834  0.00000796789005826  0.00000846071414165  0.00000898022523010
  0.00000957784087251  0.00001025736667476  0.00001090594344900  0.00001153007767996
  0.00001218442437463  0.00001283760423899  0.00001352187400942  0.00001436568744849
  0.00001537355583661  0.00001630435480228  0.00001718543695835  0.00001807004797431
  0.00001895525715555  0.00001987184316453  0.00002071241440716  0.00002157696027108
  0.00002249958222480  0.00002355549959600  0.00002479630354805  0.00002619565853187
  0.00002769639333319  0.00002936635574422  0.00003136033607030  0.00003359300010381
  0.00003570700268104  0.00003771817751994  0.00003960551978394  0.00004147512349120
  0.00004356999742680  0.00004602567612862  0.00004895973960413  0.00005243203594095
  0.00005593081282229  0.00005931145438976  0.00006288477018688  0.00006667506294202
  0.00007086647159449  0.00007553832797341  0.00008075037372821  0.00008644512172149
  0.00009283599306055  0.00010015987923274  0.00010739638528616  0.00011476961550306
  0.00012186450358692  0.00012930124475515  0.00013681431800704  0.00014536240720363
  0.00015477983989801  0.00016453785017192  0.00017552466571017  0.00018705809157165
  0.00020095785243269  0.00021616209172026  0.00023465025539824  0.00025467549757670
  0.00027683668404813  0.00029999111179109  0.00032535094984431  0.00035282592978804
  0.00038332423256966  0.00041946276666090  0.00046173185383687  0.00050948155905131
  0.00056045772807068  0.00061592351933889  0.00067523646420028  0.00073985586745658
  0.00081159276022545  0.00089813721243831  0.00100196169722762  0.00111278092009622
  0.00123279173813274  0.00135545067829263  0.00150021392766527  0.00165604425389941
  0.00181777090916995  0.00198515578477668  0.00218695878059821  0.00241083864219693
  0.00274499720952496  0.00316006104487393  0.00380217365710196  0.00470099016137157
  0.00586050119882099  0.00857458278131831  0.16249672617587205  1.00000000000000000
 -0.00200045664694369  0.01000807940632783  0.02021526002201124  0.03012306613432997
  0.03997371726720619  0.04975200837103238  0.05977818052264027  0.07017271428459923
  0.08086136109076050  0.09114419366358434  0.10082833678009166  0.11033634550427349
  0.12025697470544973  0.13113761462144943  0.14271521797768169  0.15396334518148910
  0.16486853624171238  0.17583132364545326  0.18737180486404051  0.19894631954935157
  0.21013827989997480  0.22137530017026613  0.23248462717954360  0.24337362629815504
  0.25409591307608620  0.26513883796489612  0.27639729934982821  0.28687294531636987
  0.29655893145962092  0.30578317455874748  0.31553343930244976  0.32495374206272115
  0.33394692850512164  0.34295951329995972  0.35211729550736193  0.36297308038392773
  0.37255688284104271  0.38282716632552793  0.39297106369691914  0.40434264836657369
  0.41571235232513642  0.42651613637791130  0.43671228855359190  0.44644545845078337
  0.45610098019640583  0.46600099994890781  0.47634182959031784  0.48721399664649245
  0.49780840132051946  0.50778333029768719  0.51749919564381019  0.52760657410655865
  0.53796388182607036  0.54796546995952444  0.55774093927720836  0.56788682522052802
  0.57816516189102840  0.58878657846319948  0.59934875499532303  0.60937565897341273
  0.61941153439825791  0.63017058893438083  0.64151490312022230  0.65291502155225756
  0.66455327124684871  0.67692409044860435  0.68904055923154861  0.70053740647041007
  0.71178777704073537  0.72234915114004583  0.73244153144927282  0.74232043494826816
  0.75247863252885894  0.76317042116260003  0.77308413266703657  0.78309565647200052
  0.79373862262858474  0.80542028876192850  0.81628741716254993  0.82687853794345889
  0.83835366369861120  0.85046886266004884  0.86278904844793558  0.87465147743080429
  0.88695285523661216  0.89899241827986032  0.91092140746240347  0.92345040026550407
  0.93371837391332035  0.94239107611265238  0.95050370889633062  0.95960618245073570
  0.96961175222946894  0.97981100371785568  0.98986283634073602  1.00000000000000000
 -0.00161703917373070  0.00654102895587547  0.01488034669997745  0.02286516062304389
  0.03266255336052624  0.04324890255471408  0.05355275761463037  0.06403534175178378
  0.07501559267281450  0.08620676052595579  0.09712298944483526  0.10710370193561387
  0.11719179920425211  0.12758585622115307  0.13871005255890662  0.14992708831648890
  0.16085595931650667  0.17198076134767348  0.18271959773003174  0.19283911221140984
  0.20256369540314886  0.21272205469489719  0.22286491357525670  0.23278178229078714
  0.24269952626975747  0.25265537948965477  0.26371969426108416  0.27532344781320345
  0.28731274074608099  0.29829605600297321  0.30874627468920773  0.31925937133500620
  0.33033964135139848  0.34123242712981167  0.35249460124565435  0.36457568855699068
  0.37698215682406477  0.38824076989491529  0.39955202490769559  0.41075170671251698
  0.42225090654523340  0.43226880220358582  0.44233624397336807  0.45227311813072174
  0.46289158384879159  0.47332607837729768  0.48401453514012444  0.49529927062548268
  0.50657789496818606  0.51809182800631115  0.52931382795743154  0.53977407593775462
  0.54947127961031061  0.55872196072711877  0.56823242621344539  0.57832812627462737
  0.58844282358358968  0.59799572837718795  0.60812693177742660  0.61938090930594936
  0.63135452355588295  0.64217535078641852  0.65249966238327617  0.66214204974225910
  0.67325495154469983  0.68452871027108186  0.69591108917597533  0.70688683846224465
  0.71731182030726370  0.72738337267603881  0.73785768760864956  0.74868806160188561
  0.75913427161478209  0.76902988023949170  0.77878236313462490  0.78864421399381390
  0.79845325809259038  0.80787016717323923  0.81727362850397112  0.82714219803059097
  0.83721195554217975  0.84721351214561280  0.85649854685018034  0.86578676509394803
  0.87511993069427130  0.88527866528648302  0.89680678760873811  0.90888996414166645
  0.92090769426032837  0.93311188548263957  0.94511932829295087  0.95673540585474526
  0.96779404026745197  0.97892288488859214  0.98955876405364762  1.00000000000000000
 -0.00248757722615817  0.01050701376258710  0.02212657708565147  0.03350344504494985
  0.04381214444406485  0.05379332911072918  0.06431065199465499  0.07653857784350737
  0.08921093592055222  0.10065234573290147  0.11118043242311632  0.12114186059211678
  0.13091791127552652  0.14097800613715797  0.15126516233285681  0.16181733441689583
  0.17281185268988683  0.18360211101312882  0.19467405848917899  0.20633778568874911
  0.21858183152677205  0.23094387957293128  0.24285282639739100  0.25447901001375683
  0.26599547028447601  0.27685073778580610  0.28762972930107239  0.29886849105071378
  0.31130751473934692  0.32307512517594661  0.33467135678982041  0.34514184978067752
  0.35602073339523604  0.36655688572611173  0.37655043906153990  0.38576299020150995
  0.39472848653158027  0.40401511595219275  0.41413087747594346  0.42504248854870907
  0.43558284939569636  0.44579369666373536  0.45608203733516517  0.46701919405203968
  0.47819062175531718  0.48912834212611905  0.50022257375622869  0.51209729091106582
  0.52466282084182381  0.53648921614469691  0.54788199184380659  0.55909208576780767
  0.56892821814213224  0.57764734576609522  0.58659812904454955  0.59617552408907482
  0.60601690415654119  0.61541813774206855  0.62437306295919115  0.63484228586233649
  0.64610617670648318  0.65848670535512699  0.67011116868529819  0.68113203878295725
  0.69004519968181899  0.69960553781114077  0.70911268752284695  0.71895457871314927
  0.72819000690114566  0.73694257079151537  0.74574780283878994  0.75523538990219352
  0.76537515771824871  0.77527152318482317  0.78512043828121991  0.79507086261268267
  0.80525327449617268  0.81591035334126882  0.82703139012807914  0.83853923549496889
  0.85033331842840965  0.86211907627661710  0.87353841449506942  0.88454719753891675
  0.89467843630558641  0.90448684095137299  0.91444697962144739  0.92481196704593527
  0.93463053785544847  0.94368449994798309  0.95237017049581330  0.96131726746076340
  0.97055842840540762  0.98051434944122606  0.99017628442103289  1.00000000000000000
 -0.00006268831872383 -0.00001358282301402  0.00003552267269579  0.00014997298733307
  0.00030159172207425  0.00045930672816148  0.00062535669975044  0.00075578627987280
  0.00085602535825027  0.00096540014754878  0.00107531039772686  0.00118493000688089
  0.00128675715578683  0.00140793673540303  0.00156250562957884  0.00171550448589348
  0.00186786559680593  0.00202904222313379  0.00219346922255512  0.00236372820139883
  0.00252207246242395  0.00267695424757134  0.00283513925332957  0.00299352483045257
  0.00315247012010123  0.00332763588929407  0.00351924711327612  0.00372243699843589
  0.00393152423776639  0.00414788225209188  0.00437030853877613  0.00460603397666145
  0.00484341322162332  0.00504178289739316  0.00523876469786772  0.00543431272500074
  0.00563666600505561  0.00584147170986632  0.00609531363630080  0.00635886253446214
  0.00662808118288568  0.00687796153917521  0.00712902961375378  0.00738161290906377
  0.00763804401830063  0.00790866668357217  0.00818548533685145  0.00846618398175160
  0.00875660795751273  0.00907529766734709  0.00936498932548679  0.00964451205160718
  0.00993357657472060  0.01024839427319131  0.01064524661238376  0.01103896068213400
  0.01134125226673568  0.01162729425177630  0.01189909018740188  0.01223096141436666
  0.01271917140558927  0.01317341558821197  0.01361525755043132  0.01407430528107434
  0.01445148392096644  0.01473963937856189  0.01500999599595162  0.01528291787319471
  0.01555592296199927  0.01586197277165223  0.01623608425128764  0.01702114604390358
  0.01781446509678239  0.01833762241525620  0.01882757255864098  0.01938639215035384
  0.02055460640016859  0.02146163854189240  0.02212642235842233  0.02278753749957255
  0.02344729647263187  0.02477282160922653  0.02606923741187185  0.02707938833524933
  0.02786012927479358  0.02854679088161113  0.02939633472385689  0.03065858933646124
  0.03198405567858466  0.03407567921253454  0.03655939138900421  0.03921001436733095
  0.04999370861932626  0.06710764910527629  0.41431970483975511  1.00000000000000000
 -0.00225443744984675  0.01011514727194990  0.02096146068619710  0.03236833524220699
  0.04404757314230692  0.05604592260467436  0.06795687749426893  0.07966223970521279
  0.09066529306495319  0.10131396232749396  0.11150725303009577  0.12180403671337245
  0.13265339338781984  0.14392344370793544  0.15548075088941735  0.16726741431599806
  0.17831189274102385  0.18873272801729932  0.19932023135085769  0.21033838905197191
  0.22140280979046695  0.23271492866131180  0.24485346472654684  0.25823958726032209
  0.27159140312834906  0.28317121977999166  0.29260344213485973  0.30133597765382419
  0.30957998056022246  0.31904640687565489  0.32781278370624317  0.33654662743388508
  0.34597040540108259  0.35469991173353038  0.36250768760479662  0.37075346523695007
  0.37915781177876828  0.38813516934816711  0.39717627647612258  0.40599736665956515
  0.41410635422941433  0.42261272594867771  0.43202341063691746  0.44295780248565475
  0.45471375595683972  0.46519730423846128  0.47578414461271945  0.48628983504038092
  0.49687726194319798  0.50747230858894843  0.51790281178408992  0.52866899771769338
  0.54007841721100880  0.55173429390295348  0.56332741095877825  0.57511356838602246
  0.58746788673918604  0.60002200824582774  0.61191205703104223  0.62379545492567623
  0.63464403156418936  0.64481599859605720  0.65483617669905547  0.66481456154401242
  0.67453367829944111  0.68471323661053907  0.69484943043021541  0.70527524418975140
  0.71466368499971178  0.72462444544799787  0.73523212368541502  0.74626634536932579
  0.75686129202306984  0.76716159534679718  0.77737754438190021  0.78754158393366624
  0.79719414844431391  0.80709321340171902  0.81805247942720427  0.82918214117333489
  0.84034491813210477  0.85130665333878630  0.86371646014693992  0.87552353492588419
  0.88677980224559727  0.89811944550654521  0.90990976506203392  0.92107597224058757
  0.93127515291726126  0.94032189558369184  0.94912736253762131  0.95821847816150829
  0.96811111342790324  0.97887697015839303  0.98944451232840247  1.00000000000000000
  0.35416107873731068  0.38691243962197369  0.40023575590241017  0.40903324506760391
  0.41732447127744704  0.42534659500248206  0.43304648500599363  0.43973728069753593
  0.44571509173644402  0.45148312854383271  0.45716313262496894  0.46275221057914728
  0.46810223578361260  0.47402679755894250  0.47953458853883840  0.48564319215877982
  0.49135473264210688  0.49592767372531071  0.50054863827257323  0.50562501863390197
  0.51095014998484289  0.51659567713309640  0.52344952694802005  0.53149339020756725
  0.54049899501918330  0.54917890271080516  0.55704570045206347  0.56422022374711156
  0.56989396464307618  0.57497687686355969  0.57959523230168153  0.58384857789457945
  0.58813423484946248  0.59250056000877938  0.59778906858210201  0.60228618349926499
  0.60727330009422642  0.61224211932333450  0.61707674395691958  0.62129789863989082
  0.62536542768363301  0.63087699657624741  0.63653164673682450  0.64192489139508691
  0.64746037169737269  0.65292346211884089  0.65829611323391191  0.66465323253079689
  0.67074976854111101  0.67649660226759534  0.68215718897736499  0.68761942633597872
  0.69329479165338337  0.69904741313557195  0.70487516561330732  0.71076566384374174
  0.71670574392046127  0.72226723295343365  0.72723326845791447  0.73221619762723100
  0.73730538787042732  0.74290216491414418  0.74912090020446520  0.75547961670724073
  0.76148371775038337  0.76734219888036992  0.77320703928805146  0.77928489017001790
  0.78576432331083590  0.79222155460199761  0.79841881210409971  0.80439204344243587
  0.81010533493589565  0.81576293426246538  0.82145103538245223  0.82714116631918611
  0.83312765462531324  0.83936368836692243  0.84633500141497919  0.85323557797817018
  0.86014065820342767  0.86667222103239872  0.87289506540686801  0.87924025463717759
  0.88618655878101693  0.89339653420760146  0.90090275320554247  0.90822189487276295
  0.91589467297139193  0.92362855348556394  0.93178262917785692  0.94052725574539608
  0.95077085419712626  0.96237332741000803  0.97763971558668961  1.00000000000000000
 -0.01499611892428709  0.10897087608890149  0.14416611502834897  0.16446786657238383
  0.18153879101392303  0.19751996850847989  0.21120389118078498  0.22247671777609807
  0.23248371762031692  0.24226580783380272  0.25190850488554972  0.26146051089112055
  0.27008099612244663  0.27876123248548901  0.28732942694956692  0.29625838747637423
  0.30494946818597501  0.31305216097321620  0.32036046749990965  0.32772212432327641
  0.33500317881467478  0.34207466685606197  0.34895697643038687  0.35568554656501394
  0.36237965199923139  0.36916968589163618  0.37607285425099746  0.38295226020960221
  0.38911883242366163  0.39510543735601356  0.40119502782414174  0.40751998830034658
  0.41423662459319838  0.42127552806793939  0.42790633175822496  0.43423284064642792
  0.44017643954078306  0.44607515024962952  0.45191137810736481  0.45769967106592468
  0.46340114347123090  0.46830632076178746  0.47335987513823674  0.47834768537449862
  0.48321168989519747  0.48903457618842866  0.49496694944570319  0.50046805174940123
  0.50560659480142511  0.51074974224612790  0.51591106172097201  0.52099911778977859
  0.52617089298839936  0.53131300403940185  0.53638960812953040  0.54148066953109919
  0.54660352041303528  0.55180693551822402  0.55748818029114555  0.56290905066442753
  0.56822859989953500  0.57357795504821230  0.57913528818822957  0.58505146571365862
  0.59160229578431611  0.59744161949124641  0.60323973878113257  0.60918018225307868
  0.61540632247670624  0.62169122990764980  0.62798587041232223  0.63447435838220922
  0.64088780976686177  0.64756234050511741  0.65435974828341514  0.66137749763259968
  0.66855001030299921  0.67559769295712480  0.68246595716777170  0.68944233929450927
  0.69692029760437990  0.70533454311102162  0.71429504807652566  0.72395547492968360
  0.73414102200090303  0.74416061275689427  0.75379567360355648  0.76293606098953060
  0.77330248348085506  0.78470852179888484  0.79779502848897099  0.81323797453871782
  0.83214036290454174  0.85546424559468337  0.89289230856644430  1.00000000000000000
   2.5303254830060824E-004  -1.0000000000000000     
 F F F F F F F F F F F F F F F F F F F F F F F F F F F F F F F F F F F F F F F F F F F F F F F F F F F F F F F F F F F F F F F F F F F F F F F F F F F F F F F F F F F F F F F F F F F F F F F F F F F F F F F F F F F F F F F F F F F F F F F F F F F F F F F F
  <DiscreteSampler_grid>
  grouped_processes
  1 # 1 for a reference and 2 for a running grid.
  10 # Attribute 'min_bin_probing_points' of the grid.
  1 # Attribute 'grid_mode' of the grid. 1=='default',2=='initialization'
  0.0000000000000000 # Attribute 'small_contrib_threshold' of the grid.
  0.5000000000000000 # Attribute 'damping_power' of the grid.
 # binID   n_entries weight   weight_sqr   abs_weight
    10   10   3.109560240997746E+003   6.484886567055863E+007   3.109560240997746E+003
    16   10   3.111371161454871E+003   6.493634026915985E+007   3.111371161454871E+003
  </DiscreteSampler_grid>
