 -0.00240645418072192  0.00959195652627748  0.01977870626465661  0.03030255224437806
  0.04084521079163341  0.05138248825827760  0.06192214853799575  0.07245991196008078
  0.08299791469685253  0.09353722875490730  0.10407967409545324  0.11462503134755196
  0.12517071353073980  0.13571200722350554  0.14625193412696508  0.15678404778211971
  0.16732332720201815  0.17785307227836308  0.18839090916076934  0.19891708885530643
  0.20944963856758114  0.21998061453707801  0.23051790818980655  0.24106030736817433
  0.25160230125082667  0.26215041612723122  0.27269713276337543  0.28323962342287407
  0.29377805701417398  0.30431329598394580  0.31485385810603983  0.32539936397206864
  0.33594187438139822  0.34648640307233169  0.35702682355929655  0.36756739450539411
  0.37810840886477870  0.38864578120346488  0.39918937677574601  0.40972756611054256
  0.42026555588891507  0.43080304394776581  0.44134230480054343  0.45188695971092763
  0.46242798084886838  0.47297049064920776  0.48351462423271552  0.49406200135287187
  0.50460725723856492  0.51514491727477296  0.52567988084229933  0.53621463211230869
  0.54674790504839033  0.55728573994598274  0.56782790913721959  0.57837199477370604
  0.58891707998073828  0.59945774414210629  0.60998384235127878  0.62050381496195783
  0.63102632417543791  0.64157063809902137  0.65211722790486026  0.66265768009443204
  0.67319187976417472  0.68372788886181801  0.69426601381423225  0.70480659682927227
  0.71534773932620310  0.72589463367066676  0.73644340659731977  0.74699056400693076
  0.75753450121480548  0.76807863260091980  0.77862222174310658  0.78916355616376044
  0.79970570358939996  0.81024787440844859  0.82078862866745439  0.83133074173399513
  0.84187423798964611  0.85241812903628911  0.86296190030060116  0.87350657474665616
  0.88405671024887234  0.89460151500221841  0.90514581721645626  0.91568497673466831
  0.92622692610872448  0.93675975877418394  0.94729978528142833  0.95783621660732288
  0.96837986382936825  0.97892081292632682  0.98946102749125964  1.00000000000000000
 -0.00243744995546515  0.00960166885513672  0.01978994188601536  0.03031091257585527
  0.04086426400117080  0.05140661289922217  0.06193451125394251  0.07246129884443404
  0.08299635269541257  0.09354810423781683  0.10409919463261130  0.11464617478571379
  0.12518703361669881  0.13572401080460236  0.14626517770680011  0.15681029602785487
  0.16735668184950031  0.17790361895641252  0.18844397091191578  0.19898472404422418
  0.20952149518814803  0.22005764971825617  0.23058727194166351  0.24111123458086672
  0.25164099615783714  0.26217582821198221  0.27271556851212103  0.28325953567303253
  0.29380033880440809  0.30434241671752249  0.31486985954397650  0.32540516454558682
  0.33593901931929204  0.34648405904107638  0.35702894440215865  0.36757534548520793
  0.37811819383970707  0.38864860592680145  0.39918025295289183  0.40972041748476923
  0.42025615265447186  0.43078423084117323  0.44131000784136548  0.45185154208400197
  0.46240213384468809  0.47295274696169276  0.48350260419709379  0.49405015182851436
  0.50458692385501447  0.51512413643731680  0.52566084975173566  0.53619903618253573
  0.54673904971095311  0.55727779530540134  0.56782373138623776  0.57836820626119378
  0.58891567330374794  0.59946057402557817  0.61000548832771917  0.62054405112859901
  0.63108779481384980  0.64162477209689806  0.65216817228794477  0.66270734833041300
  0.67325277044745835  0.68380011830595711  0.69434538132559442  0.70488905838831162
  0.71543057068382288  0.72597115085678554  0.73651161798768816  0.74705188874847939
  0.75759916595818499  0.76814873787697568  0.77869840415267821  0.78923562637873534
  0.79976187559783807  0.81028287303856195  0.82080665935352659  0.83134300544199569
  0.84188637319203918  0.85243717311875078  0.86298475027215382  0.87351812637528758
  0.88405179381459553  0.89458366586212046  0.90512808585770677  0.91566441916461461
  0.92620584013368534  0.93674782705711590  0.94729321561570834  0.95783550640328352
  0.96837700585078201  0.97892343136628301  0.98946336295200421  1.00000000000000000
   2.5517991538514707E-008  -1.0000000000000000     
 F F F F F F F F
  <DiscreteSampler_grid>
  grouped_processes
  1 # 1 for a reference and 2 for a running grid.
  10 # Attribute 'min_bin_probing_points' of the grid.
  1 # Attribute 'grid_mode' of the grid. 1=='default',2=='initialization'
  0.0000000000000000 # Attribute 'small_contrib_threshold' of the grid.
  0.5000000000000000 # Attribute 'damping_power' of the grid.
 # binID   n_entries weight   weight_sqr   abs_weight
    10   10   1.322623097372511E+010   1.749331857703254E+020   1.322623097372511E+010
  </DiscreteSampler_grid>
