  0.00000478873296792  0.00000500536615856  0.00000515133997857  0.00000530112151876
  0.00000548081502358  0.00000568300304387  0.00000587854266820  0.00000606758799879
  0.00000627480990473  0.00000649292202845  0.00000671406794592  0.00000692925002719
  0.00000713439863432  0.00000734971861935  0.00000757354253411  0.00000779248915810
  0.00000804501216906  0.00000833605904097  0.00000865020632641  0.00000897149068341
  0.00000929118135240  0.00000963009958420  0.00000999819346140  0.00001039111131031
  0.00001077909769237  0.00001117736110280  0.00001159155118625  0.00001201925883642
  0.00001246351930400  0.00001292813480319  0.00001341544968251  0.00001389463719679
  0.00001439046064401  0.00001493394792989  0.00001547003183446  0.00001600862864592
  0.00001655835327389  0.00001717948251195  0.00001790142422087  0.00001867159297674
  0.00001946861898013  0.00002031167780842  0.00002109090696139  0.00002192279955832
  0.00002278788891569  0.00002371947736273  0.00002471616853293  0.00002577288662137
  0.00002689611570859  0.00002806656491975  0.00002929989457826  0.00003066750148901
  0.00003215228234650  0.00003371385306078  0.00003541075085960  0.00003716987622590
  0.00003895742947978  0.00004094385548115  0.00004307282455486  0.00004545970400405
  0.00004809631655789  0.00005102812024707  0.00005443757565732  0.00005804581454717
  0.00006171114625934  0.00006541299516827  0.00006960773279650  0.00007463786933161
  0.00008048625145884  0.00008624036080498  0.00009205274965752  0.00009855276190216
  0.00010616855295831  0.00011653256591816  0.00012768210764083  0.00014067446502673
  0.00015628305059682  0.00017472342279082  0.00019628091983777  0.00022394906313616
  0.00025777412746562  0.00029973305358743  0.00034955561243216  0.00041125040820941
  0.00049793353412703  0.00060931887260067  0.00076047152914302  0.00097597529909009
  0.00125867926533751  0.00159337424383531  0.00206823842203848  0.00299421792772710
  0.00507985742718303  0.00981786713152812  0.10292710770369240  1.00000000000000000
  0.00000563299257576  0.00000590270202304  0.00000621077360208  0.00000654592517782
  0.00000690889360301  0.00000725242037596  0.00000763331698071  0.00000807032029612
  0.00000845988507014  0.00000885611371066  0.00000928772730255  0.00000976711339242
  0.00001022939874163  0.00001070779686413  0.00001122118147298  0.00001177945488155
  0.00001240790555170  0.00001308208734257  0.00001380133530220  0.00001452759045143
  0.00001527609857993  0.00001604876862291  0.00001688844667833  0.00001783617838467
  0.00001878043130386  0.00001976188648637  0.00002078263832331  0.00002182267093582
  0.00002299174539191  0.00002410502544110  0.00002522530021593  0.00002636604258448
  0.00002756764101006  0.00002887430522857  0.00003029638971286  0.00003176734474026
  0.00003319845293992  0.00003473831398016  0.00003640997257127  0.00003816328772392
  0.00004003629998170  0.00004200443290079  0.00004407915464812  0.00004629567087302
  0.00004895345158016  0.00005167546386119  0.00005466934516546  0.00005768253244736
  0.00006078034107671  0.00006409374325201  0.00006754716420260  0.00007105802970087
  0.00007469827620260  0.00007862531624851  0.00008297719623098  0.00008780503696359
  0.00009314887550986  0.00009863956218577  0.00010413637556840  0.00011000260183434
  0.00011661414299160  0.00012358257003436  0.00013200091507917  0.00014102877802505
  0.00015128942155922  0.00016278902121931  0.00017531648702269  0.00018935709555101
  0.00020519666674758  0.00022169109492736  0.00024013946646247  0.00026019193078926
  0.00028320306904761  0.00030753162152089  0.00033314968575522  0.00036073505136560
  0.00039306363074920  0.00043593372736447  0.00048727530132624  0.00054429924416422
  0.00060450784633926  0.00066484193568255  0.00073441599925584  0.00081989172208660
  0.00094392341512568  0.00109361426894718  0.00127200052436530  0.00152025911544583
  0.00185268824231853  0.00234673940570692  0.00310542450768887  0.00406880617605495
  0.00564410252947052  0.01023044989300715  0.09224384135819332  1.00000000000000000
  0.00000569108657536  0.00000761766392012  0.00001023344283445  0.00001262974973444
  0.00001494246926422  0.00001734399453612  0.00002022262875601  0.00002339315160238
  0.00002666511349531  0.00002980851618426  0.00003274510221636  0.00003583353144831
  0.00003917898211097  0.00004284842434961  0.00004648710191016  0.00005029486654478
  0.00005404974723494  0.00005787317458687  0.00006168338742354  0.00006561565282742
  0.00006966322866397  0.00007398105888602  0.00007835658156097  0.00008287468659416
  0.00008757704990504  0.00009240914940158  0.00009759936440513  0.00010301124796543
  0.00010878521875907  0.00011496804328256  0.00012117738736222  0.00012792083120073
  0.00013480052347941  0.00014210334760710  0.00015002949824300  0.00015867476283817
  0.00016773494656087  0.00017727328442582  0.00018728068786987  0.00019793700604016
  0.00020973128000973  0.00022201277105683  0.00023538678546369  0.00024905725767734
  0.00026395975926426  0.00028001088069202  0.00029735637817786  0.00031614947260140
  0.00033597933229890  0.00035664598964483  0.00037939891482488  0.00040359367401760
  0.00042938357505915  0.00045869437072085  0.00049216185914573  0.00052671654218084
  0.00056689747600803  0.00061018163800981  0.00065659297573797  0.00070912470059685
  0.00076715356338882  0.00082766925527999  0.00089242715850505  0.00095856035465095
  0.00102615501044905  0.00110043158340312  0.00117802529978944  0.00125583499458800
  0.00134379176259962  0.00145324739022314  0.00160190045373511  0.00175298449412603
  0.00190444540404513  0.00205615776170809  0.00222314426607063  0.00243391105567322
  0.00268087567779817  0.00291206654766482  0.00313424624394965  0.00337974884394893
  0.00365065059890470  0.00392073186790775  0.00420871866740776  0.00458231511146868
  0.00497789238949164  0.00547723624424693  0.00608621468306197  0.00695432476378851
  0.00794009331409217  0.00908427877900085  0.01039625694918244  0.01160101629981058
  0.01288285417857060  0.01509200404285822  0.19010626960856303  1.00000000000000000
 -0.00267572291792723  0.00629250790367326  0.01501557007458812  0.02374875470586783
  0.03365240435655079  0.04396472877708359  0.05452989527444634  0.06462601086261696
  0.07390776008055965  0.08307067726326871  0.09293249223762443  0.10267801639502282
  0.11219895562964610  0.12120170919908307  0.13160856668849652  0.14250696674811161
  0.15310893709737988  0.16323485948799285  0.17254804507609214  0.18179409930249441
  0.19150231842155613  0.20210011587044038  0.21242173112872212  0.22288478123756905
  0.23339456566486760  0.24386109225044558  0.25425216154939700  0.26501699412721363
  0.27667910258690137  0.28818564525729484  0.29968771972806002  0.31014356795075504
  0.32060724458842327  0.33083411449955719  0.34196402685581273  0.35377363751100138
  0.36609901513304632  0.37769152038782478  0.38831411500395024  0.39847357378272941
  0.40867320005602442  0.42030066723526777  0.43214148725555640  0.44380274841786876
  0.45560144627600568  0.46749142450741771  0.48031225254934712  0.49372561435831214
  0.50815752458276986  0.52246656680966042  0.53609755251768088  0.54948513883519567
  0.56308749577146500  0.57676146745128731  0.59043731856519788  0.60359430547862369
  0.61520124793338893  0.62599876214000116  0.63674797051572363  0.64791287584297663
  0.65946827143889031  0.67148486111998185  0.68358459143030281  0.69558342240091842
  0.70747886595982290  0.71901035213321285  0.73016719983884526  0.74104472466483540
  0.75225908292020482  0.76335649573204012  0.77490136701427881  0.78616836509038612
  0.79749341187789857  0.80874780664603541  0.82004545428508335  0.83103715367808872
  0.84172438864110433  0.85204136817934406  0.86210422621682381  0.87155216853720108
  0.88042693155601570  0.88904660974932492  0.89742540100328494  0.90562040508472019
  0.91377022962266641  0.92166835234058686  0.92929756268896346  0.93672727222707142
  0.94392005684603442  0.95091190675271575  0.95824600389725068  0.96615952837266161
  0.97444360131535412  0.98283465293677308  0.99111904093250047  1.00000000000000000
 -0.00180210647419065  0.00850036557025841  0.01818580948012465  0.02943430290625902
  0.04109399436850260  0.05323755267159348  0.06518638371313343  0.07527444410913992
  0.08551183100965840  0.09514403728348553  0.10496431867947974  0.11456730795029042
  0.12445218744594504  0.13560919944803679  0.14660588295942067  0.15771587164630022
  0.16805831590791964  0.17921361539501143  0.19097811514692195  0.20337295045083251
  0.21311332396700444  0.22198674512441643  0.23108439700523351  0.24149539667545455
  0.25330707188891843  0.26444641921670209  0.27525749193534832  0.28652008514833377
  0.29803515353472987  0.30962465061290245  0.32001758101322803  0.32979913122256882
  0.33909236001219156  0.34875061009594327  0.35885611603954692  0.36938699863056862
  0.38070076269274489  0.39225933138550562  0.40403338751057677  0.41560474429787664
  0.42663708061911942  0.43722833334527633  0.44733391366750114  0.45774717742580529
  0.46813329267540915  0.47880094247462890  0.48885581880823653  0.49886857108746008
  0.50885428806677835  0.51885019525535514  0.52916227275919903  0.53963645444751585
  0.55057965808857978  0.56120949116797758  0.57129598735452436  0.58097316554527345
  0.59117018793207510  0.60155396085472745  0.61255111393541795  0.62372557168297471
  0.63523353406642991  0.64726986341024850  0.65848463761915788  0.66880758380396399
  0.67871140879995273  0.68891543792672372  0.70018733398398592  0.71106473567045669
  0.72150050549016898  0.73209262149699661  0.74307186053664775  0.75399600842061587
  0.76468920728941914  0.77564346973091580  0.78633757043192332  0.79633867170186801
  0.80584188899300391  0.81525306637577022  0.82558152682314234  0.83452565957239278
  0.84533475134660130  0.85580278140039523  0.86684719670318955  0.87813989654530855
  0.88877893743499981  0.89917668493425329  0.90845061340391442  0.91783096396161656
  0.92716854485375222  0.93709605453175027  0.94767701119168490  0.95831289031944811
  0.96809225323155557  0.97805620349003342  0.98842048787027048  1.00000000000000000
 -0.00229720333125864  0.00944547360384539  0.01924717014151154  0.02907063310252735
  0.03893429441675166  0.04861328915414396  0.05874417010066166  0.06911406400268580
  0.07898698042595871  0.08873703106681481  0.09869875263120913  0.10922797682473218
  0.12099872916358216  0.13333126789434627  0.14524688599026225  0.15566520492046548
  0.16567002668276773  0.17577374770695176  0.18666044538818613  0.19877142447763393
  0.21093563897559359  0.22226814414089258  0.23305069444509696  0.24342089690983551
  0.25395901864017661  0.26429829686610695  0.27529163220136643  0.28574771454735226
  0.29616222152564581  0.30643917941848403  0.31709854669414289  0.32780614364307387
  0.33917495936334235  0.35081973225809859  0.36226186121818837  0.37306870465947073
  0.38378256511515291  0.39397706812200461  0.40459368548698121  0.41488482420146378
  0.42557848673636484  0.43650263144540141  0.44790485421313647  0.45862594185461936
  0.46813545786302879  0.47767682802286038  0.48776184545887219  0.49793893738707595
  0.50770509751282411  0.51676029769553389  0.52673027297889341  0.53777656551243935
  0.54838671545826756  0.55873328461074534  0.56955771613193606  0.58073511635392638
  0.59149014309638648  0.60146339342254829  0.61128817033897676  0.62137777307474096
  0.63153155453484011  0.64138611553424862  0.65099589482247233  0.66028134713496922
  0.66985594288221884  0.67953736657942132  0.68949323481882474  0.69990872589714481
  0.71019176748833812  0.71972789679901639  0.72867456386380169  0.73727819071911216
  0.74596265474557533  0.75486598738826582  0.76430390639276613  0.77553877342317779
  0.78831671611102694  0.80039886600888588  0.81170169136054338  0.82222562747168726
  0.83267911018960050  0.84265027134692805  0.85344336258926368  0.86487112065090077
  0.87624427726397980  0.88722198600420887  0.89972771080949698  0.91316269128608007
  0.92581107758173797  0.93756755060030195  0.94775445031366090  0.95768515530006715
  0.96761807345165840  0.97846010787336724  0.98920365362219598  1.00000000000000000
 -0.00015440863312750  0.00058859958520740  0.00101912401605750  0.00133725271375301
  0.00163964737270174  0.00191870163773336  0.00218793223168564  0.00244990591252673
  0.00270292161333997  0.00295278650131613  0.00320452371640125  0.00346471876308159
  0.00373170701130978  0.00400568605887091  0.00428765343272785  0.00457979775536231
  0.00487148073704548  0.00516599479411897  0.00546717606815127  0.00578987317059336
  0.00611921345477529  0.00645076654653388  0.00678383618848446  0.00707333870242595
  0.00732318340808158  0.00754888388282693  0.00775742456237608  0.00796852532966011
  0.00818315071856831  0.00844511311721412  0.00869734616097724  0.00893213387968526
  0.00915695554643845  0.00942297446206886  0.00969744361079849  0.00998932202646292
  0.01031861498673390  0.01069516789303814  0.01106682978158682  0.01140205331419600
  0.01173332697897719  0.01207482528068080  0.01243926953502149  0.01276017794055142
  0.01304074888967312  0.01328872416955518  0.01348959704674163  0.01369649683891343
  0.01391436044590039  0.01414930403578644  0.01435587316557328  0.01447244124394182
  0.01458900786042613  0.01470556454776892  0.01482212123511170  0.01501056391499764
  0.01520559708825025  0.01578731256730479  0.01632793321153222  0.01679012269475828
  0.01725376929005323  0.01776710999750830  0.01830805427530525  0.01870164641832392
  0.01911771459526916  0.01952114135278925  0.01989050494549741  0.02044930795057973
  0.02109329702171901  0.02174687107418254  0.02257676543463816  0.02314925656681414
  0.02368053160311262  0.02425228759654335  0.02480713950583777  0.02562892251228859
  0.02630656458068988  0.02701197940120495  0.02748865676668143  0.02797627728119271
  0.02847405694511686  0.02898306242886527  0.02999653530347683  0.03177059286680581
  0.03367221080580374  0.03545182945970377  0.03705498800805716  0.03925286438751241
  0.04520649726179578  0.04889983425260213  0.05161528407036715  0.05423865753112048
  0.05670849184775061  0.05876851314076824  0.07582532949684635  1.00000000000000000
 -0.00169093267616475  0.00790354219708698  0.01600582536385858  0.02560054217846325
  0.03447604617753407  0.04286007851042350  0.05062410079039083  0.05814906638185550
  0.06618367606083567  0.07463502878312119  0.08314550151646366  0.09189927035831234
  0.10086642248312412  0.11021918257133702  0.12037744311872244  0.13101174104850322
  0.14167381743326340  0.15175370726583801  0.16147719970454305  0.17148677119203143
  0.18186931387556923  0.19271342109982989  0.20340132221260376  0.21371819596372083
  0.22423263965542725  0.23493092955107236  0.24612432188388739  0.25728171585039311
  0.26852016277476348  0.27973421834578588  0.29087364893460971  0.30133387894432589
  0.31163707356142406  0.32257056221879593  0.33366573126173921  0.34524276444992724
  0.35710477852268263  0.36933884133352818  0.38182533561012288  0.39453357174696829
  0.40774433334939569  0.42159960819234865  0.43647670810937433  0.44982797168809591
  0.46254457587379172  0.47437188764339150  0.48610400431586692  0.49771325849416309
  0.51042822162297119  0.52337377382324901  0.53561501848168458  0.54789869214197517
  0.56059097698060467  0.57391046838908732  0.58749153966807577  0.60144408903753965
  0.61462192787012349  0.62638849588428047  0.63707272569750761  0.64711691046942543
  0.65639900666363848  0.66467200418978001  0.67266696868522535  0.68066428670880630
  0.69047386271013900  0.70136325782339981  0.71230368754785323  0.72354995268128619
  0.73592912258899890  0.74901297054168570  0.76220811687049472  0.77455289302514851
  0.78635117807679078  0.79737621747215803  0.80811985623130811  0.81866533673352559
  0.82833194706824409  0.83731149250454673  0.84597019389630745  0.85476924182360181
  0.86424213421561713  0.87409990233766810  0.88368853760090693  0.89316807290955369
  0.90254200086371150  0.91151466366091982  0.92006168947455003  0.92848786056943589
  0.93725110304333492  0.94637404099114875  0.95522091036864076  0.96330253856498627
  0.97152180191380511  0.98087509646289273  0.99042862448688185  1.00000000000000000
  0.02877006776347269  0.06997535607518073  0.09232659779273662  0.10827989479372063
  0.12399819656483389  0.13960500248123967  0.15285593518753621  0.16597600336824705
  0.18000537391410310  0.19381089015616876  0.20796901545505814  0.22065801466069870
  0.23241551421052092  0.24362573776691929  0.25524463531646030  0.26543228022753296
  0.27594453400387497  0.28604518325120420  0.29628639101819382  0.30634300924922236
  0.31689091860617902  0.32863765824305141  0.34206093186786823  0.35562344720458644
  0.36849618798443673  0.38006891813760030  0.39107130156126074  0.40213629221581038
  0.41344645118481455  0.42439085582081415  0.43504651920588178  0.44575580264211573
  0.45627457974673863  0.46608176816781216  0.47537843494542076  0.48486111236335755
  0.49427441616850359  0.50331458713723665  0.51206647586134513  0.52100971099636439
  0.53115216137615184  0.54167246946629311  0.55226923465088307  0.56261624116809983
  0.57196921375254595  0.58166597565891764  0.59154216592658582  0.60115123959531058
  0.60996886117427374  0.61847415216063106  0.62721216917742284  0.63638837315666574
  0.64549665518095667  0.65378339170497057  0.66198135333515540  0.66994435054750368
  0.67793183918015976  0.68583544259911300  0.69328494275662911  0.70088450482725073
  0.70819154705630405  0.71603741326038695  0.72382557286775606  0.73139732225247511
  0.73860344715712922  0.74585434426242092  0.75343488525582303  0.76122659913018331
  0.76866057557542311  0.77584514306670638  0.78315868240167030  0.79078306137698262
  0.79911929394791070  0.80787188854757475  0.81629605978706044  0.82473679988794624
  0.83316697250522842  0.84147273563111735  0.85004298172858717  0.85826903698702217
  0.86615342074362467  0.87418939197442702  0.88230919781033845  0.89039652156776095
  0.89839185346959682  0.90641426629020205  0.91456835029300154  0.92281651669895903
  0.93124283156157028  0.93990644217189934  0.94936700664460061  0.95861362590482169
  0.96771678372166114  0.97646343063381202  0.98693231942752713  1.00000000000000000
 -0.01731162656366816  0.13145147577627478  0.18073818904394529  0.21181207692035250
  0.23600846381906820  0.25698934395814793  0.27684529619446269  0.29526937496793237
  0.31175864959686106  0.32629486444770706  0.33958442288567514  0.35195397418503627
  0.36339304404386619  0.37474165217947591  0.38598994841767037  0.39765838119038299
  0.40946144244821697  0.42090014171786794  0.43133859035651062  0.44061022813649936
  0.44919085382888668  0.45764424323021646  0.46524212760828526  0.47212358558481815
  0.47893066733111822  0.48620876705118077  0.49397746924142955  0.50117838261477188
  0.50789258140039062  0.51448858818462262  0.52105090014621525  0.52764258513631213
  0.53417000465583253  0.54079940459291265  0.54747857611147688  0.55399667320226853
  0.56039818739858660  0.56680022402189878  0.57329505361986655  0.57983946551232546
  0.58615340539741645  0.59199523511411145  0.59742728065937256  0.60267048503485210
  0.60796781682748724  0.61334758962592717  0.61886663702401556  0.62437780626928063
  0.62997487155509679  0.63579049968792423  0.64146703943166239  0.64705604848085685
  0.65246700218891474  0.65793357298562694  0.66362391993463776  0.66929510581479956
  0.67489080929352274  0.68035450571796741  0.68568562857446447  0.69123178968062227
  0.69716716007565671  0.70288939347481805  0.70831490800666141  0.71334545504030766
  0.71820887235295483  0.72257599602952238  0.72713633373284647  0.73175530337207928
  0.73660997501892689  0.74167995852335133  0.74677593701734035  0.75192780734006426
  0.75704135584116272  0.76231467929346985  0.76772852564671845  0.77370863655126787
  0.77990121316898908  0.78617720928054524  0.79256920101663386  0.79902091884335036
  0.80542634676204661  0.81106440417282144  0.81675314559692735  0.82241262951029892
  0.82780595981987692  0.83402151271579150  0.84082390393821871  0.84815404006393147
  0.85711925799378008  0.86662134974278837  0.87663892933691601  0.88731259547360564
  0.89967733120969517  0.91616111125221500  0.94098892122077882  1.00000000000000000
   3.3747605334519964E-004  -1.0000000000000000     
 F F F F F F F F F F F F F F F F F F F F F F F F F F F F F F F F F F F F F F F F F F F F F F F F F F F F F F F F F F F F F F F F F F F F F F F F F F F F F F F F F F F F F F F F F F F F F F F F F F F F F F F F F F F F F F F F F F F F F F F F F F F F F F F F
  <DiscreteSampler_grid>
  grouped_processes
  1 # 1 for a reference and 2 for a running grid.
  10 # Attribute 'min_bin_probing_points' of the grid.
  1 # Attribute 'grid_mode' of the grid. 1=='default',2=='initialization'
  0.0000000000000000 # Attribute 'small_contrib_threshold' of the grid.
  0.5000000000000000 # Attribute 'damping_power' of the grid.
 # binID   n_entries weight   weight_sqr   abs_weight
    10   10   1.514037734405744E+002   9.469738667996433E+004   1.514037734405744E+002
    11   10   1.514037734405744E+002   9.469738667996433E+004   1.514037734405744E+002
    16   10   1.514037734405745E+002   9.469738667996440E+004   1.514037734405745E+002
    17   10   1.514037734405745E+002   9.469738667996440E+004   1.514037734405745E+002
    22   10   1.514037734405745E+002   9.469738667996437E+004   1.514037734405745E+002
    23   10   1.514037734405745E+002   9.469738667996437E+004   1.514037734405745E+002
    28   10   1.514037734405745E+002   9.469738667996437E+004   1.514037734405745E+002
    29   10   1.514037734405745E+002   9.469738667996437E+004   1.514037734405745E+002
    34   10   1.514037734405745E+002   9.469738667996443E+004   1.514037734405745E+002
    35   10   1.514037734405745E+002   9.469738667996443E+004   1.514037734405745E+002
    40   10   1.514037734405746E+002   9.469738667996445E+004   1.514037734405746E+002
    41   10   1.514037734405746E+002   9.469738667996445E+004   1.514037734405746E+002
  </DiscreteSampler_grid>
