 -0.00249683840433945  0.00953698344052773  0.01970321403129500  0.03020464633210269
  0.04073961980037773  0.05127381720051843  0.06181194421483494  0.07235186957067513
  0.08289111530232118  0.09344205203151375  0.10399375243266883  0.11454667889372304
  0.12509840978628203  0.13563927083667715  0.14617712568587549  0.15670525337308333
  0.16723964963323754  0.17777334982210169  0.18831292316451495  0.19885694338652551
  0.20940464330059491  0.21995426684805719  0.23049645375897698  0.24103588947721735
  0.25157841573807049  0.26211912645322794  0.27265683377440253  0.28319324727016010
  0.29372414554079107  0.30425229061764397  0.31477595897139971  0.32530529774245553
  0.33584240871959098  0.34638025127189204  0.35692028646540891  0.36745729537143679
  0.37800024023345313  0.38854352057972341  0.39908871393386031  0.40963500343860204
  0.42017389359408874  0.43071151592217510  0.44124644270901525  0.45178722487299605
  0.46232919035328723  0.47287234173944015  0.48342154614764493  0.49396866894180885
  0.50451413719170890  0.51506207301288887  0.52561034009241259  0.53615839032272850
  0.54670390879212916  0.55725320648118659  0.56780387453592840  0.57835748430993850
  0.58890200331073661  0.59944204506368459  0.60998110258769522  0.62052952974013309
  0.63107470047203329  0.64162091742924021  0.65216638866292498  0.66270468863297527
  0.67324292178096945  0.68377627974248611  0.69432461119730216  0.70487228918153289
  0.71541942350406318  0.72596186341860047  0.73650412843806345  0.74704830226487196
  0.75759564139550817  0.76813850759535196  0.77867594365544479  0.78920840384414981
  0.79974406232009176  0.81028073133839729  0.82082407178712125  0.83136839374395410
  0.84191901663720214  0.85246339666438897  0.86299963835514015  0.87353501130891409
  0.88406950389632932  0.89460766903282107  0.90514112947067860  0.91568127624887918
  0.92621983759572757  0.93675220261127812  0.94728379267091600  0.95781816794411889
  0.96836682787446571  0.97891294892739955  0.98945861191330209  1.00000000000000000
 -0.00249689411197578  0.00948898663172428  0.01964863318261986  0.03015492383599292
  0.04068966666495811  0.05121988374378306  0.06175207757251393  0.07229197913255904
  0.08283617975977273  0.09337948191161638  0.10391819726551385  0.11445352983927970
  0.12499902113427849  0.13554973967024642  0.14610094169888552  0.15664437670528608
  0.16718147474752609  0.17772313128064104  0.18826940290528468  0.19882042567359709
  0.20936371798561942  0.21990961052870736  0.23044528048895760  0.24097421345577433
  0.25150091568245525  0.26203361582517065  0.27258098979439860  0.28312662249200721
  0.29367736225499325  0.30422600633456720  0.31477614583562907  0.32532575308276052
  0.33587015778768697  0.34641484143525608  0.35695903959316544  0.36751062789220357
  0.37805619397505807  0.38859703589022943  0.39912924138894496  0.40967114164447360
  0.42021021426316729  0.43075731923744731  0.44130184054549193  0.45185515034085966
  0.46240895488760098  0.47296476883497318  0.48349139414732889  0.49400865758293350
  0.50452551990703720  0.51506849998044646  0.52561547379448825  0.53616190021298593
  0.54669460079125287  0.55723305578027338  0.56775776788251997  0.57829307009038056
  0.58882558458142475  0.59936053024612479  0.60989933927248707  0.62043016018851072
  0.63096594518153648  0.64150194029323337  0.65204796035855095  0.66259247670598398
  0.67313957628701404  0.68368134214905363  0.69422717702510939  0.70476953346892590
  0.71531139581326442  0.72585472939700812  0.73640116915376941  0.74694598519249711
  0.75749200200785904  0.76803783693312544  0.77858827569607203  0.78913392794224968
  0.79966874293759027  0.81020731032558746  0.82074851465426724  0.83129858072115426
  0.84184821493704054  0.85239595975963400  0.86294455187262420  0.87349141758214022
  0.88404373794724256  0.89458460214953661  0.90512448866205730  0.91566570806765024
  0.92621049196666749  0.93675186090452967  0.94729081542621740  0.95783899444551190
  0.96839202376571398  0.97893393967327580  0.98947092150882365  1.00000000000000000
   2.5524916713550949E-008  -1.0000000000000000     
 F F F F F F F F
  <DiscreteSampler_grid>
  grouped_processes
  1 # 1 for a reference and 2 for a running grid.
  10 # Attribute 'min_bin_probing_points' of the grid.
  1 # Attribute 'grid_mode' of the grid. 1=='default',2=='initialization'
  0.0000000000000000 # Attribute 'small_contrib_threshold' of the grid.
  0.5000000000000000 # Attribute 'damping_power' of the grid.
 # binID   n_entries weight   weight_sqr   abs_weight
    10   10   1.322623097372511E+010   1.749331857703256E+020   1.322623097372511E+010
  </DiscreteSampler_grid>
