 -0.00248617481663585  0.00958517974021841  0.01975868493155081  0.03027744729836523
  0.04081611509504136  0.05135960801579870  0.06190270161185559  0.07244753615867985
  0.08299004488643219  0.09354002323891951  0.10408159293591177  0.11462304709657045
  0.12515938344376892  0.13570217862290887  0.14624534092164698  0.15679156355363411
  0.16733650251224519  0.17788330133499811  0.18842435312572139  0.19896820614406435
  0.20950041824476393  0.22003830224307455  0.23057711873403827  0.24112861229352861
  0.25166752597817432  0.26220113046486060  0.27272599488287402  0.28326112130100789
  0.29379267536257953  0.30433018873848583  0.31486509618478392  0.32540848550024842
  0.33595348584014989  0.34650086562756838  0.35704857950460511  0.36759667182328015
  0.37814765549907664  0.38869854716836988  0.39924734315853200  0.40979599104861170
  0.42034284216012940  0.43088793201402925  0.44143053416677397  0.45196916230774126
  0.46250718711935579  0.47304356538128700  0.48357742091825073  0.49411372211003224
  0.50465443068876292  0.51520316543925537  0.52575045338795090  0.53629360727148834
  0.54683609720757731  0.55737536827404466  0.56792030844094599  0.57846464818678622
  0.58901362391085232  0.59955718227661126  0.61009898235800986  0.62063097074863249
  0.63116753584995877  0.64170051670168837  0.65223738627335126  0.66277540895544806
  0.67331436171717263  0.68385794729026883  0.69439473579408972  0.70493431890885694
  0.71546704615100243  0.72600651462417098  0.73654754888435292  0.74709364106311527
  0.75763736773175328  0.76818144226462326  0.77871704588207424  0.78925002613791728
  0.79976743148530660  0.81029887849521476  0.82082552989549162  0.83136844722359138
  0.84189880176202725  0.85243406807463862  0.86297005919185121  0.87351776939591819
  0.88406784475062683  0.89461406270978661  0.90515658551254419  0.91569852922254202
  0.92623590563292679  0.93677065587979469  0.94729729499518178  0.95783104435975919
  0.96836903518052375  0.97891637600777892  0.98945898341855332  1.00000000000000000
 -0.00247348979834719  0.00957046192957028  0.01975181101596960  0.03027145725879750
  0.04081931227779440  0.05136307243122635  0.06190719335700912  0.07245183351883563
  0.08299162154776582  0.09353517949555071  0.10407388882800635  0.11461636513955563
  0.12516005629227892  0.13570564219373285  0.14624699351214612  0.15678306013083784
  0.16732246481180843  0.17786406126904777  0.18840417961867320  0.19893836472198814
  0.20947374579447037  0.22001397063982039  0.23055914400620511  0.24110738304832549
  0.25165696714712138  0.26220614451122376  0.27274400655889081  0.28328260158929464
  0.29381894426637634  0.30436631840640882  0.31491184430030916  0.32545996382140674
  0.33600625627845948  0.34655270606693972  0.35709910658870986  0.36764777110455743
  0.37819148913891271  0.38873422841038507  0.39927319127812333  0.40982012187700173
  0.42036047624525058  0.43088787585288846  0.44140585893684481  0.45193208402229396
  0.46247446611138671  0.47302448595936508  0.48356950594842585  0.49411426689608900
  0.50465684715489678  0.51519887686730026  0.52573984064110835  0.53627672836117102
  0.54681503217036742  0.55735219552084980  0.56789401337241330  0.57843870761928751
  0.58898164966877997  0.59952032730146654  0.61005869782516864  0.62059615828764092
  0.63113485757914312  0.64167115559914134  0.65220891337159048  0.66275037352342148
  0.67328701466397989  0.68382533733341411  0.69435553737872702  0.70488934236995970
  0.71542406901521460  0.72596144280835262  0.73649885854756114  0.74703882571425917
  0.75757183593257593  0.76810666250422055  0.77864007814984593  0.78918448644484429
  0.79972379585326070  0.81025456158559672  0.82078863520830458  0.83133137620658126
  0.84187557914122590  0.85241815571792168  0.86295494872003264  0.87349261640083375
  0.88403162229989585  0.89457541197652490  0.90512504338516253  0.91567420559645718
  0.92621942417354997  0.93676544876386347  0.94730349640418110  0.95784451816668070
  0.96838423688433284  0.97892728330896450  0.98946584382024005  1.00000000000000000
   2.5645697475005432E-008  -1.0000000000000000     
 F F F F F F F F
  <DiscreteSampler_grid>
  grouped_processes
  1 # 1 for a reference and 2 for a running grid.
  10 # Attribute 'min_bin_probing_points' of the grid.
  1 # Attribute 'grid_mode' of the grid. 1=='default',2=='initialization'
  0.0000000000000000 # Attribute 'small_contrib_threshold' of the grid.
  0.5000000000000000 # Attribute 'damping_power' of the grid.
 # binID   n_entries weight   weight_sqr   abs_weight
    10   10   1.322623097372511E+010   1.749331857703255E+020   1.322623097372511E+010
  </DiscreteSampler_grid>
