  0.00000514134086279  0.00000590289046308  0.00000661140370642  0.00000752944412500
  0.00000863529444250  0.00001000334416404  0.00001148115822453  0.00001292357447330
  0.00001444818275264  0.00001611895948801  0.00001789843308183  0.00001984199763810
  0.00002210172640886  0.00002428799923983  0.00002621933186761  0.00002827272699260
  0.00003067669146561  0.00003356687855956  0.00003703159084603  0.00004093085793212
  0.00004520660282984  0.00004983967543805  0.00005455840146015  0.00005987447563710
  0.00006584081032114  0.00007288856592695  0.00007991025216167  0.00008715633188229
  0.00009447100208686  0.00010267799601406  0.00011204599544029  0.00012211900493240
  0.00013235775710891  0.00014243238060651  0.00015271174866131  0.00016381996387312
  0.00017587570791460  0.00018885728748485  0.00020247918335082  0.00021717804885789
  0.00023479951539711  0.00025334892986264  0.00027389877837587  0.00029514538570811
  0.00031810667461933  0.00034348018572753  0.00036918989604196  0.00039749258477174
  0.00042371718314215  0.00045179850301201  0.00048158934157339  0.00051221599661070
  0.00054836959273460  0.00058566359052000  0.00062824003350735  0.00067201010710079
  0.00071652572281496  0.00076238646169117  0.00081252178906459  0.00086330057585438
  0.00091782038886450  0.00097706162247174  0.00104587484592471  0.00112507340271112
  0.00121460573547366  0.00131396555061911  0.00142029323966129  0.00153882141702414
  0.00167350660430120  0.00182521271239370  0.00198988445805791  0.00215644596911118
  0.00232135794928226  0.00248944968377593  0.00266492803579659  0.00288641849297648
  0.00315748875034695  0.00341573910392078  0.00367147228958573  0.00389676306498903
  0.00413796053545566  0.00438110123536470  0.00473885069468880  0.00510229849438817
  0.00560566068293938  0.00626746614360955  0.00687254707764211  0.00739316571833232
  0.00800459822301653  0.00867846380156818  0.00992122978356706  0.01129259137465652
  0.01421855713816202  0.01708124022396121  0.29230356856530743  1.00000000000000000
  0.00000621382032424  0.00000645410928949  0.00000673749092998  0.00000709399231932
  0.00000749098396275  0.00000798313174225  0.00000843872447896  0.00000889334304688
  0.00000933319679922  0.00000978715564061  0.00001031131422841  0.00001086942738557
  0.00001146918540110  0.00001211686538304  0.00001278745983367  0.00001349248787718
  0.00001424041080360  0.00001502262075672  0.00001583672147511  0.00001669915852559
  0.00001760047143007  0.00001861350260141  0.00001973951950848  0.00002087731695024
  0.00002198668362130  0.00002310948663263  0.00002426888264954  0.00002552494872545
  0.00002694448466448  0.00002843897467910  0.00003006006653001  0.00003181638039874
  0.00003370773349590  0.00003579418172610  0.00003805465281205  0.00004039322057902
  0.00004279833867844  0.00004529029186341  0.00004795275897259  0.00005069309425994
  0.00005340123741455  0.00005629889960299  0.00005927047116366  0.00006279686559130
  0.00006656275597926  0.00007053568268966  0.00007488379979691  0.00007934773567167
  0.00008405167121025  0.00008913764886071  0.00009472955845192  0.00010140376051538
  0.00010832382139828  0.00011575617442466  0.00012353016757096  0.00013263981981498
  0.00014249909439414  0.00015281310857014  0.00016426130869581  0.00017667205693035
  0.00019165606306147  0.00020805225124597  0.00022692923407495  0.00024694702444581
  0.00026944272155861  0.00029286349084981  0.00031846931123136  0.00034613598094826
  0.00037645417276776  0.00041178768332140  0.00045124199760461  0.00049577161123429
  0.00054571607494613  0.00060000891496901  0.00066402681566482  0.00073657031535595
  0.00081966368059190  0.00091379448569773  0.00101732973728234  0.00114024542998329
  0.00128023676899875  0.00144760505964080  0.00164313142164814  0.00186947829525103
  0.00211640808509822  0.00238400168605218  0.00264735486981173  0.00291808240808213
  0.00322368067544143  0.00358330649481908  0.00392069039626279  0.00440174730994707
  0.00491600387738537  0.00627596947027117  0.36196107436333047  1.00000000000000000
  0.00000511220561334  0.00000534289851224  0.00000583639827119  0.00000644956062501
  0.00000709746272363  0.00000768911941187  0.00000831460309105  0.00000894150880570
  0.00000962514592253  0.00001026535613036  0.00001090326970902  0.00001151578716227
  0.00001212703330658  0.00001277028147974  0.00001341680776828  0.00001409111683034
  0.00001487583006705  0.00001578561055041  0.00001678750469254  0.00001784691065429
  0.00001885505847967  0.00001988984200582  0.00002099648942500  0.00002208235238969
  0.00002317929073887  0.00002428016190530  0.00002543545228316  0.00002674353015814
  0.00002817068544582  0.00002959902626248  0.00003114638687179  0.00003279271856007
  0.00003466900873179  0.00003676311888340  0.00003890155006766  0.00004106688944812
  0.00004332241966173  0.00004559823972554  0.00004809243225831  0.00005083056597367
  0.00005369106258146  0.00005665724119273  0.00005975872257594  0.00006306161699280
  0.00006663126936363  0.00007063799400530  0.00007510792318828  0.00007986929321641
  0.00008488500546473  0.00009034894577657  0.00009652085019103  0.00010338348978534
  0.00011091308298052  0.00011841516394376  0.00012607644177119  0.00013411402885357
  0.00014352351291504  0.00015384639468936  0.00016530542690449  0.00017829250249921
  0.00019294173124493  0.00020945826114876  0.00022636340123320  0.00024422250710771
  0.00026287112219884  0.00028294882235334  0.00030627404060339  0.00033383224465473
  0.00036691636875453  0.00040570723647269  0.00044901104810297  0.00049981673280871
  0.00055713332580409  0.00062208363042402  0.00069642643738319  0.00077681465761819
  0.00086423553809461  0.00095063260211821  0.00103869484329503  0.00112838775180530
  0.00123256248011477  0.00135335248509339  0.00153325146632259  0.00181510847214832
  0.00213726131946278  0.00250595077059132  0.00282941451558848  0.00311240709301359
  0.00342956679987072  0.00382563398058171  0.00427762952434034  0.00559338226189460
  0.00761775989539238  0.00996711176123050  0.30599677950157445  1.00000000000000000
 -0.00341519079032826  0.01590740897554312  0.02739014686163330  0.03829567007742569
  0.04774766621248524  0.05826783516788955  0.06904273719416167  0.08028733012569371
  0.09143901950162626  0.10218100582675488  0.11267212913131969  0.12335930170534454
  0.13384061490841992  0.14450152760946142  0.15607197819594804  0.16848834189638465
  0.18097338959987178  0.19377686849437784  0.20664023993535488  0.21870928553558200
  0.23022020416754585  0.24167605263670550  0.25342148001670423  0.26504322407653391
  0.27689836934910173  0.28884168108539143  0.29963724356450616  0.30988734383841221
  0.32017734715206148  0.33149021687033819  0.34243522873683663  0.35239498861474761
  0.36280776197803943  0.37375704024805473  0.38581488741606607  0.39794857518560572
  0.41018836629772437  0.42142231236445066  0.43201571133592581  0.44159835630437394
  0.45129088368546089  0.46111538831697102  0.47174195609586450  0.48383578926222554
  0.49644310854457613  0.50879545665771031  0.52040986316595661  0.53165081898952538
  0.54288704323581061  0.55428510031229561  0.56573136241597499  0.57747707991677721
  0.58867096775935479  0.59897726303796683  0.60898819958435080  0.61868356707533534
  0.62894460852865763  0.63892340283832227  0.64933804443323995  0.66019886461653987
  0.67106797344116642  0.68198324755987838  0.69247277877992452  0.70303487975325574
  0.71271436853796721  0.72276933556743239  0.73240203260823500  0.74196161613550082
  0.75061773329082448  0.75960711654234192  0.76851186825012663  0.77794374292983615
  0.78724552230200784  0.79642111885418498  0.80559028289357792  0.81482890418184240
  0.82377216811513831  0.83294292216565535  0.84195680281626506  0.85106608973079367
  0.86061708096040401  0.87041485102563554  0.88027392023298823  0.89044702675801557
  0.90110263230466758  0.91090559212071598  0.92083167532611454  0.93013181429276215
  0.93961683899308934  0.94887834228116275  0.95795647636955472  0.96604643101033372
  0.97385778135754264  0.98189338078254740  0.99007853514324740  1.00000000000000000
 -0.00266907841682465  0.00916365453234554  0.01923576513066683  0.03007451236549635
  0.04142352506410339  0.05292415509887098  0.06416081434656279  0.07495432760859143
  0.08551157112785529  0.09578450450643808  0.10516217041048441  0.11444429868608821
  0.12382576547108815  0.13425771045895990  0.14478317660276907  0.15515356117042226
  0.16520723532977799  0.17610473465992921  0.18732939949272145  0.19863920764418841
  0.20942387024110390  0.22044284294486566  0.23104709412648111  0.24053245443582802
  0.24957107910393564  0.25869585837122250  0.26871464052956184  0.27944255271170759
  0.29041952752721079  0.30148016237849234  0.31095563931037518  0.31953707479990595
  0.32792958453735144  0.33675438772118782  0.34715062388693163  0.35807265332241411
  0.36947869085149554  0.38108679874345508  0.39263398350380829  0.40403964746357163
  0.41520787493056427  0.42594285988187158  0.43659943340915142  0.44786989128481225
  0.45935559346278199  0.47121005876297822  0.48331858847443881  0.49506020449716726
  0.50571631355635327  0.51531788445449955  0.52407732493556558  0.53241329749467059
  0.54024374194841152  0.54924913335894765  0.55893316009735639  0.57037183992999840
  0.58259785741319547  0.59507107374407175  0.60721258199945849  0.61896531689539869
  0.63054633933264725  0.64209988752127778  0.65331593980972325  0.66420358250918110
  0.67555452527438975  0.68724769465136593  0.69889096191493449  0.70970980823190322
  0.71860778184714469  0.72666004208788904  0.73480092555379051  0.74422377279194407
  0.75491316360157001  0.76547566082600382  0.77583419923093899  0.78633046395048500
  0.79728989859534116  0.80849505315178272  0.81984317287297348  0.83009285248263764
  0.83909875449357774  0.84813984352319560  0.85741842332949847  0.86699146303473773
  0.87677561331211784  0.88591066989501144  0.89618276577435318  0.90732611563483967
  0.91787643460696378  0.92906619587664618  0.94031231429196105  0.95219343067468643
  0.96442296814689910  0.97668466979000435  0.98850524487987790  1.00000000000000000
 -0.00175742071736477  0.00611560872618805  0.01442768546250195  0.02243000798233742
  0.03297211304438894  0.04421561217028497  0.05610443398666657  0.06795931030434399
  0.07962744608186798  0.09141371124699824  0.10296124360738808  0.11431399722393737
  0.12498454324658373  0.13457719559680392  0.14398493390130321  0.15268284296313339
  0.16255345612650360  0.17310074243521797  0.18354109921458686  0.19452991473168640
  0.20612904794072578  0.21763243936306978  0.22906954977051452  0.24026675222314411
  0.25156724099355743  0.26275231320170028  0.27335294071883343  0.28396855418598216
  0.29519722061490988  0.30691463957969467  0.31778562100594920  0.32804214954887284
  0.33826430549810516  0.34821346794224889  0.35868307928379123  0.36937955489057189
  0.38052482958919787  0.39096117570749195  0.40122394388144161  0.41134372551708437
  0.42161538352884176  0.43178629657675005  0.44244387078884517  0.45252968713053898
  0.46276360278300355  0.47339591952261700  0.48361876391177910  0.49321903418584778
  0.50209237603563162  0.51011060446709910  0.51915433847187753  0.52792483028390014
  0.53742979836112081  0.54777884729959392  0.55844694724130139  0.56939380489631897
  0.58020373670914926  0.59165984791347337  0.60275827543963922  0.61377952815742021
  0.62490832655286432  0.63646423405232311  0.64855959203391444  0.66074205015320464
  0.67253952930626815  0.68400515744857304  0.69537020632695035  0.70680803638144596
  0.71762073642161606  0.72827166180489522  0.73838086826857152  0.74634296083076890
  0.75387824644322365  0.76145414917100873  0.77032148505735598  0.78099026999968690
  0.79151513104392701  0.80207908216862245  0.81319147853375351  0.82504815765135575
  0.83652568577857234  0.84727738374473571  0.85746007477544972  0.86813959570819166
  0.87968529407481610  0.89084938549665338  0.90089334628565232  0.91106975569697890
  0.92152605101469465  0.93282363060681805  0.94349121800294122  0.95395157893777471
  0.96425173708469525  0.97495426703730137  0.98710967865667343  1.00000000000000000
 -0.00007672437154158  0.00004982447137240  0.00017637331428639  0.00043921529043317
  0.00069385327668619  0.00084552146924640  0.00100075791409004  0.00115934208948157
  0.00133219105068945  0.00151112510642012  0.00169724559889838  0.00188476624302380
  0.00207150714285607  0.00225623077467255  0.00244553435981591  0.00263771227545640
  0.00283551258086711  0.00303890583177951  0.00324396285118378  0.00343397611110124
  0.00362563035065109  0.00381885393935403  0.00400849378370783  0.00420468699869988
  0.00441263461378197  0.00462369480274995  0.00483639970239302  0.00504845417710617
  0.00525558104011059  0.00544064749849297  0.00562745117451972  0.00581920706443351
  0.00602156914514407  0.00622698047635759  0.00643638262625060  0.00665716117677879
  0.00688690435359412  0.00713703715802529  0.00742171802069138  0.00771357211727338
  0.00792700694252544  0.00813844756373417  0.00834821426950514  0.00856502696277785
  0.00878196883701996  0.00892514207576713  0.00906831531451430  0.00921423047389541
  0.00936901779487525  0.00952380511585510  0.00966353110756746  0.00978745865761663
  0.00991138620766580  0.01019935669785207  0.01051769429383393  0.01083581191841274
  0.01116008554687460  0.01154139751994426  0.01204033099249798  0.01254589789903642
  0.01295291914540556  0.01329296086423252  0.01358122061605691  0.01383861369624104
  0.01412631738817491  0.01443465120118737  0.01477686426675474  0.01543682489951112
  0.01601797353435164  0.01660033395127260  0.01721397453164682  0.01796187547207024
  0.01855850708649603  0.01914523949208951  0.01971477029997533  0.02016723569468263
  0.02059574899322227  0.02088837314354424  0.02120694225909966  0.02154893760452510
  0.02189685222728433  0.02275658115788878  0.02425222005347171  0.02542883278248892
  0.02705210577722053  0.02972437908241257  0.03133247046948892  0.03328404817474197
  0.03631935063852201  0.03996414231246424  0.05214591637113646  0.05967563824854659
  0.06294506150514273  0.07083407292485719  0.40377017139057952  1.00000000000000000
 -0.00193088285823238  0.00997671860964403  0.02008300580297644  0.03011653967256839
  0.04000087121140119  0.04948660234626855  0.05922507248279637  0.06938214218581208
  0.07995687276753900  0.08866514121971171  0.09715184517157832  0.10560257481698895
  0.11463817701258262  0.12459318873677994  0.13430183468369908  0.14434782908713334
  0.15483195610449699  0.16533379997817341  0.17548487334370391  0.18520612579543008
  0.19414877551835116  0.20303798411467247  0.21209377400498677  0.22130573860478189
  0.23111621604363594  0.24140622002274195  0.25262590389118539  0.26391634911890555
  0.27527034784201437  0.28698899477991158  0.29865088047776067  0.31041772664851186
  0.32199681081581383  0.33335925521456516  0.34458263096133679  0.35547840659371138
  0.36601420000602569  0.37626129046215051  0.38691513788195020  0.39825105910365960
  0.41013140934986897  0.42189491731677131  0.43309322196621891  0.44350304749906588
  0.45354150491510337  0.46371813517624466  0.47419255683152062  0.48494504284309453
  0.49577327976159741  0.50670755358767450  0.51811124475375181  0.52974144251775002
  0.54081711127092036  0.55133980596646415  0.56158978038651863  0.57217196756341770
  0.58260135524279089  0.59320491667131336  0.60378683371975572  0.61491647532593452
  0.62669144731145410  0.63879779836043826  0.65048771770202585  0.66169480632360000
  0.67326111542143563  0.68509342931853334  0.69687660037061705  0.70835039871763195
  0.71964810617093289  0.73122895736215543  0.74153989131205911  0.75238402105110136
  0.76317753436631397  0.77277450530749403  0.78192338541532702  0.79114636263636662
  0.80119567283517179  0.81354602906145379  0.82523777558932510  0.83516259935477477
  0.84465764117655273  0.85399322075218320  0.86410151004435232  0.87503367655298936
  0.88614436341341840  0.89719013292899275  0.90760698120779060  0.91824216440881512
  0.92862990090095365  0.93870096493841726  0.94863097955270514  0.95890536570751084
  0.96959332744278870  0.98027469780742682  0.99039785298942529  1.00000000000000000
  0.05933069353753869  0.14137522654817830  0.16197697266122177  0.17553037291137391
  0.18652030581736059  0.19593699324218239  0.20461262735863409  0.21378878368036558
  0.22403650161783339  0.23357415340089996  0.24159617947037421  0.24960430220657845
  0.25922507139838408  0.27046647127975615  0.28142925426428700  0.29200994400867170
  0.30289304585114013  0.31352912783858639  0.32309551393269920  0.33222435339752776
  0.34131264044618453  0.35012271356372598  0.35915474235977202  0.36835131225432938
  0.37867701964995432  0.38972084750536451  0.40006357622291372  0.40990151191408480
  0.41930246202010724  0.42914596631477170  0.43919931019776687  0.44912076238723941
  0.45898739396140575  0.46853799063702756  0.47790206120483819  0.48739568948268835
  0.49716381196211934  0.50696757616984911  0.51644529655369864  0.52516441493472643
  0.53305448535336497  0.54052437664800890  0.54793408885100814  0.55537950228074073
  0.56275767860419090  0.56945144154467064  0.57586287441833683  0.58223930116417899
  0.58875688587463093  0.59551713238426462  0.60247879389226922  0.60866178002379601
  0.61543352488099701  0.62233186097224191  0.62925656339025715  0.63623665517544303
  0.64287191776221175  0.64976799952587738  0.65694272825910394  0.66414413316517895
  0.67143192767388893  0.67842600785078866  0.68532389855534415  0.69196904796314829
  0.69881020431936924  0.70584935468771504  0.71342230979849208  0.72142110251903646
  0.73005453812755972  0.73910289836524012  0.74833670016963083  0.75735094898337807
  0.76596337820863614  0.77451146257770076  0.78311672802808840  0.79227581379428447
  0.80139503931683387  0.80999752129836033  0.81819918328614627  0.82661427802245147
  0.83527700925043313  0.84415939925887828  0.85218762358695577  0.86061142410288571
  0.86921067275882691  0.87890483381777529  0.88889245210727996  0.89922115612509623
  0.90971119516945076  0.92031556794604730  0.93097067696928770  0.94222107073818517
  0.95375693256674421  0.96580133748689478  0.98040715159753400  1.00000000000000000
 -0.01872768808594637  0.12966353444094869  0.17565639738129774  0.20390329129855117
  0.22823864171366048  0.25052337796712737  0.26926967534906232  0.28784814684230031
  0.30547917033748379  0.32187487418521771  0.33592047588906593  0.34952956769674348
  0.36275288922174631  0.37529922298282420  0.38649466975695518  0.39694456790611887
  0.40655732997547106  0.41585561149351175  0.42511146359812746  0.43492772234264621
  0.44489930960950919  0.45427592880463757  0.46322882390719389  0.47210156116331897
  0.48085323386327006  0.48933241424045160  0.49762653431980330  0.50558999348043809
  0.51263264601236391  0.51909093839549769  0.52537695878688062  0.53149647668881705
  0.53821792608878727  0.54459638054964499  0.55067676642487096  0.55632615819797815
  0.56199714394421385  0.56766433908485248  0.57348329685721244  0.58067205330532734
  0.58709825755000722  0.59363910642542372  0.59942258490714129  0.60506474370585772
  0.61059529103782195  0.61600847277650805  0.62177334657727612  0.62713279982502035
  0.63205607523346685  0.63699879724760655  0.64198669780759809  0.64766847712146980
  0.65347292214470831  0.65932964667556737  0.66522870771518294  0.67096742644633200
  0.67633143392632256  0.68154213264064245  0.68646045665775235  0.69161764924153879
  0.69638166939065815  0.70103163294086190  0.70567814829166553  0.71041479540406449
  0.71558664463141208  0.72107397613587842  0.72652152003427073  0.73196298034037655
  0.73731481509654573  0.74272086876026777  0.74858612629559440  0.75455106594474042
  0.76069382624890058  0.76662002357637649  0.77216510681365857  0.77743723526869990
  0.78275851385309136  0.78827807641861214  0.79370214130488104  0.79898166237510870
  0.80414330547722535  0.80966708545393606  0.81570560716825891  0.82222223430426089
  0.82868017260483917  0.83506712170047381  0.84205795370293945  0.84956273006143834
  0.85769574645352764  0.86640022330216759  0.87579954617687616  0.88715017315249722
  0.90046222284032229  0.91794326059230125  0.94416164106223754  1.00000000000000000
   9.6759159893041954E-004  -1.0000000000000000     
 F F F F F F F F F F F F F F F F F F F F F F F F F F F F F F F F F F F F F F F F F F F F F F F F F F F F F F F F F F F F F F F F F F F F F F F F F F F F F F F F F F F F F F F F F F F F F F F F F F F F F F F F F F F F F F F F F F F F F F F F F F F F F F F F
  <DiscreteSampler_grid>
  grouped_processes
  1 # 1 for a reference and 2 for a running grid.
  10 # Attribute 'min_bin_probing_points' of the grid.
  1 # Attribute 'grid_mode' of the grid. 1=='default',2=='initialization'
  0.0000000000000000 # Attribute 'small_contrib_threshold' of the grid.
  0.5000000000000000 # Attribute 'damping_power' of the grid.
 # binID   n_entries weight   weight_sqr   abs_weight
    31   10   1.499393176123630E+003   7.244929759617040E+006   1.499393176123630E+003
    32   10   1.499393176123631E+003   7.244929759617044E+006   1.499393176123631E+003
    40   10   1.590701016292476E+003   1.225408615750107E+007   1.590701016292476E+003
    41   10   1.590701016292481E+003   1.225408615750116E+007   1.590701016292481E+003
    55   10   1.499393176123629E+003   7.244929759617035E+006   1.499393176123629E+003
    56   10   1.499393176123630E+003   7.244929759617038E+006   1.499393176123630E+003
    64   10   1.590701016292476E+003   1.225408615750107E+007   1.590701016292476E+003
    65   10   1.590701016292480E+003   1.225408615750115E+007   1.590701016292480E+003
  </DiscreteSampler_grid>
