  0.00000452145443023  0.00000494495073027  0.00000533920004104  0.00000571119715373
  0.00000611424116963  0.00000655566491426  0.00000701030230219  0.00000746693887774
  0.00000792516718574  0.00000838846397785  0.00000887358447961  0.00000939674204631
  0.00000996182114993  0.00001055699732497  0.00001117858939976  0.00001182397288022
  0.00001248581345001  0.00001319020662161  0.00001394310900726  0.00001473974070018
  0.00001557706744976  0.00001644708231421  0.00001735982804494  0.00001834251551449
  0.00001940008514315  0.00002049186915942  0.00002161353946588  0.00002278037805888
  0.00002397120881071  0.00002520402124013  0.00002647993484106  0.00002779072719882
  0.00002918262144591  0.00003067988194560  0.00003225622179583  0.00003392720891579
  0.00003572567172696  0.00003760161135991  0.00003957986423994  0.00004169913734989
  0.00004392426623267  0.00004626978762339  0.00004880530122579  0.00005148664609410
  0.00005424426059030  0.00005714411664090  0.00006019287639470  0.00006336458490991
  0.00006656249765877  0.00007003943609806  0.00007380614168757  0.00007761287792640
  0.00008155257003037  0.00008578340352148  0.00009033363542667  0.00009541533808811
  0.00010107880498732  0.00010711105956591  0.00011330560581349  0.00011967872122620
  0.00012648889994394  0.00013368412626626  0.00014129476191269  0.00014973386974827
  0.00015897701220055  0.00016907122444060  0.00018011424942058  0.00019183379771953
  0.00020410765171032  0.00021752570828539  0.00023246284729329  0.00024884040549023
  0.00026656041190630  0.00028524294545610  0.00030570364816681  0.00032890931474737
  0.00035568032714852  0.00038710941061904  0.00042155134356369  0.00045956754725733
  0.00050315752542007  0.00055301345946368  0.00061236945949274  0.00068145355750166
  0.00076388073160346  0.00086486319718844  0.00099639796526453  0.00117792265387970
  0.00144468440039546  0.00181728906416307  0.00228808177376576  0.00297729069308244
  0.00434700507860496  0.00758769987032532  0.01699507683863903  1.00000000000000000
  0.00000517838008533  0.00000600892164258  0.00000669793879753  0.00000750714571184
  0.00000841791013142  0.00000939490849255  0.00001044455065308  0.00001156620000663
  0.00001276098884424  0.00001400271873712  0.00001528925978251  0.00001664624873321
  0.00001809072229646  0.00001963744080429  0.00002127385317088  0.00002299698254486
  0.00002483567200139  0.00002672833401884  0.00002866746246567  0.00003069275516505
  0.00003285643973093  0.00003512798000596  0.00003752391600919  0.00004000298697115
  0.00004260203639983  0.00004525926343988  0.00004801223387981  0.00005090420280209
  0.00005399755673801  0.00005718864686895  0.00006049086902371  0.00006397725403004
  0.00006764103580896  0.00007150764490195  0.00007556459400186  0.00007976548028845
  0.00008408381025024  0.00008868269968374  0.00009351443689903  0.00009861857211159
  0.00010402261206490  0.00010963600900884  0.00011550352963441  0.00012185622660128
  0.00012861010099783  0.00013560288824982  0.00014276579837973  0.00015011007716604
  0.00015775613917055  0.00016584146962075  0.00017437119320519  0.00018334018555403
  0.00019292844800745  0.00020329548333263  0.00021458541949206  0.00022694208381751
  0.00024009517024152  0.00025403909490309  0.00026849124362686  0.00028406600147819
  0.00030061230233185  0.00031870550754019  0.00033863784614010  0.00036009713993964
  0.00038194796046086  0.00040497807913897  0.00043003004467608  0.00045699068349594
  0.00048796547477075  0.00052051902850746  0.00055512279615750  0.00059309140955520
  0.00063748957246823  0.00068655474612029  0.00074000647544451  0.00079791899075607
  0.00086604592054372  0.00094759465412274  0.00104244028257990  0.00114951605422400
  0.00126735586592229  0.00139717884523007  0.00154076582742053  0.00169683099501415
  0.00189032584830653  0.00215418211113226  0.00246932393177079  0.00284124013799157
  0.00332229311621149  0.00407974636054883  0.00501329937367571  0.00657080660590420
  0.01008941967103469  0.02257379780141436  0.44665472666402056  1.00000000000000000
  0.00000466727092644  0.00000480026411823  0.00000490930361611  0.00000503246044726
  0.00000516608756483  0.00000529662923398  0.00000543848959073  0.00000558257189845
  0.00000572513209394  0.00000586169815328  0.00000599758876810  0.00000613621350389
  0.00000629190321521  0.00000645573956733  0.00000662830188543  0.00000680831716244
  0.00000700493782321  0.00000721625696716  0.00000744274279219  0.00000768144458702
  0.00000792154095538  0.00000816193216956  0.00000840989091249  0.00000867942565865
  0.00000896910206743  0.00000929111604289  0.00000964429926165  0.00001001252827676
  0.00001039924778348  0.00001081177644478  0.00001124655559020  0.00001169454782431
  0.00001216200343732  0.00001266109408487  0.00001319733514110  0.00001377399948851
  0.00001438126713451  0.00001501232285740  0.00001567205674260  0.00001635842778592
  0.00001709808518912  0.00001789824609092  0.00001872636382314  0.00001963526763502
  0.00002059712084618  0.00002162955447616  0.00002269444345932  0.00002379838456536
  0.00002494520397047  0.00002617062641654  0.00002748408181578  0.00002882329183714
  0.00003020862111653  0.00003164380915461  0.00003310501318463  0.00003467442055820
  0.00003640757574525  0.00003823224722120  0.00004015025443325  0.00004218972836097
  0.00004434898139144  0.00004660515409722  0.00004899484587019  0.00005149080157353
  0.00005412298429730  0.00005690342221439  0.00005989893878286  0.00006317515626329
  0.00006673129812974  0.00007060409782113  0.00007475317144312  0.00007918374562067
  0.00008395652648088  0.00008910411255078  0.00009479726053924  0.00010130852210017
  0.00010861835310557  0.00011694219456127  0.00012644591847467  0.00013717390041324
  0.00014957351445056  0.00016461537963323  0.00018319252340025  0.00020623619350143
  0.00023477212006347  0.00026980223229142  0.00031614117412875  0.00037617268224582
  0.00045641551495200  0.00058064030401284  0.00079159448976997  0.00120070634886350
  0.00215797792339774  0.00686097328161584  0.37408159486361126  1.00000000000000000
 -0.00126543300460126  0.00506638297857294  0.01034556915428127  0.01537119191265213
  0.01986849436913666  0.02428982135233078  0.02858025634772607  0.03263622901330169
  0.03655891724669896  0.04052821297644068  0.04447065605729379  0.04859822184053111
  0.05293426337254648  0.05743920857257609  0.06199434288468939  0.06641085531930269
  0.07071729426953226  0.07503065946846435  0.07950181411521962  0.08403181082561101
  0.08867821152643364  0.09326815159265396  0.09773925104510400  0.10227873767217263
  0.10683106310512332  0.11129768515640449  0.11567521237990736  0.12007409103788269
  0.12462648987627732  0.12930559400498928  0.13410767061028322  0.13894982514543969
  0.14382833495508618  0.14881022929212426  0.15415640014694842  0.15945331750319625
  0.16506712215999850  0.17076124616046315  0.17649359875199497  0.18238802829365069
  0.18834256151174622  0.19438812520505516  0.20059878735513578  0.20693706504838080
  0.21340363428923317  0.21996986370638871  0.22650748793907835  0.23298109573622214
  0.23957097889830489  0.24654479044902788  0.25384501444501489  0.26122196541807990
  0.26865548096528075  0.27625391151866890  0.28412863882134581  0.29228061609953088
  0.30083874349503109  0.30963695515573003  0.31844657815416694  0.32731066203079234
  0.33643935739842401  0.34613129674516990  0.35638012181870982  0.36703323263389931
  0.37786159111777429  0.38896616403472195  0.40050340299945419  0.41238600569459377
  0.42457750517380477  0.43694425520192931  0.44946548597148206  0.46279448631297393
  0.47671223245540656  0.49021869690306163  0.50349740522150266  0.51794239950798904
  0.53346217764666992  0.55007312806153497  0.56748157927922771  0.58596310629267345
  0.60556390791190162  0.62543171925838581  0.64535446001420393  0.66535474106584247
  0.68665416283934999  0.70862954614175111  0.73192573756693202  0.75677067404942577
  0.78221900032408698  0.80911982322943754  0.83764595610896708  0.86664710960546798
  0.89759271325269163  0.92987947695775475  0.96310358052760447  1.00000000000000000
 -0.00235681711937186  0.00887705948890218  0.01908711132921635  0.02976953904989041
  0.04093789085560989  0.05203022553278496  0.06308119649210131  0.07422751191175694
  0.08508976426350796  0.09557611459989844  0.10599467501057817  0.11670344192351378
  0.12767605992071879  0.13859353819782386  0.14925388139633591  0.15999747263900918
  0.17036146161976715  0.18068063057660372  0.19085233874785823  0.20135507771795841
  0.21207684386246217  0.22292917608399271  0.23373208323312650  0.24471939669516618
  0.25529600191112406  0.26597648619687847  0.27652769299270957  0.28707694895401398
  0.29731293536623304  0.30746041112362466  0.31761964430570083  0.32821928148369772
  0.33894161475641521  0.34950567116770925  0.35975578066293801  0.37011842730374506
  0.38112613488648844  0.39195267420386587  0.40218951825688398  0.41264219525322154
  0.42328280991397232  0.43432190296885992  0.44457101146818107  0.45472605387718112
  0.46492733071916065  0.47525043976563436  0.48610886600211423  0.49698199162878443
  0.50827449373623512  0.51935200820013960  0.53018529055922681  0.54034606324053513
  0.55074623180413862  0.56135459772892893  0.57227615672416099  0.58286668029482513
  0.59351550571680589  0.60426416416896123  0.61507410024926468  0.62587243839618645
  0.63636929644307871  0.64671762522881282  0.65737105495482273  0.66860650650668096
  0.67988824640704459  0.69048710990709894  0.70084372629474012  0.71059032770228880
  0.72034509031747473  0.72982578467915871  0.74001955467674030  0.75040166786657003
  0.76082402724399711  0.77123060171180524  0.78216770728833018  0.79255177601257520
  0.80317037242880329  0.81294590918439924  0.82324712023847701  0.83351741273970759
  0.84400931909174359  0.85453561118436416  0.86477561317469720  0.87536504538609350
  0.88545481640028045  0.89490461912230246  0.90398507643190873  0.91350347250362174
  0.92381388247541163  0.93392468831716668  0.94428227123408071  0.95481520245518092
  0.96547183723162200  0.97655590286791338  0.98781839057616705  1.00000000000000000
 -0.00195075797068051  0.00814504977378265  0.01818880445450339  0.02836977739740491
  0.03914137778865151  0.04982839661812916  0.06076903387305149  0.07176815876523961
  0.08255006430349558  0.09332453004025416  0.10450636101034032  0.11539254740737435
  0.12630418195437965  0.13708959689722089  0.14828268358044169  0.15932980901214841
  0.17007772298247331  0.18053953992444022  0.19120405118944525  0.20165985476704207
  0.21169682758388281  0.22160923465302429  0.23186262071812944  0.24236063960341561
  0.25284437207388394  0.26312730086756125  0.27338823755654423  0.28385214853019997
  0.29481369622194048  0.30599986362237352  0.31706426574277546  0.32810829976866818
  0.33927452838402078  0.35038551722760447  0.36078192833920353  0.37061243040208702
  0.38025083597796089  0.39043300023637723  0.40096817192457496  0.41168299464749381
  0.42194624599472674  0.43220383232104215  0.44244687285318751  0.45246617361370828
  0.46250470293094087  0.47294188418799588  0.48349091460578691  0.49434728803825356
  0.50510898350920230  0.51556114956466292  0.52582127292088210  0.53605109067000967
  0.54660365305497594  0.55757621749821573  0.56878763863586090  0.57985808844447406
  0.59069473123709693  0.60110480623699802  0.61163092638583660  0.62218420519907547
  0.63286987322057386  0.64356355990316894  0.65419500024528798  0.66470310320829828
  0.67497225598237998  0.68490861338873044  0.69494182530066873  0.70519746352706691
  0.71593205039065477  0.72690192917575835  0.73769449153652056  0.74871800898499397
  0.75927726534708861  0.76974030344388167  0.77917862593388687  0.78847568936794932
  0.79758072845597983  0.80755482671770762  0.81833329895909690  0.83003658676483916
  0.84140787874468104  0.85247604588792869  0.86304114774935325  0.87355943588353546
  0.88424947454794955  0.89489941046232946  0.90554868082377249  0.91628540506256062
  0.92694650962705138  0.93808838690261809  0.94873918958945203  0.95938496551200469
  0.97024039269716722  0.98046164010999204  0.99041358813823321  1.00000000000000000
 -0.00025670130949717  0.00139894658152251  0.00261706910543958  0.00353802424289264
  0.00434094659782452  0.00505709921216549  0.00571146075245684  0.00632239847030830
  0.00690494874599773  0.00745888892146756  0.00802532737161316  0.00858869480925556
  0.00913515969299275  0.00966039948110647  0.01017918523767383  0.01071400559600636
  0.01124965587556574  0.01176980017317154  0.01227485337234252  0.01276262548401631
  0.01324523021347347  0.01373058365051682  0.01420390184529969  0.01463441829610398
  0.01503922121877951  0.01546947906984602  0.01593652478667651  0.01641161844765162
  0.01687338539042432  0.01732254107095268  0.01778569144717096  0.01830732711014550
  0.01886668651694818  0.01942744526376435  0.01995625610941858  0.02047850680165724
  0.02101696997689722  0.02154679958925224  0.02205506879674317  0.02254133305417468
  0.02307429079903370  0.02366498921017474  0.02425745996031687  0.02486893179883579
  0.02553817919177492  0.02624683956453403  0.02711933139002034  0.02788331783568659
  0.02849725835036286  0.02905550484815258  0.02960487133500294  0.03019801915924847
  0.03092908520579231  0.03171985070478525  0.03263832033628278  0.03354136978180817
  0.03438975793573557  0.03519926662206216  0.03605339005476407  0.03697906075893106
  0.03786707822468916  0.03876898619646015  0.03969498265502134  0.04061399144146892
  0.04169873319350985  0.04257371925707434  0.04337149911923469  0.04420793235983900
  0.04512403041294870  0.04599111809384945  0.04663213393867743  0.04717639422462470
  0.04772156566790572  0.04848009813819643  0.04924420649864954  0.05018495574725016
  0.05168534654585016  0.05324622416717639  0.05432734103036253  0.05547054153113074
  0.05652333269538872  0.05705855551770526  0.05788834010369438  0.05945141571678902
  0.06127624289904123  0.06260438318865635  0.06357392960477730  0.06556126655214520
  0.06823648556280433  0.07249025218710803  0.07765179031881254  0.08325316287470398
  0.09278405360210532  0.10805043899209683  0.14938111135792070  1.00000000000000000
 -0.00263361493260105  0.01016308962011133  0.02208390409309572  0.03476949877281225
  0.04696365723156425  0.05870351543178858  0.07012984989068019  0.08186383293242595
  0.09365173663337756  0.10519129263729994  0.11642715277605649  0.12761278174739663
  0.13875186964118141  0.15000905234847814  0.16111101971433542  0.17205772052027651
  0.18339608998402154  0.19456731162320107  0.20581905651193405  0.21677239085314359
  0.22740364559502582  0.23829742677446308  0.24919496916030379  0.26030542997195810
  0.27156541818020524  0.28194087236584348  0.29225271037875211  0.30241681550939631
  0.31264564396234157  0.32285806296830283  0.33313632904326579  0.34327255500508908
  0.35346813030713986  0.36344790932882498  0.37349326224123497  0.38336494424439793
  0.39319741383561485  0.40240768610924782  0.41131575594108066  0.42003461984574453
  0.42854920507272565  0.43672177411702623  0.44512119594598726  0.45369045708245359
  0.46257159311264456  0.47148715412500919  0.48060496056926771  0.48968624866620358
  0.49875644071394748  0.50748669154709380  0.51610320426746192  0.52476594188423442
  0.53376524444079643  0.54309157985226930  0.55233119726434776  0.56167671569669220
  0.57120865258965936  0.58098142990562796  0.59087122231091116  0.60073767515782395
  0.61100496540848925  0.62137024268569119  0.63190413183809013  0.64234371306788485
  0.65233799517063695  0.66195529286104915  0.67146321205868864  0.68129028861733454
  0.69148757838990726  0.70200092172545669  0.71282108743380190  0.72380975842428374
  0.73469540704151381  0.74555416170751199  0.75682635035158718  0.76835406442124321
  0.77989378258654374  0.79134348627335349  0.80261513671638829  0.81349893479777491
  0.82419007517030818  0.83532919565947761  0.84654556053273489  0.85765073813621473
  0.86857745851988899  0.87996939392518270  0.89151844799469959  0.90314363354497496
  0.91493972841411786  0.92696902733027731  0.93951148360674741  0.95210439002487823
  0.96430474482209438  0.97592562042884357  0.98744497359036609  1.00000000000000000
  0.01296900712526921  0.07323559586004229  0.09578918159150193  0.11649164420946584
  0.13779403302663212  0.15734973106970282  0.17512974864100520  0.19310788888683270
  0.21186033624555767  0.23029874416697310  0.24780909599121914  0.26441689302733223
  0.28081118436849067  0.29713173211704053  0.31268823502465515  0.32713718123191821
  0.34145498482575215  0.35606808415213548  0.37069268347651607  0.38528592450571891
  0.39976740265892313  0.41371093377998813  0.42736410061355135  0.44076756350096519
  0.45384545818765998  0.46668146510370762  0.47938576820972462  0.49222039188075584
  0.50511265520484494  0.51778027892420264  0.53000228519809145  0.54190308970474865
  0.55386375491119921  0.56548619029979885  0.57663625449603595  0.58774909917280094
  0.59887801468830149  0.60973750768140145  0.62034254350230578  0.63102782673889457
  0.64179270587253945  0.65226023962929891  0.66245647228567950  0.67251771892940049
  0.68257764057378567  0.69245636927998921  0.70200008994404828  0.71127811611303948
  0.72026196477241211  0.72900613354680044  0.73757573159442691  0.74602445053628241
  0.75413624953013825  0.76193371868830384  0.76953979835895003  0.77718704023828122
  0.78498499622514739  0.79256107432668021  0.79992048770650526  0.80705735124296207
  0.81421160605854737  0.82130637294872089  0.82822724548974314  0.83514658695139343
  0.84201541675257585  0.84882045564828446  0.85547509606233119  0.86189992727796505
  0.86815578340310284  0.87424248696983053  0.88019915434710883  0.88609175809077900
  0.89186249240478110  0.89749865362179970  0.90296652002177014  0.90826412377846133
  0.91339210897700485  0.91841418701383171  0.92341601740524670  0.92833861063292078
  0.93314162908561760  0.93782107225494094  0.94234266864096083  0.94659737664471599
  0.95077403167175767  0.95484467851932531  0.95891269824581538  0.96298621594401346
  0.96702401163544960  0.97101811542268457  0.97495923537418006  0.97888117762852256
  0.98292740212137519  0.98733035793431989  0.99280620889542803  1.00000000000000000
 -0.01555523849027858  0.06937308786977255  0.09666759850360707  0.11281416101689068
  0.12568088927216781  0.13677097519863562  0.14665676509037975  0.15548741264853319
  0.16333530645828442  0.17051024254983599  0.17745298776252372  0.18437593999791124
  0.19108774806943857  0.19729286968815282  0.20307567081479475  0.20869388164611635
  0.21425806404067269  0.21983372647665936  0.22540605188057000  0.23087320874621664
  0.23619040199907446  0.24144232597460261  0.24680366098984477  0.25210675874658101
  0.25740547971371291  0.26254811708441345  0.26766170534359668  0.27262533328595545
  0.27747098536138104  0.28224080867188744  0.28700087028263643  0.29188291855534143
  0.29689261085272717  0.30199015201604429  0.30703817157726204  0.31194196771667759
  0.31682894249870891  0.32179076611073681  0.32685058248399240  0.33197837031429400
  0.33707637500813653  0.34213235546505694  0.34723555631109626  0.35248660743655313
  0.35784458584612072  0.36327634507614326  0.36872177924057448  0.37410508317218888
  0.37941528551760761  0.38456865989655870  0.38972366679493575  0.39530286185514357
  0.40113495059094895  0.40721656327323735  0.41308024178941960  0.41886475308227056
  0.42458411581104849  0.43033669147768572  0.43598785416162328  0.44177047125788049
  0.44761867186653437  0.45376168816152368  0.45996558587616587  0.46621921943608041
  0.47248369913443938  0.47866463320674990  0.48522785690494974  0.49179745188592838
  0.49878264654775512  0.50582339900094597  0.51301452843998807  0.52032543194786596
  0.52744419845101798  0.53474800873842887  0.54209877221559144  0.54963566243662620
  0.55737433244344725  0.56545861920227314  0.57388644702110392  0.58235178480271121
  0.59129368608900279  0.60119500925297609  0.61196329904394231  0.62300101677614184
  0.63398227643201610  0.64530898786146185  0.65770092809132608  0.67125346436375988
  0.68582002560060662  0.70183699356716533  0.71942160602191307  0.73922231829483787
  0.76268577378330304  0.79191576190590030  0.83821739601360556  1.00000000000000000
   2.0625557029546503E-002  -1.0000000000000000     
 F F F F F F F F F F F F F F F F F F F F F F F F F F F F F F F F F F F F F F F F F F F F F F F F F F F F F F F F F F F F F F F F F F F F F F F F F F F F F F F F F F F F F F F F F F F F F F F F F F F F F F F F F F F F F F F F F F F F F F F F F F F F F F F F
  <DiscreteSampler_grid>
  grouped_processes
  1 # 1 for a reference and 2 for a running grid.
  10 # Attribute 'min_bin_probing_points' of the grid.
  1 # Attribute 'grid_mode' of the grid. 1=='default',2=='initialization'
  0.0000000000000000 # Attribute 'small_contrib_threshold' of the grid.
  0.5000000000000000 # Attribute 'damping_power' of the grid.
 # binID   n_entries weight   weight_sqr   abs_weight
    13   10   2.123226556926918E+004   3.801736671926497E+009   2.123226556926918E+004
    14   10   2.123226556926916E+004   3.801736671926490E+009   2.123226556926916E+004
    16   10   2.123226556926918E+004   3.801736671926498E+009   2.123226556926918E+004
    17   10   2.123226556926917E+004   3.801736671926494E+009   2.123226556926917E+004
    22   10   2.123226556926918E+004   3.801736671926497E+009   2.123226556926918E+004
    23   10   2.123226556926916E+004   3.801736671926490E+009   2.123226556926916E+004
    25   10   2.123226556926918E+004   3.801736671926497E+009   2.123226556926918E+004
    26   10   2.123226556926916E+004   3.801736671926490E+009   2.123226556926916E+004
    31   10   2.123226556926917E+004   3.801736671926494E+009   2.123226556926917E+004
    32   10   2.123226556926916E+004   3.801736671926490E+009   2.123226556926916E+004
    34   10   2.123226556926917E+004   3.801736671926495E+009   2.123226556926917E+004
    35   10   2.123226556926916E+004   3.801736671926489E+009   2.123226556926916E+004
    40   10   2.123226556926917E+004   3.801736671926495E+009   2.123226556926917E+004
    41   10   2.123226556926916E+004   3.801736671926492E+009   2.123226556926916E+004
    43   10   2.123226556926918E+004   3.801736671926497E+009   2.123226556926918E+004
    44   10   2.123226556926916E+004   3.801736671926490E+009   2.123226556926916E+004
    49   10   2.123226556926917E+004   3.801736671926494E+009   2.123226556926917E+004
    50   10   2.123226556926916E+004   3.801736671926490E+009   2.123226556926916E+004
    52   10   2.123226556926917E+004   3.801736671926495E+009   2.123226556926917E+004
    53   10   2.123226556926916E+004   3.801736671926490E+009   2.123226556926916E+004
    58   10   2.123226556926917E+004   3.801736671926494E+009   2.123226556926917E+004
    59   10   2.123226556926916E+004   3.801736671926492E+009   2.123226556926916E+004
    61   10   2.123226556926918E+004   3.801736671926498E+009   2.123226556926918E+004
    62   10   2.123226556926916E+004   3.801736671926490E+009   2.123226556926916E+004
  </DiscreteSampler_grid>
