  0.00000504374173896  0.00000515486846876  0.00000556366059003  0.00000593127760357
  0.00000629341990337  0.00000665461386565  0.00000700651233931  0.00000737157409703
  0.00000773939177210  0.00000813204812974  0.00000857014454770  0.00000904683714264
  0.00000954567591378  0.00001004256085462  0.00001052561670672  0.00001102784650823
  0.00001156984669987  0.00001211130577775  0.00001272149423094  0.00001337266582515
  0.00001406035541301  0.00001480796922384  0.00001559233478370  0.00001640892048069
  0.00001721792078727  0.00001794612453267  0.00001870944729906  0.00001953993590142
  0.00002043372500778  0.00002142450354879  0.00002246832809010  0.00002358162290754
  0.00002474132886279  0.00002600550728988  0.00002750024055420  0.00002903159671125
  0.00003052822330640  0.00003205367302299  0.00003360604448945  0.00003532960546087
  0.00003721993251230  0.00003930728035755  0.00004160499458573  0.00004409519430211
  0.00004671116528137  0.00004947559725000  0.00005253025309715  0.00005588338977133
  0.00005932702236579  0.00006282054315746  0.00006640222538740  0.00007021457286377
  0.00007433883852312  0.00007875231923650  0.00008351217845061  0.00008866847422792
  0.00009440919017067  0.00010079465602796  0.00010771040496023  0.00011547589359778
  0.00012439135903115  0.00013419892221834  0.00014467160563663  0.00015598375487340
  0.00016861221878977  0.00018252183402412  0.00019798828851578  0.00021530919438804
  0.00023593752306948  0.00026088282653311  0.00029120000578529  0.00032728728493684
  0.00036584031219811  0.00040753267818564  0.00045167848332915  0.00049250518201633
  0.00053761440213483  0.00059255410993831  0.00066527885891329  0.00076046416205224
  0.00086990137957428  0.00098673615556650  0.00112839296386769  0.00130476826130865
  0.00154353853063909  0.00185014767742102  0.00222556155198413  0.00268875196625029
  0.00318286800024252  0.00379613375077303  0.00467580007455759  0.00584031474194503
  0.00714340115681593  0.01059939383610675  0.38106016169198914  1.00000000000000000
  0.00000465109449238  0.00000493056271637  0.00000509133027749  0.00000526549708150
  0.00000545721267672  0.00000565367004914  0.00000585651257546  0.00000605658438464
  0.00000625436168472  0.00000645102929662  0.00000664983206308  0.00000685814105462
  0.00000708340497823  0.00000732346349480  0.00000757406828115  0.00000782505864673
  0.00000809352129997  0.00000837635544066  0.00000866522933188  0.00000894428742900
  0.00000923275541075  0.00000953309392074  0.00000985911286669  0.00001020144542508
  0.00001054237791860  0.00001091033686877  0.00001127956809180  0.00001166412746603
  0.00001206194429831  0.00001248267207043  0.00001294458793842  0.00001343680632667
  0.00001390898094317  0.00001438666329476  0.00001487520803630  0.00001539962457825
  0.00001594570594800  0.00001649803307571  0.00001709575641208  0.00001774027261945
  0.00001842199280978  0.00001913192236144  0.00001985123288049  0.00002059525328719
  0.00002133494107651  0.00002212830822317  0.00002301138317824  0.00002392268172444
  0.00002486993333489  0.00002588817970167  0.00002696443089977  0.00002807621085742
  0.00002922209569958  0.00003042773535081  0.00003169110789777  0.00003299978937384
  0.00003438260871211  0.00003589655323421  0.00003749757595637  0.00003908219852324
  0.00004096658810155  0.00004289409570423  0.00004485097628448  0.00004702425369243
  0.00004931446133236  0.00005181022862648  0.00005456765214434  0.00005760994738410
  0.00006093350397976  0.00006447406106576  0.00006819016518273  0.00007236990591617
  0.00007702259447645  0.00008262804790213  0.00008913371044442  0.00009617112934043
  0.00010419964681422  0.00011339647492973  0.00012393009389696  0.00013627388986963
  0.00015201342648344  0.00017215421084452  0.00019601906303371  0.00022345477736200
  0.00025746256275179  0.00029831647520726  0.00035082534016703  0.00041645470229354
  0.00050484806842083  0.00062187155196414  0.00083398417230182  0.00121908603657740
  0.00194963861162153  0.00322390002571182  0.26810039651048484  1.00000000000000000
  0.00000628681580019  0.00001026877768314  0.00001344027282422  0.00001647633427037
  0.00001955809171848  0.00002301073416445  0.00002664276406195  0.00003034951767757
  0.00003372149626816  0.00003738425253417  0.00004170141434130  0.00004669433672353
  0.00005184833911617  0.00005776976706128  0.00006451078869034  0.00007095980878242
  0.00007752761473277  0.00008439654083400  0.00009150844362276  0.00009939734855078
  0.00010820614317088  0.00011771135270267  0.00012772917073929  0.00013836612857626
  0.00014949179156948  0.00016130592135511  0.00017358946848812  0.00018691951194148
  0.00020072086052661  0.00021564769259296  0.00023103974928288  0.00024756532536427
  0.00026520187928646  0.00028421446689818  0.00030391784138542  0.00032419888061520
  0.00034469629221642  0.00036560194911426  0.00038671223725519  0.00040895429279387
  0.00043242671973236  0.00045685678870475  0.00048139468755285  0.00050739773620427
  0.00053364095811720  0.00056057563435139  0.00058865579267331  0.00061702862870845
  0.00064799990890284  0.00068569324004620  0.00072616423696526  0.00076915963788830
  0.00081712563971605  0.00087199575735709  0.00092578555037671  0.00097891209632082
  0.00103047604993935  0.00108455075532695  0.00114803050834032  0.00121884210754373
  0.00129383402834566  0.00136838538830714  0.00144069335799710  0.00151473362598488
  0.00159773057493125  0.00168759287936843  0.00178340611779018  0.00190190209151027
  0.00200562410166877  0.00211406282166659  0.00222522731263995  0.00232944942993812
  0.00243522632694219  0.00255322138361571  0.00268456744906675  0.00283995000995570
  0.00304007257640704  0.00324570680625402  0.00347758670103750  0.00375066940542101
  0.00408773075224097  0.00450001104497460  0.00494402836040449  0.00537830759085171
  0.00567572225735277  0.00595268183335006  0.00623152074224945  0.00651211558642481
  0.00680909255574958  0.00717749908296214  0.00762184035196041  0.00873037457727713
  0.01026255823376380  0.01771782776955253  0.22828351111070846  1.00000000000000000
 -0.00165739534233858  0.00718560326818721  0.01459672444774087  0.02238679269612238
  0.03046598172318972  0.03883332374744566  0.04737832044511640  0.05613649512534954
  0.06387363678706429  0.07073068710595638  0.07748257119418117  0.08427880869444133
  0.09237698536606506  0.10099436131761200  0.11012226242748741  0.11906908568523925
  0.12744945321424919  0.13646090096187494  0.14492612873041538  0.15443073924921122
  0.16419084905506642  0.17529984083018618  0.18667386850979734  0.19805407433412403
  0.20902372878400877  0.21956228729857921  0.22973054132717019  0.23982384151549926
  0.24957701853122383  0.25892131071950958  0.26781301335389335  0.27664988923836309
  0.28578219114852121  0.29541964662047449  0.30571207669518596  0.31612155674413045
  0.32768942991048544  0.33885623095780282  0.34933461301041174  0.35980387005357789
  0.36990197949334036  0.38069590984964163  0.39151037382917958  0.40219626273028719
  0.41262242549420020  0.42340904580580924  0.43407412019420799  0.44466256365089768
  0.45532811602641055  0.46673085462088548  0.47807394959472771  0.48848623183095369
  0.49877680932242657  0.50904509031975775  0.51940476043247963  0.52966945169082946
  0.53979845637942880  0.55004738500792916  0.56051827657934572  0.57032937723584287
  0.57975218691687957  0.58920149478492689  0.59906604928058060  0.60936143400672282
  0.61972613455509151  0.63219767012242511  0.64616418034405676  0.65910338623663822
  0.67137551548385399  0.68323264603815015  0.69516295299020736  0.70683456472293571
  0.71839416429306058  0.73059669541046202  0.74367329087466671  0.75683302415546994
  0.76934953046018273  0.78007870685152425  0.79014458342438443  0.80054636528015377
  0.81144054575484559  0.82232403346466088  0.83383051298522626  0.84644789506518459
  0.85930420284559772  0.87205435354281258  0.88452549671160985  0.89710998063138570
  0.91019988043593580  0.92339087840644263  0.93693785434893140  0.95031734914859611
  0.96365220270032936  0.97615229788021540  0.98815333319111787  1.00000000000000000
 -0.00202202569402036  0.00920553659583052  0.01841362152869937  0.02824500317612984
  0.03763136358049870  0.04703951594454975  0.05709422867574614  0.06775324965029396
  0.07932630460851664  0.08968724375454101  0.09942654040932435  0.10905057265438178
  0.11964775127295281  0.13039015152654121  0.14159322775551289  0.15284910769390100
  0.16438138052714552  0.17535502703489389  0.18625454456273063  0.19639485213950059
  0.20604437949914420  0.21416753186774412  0.22295415044791222  0.23277998740822198
  0.24225043249365127  0.25079321990353298  0.25881403856106694  0.26688621888759095
  0.27575838811411957  0.28733119977669036  0.29970148210526432  0.31228039623404280
  0.32401043757293380  0.33506165852372827  0.34601983264883296  0.35641727405042595
  0.36672773088250898  0.37684544295072903  0.38708347790412745  0.39695317614631082
  0.40647651729959172  0.41583476857654694  0.42582557855823039  0.43645758786563127
  0.44674837251853827  0.45724933509459348  0.46711766623980350  0.47652498300168983
  0.48613215207742888  0.49599963161749416  0.50692908709467555  0.51860575529202479
  0.53016461360079936  0.54077850508301262  0.55042336568759476  0.56000287655868519
  0.57024614536018570  0.58126658892820793  0.59251527890052480  0.60340036704828104
  0.61385138953168195  0.62391426592569921  0.63372991060753248  0.64381362735000747
  0.65433700823302277  0.66504933318750514  0.67533339040534368  0.68541255646056132
  0.69593467933018205  0.70731060612482710  0.71959833078195434  0.73166724618375822
  0.74276408972372177  0.75292493190010834  0.76261777876172809  0.77265011831684305
  0.78344902957665419  0.79467781879082000  0.80652028306454371  0.81887134934345573
  0.83188947753118136  0.84450731688518710  0.85677270663047023  0.86820879599074885
  0.87911565351289345  0.88970765466705926  0.89972292319070224  0.90980660976783767
  0.92062071531946332  0.93167135592622485  0.94259088560302806  0.95368229761923973
  0.96521607278968968  0.97691286772829999  0.98841602744217749  1.00000000000000000
 -0.00127532511264101  0.00682991977701916  0.01451908830793120  0.02242078149516364
  0.02997161302059464  0.03755299917001838  0.04501518049203807  0.05222205506004050
  0.05940874453379170  0.06700758648259107  0.07492286709962111  0.08253515240584065
  0.09032041525298637  0.09864116372924071  0.10719581502256104  0.11636786552808229
  0.12601504742450148  0.13577712069401851  0.14563356587546999  0.15605609099324588
  0.16728310591365250  0.17845614047179970  0.18962170549068189  0.20068643840772621
  0.21185289701442453  0.22297172995949122  0.23426719588739281  0.24542100348379653
  0.25624524623539713  0.26696390464297176  0.27781951581050057  0.28913841679433899
  0.30133228282605401  0.31434686553141000  0.32754529176177116  0.33976195994489922
  0.35139943470830071  0.36274798122645069  0.37437692769369640  0.38603396692777481
  0.39829641960701206  0.41117932763720355  0.42413720133445720  0.43731117453615198
  0.45053497014398852  0.46391044641811763  0.47801849743640840  0.49245423556010437
  0.50658627300561443  0.51872459475922572  0.53075800119693561  0.54230293730171208
  0.55371823214740579  0.56516179888294171  0.57761556212779730  0.59077917714512440
  0.60415841989567376  0.61660886818226246  0.62812542173593655  0.63897788249584331
  0.64980882133760165  0.66007524694167907  0.67030804390250076  0.67972746880033663
  0.69091286017830023  0.70334993109988697  0.71604335003082675  0.72807255336479315
  0.73920717178929363  0.75008162881664597  0.76044742609512461  0.77035469801171563
  0.77945511425218594  0.78775608590338886  0.79621069902098529  0.80539889816620058
  0.81626264113685187  0.82825555504748605  0.83995832432714856  0.85129855996223125
  0.86234658634343464  0.87315506260990217  0.88371925712290378  0.89406815122550998
  0.90404329702022102  0.91327253013833620  0.92185195895578553  0.93034116056927074
  0.93892724093911595  0.94765734147019498  0.95602647510484196  0.96460528241156007
  0.97330287731349829  0.98221267918009858  0.99113968937307395  1.00000000000000000
 -0.00265013471974553  0.01181742656985045  0.02246847816504191  0.03216677526090575
  0.04143218051053911  0.05109553382664346  0.06100853718493443  0.07096971485512128
  0.08115372247103081  0.09228651502365223  0.10359984336281255  0.11470335857895558
  0.12550903386229467  0.13482602988141282  0.14430211774363208  0.15401618844486151
  0.16523130196760602  0.17693539841893416  0.18859143063877931  0.20009199437349018
  0.21139494208434564  0.22298999650899909  0.23501063509141581  0.24664541173992002
  0.25730179156587191  0.26720835175480268  0.27731491724218627  0.28830464080369594
  0.30049925420834145  0.31256980632634307  0.32404814908683249  0.33515177102399685
  0.34608282810139346  0.35663888886273731  0.36690988017159387  0.37714624020332910
  0.38679619452713776  0.39611026151886108  0.40560611719743145  0.41602828360834104
  0.42695582049696146  0.43748436637621041  0.44740664525065071  0.45719045213762727
  0.46722541638745452  0.47730171638096447  0.48718539635101471  0.49728220236149023
  0.50797281553341811  0.51872144533302134  0.52918652553344514  0.53924714591443867
  0.54890524287230724  0.55852724064007897  0.56838389301033188  0.57885621632132300
  0.58875003767055079  0.59883337663045699  0.60893355295695917  0.61942711501133030
  0.62980634350640641  0.63997662140064226  0.64976907060530031  0.65958607832567029
  0.67014541489327539  0.68049810947129619  0.69029765141485766  0.70000740444984233
  0.71032283961258746  0.72159072799043456  0.73143856844009814  0.74124667645817843
  0.75117759272649298  0.76146408805391252  0.77177440935075048  0.78216790479820619
  0.79279553877439501  0.80261324926997157  0.81227683043606391  0.82196937395274505
  0.83227415966090579  0.84298999354137216  0.85380544429314598  0.86480708772493364
  0.87581322183415267  0.88643467381702912  0.89657277510214684  0.90649594247728937
  0.91704636401576578  0.92799772257725932  0.93915131437368760  0.95031872895341696
  0.96175438321236295  0.97434179803554988  0.98698788824691341  1.00000000000000000
 -0.00242375747214325  0.01117703241485184  0.02261906211604274  0.03438098327883431
  0.04530347855949927  0.05535530776244206  0.06469206515510899  0.07389745574497991
  0.08332351642761918  0.09275092446039035  0.10188482578262027  0.11166539914412582
  0.12077382910074728  0.12940467728872954  0.13775706610402363  0.14637406291575850
  0.15633641794996439  0.16689125883295070  0.17736839694528539  0.18842656875923816
  0.19897943249659905  0.20970216735967528  0.21995622903713924  0.23030850387829999
  0.24089400913288128  0.25095105752909608  0.26070287263877456  0.27054443343091433
  0.28153779377356453  0.29298000068317548  0.30439405985017781  0.31528421632453973
  0.32600529014221696  0.33659344439520628  0.34714623153795882  0.35788462622770789
  0.36767052573052061  0.37729768837425731  0.38719706996306869  0.39807820519154868
  0.40996034121904895  0.42183670821557029  0.43370938637062584  0.44465138645238994
  0.45536193362920685  0.46527845697405285  0.47598239863428021  0.48618836058331383
  0.49679920672997058  0.50751750733875167  0.51975101301149496  0.53216961264495466
  0.54431480243845920  0.55622982784492037  0.56734734643857743  0.57825282064320227
  0.58849884967151322  0.59824486457530734  0.60769109728794257  0.61703833220511717
  0.62644896762030133  0.63606146560869348  0.64648770961468083  0.65728585693833330
  0.66789562377975109  0.67735214826581991  0.68660199009411738  0.69645371802682698
  0.70716653137382768  0.71774521011509806  0.72766691620861457  0.73743046697732995
  0.74712368839733900  0.75696849453984616  0.76665999116873473  0.77701616274125862
  0.78849654804289571  0.80078632888187140  0.81320161447348382  0.82549128274943118
  0.83706521272156542  0.84811457993942152  0.85862785723502522  0.86874770821709613
  0.87930386522571158  0.89052085915325119  0.90217012217756143  0.91347313038426525
  0.92407309923666259  0.93457882720270058  0.94538292156140269  0.95675354143372615
  0.96776908942590423  0.97858086303855862  0.98908214239259462  1.00000000000000000
  0.03880625636965068  0.07141812002739063  0.09367835797740341  0.10490225303034653
  0.11066298746385693  0.11879018871855315  0.12797091671574748  0.13661265236430917
  0.14491841971662575  0.15368988547037005  0.16296436476075915  0.17380799990902496
  0.18540649111920046  0.19674887180222281  0.20768102899184362  0.21817358211342186
  0.22865296795416026  0.23989250877759444  0.25043603523253732  0.25980755085285157
  0.26882578772786297  0.27745253692922350  0.28630192107267993  0.29535198852745331
  0.30393326034513252  0.31284122753511612  0.32208735972326019  0.33111161238978981
  0.33971394716011011  0.34835650349761954  0.35715313337169308  0.36567481692617682
  0.37404585725684575  0.38190953752574958  0.38978578463202168  0.39784433660059770
  0.40618722461571705  0.41462831187134203  0.42286092925987140  0.43085680158075257
  0.43888370918718123  0.44697641368240704  0.45554678346906785  0.46486628480004427
  0.47423858843497996  0.48340372843010859  0.49294472630218872  0.50234639885583987
  0.51199989211160513  0.52153046292243765  0.53082040366287608  0.53997386642115885
  0.54897085490299402  0.55800379270643730  0.56712036195626236  0.57604804417075139
  0.58480229651916416  0.59328393298124371  0.60151993700562667  0.60985525116472872
  0.61886858905232423  0.62895075158809299  0.63928594112884640  0.64925458230902333
  0.65853950237267234  0.66756761658964148  0.67645149451614950  0.68541973425176161
  0.69452433153408311  0.70397564746743335  0.71339780574918532  0.72292590884514740
  0.73270692808084403  0.74263722177967773  0.75285549828244447  0.76301740656539341
  0.77294783796792843  0.78258282109084987  0.79165369020401222  0.80046442748548163
  0.80915067436953181  0.81850567982725775  0.82866310082228856  0.84025122639330541
  0.85189122758432934  0.86302635337503009  0.87388760382472530  0.88466866326213955
  0.89552689892194148  0.90590175633423253  0.91705259672089179  0.92987115656206143
  0.94445376515164237  0.96008840021031794  0.97900232891187633  1.00000000000000000
 -0.00891733847755411  0.05305153753583038  0.07888570101771168  0.09574157471766660
  0.10842909396902869  0.11840540905370371  0.12777192025124651  0.13698673540232906
  0.14606075446856906  0.15449384559496201  0.16242374629012762  0.16995395539735342
  0.17730796268611751  0.18422771697167900  0.19076177201744327  0.19701950963268033
  0.20319391287112398  0.20972913819015082  0.21578681411526701  0.22183554015228948
  0.22779236741605824  0.23361985880050409  0.23951034878541760  0.24550550277914790
  0.25130421373434259  0.25671945188355594  0.26173827241240682  0.26649920726799786
  0.27135328505797673  0.27661344284533851  0.28225691446626916  0.28779074081758271
  0.29337164412081035  0.29910036589458133  0.30514490272664307  0.31160805623076604
  0.31825541157266563  0.32493695094998948  0.33132532729099901  0.33709624119258291
  0.34297732449635210  0.34822092186519016  0.35348135339003212  0.35862887420551237
  0.36373661192490236  0.36939825030928669  0.37495087156862533  0.38068314644689832
  0.38623293224493049  0.39197340490002558  0.39813739360514688  0.40463039412471352
  0.41087870812830118  0.41705790464153120  0.42335512030807620  0.42991211646752331
  0.43648382653014239  0.44342546320955534  0.45043399134699441  0.45721123021987697
  0.46360776464408726  0.46988511858151483  0.47653029626968030  0.48326933552567569
  0.49062494225246994  0.49790345643098932  0.50480252929250791  0.51150281217368010
  0.51833342841861518  0.52547576468389190  0.53326957184118540  0.54186606663705950
  0.55123068203401204  0.56043462962779544  0.56913052611718717  0.57785751272730934
  0.58715388697249593  0.59674394659966545  0.60622876777838353  0.61565566260110494
  0.62541114735190506  0.63613567657117098  0.64755883344108001  0.65944250299249652
  0.67140543492111193  0.68407728788422639  0.69730204028191978  0.71069733289333759
  0.72510662093593659  0.74145726569540260  0.75857372738995055  0.77710017247158625
  0.79984172179610646  0.82888157066977219  0.87110453876211136  1.00000000000000000
   1.9466767164136759E-002  -1.0000000000000000     
 F F F F F F F F F F F F F F F F F F F F F F F F F F F F F F F F F F F F F F F F F F F F F F F F F F F F F F F F F F F F F F F F F F F F F F F F F F F F F F F F F F F F F F F F F F F F F F F F F F F F F F F F F F F F F F F F F F F F F F F F F F F F F F F F
  <DiscreteSampler_grid>
  grouped_processes
  1 # 1 for a reference and 2 for a running grid.
  10 # Attribute 'min_bin_probing_points' of the grid.
  1 # Attribute 'grid_mode' of the grid. 1=='default',2=='initialization'
  0.0000000000000000 # Attribute 'small_contrib_threshold' of the grid.
  0.5000000000000000 # Attribute 'damping_power' of the grid.
 # binID   n_entries weight   weight_sqr   abs_weight
    13   10   6.633904310842461E+003   2.532020897513332E+008   6.633904310842461E+003
    14   10   6.633904310842448E+003   2.532020897513317E+008   6.633904310842448E+003
    16   10   6.633904310842461E+003   2.532020897513332E+008   6.633904310842461E+003
    17   10   6.633904310842443E+003   2.532020897513315E+008   6.633904310842443E+003
    22   10   6.633904310842461E+003   2.532020897513332E+008   6.633904310842461E+003
    23   10   6.633904310842443E+003   2.532020897513315E+008   6.633904310842443E+003
    25   10   6.633904310842461E+003   2.532020897513332E+008   6.633904310842461E+003
    26   10   6.633904310842443E+003   2.532020897513315E+008   6.633904310842443E+003
    31   10   6.633904310842461E+003   2.532020897513332E+008   6.633904310842461E+003
    32   10   6.633904310842448E+003   2.532020897513315E+008   6.633904310842448E+003
    34   10   6.633904310842459E+003   2.532020897513332E+008   6.633904310842459E+003
    35   10   6.633904310842449E+003   2.532020897513319E+008   6.633904310842449E+003
  </DiscreteSampler_grid>
