  0.00000527182303842  0.00000546903532986  0.00000560372680192  0.00000572528641007
  0.00000583705666758  0.00000593844631275  0.00000604352749449  0.00000616173788829
  0.00000630294469815  0.00000646284760670  0.00000662821311253  0.00000680728255861
  0.00000698636665117  0.00000718956519754  0.00000741836360921  0.00000763133567206
  0.00000783440078359  0.00000804803973963  0.00000827074568617  0.00000850225697212
  0.00000874507792340  0.00000902878896437  0.00000930505127520  0.00000959153224736
  0.00000989107808849  0.00001018096627378  0.00001046218117801  0.00001074623923820
  0.00001101681580700  0.00001127698471635  0.00001153603810680  0.00001179550753127
  0.00001205448065968  0.00001238020300100  0.00001274775863156  0.00001312652282341
  0.00001346932080507  0.00001382285293779  0.00001418437387530  0.00001454871897065
  0.00001492935589368  0.00001532463973303  0.00001573097310302  0.00001616535372187
  0.00001664785777479  0.00001717332168217  0.00001768289880351  0.00001815794060067
  0.00001865079543144  0.00001915934440992  0.00001973777523833  0.00002037839068314
  0.00002102166794449  0.00002164681620055  0.00002227134845239  0.00002291988242022
  0.00002361665461136  0.00002434433740383  0.00002507350184499  0.00002582678051990
  0.00002668731333775  0.00002765228240490  0.00002854619500812  0.00002940032676538
  0.00003022459461390  0.00003109801576809  0.00003206589335956  0.00003316366335677
  0.00003437800046332  0.00003575353787335  0.00003720846190234  0.00003880977054439
  0.00004049645030350  0.00004220583055729  0.00004395900462195  0.00004596359807624
  0.00004839579940514  0.00005096083030811  0.00005359240576343  0.00005645449387486
  0.00005971034579065  0.00006366420820215  0.00006800367101674  0.00007294281404146
  0.00007898588639089  0.00008632635798077  0.00009533983813933  0.00010626792976925
  0.00011909199816725  0.00013698384325811  0.00016466284717779  0.00020682881446006
  0.00027114373246536  0.00049834187421358  0.10960964985215131  1.00000000000000000
  0.00002874047705073  0.00002972127581585  0.00003051807365346  0.00003113310796053
  0.00003164646752967  0.00003222988143365  0.00003277951211005  0.00003323694404908
  0.00003369927648204  0.00003416221550024  0.00003461806193154  0.00003510034040901
  0.00003564420265394  0.00003615066922789  0.00003672703059408  0.00003734798358497
  0.00003817760196348  0.00003905647607186  0.00003981009623449  0.00004052236696902
  0.00004125478885644  0.00004199470679316  0.00004290795473294  0.00004381668076446
  0.00004472831216816  0.00004572975959007  0.00004685616256922  0.00004805941890083
  0.00004927910676745  0.00005045264508502  0.00005160073466419  0.00005274352114018
  0.00005384685244422  0.00005491046960709  0.00005606491111665  0.00005737890973877
  0.00005881147298379  0.00006021279851702  0.00006165563634968  0.00006311229055284
  0.00006455276642125  0.00006607349480580  0.00006764700711187  0.00006937145072790
  0.00007109827678994  0.00007285061519924  0.00007460814336100  0.00007634813870613
  0.00007809095686685  0.00007978651633928  0.00008181891200313  0.00008399298010530
  0.00008624538923090  0.00008871777130527  0.00009145098068370  0.00009450202281594
  0.00009787685489691  0.00010106963714452  0.00010399436241940  0.00010688744794895
  0.00011010886690180  0.00011355637318795  0.00011713264888043  0.00012090474926701
  0.00012534146889113  0.00013011581966014  0.00013501160099435  0.00014045976204512
  0.00014681067725044  0.00015382788893013  0.00016062480060494  0.00016815598202338
  0.00017667401596295  0.00018638848798147  0.00019647750153441  0.00020760093125471
  0.00022007363358889  0.00023409230108621  0.00024932665545632  0.00026733548493932
  0.00028763226984683  0.00031143671673216  0.00034161664410253  0.00038170339343720
  0.00042904633997458  0.00048878200232751  0.00056716241195129  0.00067674745989481
  0.00084167874742351  0.00108531825894294  0.00149107014541166  0.00234844142433016
  0.00492123260063551  0.01594530434656848  0.12952985181096549  1.00000000000000000
 -0.00002153793289018  0.00064078101380288  0.00228033982779736  0.00466007175669559
  0.00753606550583186  0.01107045506635781  0.01547583747149559  0.01960102718435671
  0.02393953946983805  0.02901847116532763  0.03490283377117057  0.04153303465002577
  0.04863627092640056  0.05568017945757672  0.06267117157859939  0.06982347508159564
  0.07687070916437200  0.08393844071023006  0.09050755890864973  0.09679112346416213
  0.10338002748692614  0.11012306661607675  0.11711235949493545  0.12405795628626778
  0.13112976754984232  0.13859419012051591  0.14666652774090294  0.15445533620029270
  0.16273492374998674  0.17167871777715257  0.18082995905153357  0.19021054989882197
  0.19967442627945226  0.20952239424249627  0.21984138987701832  0.23002894223261458
  0.24037634538883201  0.25108506346548637  0.26175276171241385  0.27254089905092316
  0.28392838311617907  0.29575264478339397  0.30712785415223315  0.31863128767031274
  0.33053256378908469  0.34314545794038082  0.35587356414010107  0.36879160781098891
  0.38165160356141131  0.39446071407588734  0.40697269826972726  0.41899734369189401
  0.43124845125477529  0.44339723059874830  0.45634846571600129  0.47021328424990499
  0.48417306528589421  0.49756705068962120  0.51052297950551340  0.52347703049115146
  0.53649676645112909  0.54938862419645595  0.56247478571773724  0.57630671535886646
  0.58956590865699088  0.60227595034384884  0.61489277515550911  0.62725630617437556
  0.63955767425561061  0.65261850813246258  0.66627999383564396  0.67992438565349400
  0.69389031182804406  0.70842982795145537  0.72171808937429516  0.73450324944972600
  0.74767264729678262  0.76136449645253834  0.77621694496722971  0.79136584945981236
  0.80603016474300815  0.82090017428190110  0.83545146384672997  0.84882978132728393
  0.86217567451027555  0.87583688445057739  0.89010106242826481  0.90277132974468566
  0.91527328686244436  0.92790405736743697  0.94078173878897975  0.95307264829727800
  0.96523612409451043  0.97687693749984406  0.98826098509924598  1.00000000000000000
 -0.00225148356834150  0.00954624574384008  0.01952886223434127  0.02989916729218771
  0.03995253395091267  0.04963817454030627  0.05869194393334031  0.06679823490440887
  0.07479548927519571  0.08342489357990618  0.09283123236256764  0.10249139885876461
  0.11227243837648249  0.12223953746105357  0.13249727827552030  0.14349006411261420
  0.15492836378537753  0.16627813355280593  0.17668561883144909  0.18675438337756500
  0.19685447580323276  0.20719369814694258  0.21764983299016388  0.22832783023745640
  0.23897193194704960  0.24879365793021779  0.25829848751457035  0.26796423431341510
  0.27791122112839195  0.28827198353463279  0.29841240898735011  0.30829514279688447
  0.31726781541764792  0.32581781752957667  0.33591981205864413  0.34745690514146310
  0.35906756867961381  0.37060314807483014  0.38253615082279352  0.39493524685490494
  0.40697121666974140  0.41846223660224846  0.42920113562249262  0.44048114004118005
  0.45227821774593857  0.46371920431674152  0.47553866446894888  0.48652310982074137
  0.49832703490099095  0.50779650759596273  0.51701361062516027  0.52618182107507627
  0.53496816244518330  0.54453548788874895  0.55350210626887009  0.56317005429159483
  0.57308265233362288  0.58359300891977206  0.59433431603761444  0.60531138666468887
  0.61633246973100053  0.62664367430278556  0.63758814655792950  0.64742127999473276
  0.66041486303899477  0.67091072348347236  0.68149267091313670  0.69266886616479895
  0.70459082474447687  0.71816648030169039  0.72946232878269424  0.73851031604332451
  0.74728222131625899  0.75584438986990188  0.76730678747697623  0.77962326885045918
  0.79038977638459218  0.79980953006709787  0.80858716256670704  0.81720262534041221
  0.82667348871395308  0.83685541134350427  0.84632235896305685  0.85575951061563338
  0.86872754852744549  0.88215646638190459  0.89599897087644398  0.91125508887145368
  0.92386430237843242  0.93578309087783718  0.94728286139581841  0.95770851895681608
  0.96734157723827452  0.97748954360266505  0.98885640501033145  1.00000000000000000
 -0.00148289167567568  0.00610923813748051  0.01338271372258899  0.02068692957393071
  0.02735255935919535  0.03580138126750795  0.04415903886907162  0.05208170274268555
  0.06019624262474804  0.06871604981437957  0.07724202653541393  0.08614025223035289
  0.09569803489608399  0.10568654694085448  0.11602365128997315  0.12716489690406135
  0.14012106595168999  0.15194076060054812  0.16233599260562895  0.17263571354418902
  0.18304173686224501  0.19346270844803434  0.20378173899121865  0.21444649696626433
  0.22610095134425931  0.23802319773217565  0.24933902181884043  0.25953316432165058
  0.26953505549808043  0.28061598914731128  0.29249729474725988  0.30281922195163608
  0.31310869324240487  0.32375375389576772  0.33477630618702792  0.34542321765998990
  0.35573648583234740  0.36670559680450920  0.37833122147408949  0.38977146995700057
  0.40448237646834906  0.42067985774612060  0.43293407133135237  0.44438333935967061
  0.45485354556088442  0.46503635744274180  0.47540809576192250  0.48608570452554684
  0.49765980063702592  0.51091718372179440  0.52469138932213066  0.53805426823908431
  0.55121733664800920  0.56424772843384652  0.57755600246011041  0.59093065271186529
  0.60422266560011195  0.61790871511961731  0.63078448264227149  0.64377970101406634
  0.65714887497230756  0.67090646822269540  0.68446765238084051  0.69721162387631408
  0.71016883250834750  0.72362280340044816  0.73658630435378258  0.74930295033370709
  0.76189358902801108  0.77415115308078808  0.78637119857963578  0.79845539623392725
  0.81022365720617062  0.82157074566631560  0.83254763559523803  0.84323529189313995
  0.85358255560316798  0.86342692430981027  0.87383820857580974  0.88343435596521225
  0.89256867372730386  0.90103961540579747  0.90952855221914330  0.91830618414450216
  0.92762963474375526  0.93622025915071005  0.94383332190111480  0.95060494406669405
  0.95700301700938140  0.96339299454657223  0.96941951513931912  0.97560757683642352
  0.98149913664091304  0.98706896277798506  0.99312615855512798  1.00000000000000000
 -0.00201257686321308  0.00645921173326082  0.01605209740931710  0.02541168644911322
  0.03646677843820367  0.04785559308952081  0.05935450927131835  0.07084024298223235
  0.08260080374521922  0.09449911784405043  0.10685335403184612  0.11875065268847795
  0.12957023704200099  0.13989384351697060  0.15080317283800720  0.16212087677499937
  0.17292558236185096  0.18353805719447425  0.19438461149013495  0.20531967202661563
  0.21550253408169093  0.22550522377976054  0.23552795018803374  0.24525098640123064
  0.25452322805792149  0.26449826394008574  0.27544685436633537  0.28669546609954372
  0.29800685248348796  0.30921353774683880  0.32005992861095467  0.33017486703716498
  0.34044525058785946  0.35118666075746019  0.36198948344690773  0.37345872996945356
  0.38380228046112819  0.39710659860859349  0.40893887843874521  0.42007525629120568
  0.42937607669857364  0.43883832713333953  0.44879161870743217  0.45907663574664420
  0.46904828248037345  0.47914235295741420  0.49008154131167014  0.50247019390824321
  0.51356233590770306  0.52407274809529414  0.53373926903581947  0.54310805658533001
  0.55247715485544291  0.56148754255697875  0.57029898738603901  0.57942757113146748
  0.58956745951524281  0.60038932637965592  0.61139921796815644  0.62236793524352441
  0.63364837191244361  0.64550803127605338  0.65688260623453165  0.66945608154572145
  0.68198869489790859  0.69412822293100795  0.70549026221246203  0.71634717040071216
  0.72733643671325166  0.73825782452153588  0.74973271029100930  0.76067157670584562
  0.77194868770826042  0.78208851794800516  0.79274612267949796  0.80321863738940469
  0.81274922395492577  0.82268567728788411  0.83255054615540658  0.84237707530168127
  0.85162971411787358  0.86059298066973611  0.86974249055630692  0.87948257501208549
  0.88893716764921027  0.89882731841991026  0.90801788980535103  0.91745376996201966
  0.92751826816105098  0.93877869705423855  0.94909065109989477  0.95861176681355309
  0.96804512955356525  0.97735197386633432  0.98872243236880808  1.00000000000000000
 -0.00431444433311346  0.03348893136641166  0.06019017546910600  0.07965845242104319
  0.09528888523372062  0.10850830742545245  0.11952944633356362  0.12990920619268981
  0.14119127945486296  0.15249822389535150  0.16575491038466922  0.17985387549500592
  0.19286866143271794  0.20402480272112292  0.21465156449233741  0.22606658772691537
  0.23693198038097305  0.24667876022686050  0.25472908374271042  0.26178067020240697
  0.26909321289982763  0.27738292839843648  0.28571024263006051  0.29409883805521736
  0.30253819806453458  0.31133272215307356  0.32183879288055994  0.33248763197627013
  0.34266260832057244  0.35277275882125292  0.36309524226742035  0.37416331791843305
  0.38656371485351321  0.39878420680751242  0.41160220066186892  0.42194215659133272
  0.43082467209604619  0.44072700322438429  0.45177299054418080  0.46281139813494376
  0.47352502384521095  0.48374465199263122  0.49476037282672608  0.50533424329084431
  0.51610410739634449  0.52602331557668869  0.53578494121794140  0.54558022291873420
  0.55643936091751967  0.56737418778164983  0.57777777861614166  0.58783151882019313
  0.59746098507873291  0.60721389386321301  0.61681184247619458  0.62660054546492439
  0.63621589839844561  0.64549959668522250  0.65473759934884013  0.66410750838456567
  0.67486091989010311  0.68634267725921239  0.69744370383931520  0.70801209411418864
  0.71805416386366927  0.72819990765931597  0.73826876456072821  0.74834332680921978
  0.75847769020414091  0.76856029468685383  0.77939875381908752  0.79088851640808577
  0.80194828111298411  0.81211458315071294  0.82189322730970515  0.83122925485514931
  0.84006955163626151  0.84868307589537784  0.85704352349985824  0.86570634495363519
  0.87519568153340166  0.88511840653091090  0.89449596296196165  0.90359623423598134
  0.91263092684965241  0.92249562019313924  0.93410579297920904  0.94494970354147423
  0.95503217413774943  0.96348735484181203  0.97092822891825026  0.97789931683806763
  0.98401113701666509  0.98785935045831474  0.99335890222995293  1.00000000000000000
 -0.00303609507612260  0.01093165704677628  0.02356536397114927  0.03575292024119189
  0.04625806145536689  0.05593623680199708  0.06597805530729020  0.07682482588932257
  0.08796789625382960  0.09847524771822880  0.10895062540732045  0.11816619611682364
  0.12947279193539343  0.14169382514387269  0.15451734786713620  0.16580080130257893
  0.17490333489335769  0.18281058953921581  0.19061128000028751  0.19863544236589592
  0.20888273065531007  0.21872770360988214  0.22842046675244349  0.23881935949106090
  0.24955034930266848  0.26025247386126615  0.27116005383430181  0.28303634467685734
  0.29424958661145517  0.30450048034012972  0.31474675870838603  0.32549580823764551
  0.33720168636944536  0.35023778414337786  0.36314736687628274  0.37556116310979687
  0.38743913460384394  0.39869246258438312  0.41006725678006989  0.42225514887882792
  0.43464796366636521  0.44619820298100421  0.45736937555020624  0.46884718853283486
  0.47903960144130170  0.48816427895416359  0.49629628240603724  0.50514113546001693
  0.51518863094339395  0.52628048569414720  0.53709763426576862  0.54841779368579324
  0.56077650079762120  0.57354409311082044  0.58536751405348664  0.59649174350804623
  0.60821709968014537  0.62049111177636840  0.63223293192428642  0.64340123722346088
  0.65381762902935026  0.66344879040870675  0.67254245518256606  0.68131092970938978
  0.69009012839972494  0.69887122079082631  0.70852309301046767  0.71860689632809793
  0.72895884655539611  0.73865779109933372  0.74835874027049243  0.75807679556538743
  0.76701468877477086  0.77749026331749604  0.78823521590025092  0.79872235078373044
  0.80966190421842399  0.82013054882390868  0.83067190594495377  0.84182059266585174
  0.85322453269997645  0.86427086278915399  0.87540217506981000  0.88717826125660804
  0.89893899758224249  0.90974461722371947  0.91919829057614721  0.92788034721391144
  0.93670578686633821  0.94586047861923672  0.95466908125209704  0.96287584732907150
  0.97100206339417516  0.98017068948161734  0.98977257374741212  1.00000000000000000
  0.09522915334564579  0.11020314016839053  0.12082973436483746  0.13066943577132767
  0.13958208425476035  0.15098459647785029  0.16071401382470046  0.16762507696337067
  0.17378320715069323  0.17965555138997874  0.18675768581817512  0.19588694027795081
  0.20517397616443017  0.21359691489744737  0.22110687194667347  0.22806261542149198
  0.23797151505337574  0.24896468089627613  0.25948237445444722  0.27066573888216205
  0.28100924978202507  0.28986430042964118  0.29729717008934864  0.30515864923428732
  0.31539605756387440  0.32493011133845534  0.33277707028451098  0.34047759401848332
  0.34793092828483818  0.35636250281185233  0.36584852330192608  0.37511154258044910
  0.38431332257006207  0.39362566172677699  0.40226833924976091  0.41038660058258974
  0.41872765157552949  0.42793177653628794  0.43811011147788392  0.44898177609184986
  0.45965782968925228  0.46992229344456815  0.47927451989804309  0.48740737349834212
  0.49537574629922698  0.50388487209182342  0.51254477540295407  0.52141829268486761
  0.53097557853999722  0.54088638560773661  0.55086655636782089  0.56094768731963174
  0.57068138628818388  0.58028199416949655  0.58918508440651762  0.59755855972893512
  0.60605248412040591  0.61473056780317759  0.62395764313323610  0.63403959197905069
  0.64401585327460853  0.65376390618853308  0.66313554932510244  0.67273962256288122
  0.68259913397280669  0.69256590364168247  0.70251299991340399  0.71236054457226050
  0.72190023777084822  0.73127099251259220  0.74032893300989244  0.74921218245481003
  0.75783254396082111  0.76609208666323925  0.77421649649263080  0.78209914202722297
  0.78995038236718296  0.79782068806817152  0.80569063508898631  0.81351337122065126
  0.82127110058138197  0.82944946032144617  0.83813095674741156  0.84706206653897276
  0.85750174202924001  0.86813683138265652  0.87812293042226763  0.88797829481511825
  0.89769742566392674  0.90794239813732691  0.91958893009505827  0.93177779468131405
  0.94436383033669535  0.95795943617790202  0.97570515359789212  1.00000000000000000
 -0.01158466763915235  0.05878824674891625  0.08197307196510967  0.09675016714574702
  0.10878436738279125  0.11885381092830354  0.12772891221175137  0.13503013387993962
  0.14174676102117817  0.14802517273317878  0.15511163141252904  0.16180864577401005
  0.17026935945165217  0.17788746916808473  0.18493049072310197  0.19152256806601561
  0.19784230637996975  0.20410465108955095  0.21046580188984246  0.21673819690382837
  0.22283263016320681  0.22849184909973938  0.23378983299947020  0.23854811378196181
  0.24314820824842329  0.24780119438320458  0.25271294595237626  0.25803214782970862
  0.26378305933119889  0.26980315071666811  0.27602681936652712  0.28230818199690777
  0.28840790819194545  0.29430197110165246  0.30015570902845629  0.30570504766697565
  0.31048502944677686  0.31504949079217925  0.31955798462733720  0.32423274869367646
  0.32924970912972740  0.33447523084987574  0.33965348584927441  0.34498592687361573
  0.35055572530423479  0.35594819448616211  0.36111235381751006  0.36631644065546159
  0.37150902511679440  0.37642275636754541  0.38090883821100385  0.38576501397911772
  0.39147080238299964  0.39815792933539879  0.40507340438287143  0.41143450050262914
  0.41792768108588108  0.42477319767948574  0.43182914008649453  0.43897911201978090
  0.44626461167663556  0.45375153943612845  0.46055137213885283  0.46747417219046850
  0.47442574859243591  0.48170392138111856  0.48907691184261937  0.49638114359994001
  0.50257225621955970  0.50908566316527726  0.51652970818323241  0.52414960207727246
  0.53168832163771784  0.53944407047031084  0.54697529751084673  0.55398737001456733
  0.56075243539647535  0.56836994592262857  0.57624076039620131  0.58492594372642770
  0.59444920628046771  0.60494309734884011  0.61741626145189854  0.62930686078885656
  0.64101121627548718  0.65374544355458675  0.66719600743909568  0.68041407935498788
  0.69530718813419901  0.71099908953637259  0.72734374263183332  0.74769499718591514
  0.77237942174469187  0.80484630054114392  0.85444490119362249  1.00000000000000000
   4.8464524194845202E-004  -1.0000000000000000     
 F F F F F F F F F F F F F F F F F F F F F F F F F F F F F F F F F F F F F F F F F F F F F F F F F F F F F F F F F F F F F F F F F F F F F F F F F F F F F F F F F F F F F F F F F F F F F F F F F F F F F F F F F F F F F F F F F F F F F F F F F F F F F F F F
  <DiscreteSampler_grid>
  grouped_processes
  1 # 1 for a reference and 2 for a running grid.
  10 # Attribute 'min_bin_probing_points' of the grid.
  1 # Attribute 'grid_mode' of the grid. 1=='default',2=='initialization'
  0.0000000000000000 # Attribute 'small_contrib_threshold' of the grid.
  0.5000000000000000 # Attribute 'damping_power' of the grid.
 # binID   n_entries weight   weight_sqr   abs_weight
    19   10   1.119884184160315E+000   6.277906354913981E+000   1.119884184160315E+000
    20   10   1.119884184160317E+000   6.277906354914007E+000   1.119884184160317E+000
    22   10   1.253981947989849E+000   6.342369326054991E+000   1.253981947989849E+000
    23   10   1.253981947989851E+000   6.342369326055011E+000   1.253981947989851E+000
    28   10   2.490168933933006E+000   2.997719885193106E+001   2.490168933933006E+000
    29   10   2.490168933933010E+000   2.997719885193119E+001   2.490168933933010E+000
    34   10   1.119884184160316E+000   6.277906354913984E+000   1.119884184160316E+000
    35   10   1.119884184160317E+000   6.277906354914007E+000   1.119884184160317E+000
    40   10   2.022608648854801E+000   1.849080110805495E+001   2.022608648854801E+000
    41   10   2.022608648854805E+000   1.849080110805503E+001   2.022608648854805E+000
    49   10   1.253981947989849E+000   6.342369326054984E+000   1.253981947989849E+000
    50   10   1.253981947989851E+000   6.342369326055016E+000   1.253981947989851E+000
    55   10   2.490168933933006E+000   2.997719885193106E+001   2.490168933933006E+000
    56   10   2.490168933933009E+000   2.997719885193117E+001   2.490168933933009E+000
    64   10   1.253981947989849E+000   6.342369326054984E+000   1.253981947989849E+000
    65   10   1.253981947989851E+000   6.342369326055014E+000   1.253981947989851E+000
    67   10   1.119884184160315E+000   6.277906354913985E+000   1.119884184160315E+000
    68   10   1.119884184160317E+000   6.277906354914009E+000   1.119884184160317E+000
    73   10   2.022608648854801E+000   1.849080110805495E+001   2.022608648854801E+000
    74   10   2.022608648854805E+000   1.849080110805501E+001   2.022608648854805E+000
    82   10   1.253981947989849E+000   6.342369326054990E+000   1.253981947989849E+000
    83   10   1.253981947989851E+000   6.342369326055016E+000   1.253981947989851E+000
    97   10   1.119884184160316E+000   6.277906354913984E+000   1.119884184160316E+000
    98   10   1.119884184160317E+000   6.277906354914012E+000   1.119884184160317E+000
  </DiscreteSampler_grid>
