  0.00000044342059980  0.00000046755039529  0.00000050310468309  0.00000052970534837
  0.00000056067082078  0.00000059337567564  0.00000062488297428  0.00000065516170196
  0.00000068535890157  0.00000071666421340  0.00000074945707652  0.00000078362142710
  0.00000081528263671  0.00000084620493788  0.00000087909348078  0.00000091468064441
  0.00000095539382353  0.00000099696996170  0.00000104185678367  0.00000109342337210
  0.00000114918517609  0.00000120623143212  0.00000126160768851  0.00000132080316406
  0.00000137901455547  0.00000144011147103  0.00000150732980924  0.00000158157820725
  0.00000165631441970  0.00000173629025308  0.00000182076360321  0.00000191289581920
  0.00000201252541307  0.00000211922620253  0.00000223195076284  0.00000234849815173
  0.00000247120280999  0.00000259777702255  0.00000273099076587  0.00000287509036409
  0.00000304113016244  0.00000323728007540  0.00000344552534057  0.00000366332179656
  0.00000389057126626  0.00000412168349759  0.00000441245341662  0.00000468168423983
  0.00000498152814005  0.00000527962235178  0.00000557803965907  0.00000590537914239
  0.00000623995943064  0.00000659485570677  0.00000700890018227  0.00000747637261129
  0.00000801941132851  0.00000865351956689  0.00000936599108572  0.00001016869705071
  0.00001100975925470  0.00001205368992682  0.00001319085201887  0.00001446401244948
  0.00001588790359126  0.00001758216878249  0.00001938041909798  0.00002127275999063
  0.00002339596034641  0.00002566229561090  0.00002801992338165  0.00003044612296861
  0.00003403930548449  0.00003861004772216  0.00004353569623496  0.00004939975055188
  0.00005665205095817  0.00006604643936065  0.00007868147445673  0.00009454459516438
  0.00011325591978885  0.00013463700626242  0.00015963235797693  0.00018820673917321
  0.00022513589900024  0.00027744820659382  0.00034532400695080  0.00043708762848338
  0.00056263517926656  0.00073512789452184  0.00099093018128344  0.00148432035279454
  0.00271963095525092  0.00586822113534775  0.08973586761425813  1.00000000000000000
  0.00000044420399107  0.00000132118909425  0.00000181970292971  0.00000223460562734
  0.00000270053806757  0.00000321309362236  0.00000380186951173  0.00000446378407548
  0.00000518960808027  0.00000582291347778  0.00000645339091180  0.00000712194690631
  0.00000784425523723  0.00000862226351271  0.00000947560705223  0.00001039419954807
  0.00001137728470575  0.00001244221172220  0.00001352165005313  0.00001461558349378
  0.00001567598139519  0.00001690738218542  0.00001834617014930  0.00001995738020921
  0.00002174447299007  0.00002374640311558  0.00002601699212894  0.00002849989308239
  0.00003099925745935  0.00003369017152488  0.00003649092328100  0.00003933596076060
  0.00004246531411837  0.00004627162227076  0.00005087965904696  0.00005582206800223
  0.00006087750493321  0.00006618067187822  0.00007180813492531  0.00007805391685566
  0.00008447776387406  0.00009138241568876  0.00009902245171917  0.00010751427008038
  0.00011767916158008  0.00012757451023706  0.00013987893653320  0.00015223664441444
  0.00016545130136770  0.00018020335867502  0.00019578266438641  0.00021211243893857
  0.00022958668909161  0.00024967208999870  0.00027329707724135  0.00030033280649277
  0.00033053707773606  0.00036488089333962  0.00040464492902293  0.00045191376212323
  0.00050070933355052  0.00054992638048025  0.00060489872173832  0.00067013284944653
  0.00074615552962689  0.00083088184512947  0.00092879712974761  0.00103692594487785
  0.00115491989523340  0.00128523250636006  0.00141727509776717  0.00154268394127069
  0.00168240800042055  0.00184072982955840  0.00202256943054688  0.00224450601837879
  0.00249183626755104  0.00275672123621624  0.00303623623046257  0.00333684841343011
  0.00368198962762704  0.00407828608318562  0.00451069988925301  0.00503390397167778
  0.00547186003443453  0.00592423347789282  0.00643275016894559  0.00701704116618473
  0.00771581150760686  0.00856012429137650  0.00971212574878085  0.01131684548200180
  0.01379217453262557  0.01898615049772075  0.14711255563191464  1.00000000000000000
  0.00000549930476077  0.00000776918879750  0.00000945011231616  0.00001094346862353
  0.00001258390062008  0.00001438792316327  0.00001589951851265  0.00001725730573610
  0.00001884843575884  0.00002129356816664  0.00002360261501832  0.00002560843206321
  0.00002731686422854  0.00002904247386438  0.00003090486283799  0.00003277419099723
  0.00003452498120396  0.00003616668633678  0.00003765510122948  0.00003930543145066
  0.00004133755297525  0.00004355063055412  0.00004620339684797  0.00004921498303141
  0.00005256404501143  0.00005640909667679  0.00006056752340108  0.00006455643383746
  0.00006838895026689  0.00007193920200447  0.00007516476683325  0.00007846581425120
  0.00008175176944012  0.00008510483565063  0.00008847718360646  0.00009223768605362
  0.00009630901838314  0.00010031328711965  0.00010441932739507  0.00010891351459162
  0.00011397331527717  0.00011960565615754  0.00012577947848559  0.00013246302093273
  0.00013952450605509  0.00014714764621593  0.00015575727097135  0.00016559558459872
  0.00017642751409798  0.00018792835514714  0.00020012000159987  0.00021334636340298
  0.00022762826798777  0.00024362944019760  0.00026154946407652  0.00028154796874730
  0.00030378203482877  0.00032923801430607  0.00035751109443586  0.00038838328531439
  0.00042382001529292  0.00046213597590998  0.00050462124772467  0.00055277679927284
  0.00060584473774436  0.00066325222386234  0.00072309174726908  0.00079234611769265
  0.00086938170064770  0.00095959673033978  0.00105963862700379  0.00116742896964004
  0.00130224262229453  0.00147263021985582  0.00165785638471501  0.00184746848058623
  0.00206509974219015  0.00230479542456534  0.00256619659625600  0.00280711379094153
  0.00308982508192929  0.00337504108474168  0.00362908903196984  0.00389920772426984
  0.00418793743348281  0.00450331354145060  0.00486070135395532  0.00538111865948124
  0.00620702463456621  0.00791214961331342  0.01004905405011019  0.01233900443788566
  0.01717852843851691  0.03711186452330387  0.11906298509854514  1.00000000000000000
 -0.00193827809671623  0.00894561231845883  0.01783524280050932  0.02689463327039414
  0.03618342213141671  0.04835619357001410  0.06194803664503823  0.07481363791897680
  0.08693494179124511  0.09836777790111462  0.10983789398071080  0.12143952734549515
  0.13293275272386273  0.14467911092423594  0.15655484769405786  0.16785627773804326
  0.17841997197028095  0.18870497667621003  0.19922186741470180  0.21030098153024371
  0.22119354367625299  0.23199532509364121  0.24269060431797107  0.25350920389580545
  0.26475511902733623  0.27575952620534622  0.28667987677890533  0.29740588197810369
  0.30823172134743954  0.31962486371893839  0.33142809190912553  0.34334383812308195
  0.35538496809456632  0.36668030792159789  0.37747184887213492  0.38833724381164386
  0.39959357643133786  0.41129206243719790  0.42243406367427588  0.43226473646740771
  0.44208599186192743  0.45211736403626568  0.46314090574364380  0.47409378178052330
  0.48432022894345045  0.49353427240881415  0.50304633815115329  0.51388707334663186
  0.52489651115538782  0.53531222957881597  0.54620992691987302  0.55818944452434316
  0.57075304422031248  0.58279783496435589  0.59367099597099426  0.60399363247812232
  0.61280088659948340  0.62198528041988888  0.63234402344120844  0.64325292131923750
  0.65258875562550456  0.66124112852495209  0.66976140822301156  0.67924297927062305
  0.68881919507704681  0.69791861226813923  0.70727288352043804  0.71829781760932498
  0.72959489168384861  0.74080165176316748  0.75157315860218243  0.76188619559323645
  0.77225992807314903  0.78248628038066637  0.79297418526580055  0.80381428543700462
  0.81414042771462813  0.82462684759118221  0.83489985784102971  0.84415371674528106
  0.85316148256137292  0.86171681647880838  0.87069647852707732  0.88034873673060043
  0.89006844817489461  0.89963566344568879  0.90894387552021472  0.91886870293294565
  0.92912456924442643  0.93881418221392732  0.94821190822757961  0.95809169457761634
  0.96926984412826778  0.98000137475822946  0.99010966465492334  1.00000000000000000
 -0.00229834504169271  0.01145703167381435  0.02237022025589857  0.03276232079475323
  0.04168016317242158  0.05101839920970010  0.06060216319032272  0.07077598485352440
  0.08194611047865556  0.09281116922636626  0.10320758866301599  0.11450351876856940
  0.12621490816156508  0.13757785254064425  0.14908362078937157  0.16082042585858505
  0.17236450914786444  0.18278053702576091  0.19229287081274113  0.20185452635439680
  0.21224159925676059  0.22403684099939622  0.23592997653780134  0.24732070799465267
  0.25804022816576211  0.26920867809418814  0.27949654542205626  0.28834345469346451
  0.29691088912921804  0.30428929221290002  0.31279052885753122  0.32212504951388221
  0.33278147763320187  0.34362648223466946  0.35448575336901511  0.36544409548598888
  0.37656356578246064  0.38809748274789801  0.39986897852422931  0.41192942577944724
  0.42407938596161460  0.43590583763037533  0.44645915443954992  0.45584857111407046
  0.46490693054272730  0.47412257643555972  0.48503282746474602  0.49598086878841391
  0.50640648133810739  0.51672640233837264  0.52672023431699622  0.53709868673967609
  0.54716463060786202  0.55702181312166654  0.56687856403791992  0.57729479592613386
  0.58853807006106784  0.60030007710928390  0.61271499743578017  0.62447725743239257
  0.63538658407546111  0.64540503399707716  0.65464773478189286  0.66386922632779588
  0.67326112495123314  0.68262445702287922  0.69266601614237955  0.70287377882072943
  0.71329506383608021  0.72484418868290934  0.73643287321249984  0.74722313829649956
  0.75801042583619826  0.76874670430990832  0.78012534957846269  0.79141164886632365
  0.80227822427667816  0.81285144628654182  0.82376842113636461  0.83379078146326102
  0.84365760950174984  0.85330873179886224  0.86282913662633809  0.87270113881025968
  0.88294862842244670  0.89378274641352629  0.90435233565803286  0.91552873506838217
  0.92767344170568367  0.93953460220382456  0.94988056671093679  0.95915099542707560
  0.96879137751593636  0.97888367516761732  0.98994720488265842  1.00000000000000000
 -0.00150007945837389  0.00709928865573632  0.01380176680577008  0.01993102353447228
  0.02648606415134206  0.03279497505555772  0.03829384705874746  0.04363065620058054
  0.04908768363693426  0.05495267943353666  0.06135095727664679  0.06873410482848194
  0.07716837099037564  0.08553049011335537  0.09380119778128378  0.10192121248656023
  0.11051557497387078  0.11951587195290875  0.12849516957549645  0.13787893419706426
  0.14755160496405925  0.15674608473173970  0.16529251175553233  0.17337797349713333
  0.18137755268498343  0.18984638861475428  0.19855849721434166  0.20782997311750678
  0.21738784596108429  0.22722478193305559  0.23739040020236482  0.24835611691850415
  0.25996685420714755  0.27129137961234262  0.28229836908071609  0.29293233025616611
  0.30354216922865235  0.31448511189921141  0.32560387709893229  0.33718604665731594
  0.34834084749588495  0.35995479804793545  0.37176215761888359  0.38337366545943313
  0.39495918886961850  0.40794218517388875  0.42085173921802849  0.43335818907941126
  0.44584960290712805  0.45859262682774682  0.47114230617562303  0.48356320636253480
  0.49620315708644774  0.50885984018153674  0.52089780071408964  0.53227771212830410
  0.54375031400289719  0.55634208510900962  0.56895696664560624  0.58195198319519703
  0.59455833222314669  0.60684673235640663  0.61912747975810944  0.63203961480629423
  0.64622923786449660  0.65962796623739128  0.67135025594095787  0.68220584985256616
  0.69489034785303960  0.70727936954534865  0.71901385237769322  0.72998003570161629
  0.74177442329993892  0.75355067218081784  0.76543386167666927  0.77793459050079139
  0.79097820205830105  0.80365151769743914  0.81585139715790578  0.82748723795466328
  0.83845914052529791  0.84954475761946269  0.86190379625072999  0.87284378996369005
  0.88313177435044021  0.89429539147266468  0.90637040622940224  0.91739480095070347
  0.92630879068143845  0.93632575279395081  0.94555330683508099  0.95480348364964873
  0.96404821445530875  0.97369996407604298  0.98515977866996418  1.00000000000000000
 -0.00290019600195792  0.01164109231799760  0.02396296212066254  0.03493559220113965
  0.04620654947983129  0.05679638209981253  0.06890540657234324  0.07991129687289436
  0.09129413788720855  0.10214909774026670  0.11264508592951959  0.12302921416264574
  0.13276688865150185  0.14221266808809147  0.15186939382179046  0.16216788546564920
  0.17299043720816515  0.18365241226510051  0.19372182781215830  0.20377902805028761
  0.21313748676651761  0.22251798361617089  0.23235980374870852  0.24253315864446420
  0.25345532354205874  0.26367697406287660  0.27393211850885285  0.28428836316059486
  0.29466686165193273  0.30599399008775352  0.31708820936086940  0.32878132959533968
  0.34056753083852781  0.35229292572085052  0.36363312995102237  0.37398271874603761
  0.38339133050090146  0.39253612751866801  0.40246056846788558  0.41264305624998071
  0.42327196519836602  0.43407893430305905  0.44423394603199357  0.45364664611904021
  0.46304458462701081  0.47300895732316994  0.48317059951519359  0.49253350787251660
  0.50228508542195849  0.51310620415168551  0.52442655858174725  0.53484750862767139
  0.54568142338753345  0.55630457484806661  0.56909735482113544  0.58142640648683130
  0.59319242856464849  0.60469378720334943  0.61752942455116444  0.63116208573071197
  0.64329896618605675  0.65377895333875713  0.66354187356102934  0.67298538477336689
  0.68307063934589518  0.69340754707188657  0.70405801980723726  0.71409089317202468
  0.72488104278986665  0.73437054759507459  0.74364907347622888  0.75246150852313864
  0.76157006858129539  0.77140912593187749  0.78088089417147477  0.78998418294064410
  0.79908717660005346  0.80800708600040205  0.81704862859884031  0.82658105428344653
  0.83718892440178405  0.84888843699978955  0.86086676396103756  0.87293748015897288
  0.88449960547540452  0.89580146529287530  0.90615905995715773  0.91541566763368221
  0.92442911872377975  0.93336588141608812  0.94424260215850009  0.95426492031707144
  0.96472630382208047  0.97522304906108548  0.98733213051448654  1.00000000000000000
 -0.00227741070062538  0.01020148949891316  0.02101853629317472  0.03135790296840749
  0.04157199914695488  0.05199479375159670  0.06226113907252814  0.07253027087860062
  0.08290892148288923  0.09307282282327588  0.10375030895048717  0.11534754952625385
  0.12636447867973027  0.13727889588464770  0.14728458378357670  0.15707101050368288
  0.16671721862027672  0.17591485438528406  0.18506308156521251  0.19465565760407411
  0.20360787614402220  0.21265676428382793  0.22277235619139446  0.23330982261025396
  0.24446333640155976  0.25523600295628518  0.26509964741813241  0.27621576418516658
  0.28684810676073325  0.29698114048320340  0.30761634756931266  0.31861729194811955
  0.33038317133429762  0.34102408459516503  0.35172978532023957  0.36297661557284866
  0.37383294550522644  0.38372370038089604  0.39295615163779746  0.40246866092072836
  0.41249274762099120  0.42294037588580136  0.43330535298947354  0.44370439112137067
  0.45431491347464403  0.46526277833204621  0.47665864737954400  0.48816111549975560
  0.49981507061898406  0.51198317713923269  0.52355105595424634  0.53414943793024161
  0.54466857372812438  0.55538880852885275  0.56686487231922689  0.57870642545165840
  0.59081868484093614  0.60325562744595718  0.61453619098988466  0.62461713664974805
  0.63415841656619665  0.64390588541866067  0.65342429294051974  0.66274842214889773
  0.67219001250900090  0.68204335393080340  0.69213280430713198  0.70189386681150678
  0.71134629828124274  0.72161465974579930  0.73175487872679923  0.74270208247565550
  0.75509582268309983  0.76839988959387462  0.78063656509510171  0.79160524834436496
  0.80252951159933539  0.81221796511573685  0.82146429917764774  0.83117612881971670
  0.84237628958888455  0.85281037585991504  0.86216858368790028  0.87149817352995462
  0.88119391099034994  0.89292896379811071  0.90336227715672002  0.91414148437802423
  0.92483495335565424  0.93547546218561040  0.94543237460649898  0.95554082481677305
  0.96667067855600042  0.97829524373395549  0.98937375938372563  1.00000000000000000
  0.20179664349446963  0.22035373919464760  0.23013039174858099  0.23645649252872505
  0.24266487843730175  0.24891806910190520  0.25507192920144256  0.26105774958934780
  0.26622662641951855  0.27008434726682645  0.28464860721392810  0.29617753204943348
  0.30602112698271916  0.31411508633635038  0.32014400602499249  0.32520017677097707
  0.33081594749226845  0.33626131787495234  0.34174209798007948  0.34757741944168752
  0.35324813273202910  0.35913657838241841  0.36515918665190278  0.37166530501347250
  0.37878165720185769  0.38668786856609638  0.39385388569521773  0.40073822289083100
  0.40749577529118136  0.41411744242831133  0.42070191104825000  0.42721551642739569
  0.43367057597103320  0.44030405797501898  0.44715377093213660  0.45395653303436229
  0.46069133670035428  0.46739949236238992  0.47462743377851158  0.48245325029906189
  0.49032112005953815  0.49785425598170463  0.50509557338162114  0.51199405623496552
  0.51858813046723096  0.52516818555944489  0.53214303845534194  0.53939904869571453
  0.54690321318177637  0.55472281517832878  0.56260684100599168  0.56990260782912661
  0.57642991965313528  0.58302544018707148  0.58964269744887776  0.59718351127506519
  0.60452887431086078  0.61248324346536753  0.62057722205874188  0.62995394326064380
  0.63987081557046654  0.64924015080282449  0.65815659129652393  0.66623922201807484
  0.67407553400922149  0.68221610368949781  0.69094673285860242  0.69999378285965774
  0.70922915202907022  0.71857336575095898  0.72766701485189200  0.73625109845778813
  0.74481181681151798  0.75343044459473085  0.76249414870557131  0.77135826667188001
  0.78059874936113038  0.78965009180418821  0.79897652579474843  0.80872812201684352
  0.81930219035002894  0.83054593865735493  0.84126049326649177  0.85160367348418753
  0.86168051439267834  0.87177650711581378  0.88189312833077860  0.89161640965125999
  0.90137640082966408  0.91165344418162630  0.92252108588720594  0.93334821087096853
  0.94438074640281133  0.95690774082047436  0.97479110140731329  1.00000000000000000
 -0.02134639760225460  0.12996999364607004  0.18141618895889086  0.21196461825925986
  0.23716454326285608  0.25834519618808621  0.27745333822030782  0.29536131631716134
  0.31231225049787581  0.32852398984805026  0.34356099349437835  0.35706170103940793
  0.36948644629357935  0.38002411804034830  0.39019212774952949  0.39971749386578820
  0.40957660491350817  0.41888916059997328  0.42833868330416663  0.43719003028931691
  0.44598623031144013  0.45478087029716835  0.46295350144456232  0.47095324948956091
  0.47865501377726455  0.48575000158287013  0.49249006458492695  0.49939371175898595
  0.50676392659907310  0.51455507947021117  0.52190310767758186  0.52868779004492239
  0.53538484620069438  0.54208885107547433  0.54868622226981689  0.55502277631271824
  0.56121743862145301  0.56770979649258535  0.57448271798902240  0.58104316133037692
  0.58738485185235945  0.59367073031223794  0.59999105848437440  0.60710058811298917
  0.61386919487985492  0.62030202980833038  0.62599154398440970  0.63199522014611331
  0.63771823815814310  0.64357231537777559  0.64922211739155167  0.65418569033468932
  0.65959036843860730  0.66521434471101115  0.67075199255613371  0.67580382587784638
  0.68045967376138794  0.68516493758887886  0.68993194776430544  0.69489361992778154
  0.69973959060642232  0.70427418497465166  0.70873961353361803  0.71341752775015610
  0.71825171112994313  0.72328151105552718  0.72870968777031497  0.73350029965170427
  0.73782116206490322  0.74205059946349305  0.74667038703435762  0.75143687772624668
  0.75658023450054868  0.76156432578181210  0.76643062219125380  0.77140649152785290
  0.77653787075720249  0.78176564812258287  0.78680092737822371  0.79172423925958946
  0.79736946921264185  0.80333402108947050  0.80991952415345159  0.81687658688715459
  0.82435353334962191  0.83291070389896826  0.84233450732949411  0.85152495745979662
  0.86032030351561095  0.86905010819146389  0.87869947011037408  0.88961462410561642
  0.90256000397530112  0.91780535635918281  0.94263013490578684  1.00000000000000000
   5.5160305699054246E-005  -1.0000000000000000     
 F F F F F F F F F F F F F F F F F F F F F F F F F F F F F F F F F F F F F F F F F F F F F F F F F F F F F F F F F F F F F F F F F F F F F F F F F F F F F F F F F F F F F F F F F F F F F F F F F F F F F F F F F F F F F F F F F F F F F F F F F F F F F F F F
  <DiscreteSampler_grid>
  grouped_processes
  1 # 1 for a reference and 2 for a running grid.
  10 # Attribute 'min_bin_probing_points' of the grid.
  1 # Attribute 'grid_mode' of the grid. 1=='default',2=='initialization'
  0.0000000000000000 # Attribute 'small_contrib_threshold' of the grid.
  0.5000000000000000 # Attribute 'damping_power' of the grid.
 # binID   n_entries weight   weight_sqr   abs_weight
    10   10   3.139808856512723E+003   2.781318681161993E+007   3.139808856512723E+003
    11   10   3.139808856512725E+003   2.781318681161997E+007   3.139808856512725E+003
  </DiscreteSampler_grid>
