 -0.00247705325016610  0.00947411953034658  0.01962921919767028  0.03013618302494956
  0.04068266775120145  0.05121979038336510  0.06176594794756291  0.07230796728410716
  0.08285516982825095  0.09339305490296436  0.10393427761175117  0.11446697036848447
  0.12500932880086640  0.13554106921424741  0.14608320727536683  0.15661612093999103
  0.16715983651449171  0.17769849840801957  0.18824739711793553  0.19878541052177698
  0.20932534715296316  0.21986185353615795  0.23039948441908301  0.24093945602195488
  0.25148329722502810  0.26203503648238630  0.27258455665327913  0.28313189632402186
  0.29366744905147230  0.30420627611094703  0.31473902108771989  0.32528378867617125
  0.33582525188411472  0.34637213429031699  0.35692071997436986  0.36747163650784354
  0.37802407741248145  0.38857654341266734  0.39912855888434695  0.40967035353498249
  0.42020331849047921  0.43073343809877401  0.44127407850885425  0.45181704224199426
  0.46235657721507106  0.47289118565988519  0.48342545431677419  0.49395980877251955
  0.50450002782778303  0.51503019259721772  0.52556796323654487  0.53610589632819339
  0.54665723066279270  0.55720584017226327  0.56775355387654580  0.57829435648455230
  0.58883706178640438  0.59937939411940777  0.60993229500153734  0.62048385890665403
  0.63103591369323941  0.64157659110149434  0.65211324930360148  0.66263507715968439
  0.67316674977253843  0.68370233794269486  0.69425188849556929  0.70479677159935905
  0.71534394050763095  0.72588353550721441  0.73642602103281185  0.74696384744465127
  0.75750301827273148  0.76804230245652716  0.77858373766714406  0.78913495857334925
  0.79967116549685102  0.81020873428185125  0.82074527321528012  0.83129608676960143
  0.84183597920264075  0.85237507192704498  0.86291091457535973  0.87345777587402873
  0.88400452628142423  0.89455717306343197  0.90510318030170400  0.91564508593158078
  0.92617962015455513  0.93671665047887009  0.94725857039800410  0.95780949333349652
  0.96835836200401826  0.97890806444697520  0.98945187024698311  1.00000000000000000
 -0.00253991850588014  0.00943973698984335  0.01959033751181180  0.03009993931733239
  0.04065301112557475  0.05120183238005229  0.06174314356221564  0.07228595181591829
  0.08282171203559859  0.09336187281563768  0.10389576891451326  0.11443578756423117
  0.12497676721099789  0.13552175854999921  0.14606497194659099  0.15660670050009887
  0.16714382191669996  0.17768306350998847  0.18822372788108330  0.19877089049784047
  0.20931784991375724  0.21986770580299841  0.23040900630680070  0.24095225365719078
  0.25149299660707591  0.26203640492983926  0.27257558439925617  0.28311027473292194
  0.29365198944198712  0.30419255740152396  0.31473174354956429  0.32527176552860937
  0.33581446259069558  0.34635779699142522  0.35690009523619737  0.36743079484825852
  0.37796336699191663  0.38849863425962899  0.39903665893412665  0.40957512825666409
  0.42010436352070818  0.43063923043606789  0.44117309591130693  0.45171499050764302
  0.46226134948735215  0.47280748758268998  0.48334813732787429  0.49389112924847184
  0.50443392463284287  0.51497819372829845  0.52552150507694684  0.53606920444820161
  0.54661665145465765  0.55716212619932148  0.56770681377541776  0.57825664072527039
  0.58879500721963851  0.59932847848547355  0.60985932796897901  0.62040435267746108
  0.63094898775567032  0.64149569581645882  0.65203650541511837  0.66258552696582029
  0.67313229713485800  0.68368436309408254  0.69423204874650901  0.70477623984799465
  0.71532120448967729  0.72585744251593876  0.73639927456852827  0.74693694527949939
  0.75747882716526693  0.76801112281674655  0.77854232985463512  0.78908255199306776
  0.79962651826331954  0.81016719954553373  0.82070639138657941  0.83124503980960207
  0.84179172289178938  0.85233926486213496  0.86289265396293424  0.87344406418549347
  0.88399574720155139  0.89454020457408034  0.90508580602800237  0.91562783112390034
  0.92617396311773570  0.93671910377469225  0.94726733594249712  0.95781578103719567
  0.96836415855612545  0.97891324060896545  0.98945760340311317  1.00000000000000000
   2.5646488819997062E-008  -1.0000000000000000     
 F F F F F F F F
  <DiscreteSampler_grid>
  grouped_processes
  1 # 1 for a reference and 2 for a running grid.
  10 # Attribute 'min_bin_probing_points' of the grid.
  1 # Attribute 'grid_mode' of the grid. 1=='default',2=='initialization'
  0.0000000000000000 # Attribute 'small_contrib_threshold' of the grid.
  0.5000000000000000 # Attribute 'damping_power' of the grid.
 # binID   n_entries weight   weight_sqr   abs_weight
    10   10   1.322623097372511E+010   1.749331857703254E+020   1.322623097372511E+010
  </DiscreteSampler_grid>
