  0.00000472810383787  0.00000493433807289  0.00000510496460562  0.00000525823176898
  0.00000553100036630  0.00000583535730840  0.00000613545640551  0.00000651944194730
  0.00000690317968455  0.00000730301192738  0.00000778915429513  0.00000825601391593
  0.00000876775111529  0.00000929994446808  0.00000987893260594  0.00001050172227268
  0.00001114904787999  0.00001179838234442  0.00001243069172011  0.00001307373963718
  0.00001370505553649  0.00001435083213995  0.00001509045248110  0.00001589344668069
  0.00001673811968987  0.00001761746278486  0.00001847682026132  0.00001944311568664
  0.00002050153599042  0.00002161630158235  0.00002282787167831  0.00002406591836894
  0.00002534702035544  0.00002676594929633  0.00002824362465126  0.00002979144621240
  0.00003152421271789  0.00003321407535795  0.00003501058936039  0.00003678802967098
  0.00003852316068286  0.00004050218279784  0.00004280548818084  0.00004539915445118
  0.00004819310611667  0.00005109087016646  0.00005401358449328  0.00005702079912489
  0.00006014551323941  0.00006340393584358  0.00006683702088934  0.00007028852216761
  0.00007372580985461  0.00007736127976451  0.00008120398263747  0.00008536881656555
  0.00008985307951679  0.00009451889386175  0.00009926518989899  0.00010388567520486
  0.00010903191346595  0.00011521160908354  0.00012167808654877  0.00012917960351874
  0.00013703865144676  0.00014577161552525  0.00015508523820808  0.00016515526899235
  0.00017632017951241  0.00018829750976361  0.00020176879463267  0.00021641479209329
  0.00023270852520496  0.00025048838765701  0.00027062913872373  0.00029412151949057
  0.00031974202343663  0.00034851649714140  0.00038197705842058  0.00042421904277301
  0.00047419963305746  0.00053332106069165  0.00059563741230923  0.00067254188595878
  0.00075308976195126  0.00085459236501951  0.00098318649417106  0.00114045628940149
  0.00134321337152940  0.00165677680750467  0.00214015331355764  0.00284366173770617
  0.00400370152374328  0.00640580409310018  0.20702205497327900  1.00000000000000000
  0.00000556670806783  0.00000690026564223  0.00000752080942410  0.00000783193351455
  0.00000820076307034  0.00000854469378067  0.00000892072303186  0.00000929419918958
  0.00000971210590989  0.00001012655785837  0.00001048893795743  0.00001089040217986
  0.00001129526660770  0.00001173211871327  0.00001223338651689  0.00001284052351433
  0.00001348644422100  0.00001415201669983  0.00001486185267174  0.00001563285509533
  0.00001649634781004  0.00001744029565398  0.00001845402310614  0.00001950235008216
  0.00002059936279859  0.00002167788572901  0.00002290917509515  0.00002428523401526
  0.00002572326553361  0.00002742485331875  0.00002911662241347  0.00003100973274481
  0.00003285811209076  0.00003479454774941  0.00003691169400737  0.00003908705135416
  0.00004168516929701  0.00004450709953592  0.00004752655581307  0.00005090013023490
  0.00005477338384700  0.00005912102840571  0.00006362347365044  0.00006810048755755
  0.00007272669203636  0.00007739447779733  0.00008245106178275  0.00008797110009570
  0.00009391502569218  0.00010129354634393  0.00010866317745163  0.00011656968653165
  0.00012493603424709  0.00013368143608979  0.00014327159794945  0.00015384856306356
  0.00016518518969620  0.00017744267590540  0.00019072240637901  0.00020507246968557
  0.00022065892198224  0.00023770662428089  0.00025695921629730  0.00027723647752880
  0.00030066763687065  0.00032550961750049  0.00034926476492958  0.00037304426371195
  0.00039818693901718  0.00042410921047427  0.00045260103303240  0.00048469907696527
  0.00052266228111274  0.00056792212609578  0.00062300765413892  0.00069158726465525
  0.00076930207879506  0.00084250357964230  0.00091396435372554  0.00099503881774256
  0.00108807675827961  0.00119207247591763  0.00130932851559639  0.00146074559507872
  0.00165280952308856  0.00190837269440140  0.00227015484602410  0.00268255197184809
  0.00312457063176247  0.00355801689301472  0.00413848742459134  0.00510837540607069
  0.00664540618419723  0.00856951098288725  0.05086516126465908  1.00000000000000000
  0.00000522646330828  0.00000563244179218  0.00000602818709140  0.00000639175758694
  0.00000666880884428  0.00000691108394636  0.00000716999164063  0.00000744182001260
  0.00000771531733351  0.00000800115587680  0.00000831386198893  0.00000864724000521
  0.00000900183010825  0.00000935229910877  0.00000977696251927  0.00001019469840812
  0.00001062377796570  0.00001106807646471  0.00001152566733678  0.00001200063726433
  0.00001249020273432  0.00001299056267474  0.00001348813419117  0.00001398006910023
  0.00001448719373732  0.00001507955359077  0.00001569055465145  0.00001633562701159
  0.00001703605945332  0.00001781792153588  0.00001864933803532  0.00001951254577597
  0.00002042888878222  0.00002129998634204  0.00002219151728271  0.00002314283078689
  0.00002421404165030  0.00002531688763683  0.00002652555633430  0.00002781125286329
  0.00002923287636356  0.00003074113609126  0.00003231480952625  0.00003386301593671
  0.00003539255476598  0.00003694143794326  0.00003854766447263  0.00004024294190396
  0.00004203413085216  0.00004389438601704  0.00004570254069565  0.00004766366534270
  0.00004962876806776  0.00005169095683700  0.00005395857895639  0.00005651983797802
  0.00005918325345690  0.00006207410196876  0.00006495347672953  0.00006791212566893
  0.00007097524732839  0.00007426700656324  0.00007791618895493  0.00008207270728270
  0.00008670583854867  0.00009127098503212  0.00009615107892486  0.00010153371010290
  0.00010736265821014  0.00011393881541403  0.00012070455996425  0.00012861399338129
  0.00013744045983941  0.00014678320763665  0.00015631802485109  0.00016688029579790
  0.00018027545027716  0.00019590038080625  0.00021416174160674  0.00023532781496677
  0.00025978174186644  0.00028735784745141  0.00031762288389064  0.00035512396889699
  0.00040014007134600  0.00045323885909340  0.00052177845691995  0.00061177156400189
  0.00073285615034244  0.00089503586773282  0.00110506029716017  0.00142822459657436
  0.00194703691510751  0.00321071479078606  0.14565953213691374  1.00000000000000000
 -0.00249081787867592  0.01282677816147231  0.02660998841422507  0.04047194101970772
  0.05369685440804400  0.06566684925790948  0.07729908686183978  0.08942671332086592
  0.10229026169135107  0.11608227673441841  0.12967521847228033  0.14259630747144483
  0.15475165685974379  0.16700167784738876  0.17891746252104984  0.19139646127707469
  0.20406563894602231  0.21658870226919738  0.22873013168791495  0.24168694416808068
  0.25510907188008780  0.26855228924347774  0.28181354016976545  0.29581982050854622
  0.31006841624061326  0.32293807079824904  0.33525262080847684  0.34868312234780124
  0.36305630188484433  0.37759851229929642  0.39166208936011426  0.40381187868458257
  0.41584282855503241  0.42796601977380683  0.44025233365853872  0.45163479888263836
  0.46256182253447392  0.47359600046320405  0.48489171942385839  0.49603209398580334
  0.50707544289635631  0.51755936436453487  0.52807547903825880  0.53890987632669540
  0.55012595253024754  0.56203126224334699  0.57384919316197958  0.58514026663164587
  0.59553687637251840  0.60565998435882518  0.61615647563749043  0.62688358410681444
  0.63771790612479085  0.64843660485836274  0.65873686027015532  0.66877343439518278
  0.67823508699134527  0.68730475632325816  0.69623023780382587  0.70509586924044421
  0.71369270457479028  0.72204589038010936  0.73040996659732016  0.73895088625920957
  0.74777439119155020  0.75657816497284325  0.76498690937092129  0.77306599552349209
  0.78103378287486547  0.78878560282984178  0.79671597119260018  0.80493337208349269
  0.81321573257188062  0.82175407490195607  0.83025040715287035  0.83869519289480854
  0.84745002484482135  0.85600660241743598  0.86455704099456077  0.87305334418423164
  0.88119262082768424  0.88927485804121209  0.89702939389821656  0.90385600771543262
  0.91045738533508180  0.91743403439411852  0.92474050365046778  0.93321564791729372
  0.94140640402615050  0.94970185106215532  0.95777272630879429  0.96598626987310143
  0.97409493356728538  0.98222073678376698  0.99130341849395942  1.00000000000000000
 -0.00234658065352742  0.00982561719790920  0.01968394532682679  0.02917157757357149
  0.03870082509673074  0.04847616283927029  0.05783979084649257  0.06722334875906885
  0.07658582587199557  0.08643991460986755  0.09748760117832789  0.10868005077450781
  0.11976621920676439  0.13117226254454198  0.14218285938804642  0.15307050543251152
  0.16433362411918867  0.17593548037189516  0.18753887272587899  0.19833724348276499
  0.20893145744240030  0.21907868646095210  0.23013374751620030  0.24189900544227322
  0.25288710677444204  0.26372746961545385  0.27391937660971327  0.28418614343905657
  0.29452582879550065  0.30431387665062060  0.31351092149697862  0.32293500050594420
  0.33342195570933753  0.34448122995332259  0.35525044288710944  0.36432819410909917
  0.37305823051096171  0.38170343755916714  0.39088865309644683  0.40068965779887789
  0.41083242214792248  0.42066909595421847  0.42964076252468297  0.43834987064368930
  0.44792277550721660  0.45868031838173307  0.46995495983582836  0.48095186637424975
  0.49221928966647371  0.50334302231700612  0.51371533303218175  0.52288041198187107
  0.53135987074683055  0.54014036493367978  0.54986215055450072  0.56035023903232795
  0.57119732993684913  0.58226083961740149  0.59404574424850598  0.60578613177506579
  0.61728695083441787  0.62860734731611667  0.63905648658794223  0.65010714336619935
  0.66049354740810051  0.67123970386256882  0.68194142443011674  0.69169423435604926
  0.70144338048922561  0.71124239511860055  0.72146135013534785  0.73292667405257317
  0.74436164347623845  0.75781673391621773  0.77093473771687793  0.78339575283371077
  0.79551026351936871  0.80744740262273240  0.81830001675598762  0.82881659108733641
  0.83957481934172606  0.85083100975658588  0.86186393263995076  0.87301124514705830
  0.88374396470684369  0.89381050407524687  0.90327339042992694  0.91260839612449329
  0.92229827594558922  0.93199474354869838  0.94174127953750664  0.95191159824113059
  0.96317487638209953  0.97518571285307953  0.98784771008151351  1.00000000000000000
 -0.00252962883946978  0.01024787105652986  0.02050821009001392  0.03148971484854291
  0.04284502694646419  0.05420360484751076  0.06533335675522613  0.07650701334734049
  0.08749701352290103  0.09813142912564198  0.10841939164748546  0.11831531703304995
  0.12769162913881787  0.13675986343599320  0.14589514558680433  0.15555765509484196
  0.16604931347721300  0.17712697555433737  0.18791197695248768  0.19700874992229253
  0.20504339925727552  0.21318521649720062  0.22160483842920550  0.23052398764899640
  0.23976155223828102  0.24930550139929269  0.25961101591570845  0.27041787909851162
  0.28132273321335449  0.29229891350106885  0.30306452269115625  0.31344364355847604
  0.32413167741760746  0.33490741806888513  0.34563938140370326  0.35637615431920555
  0.36726744034555342  0.37830424522145462  0.38945224225302894  0.40064608917986150
  0.41176316651630673  0.42219199915651262  0.43234209921037392  0.44304831985325499
  0.45431694171850506  0.46560764441104990  0.47657183614335047  0.48684086116219416
  0.49652712018085920  0.50601564289128875  0.51503412530104564  0.52422656731962514
  0.53351209914075770  0.54377021325723651  0.55435865863145872  0.56555650114440481
  0.57759494737766093  0.59002057382672235  0.60218462603218459  0.61370200410899123
  0.62485653292870880  0.63599861400683233  0.64716973832257352  0.65811879517104177
  0.66899589659474579  0.67995822228300662  0.69079531395553673  0.70168955649153064
  0.71289847107830340  0.72415297727108685  0.73493895417764055  0.74531026977337278
  0.75536265146467663  0.76558760392487035  0.77692537676944939  0.78932853011190762
  0.80165234059535639  0.81340214953281065  0.82538995361245104  0.83656026942756900
  0.84714581594710170  0.85657784848572704  0.86620110717743559  0.87608835157758014
  0.88596592972465327  0.89593313964491672  0.90579999849190374  0.91615030108952766
  0.92664102117973690  0.93658274576662970  0.94678720437328046  0.95804459294821465
  0.96849337335894725  0.97930361653861853  0.98916077537497271  1.00000000000000000
 -0.00011270894576351  0.00038075142723532  0.00073460734960346  0.00101371005702083
  0.00127441348638091  0.00154281096088179  0.00181273121032559  0.00208366318831216
  0.00234949961477912  0.00261124134611894  0.00287216988614551  0.00313716396856279
  0.00341010553326538  0.00368529134355818  0.00395400452920689  0.00423162029648893
  0.00452212546987144  0.00482552854332603  0.00513943901053725  0.00543292743246006
  0.00571560346157785  0.00599666455723134  0.00626094728048605  0.00650101612984131
  0.00672499703580089  0.00694207583160242  0.00718122471166321  0.00743338023655074
  0.00768017517928199  0.00792215909059202  0.00816365907000805  0.00841069789055405
  0.00869761029131037  0.00902389287254744  0.00938061031503473  0.00969637908656227
  0.00987657983619080  0.01005205018274140  0.01021659400626925  0.01038023232420450
  0.01054063499832175  0.01070103767243900  0.01097119478121105  0.01125876214828932
  0.01155798077935596  0.01185631357210371  0.01220883877127487  0.01248499900062735
  0.01264806490628570  0.01287333157613713  0.01309441694508433  0.01330740412920331
  0.01350407597397345  0.01371111157232237  0.01395982568200445  0.01415043921896050
  0.01425973216877366  0.01447752558622177  0.01473271704956158  0.01491668135076649
  0.01508539496720173  0.01539022717555132  0.01564473668603735  0.01589532920719826
  0.01613358357942989  0.01635635232833226  0.01658108326724558  0.01687554172671944
  0.01742326157510522  0.01781651768646067  0.01820709156713757  0.01866295946388268
  0.01927862854447471  0.02029672505958970  0.02134605346064122  0.02221867631411715
  0.02287939829428287  0.02367108522495796  0.02466167063498987  0.02587256949938053
  0.02747497896332973  0.02907423689876841  0.03035825720275417  0.03180058911847883
  0.03326611873932048  0.03453567489935567  0.03619705366859972  0.03714773354233934
  0.03801778256601839  0.03888105742077181  0.04048497407326413  0.04103643538673161
  0.04208183181817485  0.04407452174503402  0.43111889411400739  1.00000000000000000
 -0.00293864256076009  0.01260637762030878  0.02553331449000421  0.03849764005071061
  0.05133826821267149  0.06318443501836514  0.07570691915220357  0.08776894816258035
  0.09913300277480366  0.11007908930487265  0.12079789666293853  0.13259968302393646
  0.14391680401935575  0.15534544950598575  0.16568696212833905  0.17625089230659716
  0.18632320379810441  0.19711320266181845  0.20852478581395911  0.22005792556279760
  0.23097545800938135  0.24116384103385535  0.25097320453183736  0.26124588018894207
  0.27129067053460137  0.28188345788835523  0.29229050573868737  0.30204402931997787
  0.31115071521604182  0.31971014384432062  0.32833141394569049  0.33695421740236386
  0.34524366574562793  0.35335847547091143  0.36170800076988069  0.37037076439668404
  0.37931862565369462  0.38913249737191258  0.39916124859882690  0.40865401120326683
  0.41783673595624971  0.42695109171839857  0.43660748143937272  0.44673338429722248
  0.45729266351964348  0.46806084589152952  0.47919672026596916  0.49061084594225907
  0.50196697253172595  0.51213798890734830  0.52175317193492543  0.53114011872537414
  0.54039065421333843  0.54990676013462214  0.55977811824512169  0.56981058665624196
  0.57960142429094308  0.58903341109305007  0.59803076057129223  0.60836726020625331
  0.61975590266289293  0.63142718850728619  0.64282291968183114  0.65364380799910038
  0.66422986744048085  0.67459670296691987  0.68443700738931079  0.69406100493814094
  0.70374782970293037  0.71323765113729387  0.72237451636232719  0.73146653340000578
  0.74098400224837957  0.75085239026368111  0.76082607628925936  0.77121902805628839
  0.78222110542371459  0.79301463669443883  0.80380274802064944  0.81505351998586029
  0.82572956064145842  0.83540762162716420  0.84450321375140680  0.85374232464106514
  0.86366664349505184  0.87446552935574129  0.88638209352845798  0.89884533443055348
  0.91179641989747739  0.92478392996741032  0.93728841222055936  0.94927258822939220
  0.96186097569969431  0.97444587883416600  0.98741911097270807  1.00000000000000000
  0.12054654626049367  0.13219199125681583  0.14452928038255142  0.15621238154987852
  0.16907238191776613  0.18276920288702969  0.19860671764022056  0.21508194722771259
  0.22964505926062362  0.24303102406384075  0.25570213291087562  0.26822752287508039
  0.28024073670619665  0.29261481213753987  0.30480878179290466  0.31799505572142156
  0.32989114494554167  0.34212244521083213  0.35349735100447993  0.36353216835743024
  0.37379026368723828  0.38407372518734151  0.39450139798839123  0.40512993540648079
  0.41562906774647895  0.42643553508703641  0.43698132900536285  0.44717713125844816
  0.45707336210203892  0.46641029985567523  0.47545961955671984  0.48442878439452530
  0.49364334382365915  0.50245116548024793  0.51035690254456167  0.51812461755016304
  0.52588788745784343  0.53366961378285427  0.54114221709184274  0.54831516364790511
  0.55525094614448500  0.56241909358977282  0.56976410469478544  0.57752779822979272
  0.58532161166560026  0.59338566685050276  0.60114051317199235  0.60866078715348293
  0.61641282222682103  0.62445066267641425  0.63323657638103525  0.64159952660442798
  0.64989984709573767  0.65797672548071495  0.66635934716262823  0.67476827686328611
  0.68335629297960332  0.69151586565211065  0.69977921521782249  0.70837893041026145
  0.71701653802870324  0.72547404301903795  0.73360994065543927  0.74134492219263193
  0.74902684394973051  0.75668019485456617  0.76406679085202300  0.77145974348816237
  0.77886803764721868  0.78610574173544401  0.79329266306968904  0.80074768475120872
  0.80870958652558744  0.81711301377452394  0.82565171153669059  0.83392158346623757
  0.84210071378931295  0.85017510036666311  0.85791034132336141  0.86551209473464863
  0.87332487900344169  0.88061956615844728  0.88811124469463998  0.89509331024079142
  0.90199456724116001  0.90875545442193906  0.91597352110528918  0.92361177801976124
  0.93091089148559736  0.93822378930211192  0.94593480550927800  0.95383056624693063
  0.96290504017626433  0.97275931028486984  0.98511627612191777  1.00000000000000000
 -0.01910998259618321  0.10616868072167192  0.14139182870487241  0.16318734197946125
  0.18117587289355133  0.19648470095735537  0.20949677626120072  0.22093453084777856
  0.23132930144838704  0.24141543572944438  0.25131370085464982  0.26057291850763264
  0.26933940727971367  0.27759233818235368  0.28533538963233174  0.29328093558732909
  0.30144659012879116  0.31053187552677902  0.31858254911431383  0.32630076830132992
  0.33301681857567750  0.33947557651282195  0.34535402788997732  0.35122390418285016
  0.35747689068646693  0.36422896844191255  0.37088767148012586  0.37753523558712287
  0.38410919067542432  0.39070357650858245  0.39724244921012092  0.40376308371967407
  0.41041265389119630  0.41701707416987899  0.42332271409249428  0.42930956145474913
  0.43519717960535159  0.44032484409250677  0.44537042275172284  0.45071025396482683
  0.45599310978605917  0.46162826383766875  0.46716943453121834  0.47253488194864390
  0.47763113593915474  0.48260138525395196  0.48752901626275691  0.49249220101006702
  0.49753733620091845  0.50289811341667123  0.50846043812164854  0.51415973152854499
  0.51992598657384526  0.52552254129067522  0.53120014099491175  0.53709129632342423
  0.54314690197061788  0.54935260529791397  0.55555336082860085  0.56170562188271989
  0.56787571839296624  0.57402211632009204  0.58001874474075110  0.58609181705262792
  0.59260500097447255  0.59950102930087767  0.60675832881220215  0.61378200625211832
  0.62023209306736160  0.62646964689603379  0.63276530379098084  0.63972566443332490
  0.64670727702417030  0.65339390543172249  0.65982256544874396  0.66633041172099450
  0.67322990288306472  0.68073768069802310  0.68894911742376963  0.69768407139594824
  0.70651450720464193  0.71518992317586760  0.72378218075028355  0.73216780527784442
  0.74038935133614880  0.74877189197913130  0.75780124786712366  0.76760222275307022
  0.77892003720639358  0.79124828152329985  0.80542491647982417  0.81974107967164478
  0.83551179634461814  0.85580079934380104  0.88892975437583688  1.00000000000000000
   6.3918870894686508E-002  -1.0000000000000000     
 F F F F F F F F F F F F F F F F F F F F F F F F F F F F F F F F F F F F F F F F F F F F F F F F F F F F F F F F F F F F F F F F F F F F F F F F F F F F F F F F F F F F F F F F F F F F F F F F F F F F F F F F F F F F F F F F F F F F F F F F F F F F F F F F
  <DiscreteSampler_grid>
  grouped_processes
  1 # 1 for a reference and 2 for a running grid.
  10 # Attribute 'min_bin_probing_points' of the grid.
  1 # Attribute 'grid_mode' of the grid. 1=='default',2=='initialization'
  0.0000000000000000 # Attribute 'small_contrib_threshold' of the grid.
  0.5000000000000000 # Attribute 'damping_power' of the grid.
 # binID   n_entries weight   weight_sqr   abs_weight
    10   10   1.242325548739326E+004   5.632774688561589E+008   1.242325548739326E+004
    16   10   1.242325548739326E+004   5.632774688561589E+008   1.242325548739326E+004
    22   10   1.242325548739326E+004   5.632774688561589E+008   1.242325548739326E+004
    28   10   1.242325548739326E+004   5.632774688561590E+008   1.242325548739326E+004
  </DiscreteSampler_grid>
