 -0.00240723595881634  0.00949677349722077  0.01965063766966510  0.03016815256658978
  0.04071463727223824  0.05125701537730348  0.06180037516450958  0.07234227407296824
  0.08288838112967505  0.09343279985454654  0.10397777407125224  0.11451566695699869
  0.12505067218726018  0.13559062184382148  0.14613105708695490  0.15667594932633747
  0.16721292228393944  0.17775878399681413  0.18828967899326013  0.19882572523576203
  0.20935875073950294  0.21990634874508252  0.23045558404703592  0.24100611981866787
  0.25155518478226252  0.26210249167302030  0.27264795389183477  0.28319213076354399
  0.29373715273429857  0.30427991312611963  0.31482542555949899  0.32537210935909205
  0.33592149448177183  0.34647102708523192  0.35701911391329921  0.36756537972614700
  0.37810896263089466  0.38864807980261107  0.39917058178393294  0.40969455598929067
  0.42022074932275061  0.43075967760298739  0.44129968536369946  0.45184235102705744
  0.46238751549640800  0.47293136677486447  0.48347204350689715  0.49401058445076024
  0.50455310093716998  0.51509850571011873  0.52564432371275449  0.53618770866631649
  0.54673177931711847  0.55727301214577629  0.56781495566854234  0.57835164936886674
  0.58888115412517195  0.59940644134778731  0.60993674921185947  0.62047720388880001
  0.63101347524742690  0.64155042967366827  0.65208814523063663  0.66262955974290794
  0.67317130308827733  0.68371919863753505  0.69427067865471481  0.70482199569977899
  0.71536997828751137  0.72591480937588237  0.73646013704193747  0.74700761666382398
  0.75754993105816881  0.76809093440226794  0.77863067441090850  0.78917900527030649
  0.79972243753545369  0.81026836943949154  0.82081426837995641  0.83136470074319513
  0.84190321841099403  0.85244533779332610  0.86298061337520948  0.87352905253385793
  0.88406751885663004  0.89460458418591793  0.90513352626200971  0.91566840743088973
  0.92621298352893944  0.93675920949354419  0.94730740019334780  0.95784349653723821
  0.96837902197860859  0.97890956566727605  0.98945301228266580  1.00000000000000000
 -0.00251083074795355  0.00946026465084543  0.01961235036314502  0.03012578884276726
  0.04067001163859738  0.05120799590160086  0.06175301370481879  0.07229368962234556
  0.08284008874216284  0.09337788327761759  0.10392293652140401  0.11446355257068848
  0.12499055481232138  0.13551326153735074  0.14603850682190903  0.15658198642775872
  0.16713090968684874  0.17766806368327584  0.18820837622832515  0.19874725421989525
  0.20929996767215309  0.21985298686642182  0.23040633691637677  0.24095735039667415
  0.25150000825981128  0.26203838042051769  0.27257726277499150  0.28312227514981592
  0.29366593508344851  0.30420930058523465  0.31475482279830874  0.32530353886030605
  0.33585349419301119  0.34640331916198164  0.35695524953136776  0.36750877053659775
  0.37805449637957367  0.38859894986897825  0.39914264690688972  0.40969464648299719
  0.42025005454391517  0.43080407039867996  0.44135035680056584  0.45189350153403779
  0.46243434716977361  0.47297606961077904  0.48351899012828614  0.49406182557879991
  0.50461196038845246  0.51515290213491050  0.52569747862334770  0.53623984629950017
  0.54678534849337301  0.55732919420418614  0.56787264981103669  0.57842269188194961
  0.58896617458347766  0.59950489918468886  0.61004238744440675  0.62058123053104597
  0.63112292938630998  0.64166329843215120  0.65221011225640024  0.66275587196969765
  0.67329957038218746  0.68384267814495503  0.69438897593090121  0.70492608701052517
  0.71544563999431210  0.72595990393705356  0.73648464117341472  0.74701896662945477
  0.75755947107823118  0.76810411995801153  0.77865084526538852  0.78919714115554840
  0.79974398525657753  0.81029842879240177  0.82085408987078257  0.83140575013056905
  0.84195587011717643  0.85249717509882328  0.86304367657405356  0.87358569503567951
  0.88413070917510039  0.89466845967213404  0.90521072006078918  0.91575860287297495
  0.92631134761720890  0.93685275910540255  0.94738735291997112  0.95791763149535591
  0.96843550971816883  0.97895556086497282  0.98947426948296635  1.00000000000000000
   2.5650981336443912E-008  -1.0000000000000000     
 F F F F F F F F
  <DiscreteSampler_grid>
  grouped_processes
  1 # 1 for a reference and 2 for a running grid.
  10 # Attribute 'min_bin_probing_points' of the grid.
  1 # Attribute 'grid_mode' of the grid. 1=='default',2=='initialization'
  0.0000000000000000 # Attribute 'small_contrib_threshold' of the grid.
  0.5000000000000000 # Attribute 'damping_power' of the grid.
 # binID   n_entries weight   weight_sqr   abs_weight
    10   10   1.322623097372511E+010   1.749331857703254E+020   1.322623097372511E+010
  </DiscreteSampler_grid>
