  0.00000044333117167  0.00000047036332033  0.00000050768483529  0.00000053472466278
  0.00000056091535415  0.00000058423661037  0.00000061314530042  0.00000064943227101
  0.00000068987784555  0.00000072863781365  0.00000076584505570  0.00000080376726106
  0.00000084096768619  0.00000088797429035  0.00000094682562208  0.00000101380721359
  0.00000108056342834  0.00000114427363352  0.00000121211679411  0.00000128428866378
  0.00000135525009240  0.00000142955082582  0.00000150553473041  0.00000158317648234
  0.00000166096750858  0.00000173543053325  0.00000182257347806  0.00000192560772391
  0.00000203979021926  0.00000216057016912  0.00000228865431065  0.00000240309283179
  0.00000252767481579  0.00000267650426854  0.00000283814088992  0.00000303462021587
  0.00000324905603620  0.00000345827623661  0.00000368387782213  0.00000392223388208
  0.00000419044208789  0.00000453402924527  0.00000485854174325  0.00000522432491409
  0.00000561097318345  0.00000601912056794  0.00000649993282104  0.00000702427950871
  0.00000754982545799  0.00000810318790653  0.00000870158267924  0.00000935367660664
  0.00001015250706928  0.00001112397999546  0.00001207391583238  0.00001304149314786
  0.00001408199802773  0.00001513854510627  0.00001631369036144  0.00001758618703628
  0.00001896818899522  0.00002066033737482  0.00002281845403444  0.00002512401393566
  0.00002791104355044  0.00003161126592593  0.00003571659327634  0.00003918701079512
  0.00004179544153571  0.00004453595091208  0.00004746243824787  0.00005050447226547
  0.00005375039299477  0.00005909535106871  0.00006782230727005  0.00007842971878651
  0.00009116090866879  0.00010645383783635  0.00012300793256668  0.00014045440299445
  0.00016001628015013  0.00018559716298949  0.00022113899911795  0.00026822348951618
  0.00032758791591371  0.00040815808795888  0.00051032964875166  0.00062826292306434
  0.00076720008477141  0.00096664459103420  0.00129252924979118  0.00181654000066362
  0.00266713152191510  0.00423483269959759  0.34269960580486286  1.00000000000000000
  0.00000654579330033  0.00001105532266429  0.00001589953003188  0.00002360095954020
  0.00003780086438356  0.00005713201189324  0.00007781533180438  0.00009928932379452
  0.00012028221606078  0.00014005817266902  0.00015824388291609  0.00017715806920775
  0.00020009501496347  0.00022615649934980  0.00025407573566499  0.00028453375492507
  0.00031529087425885  0.00034722898065850  0.00038242618060454  0.00041862339647531
  0.00045692765884215  0.00049424273769013  0.00053104682855206  0.00056833178163508
  0.00060856085942433  0.00065317357399414  0.00069863963088679  0.00074581341383712
  0.00079398615881109  0.00084610495080986  0.00089596595349595  0.00094973727673312
  0.00100571428421396  0.00105268272296589  0.00109278023618297  0.00113215205860536
  0.00117751070902693  0.00122389642216231  0.00127608464046336  0.00133967975008011
  0.00141118953951723  0.00148469066703655  0.00155904128288275  0.00164283243774821
  0.00173320388818700  0.00180774418979392  0.00189335543086931  0.00198563532192366
  0.00207646320161761  0.00219186574701048  0.00232296899700227  0.00243840288859110
  0.00251967162897079  0.00259415014051425  0.00266216001642091  0.00272764440380740
  0.00279869744828598  0.00287144849261947  0.00294922639945587  0.00303217753109983
  0.00312040232172074  0.00321154874247995  0.00329841713097049  0.00338293456010852
  0.00346019992222729  0.00354148534094775  0.00372904736926442  0.00394790197636375
  0.00417683933200406  0.00440125361716587  0.00455097632954251  0.00470793764790448
  0.00487582172110660  0.00505623083414021  0.00525203362709701  0.00550901580020016
  0.00571875389344792  0.00587894184001531  0.00603036756635551  0.00621587636110708
  0.00644581961717482  0.00672262211683377  0.00711438016460062  0.00782865549697867
  0.00894306841488179  0.01016309559825432  0.01120223318719570  0.01222540277549709
  0.01358347218706012  0.01602482087849481  0.01912412104806277  0.03652216605284506
  0.06370005434235944  0.07805161918292192  0.09170193616694065  1.00000000000000000
  0.00000545118204149  0.00000723477485360  0.00000830804366136  0.00000923665359838
  0.00001005749206243  0.00001076322927388  0.00001152044059389  0.00001229589912220
  0.00001301861775288  0.00001370632885466  0.00001435791107362  0.00001497855328879
  0.00001555115042799  0.00001615556754383  0.00001688451604720  0.00001773178753961
  0.00001866676939478  0.00001950958158436  0.00002028205055393  0.00002113828541852
  0.00002210151343624  0.00002310288986650  0.00002395370171190  0.00002466713846456
  0.00002524759370050  0.00002586803328236  0.00002657856966033  0.00002750920854592
  0.00002867539222011  0.00003011391706448  0.00003165398348143  0.00003303721231673
  0.00003438642386827  0.00003586827515083  0.00003745327085799  0.00003921517796736
  0.00004119378441828  0.00004340611226761  0.00004562853191171  0.00004807460733314
  0.00005051679725208  0.00005292078645309  0.00005538291183998  0.00005798232412317
  0.00006067854537703  0.00006344768668975  0.00006656779296041  0.00006970697437491
  0.00007294288816587  0.00007600455927428  0.00007892503458905  0.00008186309380787
  0.00008529705507610  0.00008934864115105  0.00009435916846155  0.00009855699874372
  0.00010204466078356  0.00010544585217974  0.00010891238814651  0.00011254727967148
  0.00011800234519051  0.00012315669120110  0.00012829665496952  0.00013359732152145
  0.00013899940702014  0.00014537419738338  0.00015267947644924  0.00016124690552266
  0.00017210375301724  0.00018570563210026  0.00019535874988293  0.00020555259297775
  0.00021593827946334  0.00022577972677843  0.00024251353176901  0.00026358877309714
  0.00028757200257800  0.00031122788563260  0.00033541631694432  0.00036536064945657
  0.00040544716486085  0.00046098407757088  0.00053777763264540  0.00063520051376604
  0.00077447094600093  0.00093111618139053  0.00111823526662175  0.00134566200460227
  0.00163095147460366  0.00202826711190277  0.00266943101301211  0.00361153551999210
  0.00544574379255431  0.00897444424248805  0.12901102624758373  1.00000000000000000
 -0.00360212240571914  0.01400146861375364  0.02710112139191081  0.04154295722358366
  0.05684620330648812  0.07184529940286283  0.08538877252322107  0.09700219923806674
  0.10854146508740069  0.12010994949531555  0.13076460914707827  0.14173564409086525
  0.15171230988769316  0.16176807558263345  0.17219457966093676  0.18241039823785044
  0.19285953936669159  0.20444848096723373  0.21751319201637126  0.22967032183811292
  0.23835781893650970  0.24662504910834618  0.25387425102309330  0.26093438238858141
  0.26820898616980593  0.27545894202192472  0.28347743293144773  0.29252213834791696
  0.30263939563595921  0.31346631578583278  0.32533003841240854  0.33707416304689047
  0.34891338781408698  0.36098501828978663  0.37349731522681862  0.38562208219265670
  0.39613771223120470  0.40560992452864958  0.41494018037654795  0.42458480014312427
  0.43397382868437434  0.44302379132058400  0.45234094719430967  0.46275191589207576
  0.47485566885835667  0.48822219944704448  0.50047835560027532  0.50885049949671646
  0.51674383158628345  0.52599175976321799  0.53542120786682768  0.54383751005079406
  0.55194680581830347  0.56121410938005589  0.57127579426997510  0.58114145566435271
  0.59002911870606756  0.59963609491631353  0.61081418499064877  0.62190687265849687
  0.63285915066308829  0.64271156483228131  0.65218273508606328  0.66256656831855554
  0.67421099455207789  0.68778472954457359  0.70168961634167792  0.71664102409199126
  0.73214645778015719  0.74132959031729506  0.74865449849312604  0.75608019192622578
  0.76283113927731372  0.76925733647409711  0.77712039922566889  0.78878159279506366
  0.79739286228417683  0.80444326845984748  0.81167510524228614  0.81903529641095407
  0.82690576203170740  0.83533979741952447  0.84410424199473866  0.85156573586052842
  0.86077366325517202  0.87370331855844807  0.88700765376904556  0.90070214387010838
  0.91396611538422368  0.92685308045465276  0.94105473542555285  0.95622054115888644
  0.96811626835985853  0.97907518055948262  0.99010241243765706  1.00000000000000000
 -0.00143073251474668  0.00848078546230780  0.01698791742621557  0.02575395723981104
  0.03370701496569116  0.04237476654721195  0.05228719750163945  0.06378271147274561
  0.07536399885051882  0.08596339644566064  0.09605605741268833  0.10623851664184568
  0.11340439181634702  0.12252164279390952  0.13263832386042007  0.14248087710220525
  0.15659085277961837  0.16870469720268444  0.17858769312915371  0.18853126575320855
  0.19698538090188938  0.20503057259309682  0.21331409783196198  0.22184740733597402
  0.23126506551292783  0.24122792907994253  0.24959691242824436  0.25728263215898384
  0.26508394800920698  0.27477344752530952  0.28539031617135174  0.29674482357725579
  0.30975457864345723  0.32275542252502221  0.33533035316406090  0.34743698658172217
  0.35818247190976715  0.36906707289154422  0.38057665377678840  0.39113238331211631
  0.40232701679401150  0.41206649627033026  0.41981531937823480  0.42677397494171548
  0.43402182371718834  0.44142779509804048  0.44855424843155345  0.45717415917298798
  0.46803839067825909  0.47874983326112081  0.48946336352985481  0.50045936649798006
  0.51219740825505444  0.52417257228928249  0.53737602882792523  0.54984057614877457
  0.56157210009647696  0.57221345729083195  0.58266906298334675  0.59386526491285618
  0.60757650254777862  0.62294509576211710  0.63822761889538471  0.65216227860266263
  0.66369751351432860  0.67408230262803326  0.68378600123182698  0.69395283391396634
  0.70476188270198759  0.71655773565252334  0.72875024840568337  0.74284379482476881
  0.75558902220734414  0.76562901907477099  0.77499985819442863  0.78460899049881494
  0.79532541568826509  0.80667686211340051  0.81687848704913335  0.82610532387904190
  0.83599678145010037  0.84411794737995161  0.85219909024315688  0.86100975297412274
  0.87088384521826501  0.88159647824160681  0.89357248197950234  0.90660101103544610
  0.91947414584711884  0.93156294855730304  0.94249340550412031  0.95302476347894949
  0.96294912736327132  0.97344494720897368  0.98442752743106987  1.00000000000000000
 -0.00316431079723654  0.01033656919902365  0.02294315277903227  0.03540880155095267
  0.04781701762709578  0.05986991115664274  0.07206406557322524  0.08536442307295158
  0.09827062664530758  0.11138864862069420  0.12519256371418266  0.14077208707608080
  0.15312857457518939  0.16434547279848763  0.17233985447485725  0.17774676363360009
  0.18392575786051099  0.19024804448979507  0.19781416072893537  0.20717214341239953
  0.21681165659957341  0.22642232405957805  0.23930316749771491  0.25362552344575418
  0.26799433967848940  0.28183188991104874  0.29663990533614837  0.31148215442686183
  0.32455960978748521  0.33443979632017223  0.34141874719427451  0.34841352944415599
  0.35513500609791854  0.36013232890692048  0.36485928563165670  0.36903511558912272
  0.37477084401806299  0.38141311710765213  0.38945118252413302  0.39782832675479285
  0.40819476700098284  0.41997305275483299  0.42964796839753633  0.44006907878744689
  0.45184281703600510  0.46569076081601718  0.47775806663729375  0.48736663322360058
  0.49624824972448639  0.50523226512089958  0.51412561031127058  0.52458647213123033
  0.53513631064507994  0.54557099468131454  0.55644644958033640  0.56737144907577219
  0.57797282770101666  0.59006122952040418  0.60179118886288441  0.61327932728181944
  0.62503061205294186  0.63868202454250877  0.65211822217746218  0.66574594720451929
  0.67795733213038900  0.69015483090380902  0.70139249950544547  0.71188134325811214
  0.72244717694914584  0.73389621892400903  0.74643674596468823  0.75582688393817321
  0.76302882864967858  0.77036468522041013  0.77803129243686753  0.78646120889564430
  0.79602164555867994  0.80574215312530939  0.81698284693516654  0.82904294159685044
  0.83857712491655945  0.84706904606492583  0.85606304750775719  0.86696175429221667
  0.87777293398139522  0.88857571837336002  0.90013838493322917  0.91328450558110719
  0.92488415436322868  0.93531987947782202  0.94644195283530308  0.95965622743771617
  0.97088017949160299  0.98063098443919883  0.99042879386788418  1.00000000000000000
 -0.00004931099629394 -0.00001381085181414  0.00002168929266566  0.00006109107703919
  0.00015661938273720  0.00025214768843521  0.00036024968230856  0.00048611737460878
  0.00060109821018523  0.00069993585663302  0.00079119207922299  0.00088315328345258
  0.00098086566052884  0.00108126147058767  0.00117900218686451  0.00130006281973933
  0.00144990127034566  0.00163411930592226  0.00180583410512480  0.00198292394568337
  0.00217042903886537  0.00235696735990591  0.00255774631657577  0.00277373034492642
  0.00299379516009830  0.00323228731336093  0.00347591085015994  0.00372171321707935
  0.00397245774469382  0.00423972236435844  0.00449824140411479  0.00477157375006041
  0.00503230517932150  0.00528635752837879  0.00556895062474390  0.00581460521433921
  0.00606364914480332  0.00631955481019466  0.00653948864291877  0.00677659360683097
  0.00703389912496314  0.00729896066783008  0.00762767769115290  0.00800765763389019
  0.00839961304594544  0.00880564572643524  0.00922775694477951  0.00965435696958372
  0.01016319440279577  0.01068091462994892  0.01111741099473156  0.01147710519964092
  0.01190318086957815  0.01230602738720225  0.01273154358300996  0.01324180446997297
  0.01380695735841408  0.01427440930362183  0.01477679556074201  0.01525223250724645
  0.01559917481114782  0.01587223314298056  0.01615454508801916  0.01643948848254456
  0.01673130290028751  0.01709406765618057  0.01819504499759037  0.01892931608197757
  0.01939477377183010  0.01987790309635821  0.02048165039784470  0.02126932947684466
  0.02196303012149635  0.02261322535472958  0.02327610292356901  0.02413481282415493
  0.02490573154865539  0.02588018170022020  0.02697103300416411  0.02793927988351479
  0.02856966797825538  0.02931777204267324  0.03029689891363916  0.03166379557498708
  0.03333367836874251  0.03469817412853914  0.03656195971410523  0.03872608795088058
  0.04016461810803258  0.04221579547419504  0.04742360945033859  0.05458131248321555
  0.07362606636390491  0.08825941713633402  0.50495081208094283  1.00000000000000000
 -0.00564523722953405  0.02216865330654951  0.04039646546212284  0.05609650580223915
  0.06981575426051932  0.08417788499684245  0.09832066883162922  0.10978445305397642
  0.12078835665058807  0.13096862302965998  0.14065282089915665  0.15038209398971289
  0.16053527668465298  0.17338600438387181  0.18886643154302654  0.20398810285642124
  0.21939580518042154  0.23294818632940845  0.24646533683956426  0.26014735553491269
  0.27368422935521591  0.28710335449232455  0.29875364147973654  0.30990012831980146
  0.32199298154967887  0.33497421184404780  0.34569353795081775  0.35282617155394874
  0.35910501008472623  0.36548689378878679  0.37197352227724678  0.37782712893845677
  0.38645464709348265  0.39744642460660307  0.40844852673526577  0.41939988481051227
  0.42813157317272299  0.43582261155901031  0.44337516245767972  0.45044540278843448
  0.45965982436228237  0.46921881161623408  0.47814487329955019  0.48666789838259217
  0.49460008760591290  0.50228281835489452  0.51086580686796346  0.51980583988704343
  0.52631802940414429  0.53208371315180647  0.53853789878387559  0.54626364552074869
  0.55303825916311666  0.55959002806286084  0.56551807064214743  0.57208336404595372
  0.57890408901308765  0.58613391557733319  0.59599525543372223  0.60473692408771340
  0.61317242892198298  0.62293325674357181  0.63350050763680699  0.64170397779319310
  0.64940456155081849  0.65696680093832094  0.66635839340744940  0.67665213399566970
  0.68749595590260049  0.69854483176964022  0.70812706429671879  0.71733590263229230
  0.72646029336698348  0.73499242537424270  0.74330116837096083  0.75184157385008710
  0.76258041413882016  0.77325969248293414  0.78342596729973502  0.79471675137030939
  0.80726364338470924  0.81928090273948873  0.83054268655344010  0.84158284894617952
  0.85060772996341616  0.85891483185258866  0.86885174267824705  0.87816205172125672
  0.88990943316660220  0.90513659149863979  0.92147344055271296  0.93777953632165634
  0.95396033844546657  0.96948371568960423  0.98448810736523007  1.00000000000000000
  0.29623520085852911  0.31242832193049680  0.32862144300246443  0.34481456407443212
  0.36100768514639975  0.36909345956789114  0.37252775422376749  0.37596204887964385
  0.37978285609895801  0.38755824893066887  0.39586250346461965  0.40620826223299478
  0.41812406427575255  0.43002723597549791  0.44240273977727257  0.45718131850760296
  0.46847386166108029  0.47676395438952418  0.48550202964666411  0.49651138552411755
  0.50586239313158943  0.51399017244968581  0.52199655650059573  0.52848046594284082
  0.53448273468525942  0.54083664908902895  0.54727872159872548  0.55344096341530002
  0.55927487611430893  0.56640488573526104  0.57362433635007648  0.57969423199907666
  0.58502478660704882  0.59040840224603575  0.59615377912446466  0.60300035616056857
  0.60974361092057205  0.61625225199269895  0.62235877166208675  0.62817000305530379
  0.63440878584817151  0.64044265719087035  0.64567427238708142  0.65005983526779876
  0.65388958110190054  0.65745272696147639  0.66118862617474883  0.66523164846711325
  0.66900801755153194  0.67250411095802065  0.67624156389281942  0.68061032882074812
  0.68572652197194373  0.69103953390272088  0.69613185558030932  0.70136182901444288
  0.70610177970398491  0.71103785927196439  0.71645624536793018  0.72300578576345864
  0.73131631934788477  0.73977579428115703  0.74701442726705913  0.75251111637371615
  0.75725660840487341  0.76133456279752609  0.76630448472829482  0.77178222534435270
  0.77830023397594694  0.78460467846050808  0.79072755081926061  0.79822077758425203
  0.80520270258682325  0.81014625116992933  0.81547064744194331  0.82164899149271964
  0.82854283492535796  0.83569838322385237  0.84284545611031436  0.85026707372130395
  0.85769085818436108  0.86489047365230853  0.87161585426822996  0.87784333970360928
  0.88494125726511408  0.89232660012075093  0.90115977563259264  0.91008635702282015
  0.91775306287358216  0.92466244453628588  0.93154440931741345  0.94095340245491887
  0.95166272741863078  0.96287102609991571  0.97703904011651155  1.00000000000000000
 -0.01059006548943365  0.05745972706013541  0.08635867567910355  0.10426256219015213
  0.11748946445083745  0.12970396631486691  0.13991285824484839  0.15045334061180110
  0.15928754533102649  0.16813853957364897  0.17641803678612916  0.18396470891670505
  0.19111325097083787  0.19783707243997495  0.20448683354606623  0.21162221195545683
  0.21900450954105993  0.22611637628216505  0.23153276552800867  0.23597346389676693
  0.24002488281369236  0.24421588502489847  0.24870999427278814  0.25312470686214111
  0.25771673692163705  0.26243916767632125  0.26745081354106065  0.27235929617143240
  0.27720764037438506  0.28194470625411788  0.28693088866115285  0.29219414357999912
  0.29889721740531411  0.30542821756408495  0.31141637436150327  0.31670096362462108
  0.32184376580632479  0.32728390415990966  0.33296845708402284  0.33800079482811046
  0.34230331128141267  0.34655770834341332  0.35075724300649158  0.35555035064020568
  0.36136801851936934  0.36755679790084322  0.37381782836624433  0.38046635119407834
  0.38757892610904610  0.39392961374691898  0.40149689955339912  0.40905807561463875
  0.41690217451875117  0.42500701977499605  0.43220423431046229  0.43964183254112837
  0.44640288494408348  0.45285543415906954  0.45948501138775105  0.46737743896912776
  0.47579061807591716  0.48474797653414642  0.49381306454268808  0.50267925807085945
  0.51111799850699313  0.51945513801476917  0.52849229440026346  0.53771092605899529
  0.54460946909209063  0.55141709874375866  0.55852353190568327  0.56611630494628007
  0.57568480950488365  0.58637037868731301  0.59611953799261064  0.60518917858656029
  0.61447966879146954  0.62183193904943546  0.62690140939707995  0.63172017812604220
  0.63654461546652541  0.64149183032753210  0.64591289226202897  0.65502278255918012
  0.66633198227599078  0.67793443031118683  0.69119300183676768  0.70615283246905625
  0.72012599935753741  0.73472592452174768  0.74856498359119494  0.76602992418028770
  0.78761688530619656  0.82138090092970018  0.87002382520782839  1.00000000000000000
   1.2275086392441966E-003  -1.0000000000000000     
 F F F F F F F F F F F F F F F F F F F F F F F F F F F F F F F F F F F F F F F F F F F F F F F F F F F F F F F F F F F F F F F F F F F F F F F F F F F F F F F F F F F F F F F F F F F F F F F F F F F F F F F F F F F F F F F F F F F F F F F F F F F F F F F F
  <DiscreteSampler_grid>
  grouped_processes
  1 # 1 for a reference and 2 for a running grid.
  10 # Attribute 'min_bin_probing_points' of the grid.
  1 # Attribute 'grid_mode' of the grid. 1=='default',2=='initialization'
  0.0000000000000000 # Attribute 'small_contrib_threshold' of the grid.
  0.5000000000000000 # Attribute 'damping_power' of the grid.
 # binID   n_entries weight   weight_sqr   abs_weight
    13   10   9.126185279604063E+002   2.591699046315795E+006   9.126185279604063E+002
    14   10   9.126185279604076E+002   2.591699046315807E+006   9.126185279604076E+002
    16   10   8.827856621791467E+002   2.517756766195833E+006   8.827856621791467E+002
    17   10   8.827856621791482E+002   2.517756766195847E+006   8.827856621791482E+002
  </DiscreteSampler_grid>
