  0.00000471158180868  0.00000489632071097  0.00000513374347707  0.00000537881235513
  0.00000562294717662  0.00000586244673201  0.00000612563599693  0.00000643857026441
  0.00000684806744583  0.00000709947013968  0.00000732324828134  0.00000752901927845
  0.00000773253959595  0.00000790645839971  0.00000808142505410  0.00000826298317228
  0.00000845252656731  0.00000872627988272  0.00000898237521496  0.00000921648837569
  0.00000944151150286  0.00000967040507471  0.00000990629363187  0.00001015949862515
  0.00001042883027571  0.00001072219248355  0.00001111116249304  0.00001159281563333
  0.00001209532841869  0.00001256496291715  0.00001305882212204  0.00001357849316981
  0.00001412980901709  0.00001480777891716  0.00001553884344797  0.00001625411712351
  0.00001692188508656  0.00001755054476938  0.00001821503016940  0.00001898972105773
  0.00001978020343315  0.00002061976142191  0.00002145548943141  0.00002227187048719
  0.00002307764382151  0.00002389128508220  0.00002472794189002  0.00002562611070033
  0.00002663472769510  0.00002766559963222  0.00002859708479342  0.00002964590547456
  0.00003099734217701  0.00003235948617959  0.00003377490041084  0.00003546670217956
  0.00003727427610484  0.00003920675798899  0.00004130538085187  0.00004340099798053
  0.00004570177976010  0.00004845009199150  0.00005134191047515  0.00005409774515116
  0.00005676714712762  0.00005944011591192  0.00006270943823676  0.00006641414382944
  0.00007014735000397  0.00007405249534846  0.00007799390413979  0.00008299637010619
  0.00008866022639967  0.00009515250662161  0.00010169203762660  0.00010883091587346
  0.00011717487979293  0.00012784209383121  0.00014144797460432  0.00015583997932260
  0.00017051890363946  0.00018712823323056  0.00020661967314387  0.00023103019666142
  0.00026126282271291  0.00029586104831039  0.00033699177392489  0.00039521097702843
  0.00047901283564168  0.00060564772232564  0.00080514728775618  0.00130347048078064
  0.00227802803536464  0.00472848070083494  0.07941362549726581  1.00000000000000000
  0.00000459709567129  0.00000492039420742  0.00000523831911986  0.00000553699818034
  0.00000585127600414  0.00000621130987045  0.00000654806006677  0.00000690040265350
  0.00000724731791966  0.00000756284938208  0.00000792966077915  0.00000833891207262
  0.00000877240765559  0.00000920602346322  0.00000963350845905  0.00001007921145397
  0.00001054420365366  0.00001106074443012  0.00001161728717357  0.00001214119596944
  0.00001268735793815  0.00001325123498926  0.00001384046710938  0.00001447656345949
  0.00001522486018043  0.00001602459471940  0.00001678253065175  0.00001748922297904
  0.00001817128981020  0.00001884166444602  0.00001947284326710  0.00002006566381941
  0.00002065040024424  0.00002124603841843  0.00002187550906858  0.00002256116805377
  0.00002329958065443  0.00002408647558414  0.00002495135828094  0.00002590372397350
  0.00002696847932261  0.00002800413690623  0.00002891742077222  0.00002967565256974
  0.00003073878724274  0.00003199439410570  0.00003332182432179  0.00003466463127198
  0.00003665900864496  0.00003867834163549  0.00004075548799815  0.00004291507460950
  0.00004516935967037  0.00004770144772651  0.00005048232474597  0.00005342961001645
  0.00005667543086864  0.00006019934099449  0.00006387519123949  0.00006770420661001
  0.00007186333060352  0.00007640743070996  0.00008133110047697  0.00008670689005180
  0.00009270973398814  0.00009939927926128  0.00010706637148818  0.00011533780544975
  0.00012459109342304  0.00013471748411500  0.00014531742214908  0.00015690573923747
  0.00016979809482590  0.00018378211681783  0.00019964879159076  0.00021767405364370
  0.00023864919318387  0.00026366632443178  0.00029143747811710  0.00032440624242706
  0.00035735702885037  0.00038753176724566  0.00041859002586655  0.00046145463059622
  0.00051660064728443  0.00059519098070694  0.00068256160144863  0.00080323454412425
  0.00090396308771691  0.00102874519112591  0.00119879516745510  0.00158264331705721
  0.00218681221988959  0.00394775229473858  0.50147813481313297  1.00000000000000000
 -0.00000653713163054  0.00018140661851183  0.00066890148703843  0.00165543834412821
  0.00318299756252575  0.00512403506022575  0.00754989760642029  0.01018111284473183
  0.01327166298363009  0.01652396686701428  0.01979569401656792  0.02373782066588636
  0.02813742339259879  0.03287379787860378  0.03821049020464353  0.04361822853657154
  0.04932449737524230  0.05527466198504929  0.06109035181621764  0.06660400691988347
  0.07246231033724909  0.07921131483521708  0.08634787983671585  0.09433960736245223
  0.10212854799828032  0.10992023027378857  0.11813255256442431  0.12843802412464883
  0.13996556101710611  0.15088927241178351  0.15990618759417050  0.16935560670685634
  0.17863427504293705  0.18753325533922979  0.19603985372000321  0.20439321415539441
  0.21262204590751613  0.22170529108068004  0.23258882544533196  0.24509502289746926
  0.25768150429074949  0.26929786994958915  0.28025873126761081  0.29200962309505035
  0.30511092296803083  0.31954858620510596  0.33447271280738899  0.34852052866593330
  0.36136958083294690  0.37401177498694410  0.38713665492887978  0.40128750761173959
  0.41593740216899860  0.43140724042827189  0.44758875076755800  0.46438948299443283
  0.48228902617362435  0.50181737530089687  0.51783095817067337  0.53530036470846654
  0.55287036003612178  0.56994166949092651  0.58653524603971674  0.60310176833626483
  0.62026469549211960  0.63580067400395512  0.65069180645422287  0.66542845680539620
  0.67906612479685702  0.69299626011386573  0.70718116715739876  0.72173528915113339
  0.73714580330487933  0.75242560791624968  0.76669935886711471  0.78106506306181855
  0.79314554065760323  0.80468214938562943  0.81607639302748347  0.82728511557352591
  0.83803976380403022  0.84777207071361316  0.85748518330037526  0.86710933113307687
  0.87685399886466353  0.88661409005695413  0.89595029271695958  0.90479442490987494
  0.91672938860788555  0.92838179064707937  0.93963682548283023  0.95098343588947054
  0.96295673491420075  0.97510352646346987  0.98743327665532132  1.00000000000000000
 -0.00164360846631550  0.00959823506082616  0.01856920217666177  0.02726993763668322
  0.03614786472765064  0.04607933204805163  0.05744263434664149  0.06880726068734530
  0.08029746878283947  0.09121639697703232  0.10334854221806185  0.11462572849269889
  0.12782822930607798  0.14180845619308169  0.15399248342556318  0.16488254116066689
  0.17546099787514530  0.18685919292021760  0.19843658237569406  0.21055427098503043
  0.22266467345209082  0.23549246150037542  0.24780573861042510  0.25951613156287401
  0.27074172311887890  0.28185029611782603  0.29397476146400692  0.30730155523159619
  0.31913731415132429  0.32848200581317832  0.33802620395485045  0.34843804985794025
  0.35928769971567731  0.36893814710504153  0.38046338119531770  0.39292800362257713
  0.40513731980528578  0.41592430747705228  0.42539043370540969  0.43512117523048421
  0.44498711694243898  0.45539462887889937  0.46503980791043148  0.47304624249984195
  0.48061306964589023  0.48839367300581471  0.49687908738481457  0.50710839769521210
  0.52002747076474121  0.53467704346492817  0.54945649726329426  0.56264029429583884
  0.57568019827199390  0.58918612502531265  0.60243884921294721  0.61466303706544712
  0.62524377036457823  0.63597959519910729  0.64565835793950088  0.65540827342926955
  0.66468972947483207  0.67537104645653900  0.68697633813606263  0.69876712237624505
  0.70991797837923021  0.72002729315491965  0.72988900519023492  0.73940104688602082
  0.74886943538639739  0.75903843373967861  0.76949811108050370  0.78346381593716730
  0.79436008534532110  0.80169768253908436  0.80860814497729339  0.81582314579477211
  0.82342824020256566  0.83148378377923837  0.83854930773724168  0.84571365035086654
  0.85365223268898582  0.86269983385246662  0.87077294664466687  0.87941476034400279
  0.88998234066275261  0.90107552462867802  0.91169335745608582  0.92307665481352319
  0.93474645835927306  0.94420785739514035  0.95327454433298497  0.96223058128837080
  0.97169179326727628  0.98112647568077294  0.99057114651222622  1.00000000000000000
 -0.00123579427658722  0.00316639220493382  0.00815542068769827  0.01290195905414538
  0.01828063048759624  0.02464488987882277  0.03142547149827849  0.03823203511507024
  0.04485480477578682  0.05121210926273593  0.05813542875970404  0.06354835297166606
  0.06947333598635076  0.07500118387586936  0.08026801412841750  0.08590252388635265
  0.09156468329827175  0.09704236825270264  0.10208977216117623  0.10755562480677665
  0.11370843437181671  0.12054148204592360  0.12787675977213783  0.13592936062715646
  0.14390280087477303  0.15207093411976166  0.16083683571896976  0.16920976395113058
  0.17691229409385845  0.18246124084793389  0.18912571081420279  0.19789441340146244
  0.20680171976528114  0.21490979295396287  0.22390468496650145  0.23309648456113494
  0.24154474231259945  0.24975887590110366  0.25786832571650070  0.26633119808105671
  0.27501869999102746  0.28409919631428926  0.29264551070403466  0.30175468709642328
  0.31184518955913321  0.32264992330975284  0.33270272631774989  0.34163020889028661
  0.35000792287783195  0.35862075646741481  0.36815815197402807  0.37891749497342958
  0.39143901543277065  0.40546630299168657  0.41918368920505805  0.43208583712086102
  0.44414890772048998  0.45618385561503871  0.46898245913007269  0.48175900401138000
  0.49520514867895993  0.50987303131226791  0.52513549162322060  0.53895634078082244
  0.55144422588957598  0.56430545729003767  0.57739176765290756  0.59128148518028822
  0.60526281706185470  0.62017024800274145  0.63627084920906352  0.65194510233285474
  0.66620836454944232  0.67857438090137445  0.69117747044350919  0.70394599349905840
  0.71668105972003338  0.73009422444058292  0.74455951491550665  0.76022703316831952
  0.77347412142633054  0.78613475891443640  0.79897423504229159  0.81276358471867993
  0.82858067113455391  0.84403904134160701  0.85951963298852618  0.87429655801436923
  0.88743743809951159  0.90062053411978837  0.91520682391034569  0.93133062740362293
  0.94832741977188983  0.96594497946337621  0.98312933675616543  1.00000000000000000
 -0.00248961093436930  0.01051693273834505  0.02252689185689813  0.03628589291011808
  0.04888549026364748  0.06112323191456098  0.07377667026843046  0.08625284021049689
  0.09857931568199621  0.11093492543544207  0.12366120879127432  0.13646503442076741
  0.14862699617945843  0.15814577103382077  0.16671929738721955  0.17483546998110949
  0.18276179910998627  0.19191547462009306  0.20241398039078798  0.21292050921462025
  0.22373480958924263  0.23409161433065456  0.24312161526814982  0.25184766060301433
  0.26231213676949039  0.27377509801305455  0.28459103350462789  0.29475974819638551
  0.30422304582240656  0.31421341724512208  0.32290296621225578  0.33074086589182444
  0.33809218693316523  0.34521176482154720  0.35329030960007984  0.36375653804729030
  0.37556963704192242  0.38769049731942284  0.40063154357662606  0.41300844373486023
  0.42437189068485892  0.43459954841564158  0.44378173463422299  0.45295355702232437
  0.46325067269287501  0.47462017171219784  0.48726526782081087  0.50021267604290975
  0.51282901774040668  0.52510419655119722  0.53787664075083352  0.54901646333971943
  0.56006921173032553  0.57052426531868095  0.58108916205707972  0.59177770622925419
  0.60237280771963464  0.61291438470954851  0.62248413395791036  0.63260375359342458
  0.64354566434217064  0.65561364910096676  0.66755020625422246  0.67962600331838563
  0.69198348352050432  0.70428288994252675  0.71286039706670068  0.71912350109921808
  0.72569514305749327  0.73278912573593991  0.74003110742489242  0.74733359415026746
  0.75485179425121995  0.76238070102730426  0.77014781159504953  0.78148376586907409
  0.79387663384082785  0.80524129608425377  0.81703217500437553  0.82991362324142648
  0.84137709112272263  0.85214678467835259  0.86285373053692183  0.87388695473997080
  0.88517517364755949  0.89627413321409621  0.90869262879444812  0.92128064797625242
  0.93283232345655365  0.94307772539107793  0.95228012676541229  0.96073238695815966
  0.96909598837833488  0.97836901997836812  0.98819873798374736  1.00000000000000000
  0.00004227956927033  0.00720066291754279  0.01263552603053422  0.01636266826006172
  0.01994872131859908  0.02372349007537756  0.02737557520235940  0.03111646842044153
  0.03522227275762817  0.04054734330798582  0.04694122494015021  0.05380708382176242
  0.06144208967044670  0.07102786140347934  0.08197683254008890  0.09172530845908559
  0.10294883086263161  0.11345807677781650  0.12387197134629641  0.13347073131727002
  0.14246210691117431  0.15418145866483479  0.16776153321422965  0.18142126955032495
  0.19403571454212931  0.20570386102037980  0.21703251525088549  0.22941163738180737
  0.24274172249438447  0.25618799287951988  0.26931657904231610  0.28258668891930150
  0.29632086165852073  0.31102603628214226  0.32598833689284595  0.34098400558503572
  0.35553212735904904  0.37016961184152447  0.38480866157325067  0.40052878024846933
  0.41818169451943027  0.43599073661090243  0.45119640402328870  0.46486005151957660
  0.47833028597929983  0.49179019767727233  0.50454420320354310  0.51664032015085859
  0.52933217477615646  0.54224010961290592  0.55503414438554655  0.56671416931857821
  0.57856706245258716  0.59018170099331879  0.60211721783516392  0.61461561672192933
  0.62773540875543965  0.63942154280596197  0.64908224582581109  0.65734348057697600
  0.66611454964183636  0.67555260663799421  0.68419968818811083  0.69140474733018109
  0.69841898755743281  0.70556776208838912  0.71341977454284633  0.72120593433306102
  0.72842444146951224  0.73607968311852046  0.74107197617748466  0.74603518065209973
  0.75207826859600169  0.76017357441199895  0.77065063973986891  0.78116269944076078
  0.79194159286572730  0.80247278947454370  0.81162470339833048  0.82058451277461109
  0.83015711851451346  0.83965033164399183  0.84915772381447352  0.85945510701100980
  0.86963257393717530  0.87873213032874831  0.88765528209992195  0.89637591642370540
  0.90462584986864547  0.91186419496915805  0.91985886042593712  0.92833495160703650
  0.93777931555637328  0.95032122515405348  0.97111402180076345  1.00000000000000000
 -0.00401992215320519  0.01560278083353986  0.03027449546072196  0.04377645364582263
  0.05592982990372926  0.06711188036356554  0.07750814634946782  0.08717103024961034
  0.09659222583121699  0.10705765331335468  0.11807880591604507  0.12922268306454926
  0.13946145320825484  0.15040581139112949  0.16245889029593166  0.17617734787043923
  0.18908023899240436  0.20145452000425459  0.21312331262774140  0.22383212376754075
  0.23376856002052110  0.24301297697355795  0.25222097665300541  0.26171086182006903
  0.27098962827519757  0.28113857145916049  0.29161922733722589  0.30177268385373696
  0.31198684484009515  0.32306541031660213  0.33513832972226432  0.34756322577512916
  0.35937680986175136  0.37081764505930565  0.38259363745618391  0.39492225369735162
  0.40739111995875937  0.41904395704590247  0.43054807876324186  0.44169982798922680
  0.45229706212682397  0.46325798235333543  0.47405115744063969  0.48534791345129519
  0.49518196980712298  0.50425276043647249  0.51361025082745082  0.52434269270827039
  0.53591225955171873  0.54541786487404487  0.55323145307458887  0.56170557831504797
  0.56989896003739471  0.57775206517965327  0.58505630330381209  0.59185125553511075
  0.59899858860526434  0.60882807238630365  0.62091259412484767  0.63246500457144494
  0.64213742820320163  0.65061815440828197  0.65913865533992055  0.66814525254773316
  0.67930727124537260  0.68960828873804747  0.69960879003216592  0.71054893937558683
  0.72164251560363690  0.73202656653955456  0.74110278330949764  0.75036382728894091
  0.76134514877217485  0.77205448987757475  0.78287529948192025  0.79508996602316173
  0.80823198634996551  0.82035995653208904  0.83181411643240333  0.84287057251331998
  0.85423975166109956  0.86867123548665259  0.87959793450238788  0.89024374379116278
  0.90009169169713699  0.90875227148965032  0.91694996407835827  0.92503560930589357
  0.93215523532314337  0.93968908004706853  0.94820873099210534  0.95803344651317635
  0.97030197326579692  0.97978786479849345  0.98992653713689571  1.00000000000000000
  0.15989900134428786  0.16714996706092500  0.17236231613992153  0.17757515564018933
  0.18273072224654735  0.18824752254202654  0.19437713162925771  0.19890518639750243
  0.20306657687052510  0.20752565327810327  0.21275845223936529  0.21756858179520291
  0.22221151693224037  0.22702541668038156  0.23393452919281441  0.24149298374673167
  0.24856810502299451  0.25530462826527051  0.26135274750880993  0.26795786599191607
  0.27503575975842437  0.28223810566943369  0.28925372343717232  0.29647770618485308
  0.30394239184562316  0.31215402637304129  0.32099686003007982  0.32918393391506939
  0.33728885908512329  0.34515177734882235  0.35305290251001020  0.36125198666660524
  0.36993213031258021  0.37975042740135073  0.39036973928853680  0.40061948353018778
  0.41034397589739952  0.41986554455395658  0.42967147195201122  0.43858334205510979
  0.44737011453294245  0.45631866119597903  0.46571484183718864  0.47580130376711088
  0.48476566443322439  0.49159261231900930  0.49787968305624059  0.50340900862340443
  0.50809539474353793  0.51444166633324573  0.52106848381271276  0.52713153617066144
  0.53294436765547737  0.53853398109162931  0.54481227399037857  0.55104295794588876
  0.55758755105362567  0.56496711401824162  0.57462039390006359  0.58505001387787192
  0.59612141259722229  0.60655946756069190  0.61633781234804985  0.62548388514936881
  0.63548147051021908  0.64544798373008228  0.65451078727508627  0.66394014803063539
  0.67429007123309603  0.68451936429334026  0.69445573249234815  0.70513544078994350
  0.71779504881158374  0.73043621408449000  0.74098613453380013  0.75128230446335620
  0.76177503138493441  0.77206191569091198  0.78194755081062806  0.79211286186106611
  0.80302945882342158  0.81444920904278995  0.82601213654904149  0.83753122144416914
  0.84925901798029824  0.85960490173935056  0.87013876336077356  0.88139950151862134
  0.89216747670124752  0.90252592811242849  0.91296113357410469  0.92455780078886307
  0.93764966752022927  0.95308692136218465  0.97154885468745700  1.00000000000000000
 -0.00955117377923617  0.05280301903559789  0.07984869528934449  0.09673223022877268
  0.10971244889082096  0.12075630493219194  0.13065843988777731  0.14033334393647851
  0.15000199977091438  0.15808985088383495  0.16564661606368722  0.17234566601770696
  0.17936676707862961  0.18625344750423536  0.19301359799732012  0.19967999037757977
  0.20600495176302377  0.21140721001897297  0.21549836275203360  0.21946070361657777
  0.22344135351392219  0.22749734695719775  0.23180389465392487  0.23613054783697254
  0.24067832921583729  0.24555542439946698  0.25036845917459943  0.25524420221066579
  0.25960954216304949  0.26430702180002358  0.26861590063070656  0.27357745150206170
  0.27925599429108394  0.28494910112123867  0.28994855620808635  0.29367118970368927
  0.29748106936261448  0.30126992530097380  0.30522328195816462  0.30952817961148260
  0.31515434784571800  0.32127650964369392  0.32645736868366249  0.33131621679559109
  0.33604008565533444  0.34104954640756063  0.34690906642365871  0.35346018026856635
  0.36038640566308716  0.36733182400091435  0.37425640076259609  0.38064243583144208
  0.38740390824882809  0.39444265090162295  0.40136372181166630  0.40840725955634083
  0.41533322783848148  0.42192882608081578  0.42886639716245489  0.43533659619049814
  0.44180063702276523  0.44874289427105341  0.45612161907309379  0.46429517623909816
  0.47270430824137777  0.48000451564666824  0.48596920159107687  0.49222221105157948
  0.49950897848517117  0.50714724042729942  0.51458151149952513  0.52160550596537225
  0.52882051841569500  0.53646642967824631  0.54588599683169003  0.55650594419059685
  0.56720945095685305  0.57767052038369926  0.58781653039975568  0.59841786851053425
  0.60980493031492711  0.62214882311029307  0.63396721744893336  0.64622934998877601
  0.65946027864108436  0.67314843916425782  0.68765015065699209  0.70408702816679147
  0.72183601623533789  0.73988390825610451  0.75925508081056314  0.78305583146860924
  0.80962783380618286  0.84180510673633757  0.88009205066028307  1.00000000000000000
   4.8300328130477140E-003  -1.0000000000000000     
 F F F F F F F F F F F F F F F F F F F F F F F F F F F F F F F F F F F F F F F F F F F F F F F F F F F F F F F F F F F F F F F F F F F F F F F F F F F F F F F F F F F F F F F F F F F F F F F F F F F F F F F F F F F F F F F F F F F F F F F F F F F F F F F F
  <DiscreteSampler_grid>
  grouped_processes
  1 # 1 for a reference and 2 for a running grid.
  10 # Attribute 'min_bin_probing_points' of the grid.
  1 # Attribute 'grid_mode' of the grid. 1=='default',2=='initialization'
  0.0000000000000000 # Attribute 'small_contrib_threshold' of the grid.
  0.5000000000000000 # Attribute 'damping_power' of the grid.
 # binID   n_entries weight   weight_sqr   abs_weight
    19   10   3.112438689634287E+001   2.588752058692577E+003   3.112438689634287E+001
    20   10   3.112438689634284E+001   2.588752058692566E+003   3.112438689634284E+001
    25   10   5.513355735966401E+001   8.368295400348963E+003   5.513355735966401E+001
    26   10   5.513355735966394E+001   8.368295400348923E+003   5.513355735966394E+001
    34   10   3.112438689634287E+001   2.588752058692576E+003   3.112438689634287E+001
    35   10   3.112438689634284E+001   2.588752058692565E+003   3.112438689634284E+001
    37   10   2.697926658317339E+001   2.324538384773318E+003   2.697926658317339E+001
    38   10   2.697926658317337E+001   2.324538384773309E+003   2.697926658317337E+001
    43   10   5.860632876392727E+001   9.788962337718929E+003   5.860632876392727E+001
    44   10   5.860632876392719E+001   9.788962337718885E+003   5.860632876392719E+001
    52   10   2.697926658317341E+001   2.324538384773320E+003   2.697926658317341E+001
    53   10   2.697926658317338E+001   2.324538384773310E+003   2.697926658317338E+001
  </DiscreteSampler_grid>
