  0.00000453916819567  0.00000507099062554  0.00000534067300473  0.00000546911886457
  0.00000561195296737  0.00000575882585891  0.00000590823792192  0.00000611216939212
  0.00000632693719918  0.00000659272480162  0.00000699061272403  0.00000733620135736
  0.00000764561090577  0.00000794493311123  0.00000827134317157  0.00000860929519183
  0.00000897271730203  0.00000936068034987  0.00000976127841221  0.00001008076059208
  0.00001041162919806  0.00001075310754020  0.00001110285117074  0.00001149079972975
  0.00001192056319803  0.00001233129342233  0.00001273917857148  0.00001314908580582
  0.00001357494707391  0.00001402014487896  0.00001445702744136  0.00001490555686043
  0.00001532662352384  0.00001573254787759  0.00001612796514998  0.00001652226700438
  0.00001695030251014  0.00001742402034552  0.00001792622742492  0.00001842243412881
  0.00001888442572093  0.00001933723147002  0.00001979325039715  0.00002025419357288
  0.00002069367011008  0.00002111911627239  0.00002156796266106  0.00002207863363840
  0.00002273370796954  0.00002345710973374  0.00002417785083169  0.00002482335334149
  0.00002553286195257  0.00002628433490644  0.00002710586606079  0.00002787539384687
  0.00002856651957042  0.00002935904448554  0.00003031628797704  0.00003146773954943
  0.00003275337441589  0.00003416920335382  0.00003564646234925  0.00003714382841646
  0.00003862500688918  0.00004019145926771  0.00004181967618734  0.00004363171160062
  0.00004579450407394  0.00004841948135848  0.00005114221460161  0.00005395030123982
  0.00005692555207341  0.00005998478904007  0.00006390699703735  0.00006821627320990
  0.00007274145450665  0.00007691799276262  0.00008165865334136  0.00008666538879164
  0.00009163379050240  0.00009727469875519  0.00010414659443601  0.00011309672067257
  0.00012520573797176  0.00014249895080016  0.00016332782055289  0.00018557187680574
  0.00021520460443420  0.00025870032602596  0.00032591045377456  0.00042793115570955
  0.00058738609067447  0.00083990878312235  0.00145198012102605  1.00000000000000000
  0.00002581319411802  0.00002752801510023  0.00002784704994696  0.00002816373357295
  0.00002848864359873  0.00002917721710025  0.00003006522502341  0.00003127367488720
  0.00003259499119465  0.00003392826852912  0.00003465505391092  0.00003530389766914
  0.00003592292871568  0.00003653731322127  0.00003726177404140  0.00003851349090267
  0.00004054419818377  0.00004289935987672  0.00004503103691040  0.00004647051293412
  0.00004772460536784  0.00004904067018253  0.00005032120707654  0.00005156817275272
  0.00005284263122919  0.00005420621973656  0.00005574797478618  0.00005754720703326
  0.00005956771337298  0.00006174172511958  0.00006399535501318  0.00006583613339646
  0.00006770063081125  0.00006956865210451  0.00007158153305065  0.00007379461445554
  0.00007589249606435  0.00007828265930743  0.00008041688166692  0.00008252396445950
  0.00008458662506187  0.00008658969232353  0.00008859537004165  0.00009074334291649
  0.00009295052502814  0.00009511845637128  0.00009745881549684  0.00010002691672224
  0.00010318665652296  0.00010668086300736  0.00011033326205042  0.00011366830577774
  0.00011665946919869  0.00011944471130533  0.00012284745027557  0.00012685394575768
  0.00013144636029411  0.00013658496113998  0.00014216580763606  0.00014826524947687
  0.00015486049022627  0.00016059513762017  0.00016696781691767  0.00017417973523016
  0.00018121743275162  0.00018897879783504  0.00019698065047386  0.00020531665803190
  0.00021399356637642  0.00022309535014612  0.00023207256340705  0.00024150003418080
  0.00025211131859859  0.00026410766897816  0.00027709164958965  0.00029059866565518
  0.00030799274662450  0.00032745264931260  0.00034929018894770  0.00037362030330347
  0.00040179484983676  0.00043626576370571  0.00047479580501596  0.00051621437503657
  0.00057214820772989  0.00064665135777141  0.00073354045093467  0.00084927326986790
  0.00103141631326117  0.00123235021191065  0.00143837528658626  0.00180462684760205
  0.00242257606783944  0.00383214806368209  0.00800048424465870  1.00000000000000000
 -0.00000275305035401  0.00011715391705641  0.00049007779326634  0.00128881053436894
  0.00239012412686806  0.00367733147690532  0.00578984020129462  0.00827282607868021
  0.01072481489227336  0.01333187952718025  0.01596883133667681  0.01895596201149033
  0.02255605265353293  0.02715671064524278  0.03233638950843502  0.03724978486290092
  0.04157252393620235  0.04580438261928571  0.05070184514911314  0.05586042443310726
  0.06131826113346028  0.06689134709392396  0.07456116057944462  0.08212948325038991
  0.09039674076524093  0.09851402729495815  0.10746700500500565  0.11618351066220133
  0.12364733694743237  0.13063650846112509  0.13738439383400292  0.14400934157237497
  0.15164118551171410  0.15974551217309224  0.16800080163294220  0.17428981067118440
  0.18124307637191173  0.18888415812108120  0.19884981787626904  0.21057708941693984
  0.22123235190539009  0.23096897125413471  0.24124689208324751  0.25208636893886249
  0.26345863662244545  0.27488148673411700  0.28594587660881121  0.29734398317765232
  0.30863562084867985  0.32017473052194639  0.33185641138782523  0.34290469902804416
  0.35360559105713141  0.36526326177488783  0.37767592912797066  0.39148019124363304
  0.40700769935635006  0.42246594973827534  0.43588344231868037  0.45074805795442785
  0.46583196629105034  0.47949043437446348  0.49502511081641043  0.50989818818268373
  0.52424187065102235  0.53877551406327162  0.55413228974487105  0.57086777328795635
  0.58513779246188247  0.59927855504543193  0.61310769294817957  0.62723513365755790
  0.64287262411926693  0.65873151783750039  0.67634371387695513  0.69180361471703500
  0.70661824005578733  0.72060926433181716  0.73577533237667592  0.75292314608372768
  0.77269085904652401  0.79407388128144851  0.81388233388468634  0.83226451659041456
  0.84870963696744572  0.86417415861765134  0.87918106083011827  0.89399677679533518
  0.90836864576160781  0.92147534061321335  0.93398454629851879  0.94616389939678169
  0.95837703850584133  0.97171761811280843  0.98581994139371143  1.00000000000000000
 -0.00200245220935846  0.00705789082446871  0.01611500684186318  0.02500558801235079
  0.03544768647411040  0.04502838634813097  0.05462459872284888  0.06459243467775828
  0.07333116398766076  0.08154842106777709  0.08993308947665361  0.09901509924071096
  0.10684991637526514  0.11481481662414156  0.12364272115127101  0.13252912325572425
  0.14119350560758351  0.14960890382824166  0.15723916046271746  0.16466361803501386
  0.17577901254692835  0.19017102322244850  0.20584539925588269  0.22259133655058408
  0.23817941102528858  0.25270378741327748  0.26538844138099904  0.27873118346143949
  0.29033910984810329  0.30298114976350898  0.31641136631116062  0.32899580682068874
  0.34116608681697713  0.35271888416407232  0.36419736348483045  0.37616756349353075
  0.38947178779185143  0.40233329643482618  0.41463178201910700  0.42666009205016753
  0.43849123562189030  0.44966324994154955  0.46079739088497679  0.47205770188417279
  0.48360659483873708  0.49356777752886055  0.50397723749290013  0.51458867865568014
  0.52457910467001290  0.53452470736295399  0.54486157983863970  0.55563246770287211
  0.56621220901917535  0.57722409193856472  0.58750353227766694  0.59658954067228509
  0.60570439812961996  0.61543244167311939  0.62546534659598951  0.63547267427283005
  0.64473129016105346  0.65306102682721068  0.66096171671282156  0.66858562380773456
  0.67687080886023643  0.68642643712958318  0.69585712470379657  0.70499738077637708
  0.71416081959105393  0.72322958514938729  0.73328072394917332  0.74502745771230428
  0.75693813036116764  0.76830941587172374  0.77983080980586117  0.79132625497695985
  0.80395028365811549  0.81662187148909982  0.82885863384078029  0.84085138861567166
  0.85131577469560127  0.86077496515845753  0.86973863774678328  0.87787701668571150
  0.88623980532787983  0.89546320804736323  0.90535322301135401  0.91622770349942373
  0.92808700243353770  0.94109924161142178  0.95424620503504565  0.96530642778659603
  0.97416222695270882  0.98334479405150987  0.99162353698672123  1.00000000000000000
 -0.00075257753411660  0.00671925253356032  0.01303390444318933  0.01987994570395984
  0.02764218570041647  0.03708680977892828  0.04707255984161614  0.05660777014514344
  0.06557502350299203  0.07416222818852825  0.08245067100050668  0.09086449336382711
  0.09977824947419359  0.10932219209629446  0.12023875245195392  0.13309144059219474
  0.14670820720754513  0.15955036143295828  0.17198518669090962  0.18438564241658231
  0.19649297041825473  0.20781136923241406  0.21831406359123479  0.22859003207437290
  0.23780964831747986  0.25152396123203941  0.26449928983144999  0.27713232639118079
  0.28977122871392691  0.30224444842059311  0.31579467508955722  0.33244359803441881
  0.35031828889150957  0.36760632910315144  0.38184423414016538  0.39142946845298560
  0.40052420358988439  0.41066100068639294  0.42234143908851091  0.43323215153987643
  0.44566172625843664  0.46097428322136114  0.47793979597450170  0.49564518170264504
  0.50983045613366840  0.52107737837993418  0.53247317849270848  0.54456909819744592
  0.55702491451237701  0.56900896625195629  0.58066084881686264  0.58969698843620255
  0.59874049797395223  0.60874333734982056  0.62257589278478631  0.63717479948686839
  0.65183915774763168  0.66604813637077842  0.67807744378849844  0.68906973612053168
  0.69978498361622654  0.71109890561863021  0.72160589916367723  0.73178616414269448
  0.74174717725569494  0.75161722752932159  0.76153796336291169  0.77142710011227822
  0.78147053491207585  0.79237922909455660  0.80409846464176660  0.81888245282471972
  0.83149963715338115  0.84100732029712033  0.85011376120465587  0.85832045994568273
  0.86668434816146811  0.87499057764330324  0.88381890865168378  0.89264185242423721
  0.90273571532449393  0.91390535648430848  0.92285074242998100  0.93067597785379863
  0.93806203602829230  0.94528184035320439  0.95132567502403542  0.95729048638884773
  0.96225150768870749  0.96732428339093124  0.97258502694631133  0.97797470215972682
  0.98379449103410466  0.98967466105292257  0.99505262673558870  1.00000000000000000
 -0.00285244172694821  0.00854657418799823  0.01907640462610124  0.02918856638456509
  0.04025296048585666  0.05308932380523552  0.06656010841745047  0.07982021858352115
  0.09267371195862306  0.10438148024540195  0.11543640995985584  0.12832892871794127
  0.14129467141646529  0.15402993448965427  0.16649152664377068  0.17839346346818474
  0.19054679985841341  0.20297798000240685  0.21526442907639973  0.22649951134320517
  0.23572937254261611  0.24369662226931640  0.25244840880659114  0.26172021431460829
  0.27127557675412151  0.28149863267929282  0.29224904064996765  0.30544963716057194
  0.31861650757410631  0.33217626590347715  0.34464076831350471  0.35676103130321252
  0.36850387655808903  0.37982839155369136  0.39094289465743326  0.40203570296234714
  0.41326344355487105  0.42353271408687915  0.43369392719447769  0.44319754971629277
  0.45276863031631903  0.46304839732754938  0.47212505066592231  0.48133738303397322
  0.49092301372974617  0.50129958707124800  0.51179097099892845  0.52152484695614265
  0.53038307725196498  0.53991774750642629  0.55043387242168784  0.56079727931092993
  0.57007535840312817  0.57899083198919421  0.59013539520771308  0.60211090924930877
  0.61383837488515003  0.62455560794738518  0.63425593192221885  0.64461524917312718
  0.65458393091593736  0.66501131468274677  0.67473963404713722  0.68491539313140370
  0.69438047820639837  0.70443545504878347  0.71533149872232238  0.72418627089360688
  0.73171473463374959  0.73916325558321738  0.74722713547054787  0.75633622243238674
  0.76576574646398732  0.77595322609073414  0.78643552468652145  0.79603091723689612
  0.80580555970478018  0.81632491734649149  0.82835701142654394  0.83997013164395562
  0.84914816901253698  0.85716303484384015  0.86422366268086481  0.87128529358739448
  0.87798547449765540  0.88544789458504203  0.89409394548277654  0.90490060304483289
  0.91698514771656414  0.93077190951133870  0.94390384752639012  0.95515723881500258
  0.96601415563440540  0.97705552830003606  0.98839672308784599  1.00000000000000000
  0.00102542856646260  0.00797519437242570  0.01624518575043053  0.02480039646648331
  0.03467788051421493  0.04428516516534513  0.05319848529479952  0.06346822900250094
  0.07098615774145349  0.07699266017028285  0.08243856537186542  0.08874808955588788
  0.09623447761260073  0.10495071542141649  0.11461749790156797  0.12476774317483998
  0.13490506735067959  0.14372974473025796  0.15178717342391787  0.15936557545078098
  0.16837640867716533  0.17907267010232822  0.18813161658081162  0.19630850109622566
  0.20478906924759516  0.21604443278034885  0.22777663066591786  0.23927366500996711
  0.25273257208149275  0.26679485998002717  0.28299301866612836  0.29879517860056981
  0.31506451547670605  0.33242164616588965  0.34877843754693683  0.36328130650982265
  0.37604646525071178  0.38929633866903912  0.40311287034744558  0.41704938280672449
  0.43089567108688093  0.44468543219457712  0.45803973262887604  0.47282171441405252
  0.48654259125403904  0.49811001751624534  0.50972020938932250  0.52026324349319963
  0.53024234692801853  0.54000883022664914  0.55186796984373454  0.56562414164296160
  0.57927429393362184  0.59095945271347339  0.60170256167641323  0.61503060651148411
  0.62762641089212312  0.63932630675694524  0.65094530476728174  0.66475078246592867
  0.67577701563037262  0.68636466297403997  0.69675726383521086  0.70735131472312862
  0.71786562563740841  0.72806607783134814  0.73842137717165224  0.74827042550819334
  0.75770881599881990  0.76772761554234115  0.77789956809419059  0.78741264316489057
  0.79690060295599308  0.80775948868154479  0.81701974238687147  0.82551394707603787
  0.83327168998807555  0.84133269414284562  0.84968837091503480  0.85813977072318059
  0.86560921573728455  0.87257000614225355  0.87965574114114942  0.88708113051967208
  0.89549549459361710  0.90520017385562024  0.91617054839266077  0.92843720302449562
  0.93928657769205526  0.94819671590384469  0.95543977367647026  0.96266253897711662
  0.97010286705679827  0.97857403642329599  0.98916919297636952  1.00000000000000000
 -0.00286141325279673  0.01325532506094584  0.02478673392144895  0.03430945834946728
  0.04477902540237995  0.05707352148153544  0.06955074702455964  0.08237615436759474
  0.09720243632603118  0.11211945199125989  0.12561518538690486  0.13680455693575463
  0.14824636346809422  0.15999697525869749  0.17094911695972659  0.18385481956969993
  0.19521533611020012  0.20813623605950349  0.21961908296349564  0.23222587748933213
  0.24319692519546526  0.25256400036287330  0.26084188105021061  0.26896092188365395
  0.27769019601520989  0.28686760884835938  0.29590215901192146  0.30500187782758248
  0.31528124004144714  0.32665631415638419  0.33823400553098915  0.34792809575770778
  0.35593709767567167  0.36351375382961865  0.37182929235098539  0.38225334572641451
  0.39265389897041253  0.40385783207404979  0.41367160994677704  0.42595401600183824
  0.43803990080711974  0.44649842287505881  0.45472891964838846  0.46355405531860955
  0.47425316991150135  0.48454705109840979  0.49432006281972529  0.50558495410186621
  0.51644970788864364  0.52567261281573574  0.53528912072334578  0.54570991969589455
  0.55659214970105020  0.56882965776889571  0.57938262504731031  0.58900330918463706
  0.59920999701642719  0.61118726593396144  0.62188999169810633  0.63076161262547770
  0.63846884587589514  0.64717854643722506  0.65767020875205806  0.67139556358273200
  0.68540474253527017  0.69636805648807021  0.70713294702343243  0.71822301192125093
  0.72949375508614966  0.74262637393271902  0.75361830525788498  0.76304423889799433
  0.77191481603769918  0.78074868657629226  0.78976436718488652  0.79876915872066045
  0.80809159926101959  0.81821275099771118  0.82785493407733335  0.83646934325937783
  0.84545119066913943  0.85574272242048299  0.86658860839823271  0.87715644104430468
  0.88782134500209309  0.90081565271507724  0.91605841304223246  0.93135843290860920
  0.94444380902255831  0.95374176867373450  0.96171198322504547  0.96982939711130400
  0.97809938539568753  0.98646604749293210  0.99370633351346382  1.00000000000000000
  0.03607537193032620  0.09279083516597901  0.09907179986096913  0.10486598522932207
  0.10695778183207562  0.10934802926995706  0.11590209373956974  0.12576231984263320
  0.13537906146950568  0.14545437329595037  0.15599919430498707  0.16488701351482413
  0.18480533157357104  0.20000869794699508  0.21270435599075224  0.22604706145436698
  0.24180716254240867  0.25864216759495579  0.27271715507573724  0.28023340829240245
  0.28679362878803255  0.29346637552006022  0.30032700956095665  0.30776687420336407
  0.31541783342072821  0.32221711532738262  0.32866098065963578  0.33811955801369076
  0.35074612910564135  0.35974648975501322  0.36801148153894742  0.37557859575455016
  0.38461709140744627  0.39539564233549351  0.40518888855496438  0.41600556955632101
  0.42766384830885679  0.43872668167392359  0.44889518097722775  0.45914680608984082
  0.46967550476622988  0.48097547675208679  0.49264049890331246  0.50371148834032609
  0.51377353280366655  0.52384488013732367  0.53352563145438181  0.54394551292539384
  0.55510509065724500  0.56648582634493072  0.57725978623811802  0.58670244838340146
  0.59518666624160022  0.60311365531550920  0.61164925407334303  0.62059408584925269
  0.63017420476402874  0.64023335829017314  0.65059764796325847  0.66089580872020370
  0.67043530165109133  0.67872893071994356  0.68745945632017424  0.69692586238791443
  0.70708890404783042  0.71715932914147751  0.72588289665472427  0.73466952471833469
  0.74275166292593375  0.75034482557286719  0.75909616153452164  0.76796330939717083
  0.77744862754848076  0.78675116130049139  0.79579986106977063  0.80457654938672352
  0.81307880894050999  0.82130218146093592  0.82926732110776613  0.83751950821672783
  0.84655466176265515  0.85612856265907367  0.86586532233020741  0.87544107228549117
  0.88486899368493099  0.89447438146096192  0.90399126707193000  0.91209683979554712
  0.92031827311319825  0.92875769579264844  0.93867657964364404  0.94807175747744277
  0.95656047862351368  0.96668931192162633  0.97865833452001483  1.00000000000000000
 -0.01618000766579044  0.13423112282140592  0.18924139166691434  0.21908720179603328
  0.23880712345453478  0.25606924902864803  0.27190914218940831  0.28571879274737466
  0.29999321018462544  0.31290109639409247  0.32512940700550708  0.33677739001429424
  0.34996611984967291  0.36053363284997914  0.37139114246589960  0.38084963278322165
  0.39020856473191895  0.39907641274764316  0.40740365011356028  0.41474261748585417
  0.42084617780424038  0.42648874777784651  0.43303667594461942  0.44013346356439498
  0.44819659800928974  0.45686644822887851  0.46514140149700522  0.47208697707981107
  0.47810096065736196  0.48438103331690313  0.49158885773362343  0.49933964854705115
  0.50719172035045856  0.51450346320524720  0.52123794410815660  0.52755646008737600
  0.53397832637631182  0.54087336022504262  0.54854065153524545  0.55736451574146217
  0.56691094711942780  0.57635973112002259  0.58500052467448571  0.59117158883090881
  0.59806838821981001  0.60518991214849638  0.61182750436695355  0.61758442021776017
  0.62321549530273812  0.62887292308298903  0.63537189349462553  0.64091328365101319
  0.64626209286976521  0.65210008106748929  0.65860082410475429  0.66541827593361380
  0.67194353872377499  0.67834155401239671  0.68413193805371908  0.68998316787336722
  0.69569286980174183  0.70199704036725319  0.70870731887312366  0.71442799790998068
  0.71902279351699372  0.72340407204459845  0.72768755787824602  0.73183201563833677
  0.73569165498404754  0.73983088191015689  0.74437373559978037  0.74901873328686519
  0.75379200593692497  0.75857012197810036  0.76367777904593481  0.76929594441065408
  0.77450095301000599  0.77921250645721751  0.78374791811135625  0.78841359056621607
  0.79399549805048075  0.80140695465511780  0.80839349630535340  0.81692277568823013
  0.82634027603587323  0.83572018055984365  0.84491736202248235  0.85404753440758174
  0.86284297036991742  0.87222421129900185  0.88264139323833768  0.89474976498229175
  0.90791502256850931  0.92108835673558653  0.94112208611422810  1.00000000000000000
   1.4357339296790046E-004  -1.0000000000000000     
 F F F F F F F F F F F F F F F F F F F F F F F F F F F F F F F F F F F F F F F F F F F F F F F F F F F F F F F F F F F F F F F F F F F F F F F F F F F F F F F F F F F F F F F F F F F F F F F F F F F F F F F F F F F F F F F F F F F F F F F F F F F F F F F F
  <DiscreteSampler_grid>
  grouped_processes
  1 # 1 for a reference and 2 for a running grid.
  10 # Attribute 'min_bin_probing_points' of the grid.
  1 # Attribute 'grid_mode' of the grid. 1=='default',2=='initialization'
  0.0000000000000000 # Attribute 'small_contrib_threshold' of the grid.
  0.5000000000000000 # Attribute 'damping_power' of the grid.
 # binID   n_entries weight   weight_sqr   abs_weight
    31   10   1.692436977412953E+001   2.552768323407009E+003   1.692436977412953E+001
    32   10   1.692436977412955E+001   2.552768323407016E+003   1.692436977412955E+001
    40   10   1.405475942798190E+001   1.589183412137856E+003   1.405475942798190E+001
    41   10   1.405475942798193E+001   1.589183412137862E+003   1.405475942798193E+001
    55   10   2.829525358278357E+001   6.792923556463483E+003   2.829525358278357E+001
    56   10   2.829525358278362E+001   6.792923556463509E+003   2.829525358278362E+001
    64   10   8.630119745464331E+000   5.718821026024214E+002   8.630119745464331E+000
    65   10   8.630119745464343E+000   5.718821026024233E+002   8.630119745464343E+000
    79   10   1.692436977412953E+001   2.552768323407010E+003   1.692436977412953E+001
    80   10   1.692436977412955E+001   2.552768323407016E+003   1.692436977412955E+001
    88   10   1.405475942798190E+001   1.589183412137856E+003   1.405475942798190E+001
    89   10   1.405475942798193E+001   1.589183412137861E+003   1.405475942798193E+001
    103   10   2.829525358278358E+001   6.792923556463486E+003   2.829525358278358E+001
    104   10   2.829525358278362E+001   6.792923556463509E+003   2.829525358278362E+001
    112   10   8.630119745464331E+000   5.718821026024216E+002   8.630119745464331E+000
    113   10   8.630119745464343E+000   5.718821026024233E+002   8.630119745464343E+000
  </DiscreteSampler_grid>
