 -0.00225054315949982  0.00960053005926351  0.01977151157648116  0.03028679716747816
  0.04082567581587452  0.05136681707031190  0.06191255915984954  0.07245167575067986
  0.08299423111476723  0.09354112635675953  0.10409250731558523  0.11464300145826696
  0.12518780719951228  0.13573200966902119  0.14627464319900746  0.15681671205469355
  0.16735672576355903  0.17789733129461363  0.18844310683520693  0.19898114372038447
  0.20952187857120377  0.22005624536382290  0.23059014815933446  0.24112385598963421
  0.25165837724589146  0.26220301923679140  0.27274738479778232  0.28329338293569467
  0.29383216189984518  0.30436985629013952  0.31490415450281228  0.32544668915420932
  0.33598742773581974  0.34653051232839494  0.35706700859808999  0.36760857216433324
  0.37814680574906229  0.38869177041483383  0.39923641221268624  0.40978472039084751
  0.42032660392356069  0.43086625000199208  0.44140977064685255  0.45194434204470157
  0.46247482849001786  0.47300024244261452  0.48354209745821841  0.49408967373802570
  0.50464443391024205  0.51519783283541387  0.52574049145644153  0.53628068082514035
  0.54681483222724536  0.55734733431024364  0.56788281223875958  0.57840861063672921
  0.58894819154338496  0.59948148757163977  0.61002263386094802  0.62055869127895613
  0.63109980324054360  0.64164237216415176  0.65218322407427343  0.66272143663841099
  0.67326797340481737  0.68380828803240024  0.69435008245014651  0.70488709813600736
  0.71543822884960739  0.72597045767914437  0.73650858896052085  0.74704247222968245
  0.75759092871643696  0.76813605847155131  0.77868423655147734  0.78922156538514054
  0.79975478208256334  0.81028552178677149  0.82083020326567657  0.83138091736353625
  0.84193182224982965  0.85246866911690500  0.86300128522005948  0.87352049365490236
  0.88405852423359599  0.89459314197274409  0.90514449976598954  0.91567881675412155
  0.92621989717452125  0.93675398739445515  0.94729980692774762  0.95784349190845153
  0.96837692187056712  0.97891149731495497  0.98944878169685047  1.00000000000000000
 -0.00245612325759035  0.00949558353634159  0.01965278663770127  0.03016090201094258
  0.04070354445128054  0.05124333214959383  0.06178631872394104  0.07232951496968613
  0.08287291264780865  0.09341496131853345  0.10395306715270793  0.11449625970804664
  0.12502961836763307  0.13556496185929870  0.14609691572194336  0.15664244755767484
  0.16717966278275884  0.17771672033286559  0.18825024510895161  0.19879399180220830
  0.20933945742400348  0.21988777005956892  0.23043626621235852  0.24097530217768717
  0.25151149935114414  0.26204443838188507  0.27258172104994877  0.28311661503799923
  0.29365353945395517  0.30419631361583011  0.31474457486038793  0.32529534306193814
  0.33584513745180150  0.34638193673265388  0.35691400539987406  0.36744452480126333
  0.37798937245398267  0.38853831400722960  0.39908498247929547  0.40963258610036385
  0.42017915760315910  0.43072874234721120  0.44127643040867914  0.45181907453761683
  0.46235761658818936  0.47289842455063635  0.48343824559484028  0.49398212036048039
  0.50452481668496740  0.51507237305569642  0.52561966950782635  0.53616492154301387
  0.54671315615890093  0.55726138328307340  0.56780847495611153  0.57835550433315586
  0.58890490014634556  0.59945080175792276  0.60999737555351230  0.62053722413583778
  0.63108355584456866  0.64161347194174045  0.65214361951144406  0.66266739964450760
  0.67320735967158407  0.68375430241542723  0.69430216365504294  0.70484692992513609
  0.71539053787849116  0.72593877089682579  0.73647841486312737  0.74701328352931617
  0.75754534153459874  0.76807654059752750  0.77860538147453795  0.78913802365492891
  0.79967568178039028  0.81022076312075064  0.82076614502729184  0.83131589196343303
  0.84186522704711308  0.85241040662482714  0.86295329026266532  0.87349485604143162
  0.88403738736425519  0.89458228096485992  0.90512456678878406  0.91566840910630898
  0.92621576765701064  0.93675901415249119  0.94729815884816526  0.95783635648059029
  0.96837704634114696  0.97891840229402016  0.98945811475717493  1.00000000000000000
   2.5652217658283815E-008  -1.0000000000000000     
 F F F F F F F F
  <DiscreteSampler_grid>
  grouped_processes
  1 # 1 for a reference and 2 for a running grid.
  10 # Attribute 'min_bin_probing_points' of the grid.
  1 # Attribute 'grid_mode' of the grid. 1=='default',2=='initialization'
  0.0000000000000000 # Attribute 'small_contrib_threshold' of the grid.
  0.5000000000000000 # Attribute 'damping_power' of the grid.
 # binID   n_entries weight   weight_sqr   abs_weight
    10   10   1.322623097372511E+010   1.749331857703254E+020   1.322623097372511E+010
  </DiscreteSampler_grid>
