 -0.00249107739818223  0.00947815524445997  0.01963560977834584  0.03015695568723466
  0.04070955999303778  0.05125825086689578  0.06180882294269612  0.07236119043076567
  0.08291252410334490  0.09346250758644981  0.10400720036776367  0.11455175820640466
  0.12509723044174473  0.13564049094624112  0.14617853314979401  0.15671756694499520
  0.16725109982288494  0.17778947020103386  0.18832516751191269  0.19887129676777007
  0.20941776669522680  0.21996622795866302  0.23051116386445544  0.24105321770719315
  0.25159183281385467  0.26212325784561569  0.27264868986627278  0.28317151084812725
  0.29370395880534889  0.30423919223705209  0.31478128050614507  0.32531982655847053
  0.33586464267626043  0.34640926508614350  0.35695552365100869  0.36749590175212660
  0.37802768930159614  0.38856144645909146  0.39909830185115946  0.40964275669397804
  0.42019197522601009  0.43073839751231796  0.44128410886799518  0.45182285853747089
  0.46237009899144466  0.47291430331534823  0.48346123955438847  0.49400696446577641
  0.50455082559298625  0.51508565573910114  0.52562197979334446  0.53616330119629563
  0.54671029283574013  0.55725127242899408  0.56778604745827321  0.57832267190095432
  0.58886117422577922  0.59939952502716931  0.60994012050592694  0.62048533786801874
  0.63103325393270338  0.64157781623657306  0.65212200563275124  0.66267174586314948
  0.67321598758153389  0.68374870830458678  0.69427974004180293  0.70481724451770345
  0.71535828789251144  0.72589850583690818  0.73644201178590984  0.74699096815154176
  0.75753710236266902  0.76808161950047038  0.77862777866676880  0.78917993174203505
  0.79971715909495789  0.81024989926690372  0.82078165105216583  0.83133279305707597
  0.84188098203935102  0.85242495185454203  0.86295807381797840  0.87349998019498543
  0.88403529154193750  0.89457517483605420  0.90511323658368481  0.91565392592080419
  0.92619860356157047  0.93674364952623435  0.94728375642248019  0.95782626852025210
  0.96836729120859288  0.97892007479555065  0.98946175904635481  1.00000000000000000
 -0.00220274454998309  0.00959473710821178  0.01976528755316762  0.03028212799350007
  0.04082502678515789  0.05136031293648736  0.06190303609872481  0.07244804036728610
  0.08298824771439549  0.09352122652785050  0.10405227234168483  0.11458729583172879
  0.12512948107193439  0.13567124648342957  0.14621210565972417  0.15674839165231208
  0.16728098409223655  0.17781183069210699  0.18834800114963141  0.19889057077119177
  0.20943495138713572  0.21998068864538095  0.23051904260501613  0.24106359060132401
  0.25160156470115536  0.26214651235823094  0.27268125031438428  0.28322080979288805
  0.29376119752002799  0.30429835920286968  0.31483785529927111  0.32537559836512320
  0.33592762281333705  0.34647251662895673  0.35701373014001969  0.36755339145149479
  0.37809595673941249  0.38862986281942308  0.39916425219531748  0.40970322391014402
  0.42024553164790146  0.43078330409141041  0.44131575195736056  0.45185380249114304
  0.46239617646564463  0.47294283397586634  0.48348904855277819  0.49403526890799748
  0.50458006284922907  0.51512890305011050  0.52567173804109479  0.53620860047418506
  0.54673938610101414  0.55727633788201336  0.56782097423197531  0.57837173396791097
  0.58891923858051876  0.59946658642564221  0.61001393535981141  0.62056306137401740
  0.63110568904079856  0.64164272563245162  0.65218134638493852  0.66272644011885051
  0.67327546837211860  0.68382247900882065  0.69436442211469662  0.70490241107782126
  0.71543642420631537  0.72596889783301122  0.73650612597596310  0.74704822563445683
  0.75758966407559414  0.76812457722778404  0.77866055102625864  0.78920422263377488
  0.79975425607859585  0.81029696627685843  0.82083689366410284  0.83137280597330454
  0.84190078756015274  0.85242723862186365  0.86294848061965734  0.87348505019672751
  0.88402217859671817  0.89456797713291147  0.90511362290133457  0.91566089237537329
  0.92620824235811061  0.93674705212109810  0.94728995368462787  0.95782651139448982
  0.96837184574137047  0.97891425901451357  0.98945891056660173  1.00000000000000000
   2.5519504030948625E-008  -1.0000000000000000     
 F F F F F F F F
  <DiscreteSampler_grid>
  grouped_processes
  1 # 1 for a reference and 2 for a running grid.
  10 # Attribute 'min_bin_probing_points' of the grid.
  1 # Attribute 'grid_mode' of the grid. 1=='default',2=='initialization'
  0.0000000000000000 # Attribute 'small_contrib_threshold' of the grid.
  0.5000000000000000 # Attribute 'damping_power' of the grid.
 # binID   n_entries weight   weight_sqr   abs_weight
    10   10   1.322623097372511E+010   1.749331857703254E+020   1.322623097372511E+010
  </DiscreteSampler_grid>
