 -0.00253937120145122  0.00945840229683052  0.01961243472891610  0.03013114554664981
  0.04067462910709047  0.05121596762762156  0.06175686403776351  0.07229902790249283
  0.08283275553623985  0.09336420957008185  0.10389939130792281  0.11444217623223986
  0.12497778391603946  0.13552183956468097  0.14606040138456761  0.15660175873717197
  0.16714231194417983  0.17768594652001751  0.18822866134602720  0.19876690740717629
  0.20930944121087572  0.21985350392614067  0.23040242042182416  0.24094615089547219
  0.25149462620373725  0.26203941629693417  0.27258526650957260  0.28312437464882290
  0.29366352806403789  0.30420472326385994  0.31474152535832611  0.32527283053364747
  0.33580288843243961  0.34633783086905229  0.35687462633921641  0.36740987339633635
  0.37795301350931643  0.38849315614683982  0.39903291712031791  0.40956441681634109
  0.42010422014308629  0.43064725471252480  0.44119690061262828  0.45173221284073922
  0.46226381215239326  0.47279633897806622  0.48334363546559583  0.49389199689657781
  0.50443958794019883  0.51498657171893281  0.52553098807401810  0.53607195224997950
  0.54661157624020662  0.55715227070037676  0.56769541049892125  0.57823362121292232
  0.58877267402996669  0.59930686331012850  0.60984195957087817  0.62038211735541759
  0.63092280906542098  0.64147031166447732  0.65201795373307481  0.66257026204934588
  0.67311824549330779  0.68366616548392278  0.69420159651820290  0.70473926808236276
  0.71527686733373874  0.72582609414109933  0.73637551082564212  0.74692132684756318
  0.75746700718482296  0.76801108085439829  0.77855082398252629  0.78908879450784508
  0.79962912512148865  0.81017758377968896  0.82072948354495201  0.83127953756555417
  0.84182733377626173  0.85237533811708621  0.86292511640182634  0.87347702041114250
  0.88402864146197224  0.89457976080455492  0.90512659844547416  0.91567048166844889
  0.92621266727496676  0.93675273226695266  0.94729440082980365  0.95784041839518075
  0.96838902184461007  0.97892885645905869  0.98946568422311132  1.00000000000000000
 -0.00252664753276236  0.00963097481035695  0.01983893023593307  0.03036285329338603
  0.04088925493473883  0.05140641425922832  0.06193059448229832  0.07247136940969663
  0.08301463212018556  0.09355623159253741  0.10409360721334182  0.11462748387976274
  0.12516320660053845  0.13570532363378721  0.14625273607429734  0.15680483615825372
  0.16735347422078625  0.17789540536978515  0.18843552121310517  0.19897890401366092
  0.20952953481479236  0.22008104778134707  0.23062708624474199  0.24117523274884525
  0.25171995746055442  0.26226299653773011  0.27280500180080280  0.28335424407074356
  0.29389011403186827  0.30442486087014864  0.31495678883106715  0.32550893807738729
  0.33605512706495250  0.34660173565714431  0.35714038230316530  0.36767992854938469
  0.37821961627775208  0.38876338310567898  0.39931191083931600  0.40985183662792118
  0.42039443253665260  0.43093721725680301  0.44147971079764897  0.45202004388123329
  0.46256207999778370  0.47311004066691326  0.48364392688317132  0.49417752109635782
  0.50469964532936784  0.51524036181147426  0.52577276931256034  0.53629467981298273
  0.54681592098619525  0.55733598245260518  0.56787755655814820  0.57841252309541080
  0.58894149379984262  0.59947418486294557  0.61001226638089523  0.62055936070520556
  0.63109919875232434  0.64163698872728325  0.65218129287728321  0.66273086738013243
  0.67327728981504908  0.68382415160330223  0.69437290640628546  0.70492075540992749
  0.71546215409189062  0.72600377711822939  0.73654575973059788  0.74708847830849578
  0.75762299390221843  0.76816289772272417  0.77870272840428179  0.78925047560668482
  0.79979357429639830  0.81034181251889692  0.82088971115761911  0.83144484006385777
  0.84198497142861084  0.85252295046014281  0.86305003235585132  0.87359264238436440
  0.88412899054962113  0.89466762754902096  0.90520213479629374  0.91573765689197884
  0.92628109627807487  0.93682462530075117  0.94736935773640296  0.95790961400582153
  0.96844616999769384  0.97897339866875455  0.98949047078950059  1.00000000000000000
   2.5655607332726247E-008  -1.0000000000000000     
 F F F F F F F F
  <DiscreteSampler_grid>
  grouped_processes
  1 # 1 for a reference and 2 for a running grid.
  10 # Attribute 'min_bin_probing_points' of the grid.
  1 # Attribute 'grid_mode' of the grid. 1=='default',2=='initialization'
  0.0000000000000000 # Attribute 'small_contrib_threshold' of the grid.
  0.5000000000000000 # Attribute 'damping_power' of the grid.
 # binID   n_entries weight   weight_sqr   abs_weight
    10   10   1.322623097372511E+010   1.749331857703255E+020   1.322623097372511E+010
  </DiscreteSampler_grid>
