 -0.00232491226355759  0.00963573601806165  0.01982786711850519  0.03035315629760122
  0.04088771630879696  0.05141721706078585  0.06194684531588251  0.07248242059199825
  0.08301566976035278  0.09355336651135919  0.10409545631127580  0.11464664520564777
  0.12519843224307359  0.13574423768183638  0.14628427823537787  0.15682608076149238
  0.16736987823840496  0.17791801361424861  0.18846188249625256  0.19900858016187040
  0.20955184438944277  0.22009230043060826  0.23062356104802739  0.24115988797387913
  0.25170080513712234  0.26224913330084576  0.27279270170407316  0.28331519512743591
  0.29383493352824824  0.30435533977703877  0.31489702237729467  0.32544223422452112
  0.33598927424733083  0.34653647511196017  0.35708329086732687  0.36762102161786131
  0.37815671384604416  0.38869226004182084  0.39923956795849697  0.40978607715919024
  0.42033012058888164  0.43086531497571789  0.44140668942666689  0.45193719999790105
  0.46247077401685471  0.47300167316698710  0.48354204468668144  0.49408088350726043
  0.50461979570057225  0.51515928363542551  0.52570420741675783  0.53624753066625519
  0.54679070484272529  0.55732834800920383  0.56785890190268884  0.57838370975583453
  0.58891024953107718  0.59944446015085384  0.60998903022825979  0.62052934059538167
  0.63107052190702262  0.64161138158887532  0.65214998000712776  0.66268436922922269
  0.67320789664091640  0.68374344358306072  0.69427301673240271  0.70481091288446807
  0.71534875746745175  0.72589379775845753  0.73644319254912971  0.74698908845829171
  0.75753072038598401  0.76807236567973425  0.77861000826969096  0.78915427482228973
  0.79969468186912751  0.81023549068617273  0.82077051230213827  0.83130895349871436
  0.84185220421092477  0.85240252294850116  0.86295226927173418  0.87350389576763410
  0.88405642147951780  0.89460418386742147  0.90515214520085951  0.91569615232702450
  0.92624488860119569  0.93679274230073928  0.94733596746096649  0.95787232457328408
  0.96839654408240039  0.97892731772870489  0.98945910410825633  1.00000000000000000
 -0.00249042183909577  0.00953221383362857  0.01970469426151931  0.03021816263959679
  0.04076214191219862  0.05130631074206603  0.06185209781169564  0.07239777816917950
  0.08294243443379236  0.09348893482044490  0.10403692269380427  0.11458598182146301
  0.12513186952775091  0.13567622248442915  0.14621695927969600  0.15676413741814244
  0.16731106876246324  0.17785752217364678  0.18840282997533872  0.19894719280402973
  0.20949365115231108  0.22003978849631528  0.23058834336307701  0.24113574056032869
  0.25168167747251696  0.26221639343788261  0.27274476532480152  0.28327381693221609
  0.29380728935435374  0.30434682571989036  0.31488595858962187  0.32542683257327643
  0.33596695306192742  0.34649880984055387  0.35703002479781648  0.36756361064178750
  0.37810148694234075  0.38864031309876035  0.39918172740721947  0.40972378542216137
  0.42027053351785243  0.43080829581837043  0.44134900315031261  0.45188990167705051
  0.46242767089751841  0.47296924691832665  0.48351003109162094  0.49405663916340165
  0.50460184995043222  0.51514044538116144  0.52568267693485760  0.53622404191982243
  0.54676603265116996  0.55730935431404682  0.56785272160684952  0.57840354842529373
  0.58894957010332538  0.59949592507588134  0.61003807919305697  0.62058308017727393
  0.63112781185945332  0.64167292264600639  0.65221364241692448  0.66275622589917649
  0.67329254331258093  0.68382954461231293  0.69436119690967468  0.70490201623506166
  0.71544186412945121  0.72598324368952083  0.73651903228913518  0.74705864516847686
  0.75760248543381159  0.76814925393471423  0.77869309211833249  0.78922778428155405
  0.79976288261290507  0.81030267125720667  0.82084651331738523  0.83138853921556877
  0.84193128169272269  0.85247468191928877  0.86301806662071234  0.87355262567217262
  0.88409226380223194  0.89462595131259581  0.90516577749373273  0.91569735165561617
  0.92624012356610108  0.93678202939741873  0.94732101960798498  0.95785688993387574
  0.96839298106014604  0.97893143632442559  0.98946706079433788  1.00000000000000000
   2.5649495980509222E-008  -1.0000000000000000     
 F F F F F F F F
  <DiscreteSampler_grid>
  grouped_processes
  1 # 1 for a reference and 2 for a running grid.
  10 # Attribute 'min_bin_probing_points' of the grid.
  1 # Attribute 'grid_mode' of the grid. 1=='default',2=='initialization'
  0.0000000000000000 # Attribute 'small_contrib_threshold' of the grid.
  0.5000000000000000 # Attribute 'damping_power' of the grid.
 # binID   n_entries weight   weight_sqr   abs_weight
    10   10   1.322623097372510E+010   1.749331857703254E+020   1.322623097372510E+010
  </DiscreteSampler_grid>
