 -0.00253766857118473  0.00949971822661573  0.01966373355213783  0.03018367343097144
  0.04073165550956160  0.05128090268020143  0.06182263859369784  0.07236639105604296
  0.08290939065165577  0.09346112457237346  0.10401245408374722  0.11456554882601989
  0.12511897118065718  0.13567234408556922  0.14622433421927691  0.15677290858725179
  0.16731566720322605  0.17785866732434799  0.18840223512433046  0.19895210077302342
  0.20950132461066726  0.22005166315539251  0.23059994698311925  0.24114868113428375
  0.25169530066331947  0.26223655509234439  0.27277314419491211  0.28331273688847680
  0.29385927082236213  0.30441266927601990  0.31496096007965418  0.32549919198196170
  0.33603434469248161  0.34657400135379818  0.35712380249684622  0.36765990613488220
  0.37818322078120942  0.38869595542862206  0.39922465015768649  0.40975679028302597
  0.42030243413885171  0.43082836463057234  0.44136044502925570  0.45188827373239909
  0.46243592954563806  0.47298836496744029  0.48354079409672202  0.49409227770377395
  0.50463902306917618  0.51518232943255704  0.52572346559114636  0.53627078022231656
  0.54680853910870175  0.55734771023303142  0.56787841834953878  0.57841869009801894
  0.58895751795553131  0.59950090143624724  0.61004153249372384  0.62058153015398321
  0.63111584953127320  0.64165344281899894  0.65218321045871086  0.66272030618413769
  0.67326265400631546  0.68380714181770252  0.69434180340086649  0.70487645512216923
  0.71541729078762761  0.72596845386424280  0.73651735672046836  0.74707048997045833
  0.75761695488768854  0.76815960106504910  0.77869629448292110  0.78923442958174250
  0.79977701649678179  0.81032419266104438  0.82087552157205523  0.83142585244994760
  0.84197242837007080  0.85251910874890779  0.86306492034905913  0.87360759222961193
  0.88415021503272451  0.89469447030276661  0.90523897714589718  0.91578347748940114
  0.92632137250297808  0.93686135354063937  0.94740146845402406  0.95795339065197205
  0.96847394112146679  0.97898690291041202  0.98948655923567264  1.00000000000000000
 -0.00250937787180565  0.00951537419122409  0.01968197335455505  0.03019752818306972
  0.04073885247404696  0.05127245799780477  0.06181353969377847  0.07235082079488760
  0.08289733931591162  0.09343712170109517  0.10398144473752542  0.11452570772417321
  0.12507508769690523  0.13562133345862781  0.14616900969149416  0.15671894570102976
  0.16727058457800092  0.17782217121362581  0.18837221919495956  0.19891573280197222
  0.20945460211680644  0.21998167788679765  0.23051147466947597  0.24104622200102949
  0.25159051850380154  0.26214032945827498  0.27268624818500398  0.28323378572170838
  0.29378208100752712  0.30432540408423525  0.31486343726956750  0.32540098845972926
  0.33594691841403601  0.34649530888031477  0.35704147807275805  0.36758490071389849
  0.37812432115341565  0.38866298144329697  0.39920269918787710  0.40973305532650128
  0.42026660769538576  0.43080098824918472  0.44134546381745987  0.45188921258529174
  0.46243501121536873  0.47298206744718296  0.48352466583401871  0.49406674794376010
  0.50461446270480537  0.51516756933709562  0.52571154330795977  0.53625354155205374
  0.54679111064092856  0.55733272141980195  0.56786843745571636  0.57840851278132521
  0.58894729402286672  0.59949398774814455  0.61003529397843093  0.62058239270206850
  0.63111922516727326  0.64164940806851412  0.65217695056431846  0.66271651975033741
  0.67325740765914455  0.68380147473952368  0.69433958866583756  0.70488934845841600
  0.71542427033666955  0.72595675049973474  0.73648170259394585  0.74701398391402352
  0.75755276989354214  0.76809330937538789  0.77864165515090455  0.78918514690128205
  0.79973461262021772  0.81027118398631692  0.82081602639314089  0.83135053166816597
  0.84189343844837394  0.85242670957452826  0.86296639115415608  0.87349892211165692
  0.88403572919149798  0.89457238264373629  0.90511473559794797  0.91565844840397659
  0.92620264110517381  0.93674786737429672  0.94729297614822450  0.95783983205365142
  0.96839018289230083  0.97893620027596595  0.98947172737893252  1.00000000000000000
   2.5521301129504555E-008  -1.0000000000000000     
 F F F F F F F F
  <DiscreteSampler_grid>
  grouped_processes
  1 # 1 for a reference and 2 for a running grid.
  10 # Attribute 'min_bin_probing_points' of the grid.
  1 # Attribute 'grid_mode' of the grid. 1=='default',2=='initialization'
  0.0000000000000000 # Attribute 'small_contrib_threshold' of the grid.
  0.5000000000000000 # Attribute 'damping_power' of the grid.
 # binID   n_entries weight   weight_sqr   abs_weight
    10   10   1.322623097372511E+010   1.749331857703253E+020   1.322623097372511E+010
  </DiscreteSampler_grid>
