 -0.00247504879401314  0.00950851847802377  0.01966434672218206  0.03018059268079583
  0.04071401518657289  0.05124687211446525  0.06178034381874108  0.07231893415499446
  0.08286134770709672  0.09339981885949841  0.10394053462215146  0.11447570130693645
  0.12501539100308498  0.13555611321402486  0.14610044938757172  0.15664604653279504
  0.16719225522786638  0.17773985397801126  0.18828389229888157  0.19882611929668020
  0.20936469623244530  0.21990279735141952  0.23044018495643701  0.24097799868975694
  0.25150912973328315  0.26204623793740056  0.27258627850085820  0.28313518405937294
  0.29368103134873802  0.30422351849086809  0.31476590318972014  0.32531197250907123
  0.33585541728603602  0.34639799637170443  0.35694023011733744  0.36748750890325699
  0.37803723207403805  0.38858280767351816  0.39912106045762985  0.40966050371269891
  0.42019493264472596  0.43073104112021626  0.44126635446137474  0.45181081158683506
  0.46236251223045771  0.47291095855935256  0.48345340124322694  0.49399140737817543
  0.50452532789779825  0.51506564283686584  0.52560848801352189  0.53615841152722343
  0.54670677873006546  0.55725648477440604  0.56780411649785267  0.57835360032229033
  0.58889688266610751  0.59944067512600752  0.60997726782577699  0.62051916351618608
  0.63106040324215984  0.64160904762142434  0.65215607551643007  0.66269339224433721
  0.67323184018113691  0.68376392639765338  0.69430370092800964  0.70483593174988712
  0.71537766394911262  0.72592063908752280  0.73646282147475173  0.74700289012518650
  0.75754280274232644  0.76808764965257192  0.77863555585040578  0.78917594203605856
  0.79970386156432560  0.81023228774321021  0.82076636112415235  0.83131560574852237
  0.84185524722257987  0.85239842758925533  0.86293654739589742  0.87348081105705044
  0.88402634623490473  0.89457024560352749  0.90511612181614454  0.91565718291828768
  0.92620437625588770  0.93674893875951171  0.94729158277473746  0.95783306908342536
  0.96836717564759656  0.97890934104941385  0.98944998492225200  1.00000000000000000
 -0.00248352234044968  0.00954024311230312  0.01971315832022336  0.03023095793574462
  0.04076739372718703  0.05130194999916194  0.06184462559497420  0.07239186557000961
  0.08293549959620292  0.09347952461221810  0.10402247075565482  0.11456585402566112
  0.12510125040400136  0.13563401517271959  0.14617267376710111  0.15671907778125169
  0.16726960847520916  0.17781997699400534  0.18837028214578089  0.19891912388808747
  0.20946912250908237  0.22001396677046758  0.23055461206863115  0.24109498221102765
  0.25164008339570410  0.26218615442912163  0.27273156538572013  0.28327632840076583
  0.29382406613480411  0.30437200543333004  0.31492124524205106  0.32547056454379758
  0.33601538158249938  0.34655428445520059  0.35709607372413921  0.36763487646250054
  0.37817808479733073  0.38871913371144662  0.39926376680749692  0.40980838037664763
  0.42035446768526818  0.43089550712480346  0.44143618149764241  0.45196911861144012
  0.46251095944218079  0.47303991258158040  0.48357701526395797  0.49411214126158215
  0.50466018027736281  0.51520667271063492  0.52574943936079499  0.53629298582338436
  0.54683857110461509  0.55738680061630297  0.56792643765160933  0.57845209407637199
  0.58897804655942110  0.59949563968780173  0.61002698586448978  0.62055781924804310
  0.63109702336116535  0.64163614050733675  0.65217268078609458  0.66271367829132033
  0.67324777154983440  0.68378806548476878  0.69433107929473825  0.70488118870017735
  0.71542857317947905  0.72597036366752243  0.73651246706302831  0.74705063456452669
  0.75759421621904854  0.76813946942557487  0.77868108719419904  0.78921897660140095
  0.79975364263250359  0.81029702000285564  0.82083906400016904  0.83138133168293094
  0.84192342189348912  0.85247417116324897  0.86302188947322767  0.87355954572706196
  0.88409420203253353  0.89462916211971144  0.90517389487522648  0.91571881213682549
  0.92627028005479795  0.93679709070413397  0.94732756052019396  0.95784828726485061
  0.96839777429931950  0.97893391283773612  0.98947230634975680  1.00000000000000000
   2.5510331198516866E-008  -1.0000000000000000     
 F F F F F F F F
  <DiscreteSampler_grid>
  grouped_processes
  1 # 1 for a reference and 2 for a running grid.
  10 # Attribute 'min_bin_probing_points' of the grid.
  1 # Attribute 'grid_mode' of the grid. 1=='default',2=='initialization'
  0.0000000000000000 # Attribute 'small_contrib_threshold' of the grid.
  0.5000000000000000 # Attribute 'damping_power' of the grid.
 # binID   n_entries weight   weight_sqr   abs_weight
    10   10   1.322623097372511E+010   1.749331857703254E+020   1.322623097372511E+010
  </DiscreteSampler_grid>
