  0.00000485378835125  0.00000513652009140  0.00000539130654111  0.00000565013379374
  0.00000592909061598  0.00000620251591764  0.00000647160326851  0.00000675224004481
  0.00000702553320456  0.00000732198674579  0.00000762603183967  0.00000795083023390
  0.00000829399192966  0.00000864995831716  0.00000902744409734  0.00000941937362043
  0.00000981570784379  0.00001022598225160  0.00001065087232785  0.00001109929543628
  0.00001158308423562  0.00001207428035617  0.00001259617524362  0.00001316420126111
  0.00001376373461370  0.00001437799940792  0.00001502921837540  0.00001570669494871
  0.00001638923657224  0.00001708693511444  0.00001781090750132  0.00001858634264707
  0.00001941308910450  0.00002039302770526  0.00002133441627114  0.00002233333410464
  0.00002339068602747  0.00002451561517512  0.00002574088432496  0.00002707211640330
  0.00002845575701341  0.00002992990050225  0.00003147630880127  0.00003307117118845
  0.00003487839601727  0.00003679886067853  0.00003880452715534  0.00004088309624538
  0.00004296474357795  0.00004518064030298  0.00004769773549089  0.00005043606760432
  0.00005329714056412  0.00005637369858591  0.00005947063163384  0.00006274678741116
  0.00006618056321880  0.00006983676924647  0.00007409639184287  0.00007878407193116
  0.00008385317436202  0.00008935715390809  0.00009523051328312  0.00010116878939818
  0.00010736415068704  0.00011422039849281  0.00012172264432067  0.00013054969079824
  0.00013973707598475  0.00015044956952254  0.00016202672850670  0.00017530120779505
  0.00019000513129390  0.00020647249075159  0.00022606544013303  0.00024918513119991
  0.00027498252564736  0.00030469190970108  0.00034002543229612  0.00038499177886357
  0.00043716767694554  0.00049665376402710  0.00056581801047327  0.00064887240765678
  0.00075163104502297  0.00088721696645851  0.00107456152417283  0.00134546242905552
  0.00172539640529242  0.00207742080791149  0.00256353611446080  0.00358876620927007
  0.00535615978880146  0.01109613476718478  0.21118087264395086  1.00000000000000000
  0.00000613873842827  0.00000660469562543  0.00000691069627330  0.00000717794265255
  0.00000749789966310  0.00000784161358495  0.00000816692825481  0.00000852066982787
  0.00000889147825146  0.00000922447423367  0.00000949717733614  0.00000976687166227
  0.00001004651870116  0.00001034125918588  0.00001062444991863  0.00001093356785777
  0.00001136052190924  0.00001178263694116  0.00001221897004848  0.00001266398916362
  0.00001315455162220  0.00001365366754131  0.00001415998246134  0.00001469503918065
  0.00001528821445843  0.00001586242098045  0.00001644073687118  0.00001703748087453
  0.00001769950932735  0.00001846547137869  0.00001928968705274  0.00002018554159382
  0.00002113462017324  0.00002209263639108  0.00002313142190340  0.00002418993817790
  0.00002526502806992  0.00002646542059525  0.00002773112140527  0.00002907872869701
  0.00003052532348776  0.00003200400720249  0.00003356290824736  0.00003525311476383
  0.00003704346495584  0.00003888116622375  0.00004081898800150  0.00004283138761272
  0.00004493725353445  0.00004723510617422  0.00004966822458639  0.00005223659154258
  0.00005512173534600  0.00005821959086453  0.00006165328528588  0.00006554779574045
  0.00006946160201940  0.00007363930669949  0.00007798086415568  0.00008277299116599
  0.00008792975344504  0.00009347400664817  0.00009945125317741  0.00010568525130104
  0.00011234212695802  0.00011956799305982  0.00012730472456354  0.00013600725301907
  0.00014542539726932  0.00015594468612354  0.00016817660607245  0.00018179763920303
  0.00019613817983012  0.00021112512335694  0.00022843166415142  0.00024839483928198
  0.00027018983527254  0.00029459580482702  0.00032362978313055  0.00035561104260805
  0.00039095216227573  0.00043502249728520  0.00049289228410199  0.00057207989783826
  0.00065882608748395  0.00075365399012646  0.00086550325143046  0.00102315416528373
  0.00120707842290028  0.00146779783795996  0.00184403133154539  0.00223656763111067
  0.00282594565294067  0.00438447319716256  0.07444644305801514  1.00000000000000000
  0.00000627650054060  0.00000717223671488  0.00000779854087137  0.00000860206285525
  0.00000952431337366  0.00001047735460662  0.00001142496441069  0.00001232761854175
  0.00001308557960231  0.00001389890491875  0.00001474389705948  0.00001561776391182
  0.00001652936100012  0.00001741535221745  0.00001826920384998  0.00001910460139795
  0.00002001514083275  0.00002098213240509  0.00002201442619410  0.00002313998305405
  0.00002433153161465  0.00002532772500550  0.00002638184988820  0.00002750260174025
  0.00002864735665323  0.00002996861302683  0.00003145171011318  0.00003280405209176
  0.00003439115690966  0.00003600144008446  0.00003773567547960  0.00003968651613819
  0.00004170539661473  0.00004398738829581  0.00004642386640911  0.00004903941545894
  0.00005178759699532  0.00005464658316017  0.00005746068641844  0.00006034013605291
  0.00006345116368969  0.00006668716995031  0.00007017576497548  0.00007400359571638
  0.00007813709207893  0.00008265164992132  0.00008743837401426  0.00009231190743515
  0.00009744369872858  0.00010269570042652  0.00010819391561936  0.00011415387194848
  0.00012067923172239  0.00012749295266858  0.00013462325982005  0.00014167541702917
  0.00014989442708909  0.00015856812652385  0.00016777577851810  0.00017766069181978
  0.00018814908208116  0.00020012821961439  0.00021336144244048  0.00022672289798831
  0.00024117007942359  0.00025591049567126  0.00027406257239680  0.00029255360721740
  0.00031471584452211  0.00033797774278969  0.00036554813023869  0.00039613682219994
  0.00043297644325801  0.00047467056859569  0.00051997707324255  0.00056806843911357
  0.00061913477865986  0.00067463418974413  0.00073569348306358  0.00080531826613582
  0.00088520090814958  0.00097347014226351  0.00107579051219902  0.00119262838174319
  0.00132570957119171  0.00148424691636017  0.00168428861594200  0.00196534166667327
  0.00230559498697495  0.00277652886139844  0.00333235175991266  0.00401880104631022
  0.00484184671983509  0.00653334007496006  0.07914214408157022  1.00000000000000000
 -0.00198070361227221  0.00781080781795373  0.01621280179509067  0.02571628017149155
  0.03548022253270439  0.04479632873815896  0.05424490170702974  0.06364756390092578
  0.07305601438624168  0.08226673915313537  0.09122694269375894  0.10004669649325423
  0.10852314790402427  0.11647152094179658  0.12434439935076068  0.13226411409691702
  0.14039242871362942  0.14887554677574821  0.15741690028357705  0.16639791038638710
  0.17569093263165037  0.18523629362731756  0.19478078606326668  0.20436436651596157
  0.21385620190533700  0.22332859226487603  0.23269397803331149  0.24157843990397659
  0.25039429464406593  0.25963514338105476  0.26922878373512721  0.27878774986914373
  0.28826532279701689  0.29806961123620701  0.30776757644887964  0.31744230120195371
  0.32702348175252804  0.33698203353360495  0.34689047577300353  0.35678449133559426
  0.36712839385303098  0.37783119684941752  0.38888313798172386  0.39955512958386225
  0.41011067874596924  0.42047567674827502  0.43111520313006957  0.44173885278701702
  0.45207487332731244  0.46283963084356194  0.47355171353416936  0.48433142098942894
  0.49471299045710215  0.50501060801108133  0.51563411053092989  0.52666253515827710
  0.53754909299415443  0.54795900362914951  0.55784102503448596  0.56800667435519103
  0.57872567697613697  0.58991917266889382  0.60095784022001109  0.61182315908407814
  0.62263045486123580  0.63434906353399334  0.64653190897549451  0.65896692702628434
  0.67078260057991113  0.68234966642574313  0.69289641546175595  0.70359831215733082
  0.71423124914445957  0.72575649473254611  0.73692403562011133  0.74855089911867656
  0.75977002855039766  0.77070119455897890  0.78260365006839727  0.79449358962303973
  0.80689619274737800  0.81857865151093379  0.83103554434138738  0.84379154180550875
  0.85706360509387158  0.86995756927411150  0.88204458086968707  0.89512438555477591
  0.90941005996251800  0.92174888703719160  0.93440060770348776  0.94694823427949371
  0.96088954134899995  0.97380032346216749  0.98710428826734620  1.00000000000000000
 -0.00203170824773216  0.00873443203288360  0.01857853859487172  0.02939317762785342
  0.04030063806981622  0.05101571636183561  0.06072113183416892  0.06995294666694608
  0.07918504928955937  0.08950874516803382  0.10015718294440019  0.10997438961240795
  0.11998054768551453  0.13047186072851627  0.14093400987146293  0.15144109899758704
  0.16117649811294357  0.17158942648014622  0.18224175016264157  0.19263791335901398
  0.20291893536396372  0.21368288642188077  0.22521972999677051  0.23641374581557628
  0.24683560714668154  0.25782059560145082  0.26788717830074621  0.27760293049310714
  0.28708765789021218  0.29705314743578926  0.30826153920047772  0.31967215508489150
  0.33148315223524233  0.34284878929808538  0.35257711280742149  0.36229938052275656
  0.37204862420368562  0.38241453456687924  0.39278709431942155  0.40264691767741212
  0.41302480155271243  0.42521409028549301  0.43775510406945739  0.44951995491550034
  0.46049014725635179  0.47132279834893981  0.48214691561201917  0.49226804050066431
  0.50173958306242050  0.51103708010950377  0.52111893475846838  0.53235978231790926
  0.54363374770707107  0.55427060214386470  0.56467858649909608  0.57534088978473541
  0.58631342904680939  0.59732899216080593  0.60857881936189617  0.62019397489196293
  0.63152941824882891  0.64351547567317646  0.65596894848185161  0.66813196806213393
  0.67937432364720385  0.68943736325567573  0.69917540610244766  0.70878926944926113
  0.71880905716851529  0.72889771301913042  0.73900718188794468  0.74906941618034417
  0.75938954746310117  0.76999738167742793  0.78131295098628506  0.79232940488259840
  0.80211595194459628  0.81173646516191622  0.82179899841938231  0.83219985823774834
  0.84290569943521609  0.85364963797541793  0.86410874446101626  0.87508376524892650
  0.88568093867461495  0.89648790147454449  0.90797496058169713  0.91921836593793260
  0.93002854117112210  0.94078372345267491  0.95113445749118386  0.96096621185731901
  0.97081145411255410  0.98040768392572808  0.99048541289502201  1.00000000000000000
 -0.00208162874926746  0.00872168415047034  0.01829659923172382  0.02782415071794451
  0.03761818818571030  0.04768894556731288  0.05791856860731820  0.06763193724687662
  0.07689578973280962  0.08643706174712952  0.09649975957055154  0.10727796500645458
  0.11859515940974598  0.13020260177128068  0.14201871877700514  0.15442519059695181
  0.16695998203806958  0.17889722098216687  0.18991894882985660  0.20045773150612184
  0.21063629725632091  0.22075226488211327  0.23123428458951628  0.24198077546914651
  0.25270975060273759  0.26332384457503760  0.27392316223691415  0.28445556066924099
  0.29477280969538017  0.30503080108967445  0.31532870799867252  0.32599181834658097
  0.33653752353071320  0.34677612783919598  0.35735039430449239  0.36770937274878029
  0.37771275653776154  0.38770725461930045  0.39796422694390782  0.40898123040149775
  0.42000271464585132  0.43096064603222528  0.44221154034623644  0.45405358661519285
  0.46568868830318572  0.47591433509120390  0.48542816145838169  0.49477888577980067
  0.50572578617966313  0.51772233306773663  0.52973032747449234  0.54132073540380643
  0.55294587946075757  0.56401898378253212  0.57430277384901129  0.58452189556093403
  0.59509073459502071  0.60551147856934195  0.61544687405567189  0.62459240882703959
  0.63441980279270949  0.64424695025259382  0.65432796847267793  0.66523973469376307
  0.67601555586250828  0.68772121471513259  0.69860475298902003  0.70971836244026310
  0.72023389746836086  0.73035056236358298  0.74014566132108295  0.74983238277092745
  0.75941141605678075  0.76897933046979483  0.77885380106052671  0.78934973115091567
  0.80013755983857504  0.81103367242052937  0.82173271238792467  0.83181096361948925
  0.84149568389014828  0.85122808109348769  0.86138840344105172  0.87195303774644040
  0.88302092183270819  0.89399937762289428  0.90592304444084348  0.91719479680435723
  0.92762064710848202  0.93712877715451526  0.94646627275350903  0.95603843041093417
  0.96591223858282960  0.97650404747811947  0.98780724856298352  1.00000000000000000
 -0.00004623620966872  0.00005198891321331  0.00016051473279489  0.00035493148936231
  0.00052209469646111  0.00062752814272688  0.00072355489354469  0.00081324220167637
  0.00090342746158633  0.00099274866479728  0.00108077184564099  0.00118978148849705
  0.00130474439171299  0.00141603195497000  0.00152708574208302  0.00163774015826159
  0.00174770254202256  0.00185726267320833  0.00197298629069527  0.00209108916092869
  0.00221342115667793  0.00233752777538998  0.00246217264193552  0.00258681809213579
  0.00271302013885630  0.00283974485122379  0.00296662649638375  0.00309756396445132
  0.00322994376499516  0.00336375399871993  0.00351775394000649  0.00367142843082261
  0.00382436748526794  0.00397616357561979  0.00414034186190101  0.00430677832255344
  0.00447744591412451  0.00467418258976792  0.00486188292781414  0.00505286098510446
  0.00525594711844001  0.00548540334105873  0.00575630856862373  0.00602949838546150
  0.00626503752504833  0.00646237677408456  0.00665190009449928  0.00683988791082366
  0.00703286493498187  0.00724022318263117  0.00745407601595952  0.00762787390984832
  0.00782428404678846  0.00804509313413836  0.00824544259412556  0.00848371924680722
  0.00873066446424823  0.00905629586492941  0.00935598239532520  0.00960037082368665
  0.00981483978399872  0.01000909038637773  0.01020276554326528  0.01042421853886833
  0.01069604026932738  0.01099529491756886  0.01131057173709714  0.01167788877671454
  0.01204318590094435  0.01241403258891767  0.01276881428111438  0.01326417266992974
  0.01366046051391040  0.01397889115989943  0.01430559101160101  0.01461364021190495
  0.01503894382442571  0.01561159539286145  0.01615846130590800  0.01678036828706099
  0.01793852353640585  0.01955433597328426  0.02073771854685529  0.02259118470078348
  0.02331845746809962  0.02386000410141764  0.02457843519638941  0.02538090521350372
  0.02595929393697330  0.02654437580372169  0.02743957419073347  0.02970421097492721
  0.03449779400591526  0.06665787141276271  0.46708500550919041  1.00000000000000000
 -0.00234955325666302  0.00823959190327481  0.01843384571726000  0.02838966338980824
  0.03867748967601525  0.04865817982483700  0.05890985316108094  0.06920470515486908
  0.07956843351507162  0.09018667759939847  0.10026156938783241  0.10946420161059917
  0.11810129355218686  0.12720639764398989  0.13640128610690053  0.14575218358821929
  0.15459828722327298  0.16320561702218039  0.17209788888878128  0.18096797026530029
  0.18988617499148511  0.19901094378734593  0.20844325809841924  0.21826640409891879
  0.22844546266800603  0.23885789674644506  0.24931646135115965  0.25950757187962370
  0.26945463646279016  0.27911106188349827  0.28874063883199369  0.29935023829293606
  0.31025328275175124  0.32098481332933992  0.33160511410359850  0.34270682925069496
  0.35430339294904378  0.36503367734471986  0.37564380279195736  0.38612834750456654
  0.39699054760209107  0.40783452909560847  0.41857599901240455  0.42975682569304557
  0.44142893485470114  0.45293021267542261  0.46396577067847850  0.47558691594425045
  0.48868213119054632  0.50250866402766114  0.51517807732645016  0.52738931111963028
  0.53963402908659674  0.55264647494928187  0.56582741299444350  0.57954472981109806
  0.59395574291175934  0.60804558299007871  0.62150705986026034  0.63421683213589020
  0.64620357870597511  0.65717003813432062  0.66743304299326056  0.67772703310252458
  0.68799087573751172  0.69824766844449693  0.70869896536801391  0.71958261228779641
  0.73082024412669910  0.74224913315480279  0.75367189126107581  0.76450882838551548
  0.77469551768764078  0.78434365276827267  0.79392881698900786  0.80394377312377130
  0.81358976775502190  0.82269506713345042  0.83142780769596292  0.84062263301500006
  0.84878247210213975  0.85701910554025917  0.86526095667074099  0.87400791114624077
  0.88395871288339756  0.89386714420735214  0.90419001154369860  0.91420579079245912
  0.92444672077435108  0.93485808895509570  0.94679260902689077  0.95782310302024198
  0.96836226275582482  0.97840226306116462  0.98910555119794930  1.00000000000000000
  0.10790151858376733  0.11878800194688459  0.12631020996707323  0.13500803501271660
  0.14340618441732594  0.15203487529290649  0.16015137601091786  0.16897357607855959
  0.17936294743681105  0.18988483488074540  0.19973153625421053  0.20917568739459483
  0.21853561679400832  0.22773412557975872  0.23810309672232335  0.24815045208586056
  0.25708048336323708  0.26603208443548448  0.27498466158366858  0.28368982248877112
  0.29175927947565672  0.29952064754715663  0.30685466193304928  0.31413521596378302
  0.32163112091550783  0.32948052792701249  0.33846385719544808  0.34783630457991332
  0.35650715196493038  0.36471717777626222  0.37304418292368990  0.38205214783358343
  0.39146871273724548  0.40044577793341424  0.40895793825923921  0.41741663944192203
  0.42584054701135482  0.43392656862515322  0.44169354875214140  0.44933687381751752
  0.45694763158156343  0.46449611602544560  0.47167248494283526  0.47856718669896331
  0.48565308205135371  0.49274765168024076  0.49971284616275718  0.50661960724337529
  0.51358562120289586  0.52065255359460616  0.52781790323053646  0.53505855044835882
  0.54217363626538773  0.54891328473691159  0.55539030148934176  0.56184788622229231
  0.56822756985627765  0.57488661132323082  0.58230465119906594  0.59047169335433269
  0.59882534198901272  0.60703757556544247  0.61558536368306660  0.62464368704236650
  0.63328263348499003  0.64210218224580973  0.65070344783920886  0.65934555798654892
  0.66846360507408831  0.67791160918054905  0.68680432859495122  0.69554636571840700
  0.70439470636140200  0.71391123071750373  0.72426287358987451  0.73417517076921823
  0.74351026329531777  0.75347029581652258  0.76445151892202956  0.77596450603678102
  0.78680775724032204  0.79791186671419057  0.80881320723447059  0.81944779995086814
  0.82918635155796649  0.83954207778218404  0.85049317170958338  0.86229886094553099
  0.87433276333677523  0.88675941121248658  0.89971331625192330  0.91381206441505702
  0.92912078452237423  0.94635522691379292  0.96791553516779127  1.00000000000000000
 -0.01852684147012174  0.10548614556077797  0.13935656941502747  0.16098286500773576
  0.17932997091153555  0.19518886585067316  0.20867876620148795  0.22063369326645249
  0.23148107710699828  0.24179295755842603  0.25262427407722271  0.26331698975898615
  0.27308932609665731  0.28163104218823298  0.28973660898852738  0.29832923906199021
  0.30709501209165940  0.31609113678482542  0.32398353528626961  0.33178872445432739
  0.33850699325347217  0.34559938937341467  0.35239528338402037  0.35918029221105563
  0.36604422903508615  0.37311908738230420  0.37958715101473273  0.38555660518300849
  0.39115326543532108  0.39660424575818126  0.40224834378950297  0.40810616151105511
  0.41401273542218053  0.41989330089521887  0.42582344653643928  0.43179061646994948
  0.43762042311193988  0.44361813888274715  0.44951182383357463  0.45559942693115341
  0.46131006885537340  0.46682137935383305  0.47230242393128657  0.47783805947158414
  0.48361032405986915  0.48958232300432541  0.49540046809897392  0.50108896555485771
  0.50595056380990300  0.51078858664808136  0.51531989728156458  0.52007053905904854
  0.52557404959073306  0.53135254558473199  0.53730874343146440  0.54318131057605745
  0.54898347125657043  0.55470958058765496  0.56041390045387773  0.56615150469466380
  0.57186205857527783  0.57747100376156657  0.58300992686808528  0.58845966616090539
  0.59401330681405562  0.59996123962856363  0.60593145609519694  0.61206183340995479
  0.61822737327007227  0.62450462188654299  0.63117334273437464  0.63817988548730675
  0.64549612180222504  0.65319984896705607  0.66093662378068863  0.66843532134257977
  0.67581470068751814  0.68330368146368958  0.69079462242434220  0.69866220052469652
  0.70656122813241273  0.71470717085159352  0.72277638266367439  0.73106038510921212
  0.73972788284320334  0.74956711615478588  0.76058843609896043  0.77231103232357878
  0.78379972832831191  0.79525382287470370  0.80808009178244944  0.82197823283271454
  0.83878145483185651  0.86107225598940118  0.89517268013643725  1.00000000000000000
   2.9585831087221835E-003  -1.0000000000000000     
 F F F F F F F F F F F F F F F F F F F F F F F F F F F F F F F F F F F F F F F F F F F F F F F F F F F F F F F F F F F F F F F F F F F F F F F F F F F F F F F F F F F F F F F F F F F F F F F F F F F F F F F F F F F F F F F F F F F F F F F F F F F F F F F F
  <DiscreteSampler_grid>
  grouped_processes
  1 # 1 for a reference and 2 for a running grid.
  10 # Attribute 'min_bin_probing_points' of the grid.
  1 # Attribute 'grid_mode' of the grid. 1=='default',2=='initialization'
  0.0000000000000000 # Attribute 'small_contrib_threshold' of the grid.
  0.5000000000000000 # Attribute 'damping_power' of the grid.
 # binID   n_entries weight   weight_sqr   abs_weight
    10   10   1.562594712337057E+002   1.090474106588197E+005   1.562594712337057E+002
    16   10   1.562594712337057E+002   1.090474106588196E+005   1.562594712337057E+002
    22   10   1.562594712337056E+002   1.090474106588196E+005   1.562594712337056E+002
    28   10   1.562594712337057E+002   1.090474106588198E+005   1.562594712337057E+002
  </DiscreteSampler_grid>
