  0.00000487356026311  0.00000492811315166  0.00000501395255258  0.00000514055849265
  0.00000526385481656  0.00000542670697153  0.00000557981389834  0.00000572083625985
  0.00000586651603166  0.00000601994798945  0.00000619424649703  0.00000638931135223
  0.00000659834641297  0.00000679901534635  0.00000698374375203  0.00000716945250662
  0.00000736433468445  0.00000757312478670  0.00000780571166067  0.00000806681832365
  0.00000833232174496  0.00000861020307944  0.00000887685655423  0.00000913785370389
  0.00000942291222215  0.00000969250243215  0.00000995771516082  0.00001024322445904
  0.00001058335675049  0.00001096142995206  0.00001138418317486  0.00001184195581738
  0.00001230738590428  0.00001280118196517  0.00001333134637057  0.00001385303812163
  0.00001437934912360  0.00001493288511604  0.00001552045915157  0.00001616363785718
  0.00001685868020283  0.00001755474139280  0.00001825247560862  0.00001896023506755
  0.00001972409118732  0.00002055941345341  0.00002148640874716  0.00002246408367438
  0.00002351543502676  0.00002461795932556  0.00002573801532614  0.00002693238316080
  0.00002816495794939  0.00002943506573941  0.00003083716008567  0.00003228877257074
  0.00003385597294196  0.00003555584242092  0.00003735201405878  0.00003923814083930
  0.00004127869001424  0.00004346527367099  0.00004575487038072  0.00004820267170766
  0.00005080574642618  0.00005359022906073  0.00005658502221008  0.00005975045300476
  0.00006314999285805  0.00006678898946653  0.00007074986538023  0.00007502925839829
  0.00007965470547898  0.00008476368678099  0.00009057218995712  0.00009720252494691
  0.00010520468379521  0.00011428401295973  0.00012441296458257  0.00013573800270572
  0.00014854120548006  0.00016339761131758  0.00018006428784021  0.00019937636979790
  0.00022403185440656  0.00025723363063375  0.00030034023079184  0.00035627743286674
  0.00043226411224266  0.00053773997463120  0.00069508610255606  0.00100104291853110
  0.00168140684606117  0.00438031686923371  0.41428934019492547  1.00000000000000000
  0.00000568768088757  0.00000580607707609  0.00000591611858397  0.00000605117718303
  0.00000623025565088  0.00000643028050282  0.00000663869956286  0.00000684104038089
  0.00000704330611527  0.00000726156394663  0.00000749157566320  0.00000772650603778
  0.00000794333023373  0.00000815686067129  0.00000837094941933  0.00000859225435893
  0.00000883595625215  0.00000911146246726  0.00000940932164988  0.00000971533714001
  0.00001003486838697  0.00001035790488045  0.00001068739891647  0.00001105659046045
  0.00001144935198894  0.00001188207316028  0.00001232861485545  0.00001277803942248
  0.00001327282248569  0.00001375025558660  0.00001426181581937  0.00001480743576035
  0.00001537432632194  0.00001595685631502  0.00001657297751767  0.00001724552007459
  0.00001794535876600  0.00001866110425074  0.00001941670167351  0.00002022612322139
  0.00002107839773183  0.00002196746675806  0.00002291292440209  0.00002391936589704
  0.00002494953610030  0.00002602210773966  0.00002713704929880  0.00002827356979949
  0.00002944880367572  0.00003083239217918  0.00003220830668136  0.00003365171336507
  0.00003520909948105  0.00003682781562870  0.00003849033883681  0.00004022952555125
  0.00004208299093335  0.00004406140586233  0.00004610988105583  0.00004831311088614
  0.00005074438559341  0.00005335758263795  0.00005614024259749  0.00005914073860677
  0.00006240473227540  0.00006588452437785  0.00006944048009220  0.00007332280565711
  0.00007759603129743  0.00008224499970188  0.00008745056548979  0.00009308714383510
  0.00009914806016396  0.00010574311114911  0.00011300364263442  0.00012125009113477
  0.00013078888543293  0.00014163908008579  0.00015318330750494  0.00016659230904969
  0.00018170453887707  0.00020014359259081  0.00022318320329704  0.00025075080864522
  0.00028411156189222  0.00032363730516979  0.00037151009451518  0.00043366820234275
  0.00051980425557753  0.00064179676465855  0.00080895136270680  0.00106293869570078
  0.00157959106188936  0.00281234687758197  0.39146548096437295  1.00000000000000000
  0.00000493182315521  0.00000659856263486  0.00000768452170962  0.00000869318563298
  0.00000969494938176  0.00001062999725596  0.00001158178586432  0.00001258833562453
  0.00001363766374444  0.00001470227737079  0.00001575994693351  0.00001681602899393
  0.00001794359137003  0.00001908823520375  0.00002035905158723  0.00002161087579581
  0.00002290456654291  0.00002422919800246  0.00002561947218503  0.00002706516460174
  0.00002853701804000  0.00002995967992393  0.00003151488943906  0.00003310822494099
  0.00003477008306317  0.00003661573575692  0.00003840827089570  0.00004030132135016
  0.00004222933386631  0.00004428220784315  0.00004637218921099  0.00004854055402182
  0.00005063542221417  0.00005283078052388  0.00005527396102893  0.00005788155123584
  0.00006068743882435  0.00006364027115272  0.00006665898774848  0.00006989496829855
  0.00007325311379829  0.00007674217991150  0.00008045453024906  0.00008454607036520
  0.00008891648248162  0.00009361639359150  0.00009862358770981  0.00010392995566486
  0.00010975412776698  0.00011611197288259  0.00012306175427425  0.00013051895938289
  0.00013851171511999  0.00014710359809093  0.00015643406544303  0.00016680949880281
  0.00017816845490371  0.00019071353650870  0.00020493326286490  0.00022043468647715
  0.00023711975543199  0.00025560599826289  0.00027623239320311  0.00029886413516934
  0.00032327015653120  0.00034864589725906  0.00037535040833538  0.00040593484709579
  0.00043908554560455  0.00047755627017322  0.00052345589410388  0.00057673738464818
  0.00063634975364548  0.00070152646875204  0.00077362263769002  0.00085358559632074
  0.00093769368470864  0.00103162747974011  0.00114138149941621  0.00128938433617416
  0.00142092603011205  0.00154802783921182  0.00167774115226165  0.00182245715645287
  0.00202034521123209  0.00227876389302658  0.00247366907958434  0.00269013934361879
  0.00296864322369482  0.00340084226259092  0.00397347226084744  0.00478282990196480
  0.00587128978389517  0.00757353871073695  0.15356811400628415  1.00000000000000000
 -0.00228777560068246  0.00942082440680578  0.01915801699795230  0.02973592099317708
  0.03998117812359805  0.04941375289204861  0.05881379271949438  0.06840853427192878
  0.07847983305437917  0.08897569080431489  0.10014834169299827  0.11190593294983800
  0.12369429266404700  0.13514112141141713  0.14627085065944134  0.15710873205713533
  0.16796766304123753  0.17870728338196123  0.18947744870635194  0.20010711754097435
  0.21058348844131822  0.22119500553865476  0.23197976424973907  0.24296352587542280
  0.25400839637768174  0.26470033717044289  0.27508734979681509  0.28556636051612078
  0.29620232415600584  0.30683178790600479  0.31726146507733621  0.32771483886721592
  0.33817518585407097  0.34806808911577647  0.35753299509346947  0.36695928707092301
  0.37698946826122193  0.38772937352900766  0.39814167142105761  0.40821986662053672
  0.41832264104154915  0.42873426658527869  0.43912988565682159  0.44934199938873165
  0.45968771071188669  0.47057012977779772  0.48179569314801363  0.49265351403831148
  0.50308720589132605  0.51358779122262199  0.52454808868082481  0.53569080660571966
  0.54660786284327045  0.55703739525080209  0.56653228497618879  0.57591792919708529
  0.58558588626919106  0.59609143558575195  0.60714455763284114  0.61784607464292129
  0.62853244602283143  0.63947589502138424  0.65087038977023159  0.66220278198285887
  0.67273767024502706  0.68231617700026126  0.69145982797227579  0.70054431270138451
  0.71016842843436501  0.72051362550075027  0.73107718399972688  0.74192765533614702
  0.75255573662457931  0.76278203699223368  0.77265410209896590  0.78291867730494102
  0.79338070840754704  0.80405576533132528  0.81454901217174835  0.82502733026225838
  0.83535196157729885  0.84580061101277415  0.85654255498371534  0.86735701441448232
  0.87825525251610048  0.88918308739765095  0.90019290926142170  0.91174125458604438
  0.92321168714254787  0.93469753754692309  0.94569658289008940  0.95642860910419181
  0.96725511390910568  0.97817726785982950  0.98896455486470791  1.00000000000000000
 -0.00012196451754666  0.00046700223755917  0.00085865058676486  0.00116346584625819
  0.00145050952209890  0.00174162083931173  0.00203384433802428  0.00232475698819461
  0.00261719532083644  0.00289770448241031  0.00315778925048113  0.00340990709449868
  0.00366772586811073  0.00393500824293033  0.00421820679372782  0.00451061270226503
  0.00479790007553122  0.00508691666203348  0.00538962135292920  0.00568724862812799
  0.00598248764185395  0.00626282448503610  0.00654409754931885  0.00683674046307043
  0.00712978646983495  0.00742988992082632  0.00777056473364809  0.00809931186172015
  0.00842703206232598  0.00876338827050839  0.00910567798774293  0.00941821496669804
  0.00969896609022119  0.00999125428717661  0.01029669333189150  0.01060827653461870
  0.01093781519923028  0.01129645570608316  0.01166236267007070  0.01204796602639295
  0.01238475418885675  0.01266025050980949  0.01291832861482297  0.01317187072637768
  0.01341907526197690  0.01364967820802125  0.01387899497816875  0.01421680545943275
  0.01468547439395247  0.01519007803675736  0.01571029414459000  0.01624389436155931
  0.01667626411154630  0.01708094677982422  0.01743071517518143  0.01777857726114014
  0.01814007224828460  0.01853955965836400  0.01893477183097714  0.01934328587181846
  0.01979919956830510  0.02030129526510752  0.02082142531947698  0.02135729307449022
  0.02199152791306520  0.02275054048180044  0.02350664856919447  0.02414778338040996
  0.02461178290048153  0.02514102795935280  0.02564051612019833  0.02617239691367385
  0.02682265111700613  0.02793612378010501  0.02911310669879188  0.03012494829372367
  0.03102854780655783  0.03185071764555952  0.03269973330938292  0.03372750068226454
  0.03518037445623469  0.03717657062853907  0.03876760074722858  0.03988255071712497
  0.04113904983028384  0.04386704726491263  0.05010172251395462  0.05809840196372536
  0.06388331104772541  0.06876773374898031  0.07396911770583650  0.08084108766696556
  0.08822824128709759  0.12096973066348207  0.78098968410121861  1.00000000000000000
 -0.00206186461311887  0.00846482903026481  0.01820825898940988  0.02746580672659040
  0.03703993119144869  0.04691473004388154  0.05740537404232209  0.06811558200041579
  0.07837600461259255  0.08797641671125073  0.09788419481477084  0.10741583407353834
  0.11662521833221276  0.12623879290843149  0.13649071810271046  0.14742509194525721
  0.15824071348816615  0.16897361754374812  0.18013572984267406  0.19142324501946911
  0.20245805350688559  0.21346521301657523  0.22484820863683674  0.23663057018958777
  0.24839525627497921  0.25962445995802580  0.27029261531787374  0.28071709879320300
  0.29113590186733623  0.30176743348921181  0.31235446343262635  0.32266611323690003
  0.33282728477589518  0.34309287726969068  0.35354039711806834  0.36410661284865714
  0.37477400521344090  0.38559828743966806  0.39609233485398099  0.40598582655257620
  0.41566779410325544  0.42545779297275976  0.43558423468447194  0.44578462999215296
  0.45622531546995998  0.46702842099090097  0.47756968714989723  0.48775189430079252
  0.49758904041208524  0.50734881511368901  0.51689502327192449  0.52598371921783571
  0.53494686795626367  0.54398506777449784  0.55324432927433198  0.56282545329419253
  0.57277478534073289  0.58296978172408054  0.59331151839476348  0.60356061892987933
  0.61416035680741643  0.62510962148056570  0.63633066828677831  0.64743792915933429
  0.65831783474985739  0.66923828147585296  0.68034089248056129  0.69134333623207234
  0.70212671556147999  0.71315345958352927  0.72411184611195478  0.73509488543993862
  0.74621234176797469  0.75781764190150802  0.77007922946256468  0.78215095796882328
  0.79385940222538343  0.80483114459379634  0.81579182947602857  0.82613353145123603
  0.83606288795374573  0.84615648107127261  0.85643780085333732  0.86745477941018601
  0.87771631632706171  0.88828285506525284  0.89903489277957582  0.91034583868601726
  0.92185858582934654  0.93337136466188253  0.94493295310855663  0.95630479434899418
  0.96680862755199148  0.97779954050677287  0.98838793536911873  1.00000000000000000
 -0.00005155324920720  0.00011418040817163  0.00032797292685112  0.00056504633811130
  0.00079328066544420  0.00098754942010641  0.00117234070593385  0.00136075877079633
  0.00157036506855133  0.00178213723035024  0.00198819788465416  0.00219527774137558
  0.00240197784634269  0.00259944568000125  0.00278645240835293  0.00297765107371980
  0.00316656739360670  0.00335693015929474  0.00355082102337090  0.00377425974500132
  0.00399094202900009  0.00420607702006395  0.00441256556724338  0.00461154223439592
  0.00480807046517184  0.00499740965167820  0.00519298418754194  0.00540931163869819
  0.00563153707520889  0.00585241043541306  0.00607899700746481  0.00630568079359735
  0.00654476480239026  0.00678154873457399  0.00702320908041404  0.00728634898749011
  0.00756833862141212  0.00785284601259118  0.00816613784274834  0.00849229601719873
  0.00878901010231178  0.00905581751012567  0.00927766971227758  0.00951628928806564
  0.00978100745493039  0.01007815960977462  0.01034355779416475  0.01058487885277492
  0.01082567259130318  0.01108711036335284  0.01138880145315547  0.01169260307349692
  0.01198977306580152  0.01216442612664719  0.01232756261567594  0.01250153627790274
  0.01267706507575247  0.01286233951908121  0.01304846624965625  0.01342856025929150
  0.01384971311979177  0.01432861471107644  0.01471389761302585  0.01502676186562239
  0.01532874819225651  0.01560083425654370  0.01585291908341561  0.01622565455705264
  0.01650791645755792  0.01674818605057117  0.01698989080718308  0.01734237893883783
  0.01783447296458602  0.01841451626015292  0.01895169990894982  0.01950779615403558
  0.02002202223568285  0.02084080821992390  0.02178113859137408  0.02255333808904382
  0.02309623756317741  0.02356687736734058  0.02405432975694692  0.02444470018751143
  0.02495701212507562  0.02565513379467372  0.02646488856899567  0.02766463632791492
  0.02871979440364092  0.03006278437832677  0.03323780526588913  0.03450799973761891
  0.03583298299644736  0.03815800379188806  0.49880305530524160  1.00000000000000000
 -0.00154101519632325  0.00569814949573941  0.01362287660875014  0.02126062497873862
  0.02969467140557417  0.03807585493953888  0.04665006894049285  0.05537696600868500
  0.06432922488945049  0.07312911404503067  0.08196622082246158  0.09062538621127324
  0.09946517531430404  0.10853741265319646  0.11806276644779022  0.12772362020269046
  0.13762344056952475  0.14762713181211332  0.15759754270285603  0.16778742821273812
  0.17863531165581525  0.18978973755276093  0.20095254231603213  0.21225329940229318
  0.22375589743034444  0.23515411898637378  0.24614522159615909  0.25672088477998672
  0.26730439941846218  0.27804307097788966  0.28948839901594009  0.30162456423209782
  0.31415756726853794  0.32668977513649733  0.33884676800355334  0.35070047778826596
  0.36246369937176270  0.37457695592763052  0.38706230142676074  0.39973743930584765
  0.41253808694745742  0.42550516711131625  0.43824010495625748  0.45009211534731697
  0.46158985379725348  0.47355417101622632  0.48646386686296639  0.49994669972580202
  0.51364837572142930  0.52705370058173617  0.53962768315052190  0.55172093864587057
  0.56365143386816807  0.57548922139109149  0.58749265356171143  0.59951162565336702
  0.61172787678211382  0.62392688919212191  0.63604156401157308  0.64816932704636887
  0.66033944834109992  0.67278061983023418  0.68458962744123997  0.69593312868615320
  0.70739266667092626  0.71911945834718705  0.73080124746149311  0.74207117221197660
  0.75337553659007650  0.76490229242498253  0.77596640574379083  0.78643853299618749
  0.79641035396639259  0.80627830580267434  0.81650811801760370  0.82654431425859309
  0.83636499801925368  0.84602951683373528  0.85581315022230986  0.86549158513932123
  0.87466234394783138  0.88291277829346115  0.89087285896086654  0.89900743977062902
  0.90792685274298235  0.91623825665003300  0.92435301404010362  0.93202923281796901
  0.93998947921318410  0.94812903808829219  0.95622549210430030  0.96477712405802907
  0.97372317986036661  0.98279910930497705  0.99151132661771879  1.00000000000000000
  0.03756672134277827  0.06255803500978604  0.08067165342905540  0.09652633763391455
  0.11086295583527786  0.12520379604729920  0.13966603377638809  0.15469942563272260
  0.16970076826900826  0.18522152253879268  0.20059773169931464  0.21466587718452590
  0.22817648051597569  0.24117991655634813  0.25426043392201941  0.26744125212402953
  0.28066069839327235  0.29406470435091975  0.30763754155536632  0.32102837326013395
  0.33388846479633916  0.34622234275689417  0.35831894947695930  0.37057531822886369
  0.38262305649080658  0.39485423518027324  0.40698094664077433  0.41895821186479026
  0.43082589960666867  0.44249361672433302  0.45389233824863523  0.46494824786701328
  0.47586864480374119  0.48682500361541614  0.49784056270184984  0.50875846843248462
  0.51950213033238746  0.52998951123559546  0.54042188493861443  0.55064891001224103
  0.56078544174480394  0.57072084710306181  0.58049061728932505  0.58989347956753313
  0.59892633858488065  0.60768429578291949  0.61632715738727617  0.62499403833347578
  0.63362266652542631  0.64223854424599414  0.65074494940783700  0.65909526731998824
  0.66742434076742185  0.67576301538609984  0.68406503639871274  0.69222848330297859
  0.70031870788165551  0.70841600457530662  0.71672318663502455  0.72501655305491408
  0.73313614419573425  0.74113237661331066  0.74902360503007470  0.75683522445901830
  0.76469636037681288  0.77266686404537610  0.78062379382881486  0.78851355871858575
  0.79639518165188150  0.80430570506069832  0.81228239623420884  0.82018959179114115
  0.82805089596311554  0.83589124951584592  0.84356503567998797  0.85109728567264020
  0.85855332004239793  0.86605708743346610  0.87368796794179959  0.88132599048111282
  0.88888544985646434  0.89639571911514704  0.90369403158274075  0.91087452903065402
  0.91788167263191911  0.92467674288273538  0.93142066428801651  0.93794035938452047
  0.94409345817636703  0.95022555445795243  0.95678545800394776  0.96411015563112212
  0.97144528932643359  0.97911563657118650  0.98837708294674409  1.00000000000000000
 -0.02530106010877203  0.11980284455886336  0.15654006412376964  0.17840513895135102
  0.19523392488479421  0.20939885254184565  0.22229211604158639  0.23377494239505028
  0.24418501208641177  0.25398367782609910  0.26318153986511866  0.27227524844405815
  0.28124640892093744  0.28983172991668943  0.29812151657132080  0.30615370322276086
  0.31375194954131425  0.32095573136958605  0.32837759335446776  0.33585993366278893
  0.34341470936140156  0.35069818541873404  0.35757191812768740  0.36389958100435871
  0.37013083757897886  0.37637745207618950  0.38259987996500422  0.38889972511764709
  0.39496136418852046  0.40051212281138998  0.40588069915927638  0.41118747689078183
  0.41659945014847144  0.42230111713489432  0.42795612878920192  0.43340835915339576
  0.43875670559694102  0.44401985685778700  0.44924045158002129  0.45455706107456972
  0.46004247651168478  0.46557716771300089  0.47109058251888458  0.47662024233066985
  0.48201791463263388  0.48756676631881529  0.49335367997959212  0.49897434755547393
  0.50445143269334236  0.50962856953456759  0.51481598529697048  0.52006945926432613
  0.52556837549761737  0.53102134660482503  0.53636037764147548  0.54154685277535786
  0.54669790477621338  0.55182752037264859  0.55703942571114251  0.56252833088635790
  0.56827433152807749  0.57397721478365216  0.57941437710633559  0.58453597915936562
  0.58956450512760450  0.59488282845042484  0.60042640590140428  0.60634167764137026
  0.61257646684473988  0.61857743213881500  0.62446767469687992  0.63035739607710550
  0.63637389287950685  0.64256071440135432  0.64897106857026676  0.65567141842473031
  0.66225308394622018  0.66909678127578553  0.67597202115077015  0.68312530826862772
  0.69061492789253731  0.69866900397327825  0.70716450768595795  0.71570061853224376
  0.72464085517011056  0.73395632929062660  0.74393072939194482  0.75422308601452137
  0.76508915491196006  0.77676492491022064  0.78941555542280739  0.80376108291335913
  0.82087963042510781  0.84290499476603264  0.87800617575187789  1.00000000000000000
  0.15875810426650483       -1.0000000000000000     
 F F F F F F F F F F F F F F F F F F F F F F F F F F F F F F F F F F F F F F F F F F F F F F F F F F F F F F F F F F F F F F F F F F F F F F F F F F F F F F F F F F F F F F F F F F F F F F F F F F F F F F F F F F F F F F F F F F F F F F F F F F F F F F F F
  <DiscreteSampler_grid>
  grouped_processes
  1 # 1 for a reference and 2 for a running grid.
  10 # Attribute 'min_bin_probing_points' of the grid.
  1 # Attribute 'grid_mode' of the grid. 1=='default',2=='initialization'
  0.0000000000000000 # Attribute 'small_contrib_threshold' of the grid.
  0.5000000000000000 # Attribute 'damping_power' of the grid.
 # binID   n_entries weight   weight_sqr   abs_weight
    10   10   3.749516427612301E+005   9.776533464523157E+011   3.749516427612301E+005
    16   10   3.749516427612301E+005   9.776533464523151E+011   3.749516427612301E+005
    22   10   3.749516427612302E+005   9.776533464523160E+011   3.749516427612302E+005
    28   10   3.749516427612301E+005   9.776533464523151E+011   3.749516427612301E+005
    34   10   3.749516427612302E+005   9.776533464523160E+011   3.749516427612302E+005
    40   10   3.749516427612302E+005   9.776533464523160E+011   3.749516427612302E+005
    46   10   3.749516427612301E+005   9.776533464523151E+011   3.749516427612301E+005
    52   10   3.749516427612301E+005   9.776533464523151E+011   3.749516427612301E+005
    58   10   3.749516427612302E+005   9.776533464523160E+011   3.749516427612302E+005
    64   10   3.749516427612301E+005   9.776533464523151E+011   3.749516427612301E+005
    70   10   3.749516427612302E+005   9.776533464523160E+011   3.749516427612302E+005
    76   10   3.749516427612301E+005   9.776533464523157E+011   3.749516427612301E+005
    82   10   3.749516427612299E+005   9.776533464523142E+011   3.749516427612299E+005
    88   10   3.749516427612302E+005   9.776533464523160E+011   3.749516427612302E+005
    94   10   3.749516427612301E+005   9.776533464523151E+011   3.749516427612301E+005
    100   10   3.749516427612302E+005   9.776533464523160E+011   3.749516427612302E+005
    106   10   3.749516427612301E+005   9.776533464523151E+011   3.749516427612301E+005
    112   10   3.749516427612301E+005   9.776533464523151E+011   3.749516427612301E+005
    118   10   3.749516427612301E+005   9.776533464523148E+011   3.749516427612301E+005
    124   10   3.749516427612301E+005   9.776533464523157E+011   3.749516427612301E+005
    130   10   3.749516427612301E+005   9.776533464523151E+011   3.749516427612301E+005
    136   10   3.749516427612301E+005   9.776533464523151E+011   3.749516427612301E+005
    142   10   3.749516427612299E+005   9.776533464523142E+011   3.749516427612299E+005
    148   10   3.749516427612301E+005   9.776533464523151E+011   3.749516427612301E+005
  </DiscreteSampler_grid>
