  0.00000044302731964  0.00000047222542004  0.00000051659372419  0.00000055150568809
  0.00000059195446131  0.00000063687538690  0.00000068571398170  0.00000073699317071
  0.00000078671234978  0.00000083675707124  0.00000088811680286  0.00000094169461050
  0.00000099470761783  0.00000104939550102  0.00000111022124629  0.00000117989152873
  0.00000124516806349  0.00000131449869229  0.00000138662925079  0.00000145497812837
  0.00000153369183296  0.00000162253674001  0.00000171875041470  0.00000182890244435
  0.00000195764729789  0.00000208416698075  0.00000223297097542  0.00000238302156123
  0.00000252111499911  0.00000265255294566  0.00000277819717760  0.00000290470707721
  0.00000304031936901  0.00000320311528065  0.00000338993975519  0.00000359316494778
  0.00000377986254680  0.00000398013484954  0.00000421850950762  0.00000451088399989
  0.00000484706528631  0.00000523610440783  0.00000560389245420  0.00000592678768592
  0.00000621489169299  0.00000652239293108  0.00000681139844851  0.00000712859568614
  0.00000748558902242  0.00000787825283038  0.00000830113142202  0.00000872379484690
  0.00000914150331736  0.00000969506970166  0.00001064049948846  0.00001181185560831
  0.00001309839689043  0.00001448147893658  0.00001604693587771  0.00001785900963684
  0.00001984682410984  0.00002195199597152  0.00002421447182471  0.00002684131619187
  0.00002939069061732  0.00003180421255232  0.00003409098553849  0.00003658293225932
  0.00003929734200683  0.00004219538844121  0.00004529526310820  0.00004888792565479
  0.00005341374192007  0.00005939240942915  0.00006685479641181  0.00007456265942192
  0.00008371040409522  0.00009338013773317  0.00010402776061247  0.00011681713805025
  0.00013294802067811  0.00015280019474416  0.00017644513413630  0.00020568769430900
  0.00024162157037106  0.00027873754618740  0.00035207477113626  0.00045799279481170
  0.00057159105199644  0.00071031002875989  0.00089339707504132  0.00121935084141506
  0.00190432354710539  0.00350094222637884  0.08814985696831043  1.00000000000000000
  0.00000505096974139  0.00000549681140198  0.00000597649545555  0.00000653372599689
  0.00000714397057043  0.00000785701783217  0.00000874983711877  0.00000976687932824
  0.00001070434990452  0.00001134318093777  0.00001179484016411  0.00001235460279034
  0.00001299781027038  0.00001361102637991  0.00001423531256089  0.00001492231744314
  0.00001563858455513  0.00001638517148477  0.00001747363601834  0.00001878547328592
  0.00002003857660893  0.00002116085668527  0.00002217117024711  0.00002315141486194
  0.00002418184096022  0.00002532587272624  0.00002666391849259  0.00002826705131191
  0.00002989479574396  0.00003154745473926  0.00003334861894065  0.00003544869614111
  0.00003774421673927  0.00004006990560532  0.00004244752985962  0.00004485988359435
  0.00004742662304221  0.00005015989227950  0.00005309233577060  0.00005630643367585
  0.00005944076939982  0.00006245391254451  0.00006502230774196  0.00006725959387089
  0.00006983163923743  0.00007245594238464  0.00007499032623460  0.00007753640193971
  0.00008005681447267  0.00008494100019953  0.00009004458087209  0.00009497760768454
  0.00009973770585293  0.00010447088363154  0.00010922255216161  0.00011390826604385
  0.00011872102950825  0.00012366168240198  0.00012920022893152  0.00013510624460896
  0.00014133403184673  0.00014817365391131  0.00015512531857212  0.00016114350751046
  0.00016739089405693  0.00017488139681889  0.00018243267623185  0.00019179107934966
  0.00020254727721755  0.00021389165916918  0.00022634919690404  0.00023965194960783
  0.00025290073591188  0.00026728026668507  0.00028372952284696  0.00030239384049164
  0.00032300516746843  0.00034379844648369  0.00036347302550105  0.00038311905221841
  0.00040400992101020  0.00042692254135581  0.00045461135217952  0.00048532628945149
  0.00052224028823610  0.00057707089240741  0.00064054459960925  0.00071427535754733
  0.00081728609433064  0.00101458695318668  0.00127719033534105  0.00165350204426952
  0.00273114235273257  0.00458749675926282  0.40728790096828948  1.00000000000000000
 -0.00000428112671977  0.00018155480759047  0.00080012555079079  0.00239005051874069
  0.00477520017090589  0.00816288602178884  0.01120312346865686  0.01477783708669283
  0.01990602417767616  0.02580132944393853  0.03190983589008302  0.03858484287603824
  0.04522296095033819  0.05097036145006150  0.05691122242612094  0.06364767170884650
  0.07246679629293973  0.08169314829924637  0.09109644706863899  0.10041867220756992
  0.10998853407424213  0.12043438842939469  0.13075871337366116  0.14031741505424219
  0.14983052456262078  0.15955159121198051  0.16981508240669835  0.18083519569650233
  0.19149781107207473  0.20157533374309680  0.21175165941511778  0.22233645630433527
  0.23455679748869168  0.24839672230532153  0.26104947031967718  0.27186447972128003
  0.28310100602433291  0.29452003472106797  0.30575737899486388  0.31781078722863171
  0.32909794567763601  0.33871591836670889  0.34711345992896264  0.35543651802944698
  0.36419288230441804  0.37448336467278082  0.38371974396826997  0.39358441169343922
  0.40335288351376747  0.41277630905171864  0.42229690635264006  0.43140050877798952
  0.44078070086699978  0.45025349152908090  0.45956048928114202  0.46894371763258469
  0.47814895834138998  0.48680517749070246  0.49589188224802561  0.50608924693105894
  0.51700732198708366  0.52860065421892022  0.53945116790764780  0.54954708910950056
  0.55922747167117892  0.56881789938473348  0.57906398525071523  0.58925675349051654
  0.59976434357440733  0.61031436789875837  0.62107861307711998  0.63229548322291240
  0.64357957124894238  0.65496669199744806  0.66803341306546216  0.68168769410530738
  0.69553923979417809  0.70946576952682117  0.72339774757362518  0.73876282665865833
  0.75497070398503485  0.77220925476510249  0.79038480638417530  0.80830657296123054
  0.82663880938451295  0.84462401183501423  0.86085463917286331  0.87800740136970012
  0.89384627051458931  0.90937110284360556  0.92492086457875300  0.94051342946923655
  0.95639367726226121  0.97144748817065729  0.98585552972784274  1.00000000000000000
 -0.00334818914542875  0.01320136897004261  0.02639416876298985  0.03888592474804817
  0.05137316113726348  0.06407623712892078  0.07704692837838156  0.09027440585250490
  0.10341898754464651  0.11341887234371049  0.12307088774681191  0.13220402575473664
  0.14136746976788564  0.15087621379634505  0.16064568851374364  0.17234063866806199
  0.18580652815731238  0.19794396635698949  0.20989069801544041  0.22174313162984716
  0.23357862717144565  0.24515658026323364  0.25764508686064419  0.27122170221195657
  0.28393469204272653  0.29601526287309970  0.30781530876401464  0.31915034936548242
  0.32963365008508078  0.34102310468316294  0.35220240673257069  0.36251557085801334
  0.37179207685415916  0.38146840224278578  0.39051398561515271  0.39950917043226469
  0.40933730064564627  0.41910532151483465  0.43015296036479378  0.44117671813633330
  0.45078016761051909  0.46003402760680379  0.46961107991279472  0.47977823316888007
  0.49304959675694932  0.50717325754494291  0.51806976310728836  0.52842299342257615
  0.53874595457813357  0.55015447409975526  0.56304413281375809  0.57703356841635700
  0.58884818886409906  0.59839111350242247  0.60640855066231203  0.61450446857607466
  0.62181466681986541  0.62889164879630877  0.63653458450736122  0.64505356759536192
  0.65202016028331455  0.65857752141064019  0.66563626184802493  0.67329667053847875
  0.68043041699529139  0.68735313024265376  0.69399549631280810  0.70061780331449497
  0.70901541074153673  0.72066344292435802  0.73297819828516275  0.74268958858560230
  0.75250614130729521  0.76120515585602566  0.76980365685878305  0.77901461616047485
  0.78953576830406014  0.80070181094430382  0.81211624047218522  0.82291488004009017
  0.83446199112624730  0.84578587658560977  0.85758928030424997  0.86970088199023521
  0.88077425886847649  0.89120065007162641  0.90161935294757156  0.91177405973186476
  0.92179633045528375  0.93200649424160198  0.94113779578180867  0.95372120823081474
  0.96559164236166184  0.97700831328527882  0.98912618699228938  1.00000000000000000
 -0.00291677489140319  0.01643710786726203  0.03152463670442018  0.04698391862686568
  0.06078719486764445  0.07740701287915601  0.09259085857684170  0.10610729531027249
  0.11876491283554776  0.13118482146891469  0.14360483899938800  0.15581961500684136
  0.16785773713376051  0.17948583632640044  0.19142061478534322  0.20392007682946606
  0.21360200526802012  0.22063456194232969  0.22768822702325722  0.23532324398532195
  0.24249992842723822  0.24905472471356260  0.25566546304054871  0.26288604791190578
  0.27088456949776096  0.27842095423576274  0.28570029976905209  0.29325085383385691
  0.30081331473094924  0.30860938997074849  0.31607005945937428  0.32378466218141994
  0.33204243531989280  0.34223659152209374  0.35327004831324332  0.36279879046240315
  0.37236082286801575  0.38228304764058507  0.39219339006981008  0.40090151523364892
  0.40945548109076491  0.41879724268774782  0.42940779314751626  0.43885299798880339
  0.44750324479050863  0.45649704860950852  0.46659844149390473  0.47832903357705198
  0.48976417444453613  0.50131975498925407  0.51298604274330717  0.52391604469068187
  0.53437164371991974  0.54462668512994628  0.55460870181034994  0.56454408101406306
  0.57461315416145187  0.58477654642768251  0.59746914928679817  0.61017996240807970
  0.62351138719243993  0.63313510328129685  0.64201444717995815  0.65070962345536054
  0.65946645245093483  0.66788408957724521  0.67547089684320494  0.68294860537097357
  0.69029204358846108  0.69753595156696269  0.70362210794368996  0.71089634861456652
  0.71938006510468344  0.73072377700663171  0.74362189545097368  0.75676151823279147
  0.77010000733043704  0.78405861820367972  0.79889323024157111  0.81444881584601336
  0.83022868205015621  0.84467521414108215  0.85638893594744547  0.86751784646031005
  0.87818712704662327  0.89027337031067078  0.90324169913256203  0.91874738022614211
  0.93355651391229788  0.94110434385887842  0.94839502251915020  0.95611369503678056
  0.96408326838416125  0.97704927653834139  0.98843268868723244  1.00000000000000000
 -0.00289366147315963  0.01064454468818917  0.02269690855398528  0.03475040416261653
  0.04730173881052963  0.05934361073779373  0.06884137341515831  0.07673624154766920
  0.08486944284634088  0.09330166575705527  0.10179171786953042  0.10998790730871585
  0.11772773437518082  0.12609061098308214  0.13679539140689734  0.14851916471448498
  0.15893565296556797  0.16854899398986123  0.17811027870967971  0.18926564065232665
  0.20131145419602708  0.21181458639935782  0.22316366070924445  0.23202695873290063
  0.24093523183058119  0.25108764845753129  0.26140392468142076  0.27368184175886373
  0.28485041102052827  0.29606735349565816  0.30642995874365347  0.31843194595000368
  0.33074030001523491  0.34172643220714599  0.35159057722655424  0.35985506343394458
  0.36832214613319708  0.37686485998707081  0.38737992574534458  0.39935385145439289
  0.41255302360544222  0.42661908033947793  0.44176717076454303  0.45634719004215735
  0.46860330898728947  0.47836637355661021  0.48776167436590168  0.49746362904118469
  0.50801580416725467  0.51983396540763360  0.53254672371773137  0.54632966722628273
  0.55937045024668508  0.57118736470482634  0.58258241227730823  0.59417467084282549
  0.60647883689785131  0.61824783789901927  0.63003008879793465  0.64071425653500436
  0.65127124400767755  0.66084156890414647  0.66868497122385828  0.67516889173972627
  0.68128246675152282  0.68896914739284942  0.69877800478509811  0.70881279144697729
  0.71826288704228736  0.72715430407355119  0.73743855425601790  0.74662653697351145
  0.75540081475051879  0.76286324579340892  0.77006933804849165  0.77791597678318514
  0.78642196897656691  0.79618740070184546  0.80794389601839389  0.82037578130356315
  0.83302137417713629  0.84544362347273438  0.85826866928826573  0.87002801223066439
  0.88297275254792729  0.89522702090528994  0.90725398750977704  0.91863137033350739
  0.92681331446362092  0.93487238258928651  0.94321092087153935  0.95239712652909481
  0.96233898787476524  0.97158614348163197  0.98174932051570729  1.00000000000000000
 -0.00325050214448837  0.00855982678352113  0.01853996161025115  0.02566678057787642
  0.03339101918374739  0.04127297555712277  0.04818520021064941  0.05365763807483207
  0.05818872599567439  0.06274937101130400  0.06751062974780367  0.07266814108205910
  0.07791416434781373  0.08386723254353755  0.08948900568701473  0.09529534183381683
  0.10099953502052331  0.10614743208452483  0.11142861213604685  0.11660430943027936
  0.12218533983730130  0.12871221488940784  0.13595738575064331  0.14407405172858215
  0.15349887240501042  0.16379485963816759  0.17373117882112254  0.18374606413752362
  0.19514180040599985  0.20704063405290044  0.21911742308114376  0.23195814245196800
  0.24630052261370905  0.25970193217717252  0.27384119545661123  0.28827168273690340
  0.30446306746671714  0.32340535091419254  0.34610443281898284  0.37202589208821180
  0.40125621973629144  0.42449736204555810  0.44848327371796959  0.47731238591037811
  0.50957910016328223  0.54095351777007616  0.57104172703681022  0.59853557753215980
  0.62114437319003435  0.64159812315316211  0.66047482728858009  0.67814739163227966
  0.69405246785775088  0.70773583574404342  0.72041424447524816  0.73313831140733332
  0.74526419982068015  0.75794350653961928  0.77044273749512393  0.78196328256658287
  0.79353309941511585  0.80519705120251417  0.81568864956607368  0.82529588538060084
  0.83480389458945148  0.84486389457948896  0.85500557492897822  0.86494368395888854
  0.87410477894969052  0.88224324681506749  0.88971280548799458  0.89682481283121285
  0.90356442030091366  0.91058540670520705  0.91704206541968591  0.92268182942595200
  0.92810694050849907  0.93327304579749881  0.93743997205100216  0.94017659434131051
  0.94321081383267646  0.94660947405511020  0.95058625260980378  0.95485060375823139
  0.95910681391581631  0.96301455393250279  0.96686687180624309  0.97101222756973216
  0.97512530999725400  0.97884246725685597  0.98219773379258368  0.98503228052432579
  0.98765807182513221  0.99047638150033601  0.99414896173982670  1.00000000000000000
 -0.00247392919604777  0.01011422311184195  0.02118470428388177  0.03230859288321092
  0.04278166621665652  0.05353430110414725  0.06384253216093759  0.07489020246900249
  0.08665093637118149  0.09871339969005620  0.11073831045821508  0.12269382564856177
  0.13517747972669347  0.14867969487415875  0.16257791580178074  0.17551651890809869
  0.18602588390563357  0.19257823720826647  0.19986798007680998  0.20707713827344740
  0.21456869758099628  0.22176416498736273  0.23000196880404916  0.23730857744090653
  0.24402116913590866  0.24983711797494285  0.25747566237169139  0.26617016488519019
  0.27620890490597078  0.28724062237913534  0.29894977290955421  0.31259999555974938
  0.32669881556352753  0.34109305717543265  0.35423143376075589  0.36731223950436542
  0.38087212900014444  0.39518492287044960  0.40783736585330527  0.41787354530526533
  0.42726754857160482  0.43685929830969450  0.44761303309560291  0.45980686615635791
  0.46974290065516699  0.47928582616721005  0.48941975489773154  0.49972206206524244
  0.51255716394173734  0.52571916023829057  0.53737753231132956  0.54711104700711344
  0.55524247732991372  0.56434411975587406  0.57319469972513704  0.58161336382586970
  0.59055865196807944  0.60005567756131672  0.61146736361147902  0.62353844059001384
  0.63604259187292600  0.64965098164748347  0.66429853655940674  0.67656865645145958
  0.68750739668257976  0.69745747154233007  0.70637896039150705  0.71526169346461455
  0.72431489327044329  0.73686724739316978  0.75036464599067043  0.76280636985717842
  0.77527090152046108  0.78834919268435566  0.79975932520274673  0.81055983404672860
  0.81934059858953467  0.82841663992835191  0.83724080116402333  0.84574082637190573
  0.85257170481344602  0.85929095956584289  0.86563809394099311  0.87206902036471790
  0.87920040034653735  0.89009372825633215  0.90248097146902340  0.91357816680248538
  0.92528007036236015  0.93791677452767164  0.95198793816502880  0.96261953683577184
  0.97138391564160198  0.97985697651114179  0.98949757301311148  1.00000000000000000
  0.10506787789954647  0.32201218747215099  0.33863606640501581  0.35661970718291486
  0.37348589693833584  0.38983847955677603  0.41828635019363714  0.44119015992025218
  0.46182211590862332  0.48031471766561290  0.49979688785929594  0.52054495996037831
  0.53941184653969787  0.55443239935232935  0.56416852625380143  0.57257833977642802
  0.58258160325988884  0.59113931223489680  0.59911715133399956  0.60654292372454521
  0.61435450737118114  0.62187246684323882  0.63219161633355225  0.64177679581252733
  0.65193664408803231  0.66120965393903453  0.67073743930110341  0.68296435255187549
  0.69353203660204632  0.70424533567080938  0.71258095587355497  0.72005319471879947
  0.72708736087198744  0.73311650115934102  0.73836469819974093  0.74371557582788628
  0.74960603067530707  0.75547626810815183  0.76139180383427130  0.76681847708904349
  0.77212307507917810  0.77781356692518167  0.78355174528263449  0.78916605173342125
  0.79424586581307888  0.79901286908847302  0.80364090995417403  0.80824039225236166
  0.81289974985101376  0.81730426094431885  0.82157819162044832  0.82581627375063793
  0.82998166878337343  0.83397046387370100  0.83775053538130995  0.84135536805834643
  0.84486715375983090  0.84840402394917569  0.85176508927416839  0.85538013725137985
  0.85933214398606039  0.86330369550102692  0.86732165234190362  0.87134787888582543
  0.87521385892131787  0.87881713242963044  0.88239194231358908  0.88580613486249338
  0.88934087225053926  0.89293515603700024  0.89657684036887353  0.90015447447127483
  0.90377736214432325  0.90745571932689373  0.91104891665513266  0.91441236786590441
  0.91781493681803095  0.92120120404860628  0.92438610520036313  0.92739591969502877
  0.93037367834783313  0.93345591978365328  0.93660534098965298  0.93988277814402033
  0.94364296041570295  0.94728484987600292  0.95076973231535389  0.95379342657935562
  0.95753506131536292  0.96155562554782559  0.96600565775355285  0.97064253854612725
  0.97587299792410021  0.98208019067385843  0.99034302557769449  1.00000000000000000
 -0.01569157155937190  0.10214607804012153  0.13999710145379479  0.16808719920038229
  0.18889053198589931  0.20576216914749379  0.22027707359866633  0.23464790913535133
  0.24585638122177009  0.25604257772887279  0.26514530395476799  0.27360649498479866
  0.28061409231401241  0.28702903880738806  0.29379294110521209  0.30126242777856455
  0.30870732293207315  0.31520748435718254  0.32142379299137780  0.32658181115506618
  0.33109522430618832  0.33621049130412684  0.34202650570955689  0.34834398553013751
  0.35473334724129751  0.36080782429825953  0.36675331325660698  0.37241612611889519
  0.37809160832794991  0.38350316148693858  0.38860260658137613  0.39364858688185472
  0.39890336164400408  0.40443145790865859  0.41029244091940642  0.41652658588787328
  0.42273432598259780  0.42851856312858250  0.43353216975815745  0.43779355458241237
  0.44194594289106481  0.44668242348383624  0.45183936869651403  0.45721057292745537
  0.46293654897598063  0.46895706698340478  0.47457253757314360  0.48075019080270731
  0.48782222219083021  0.49450059282640690  0.50099238313843586  0.50633592618712853
  0.51170672882679380  0.51703061233542080  0.52183207509099372  0.52652098965078542
  0.53140379296714557  0.53656975465862833  0.54221690155747770  0.54868848618993460
  0.55621861467744349  0.56343389060576632  0.57228725873302910  0.58051261694936240
  0.58831089058810626  0.59578699244252098  0.60278049317693494  0.60972937703509167
  0.61653924345955347  0.62320427181123195  0.62978668528078563  0.63645894393965685
  0.64297165682870150  0.64936507279296440  0.65600942547928254  0.66277614767433191
  0.66967438325213569  0.67619350363350261  0.68254527739803394  0.68938422585471648
  0.69728472187556456  0.70611842950860004  0.71526372863325594  0.72392261764454668
  0.73352785324213154  0.74472259986691391  0.75627797899562166  0.76838364801644210
  0.78010602544590968  0.79102713347456433  0.80171256690619486  0.81364918409603004
  0.82806018280528559  0.85228523181293969  0.89227001686908869  1.00000000000000000
   2.3674193890470767E-004  -1.0000000000000000     
 F F F F F F F F F F F F F F F F F F F F F F F F F F F F F F F F F F F F F F F F F F F F F F F F F F F F F F F F F F F F F F F F F F F F F F F F F F F F F F F F F F F F F F F F F F F F F F F F F F F F F F F F F F F F F F F F F F F F F F F F F F F F F F F F
  <DiscreteSampler_grid>
  grouped_processes
  1 # 1 for a reference and 2 for a running grid.
  10 # Attribute 'min_bin_probing_points' of the grid.
  1 # Attribute 'grid_mode' of the grid. 1=='default',2=='initialization'
  0.0000000000000000 # Attribute 'small_contrib_threshold' of the grid.
  0.5000000000000000 # Attribute 'damping_power' of the grid.
 # binID   n_entries weight   weight_sqr   abs_weight
    10   10   1.425899384076562E+002   7.258293091033559E+004   1.425899384076562E+002
  </DiscreteSampler_grid>
