  0.00000044386531697  0.00000047667176274  0.00000050593163292  0.00000053167756020
  0.00000055670284970  0.00000058286550941  0.00000060795035814  0.00000063891928907
  0.00000066619671205  0.00000069374300875  0.00000072146054190  0.00000075116202450
  0.00000078431793466  0.00000081957749137  0.00000085507489955  0.00000089205204130
  0.00000093583753332  0.00000098095757621  0.00000102664742090  0.00000107778499149
  0.00000113072284854  0.00000118504826875  0.00000124375857968  0.00000130859376736
  0.00000137860071886  0.00000145062766479  0.00000152374152935  0.00000160293748049
  0.00000168116866658  0.00000176504123337  0.00000185443403916  0.00000194850411381
  0.00000204993274805  0.00000217149481912  0.00000229560678685  0.00000240933862159
  0.00000252235430164  0.00000264312964743  0.00000277658486725  0.00000293048009677
  0.00000313155988435  0.00000333172043093  0.00000354255205847  0.00000372843449594
  0.00000391645991728  0.00000411261225226  0.00000432158977859  0.00000459446932377
  0.00000491208289571  0.00000526354095921  0.00000563940040590  0.00000604202341705
  0.00000646551190726  0.00000692007730769  0.00000740137399053  0.00000792998685042
  0.00000853048146115  0.00000919675030116  0.00000993305492990  0.00001074036263544
  0.00001163519851702  0.00001265633517541  0.00001382714790679  0.00001519134467735
  0.00001668837983295  0.00001832011226105  0.00002007801053599  0.00002204610151866
  0.00002423814880743  0.00002657947850581  0.00002916482753098  0.00003207146039490
  0.00003545674007824  0.00003990373246238  0.00004534100039665  0.00005194628452523
  0.00005962960064340  0.00006782445795346  0.00007711876529152  0.00008837595378421
  0.00010187739135276  0.00011840217893348  0.00013899015199478  0.00016494669127629
  0.00019907035680451  0.00024271046988448  0.00030017344178353  0.00037452475372056
  0.00047652812633527  0.00065267847989614  0.00091951971609593  0.00138715264789419
  0.00217394507548631  0.00355159043710891  0.44808271424645468  1.00000000000000000
  0.00000118093864206  0.00000167248384847  0.00000233233141013  0.00000295824644794
  0.00000349149198084  0.00000401746915679  0.00000455545356074  0.00000508946631968
  0.00000568381986944  0.00000627360505907  0.00000692680595588  0.00000765080697212
  0.00000844631145566  0.00000928410832773  0.00001016855550158  0.00001110312707300
  0.00001213413804105  0.00001317592258777  0.00001417263026908  0.00001520746204885
  0.00001632854508813  0.00001773576884270  0.00001923175699093  0.00002087582879663
  0.00002262548550087  0.00002452980260520  0.00002666021820503  0.00002906800472285
  0.00003167538305842  0.00003437442263046  0.00003715077783330  0.00004015266935238
  0.00004348497013872  0.00004705688576591  0.00005088196361880  0.00005502610433302
  0.00005941116585829  0.00006418899519890  0.00006935870560430  0.00007535832020304
  0.00008184113119137  0.00008873210735816  0.00009596398243473  0.00010389982135697
  0.00011273178124994  0.00012223488694143  0.00013237551321967  0.00014347670275668
  0.00015628165261022  0.00017076805507888  0.00018641103726032  0.00020348307720129
  0.00022209241013041  0.00024287377569705  0.00026704318455988  0.00029286117918743
  0.00032061871577464  0.00035199168972638  0.00038691102022566  0.00042506152133292
  0.00046764817767583  0.00051772183623027  0.00057806762144195  0.00064479708387877
  0.00072858264583457  0.00081726107007627  0.00090793443367453  0.00100618091817090
  0.00111053339959338  0.00122948964294540  0.00135082895927707  0.00149508143466123
  0.00165685953615843  0.00183899354627215  0.00204711244086133  0.00227562795128677
  0.00251992696577663  0.00278294366257730  0.00306506898657812  0.00337124503844653
  0.00369193964925191  0.00403995406072614  0.00448153337601792  0.00507490235849093
  0.00583062005340816  0.00670856246983584  0.00775225058259923  0.00905383309038231
  0.01056955651803229  0.01159806056618616  0.01262656461434003  0.01413960296334160
  0.01570247830697096  0.01832844050588136  0.02126754865470860  1.00000000000000000
  0.00000658216652937  0.00000952529815463  0.00001028433359483  0.00001129653844752
  0.00001236922667342  0.00001334012303314  0.00001440005018430  0.00001545261740956
  0.00001650279774469  0.00001778457707319  0.00001924778280486  0.00002067537172761
  0.00002232550817749  0.00002440666926920  0.00002640389651040  0.00002835884570687
  0.00002966875192680  0.00003089851216287  0.00003221077887368  0.00003357578187131
  0.00003509067488782  0.00003735540314530  0.00004062109525659  0.00004380146035353
  0.00004661560616203  0.00004946938085552  0.00005237171866757  0.00005526881296578
  0.00005896455530710  0.00006258637845040  0.00006614284919521  0.00006995745374712
  0.00007429911857068  0.00007869661117962  0.00008324692231367  0.00008797818415705
  0.00009269869191651  0.00009749463987212  0.00010359264616427  0.00010970153992426
  0.00011611943404106  0.00012265159980026  0.00012927849213675  0.00013597711316988
  0.00014292461107775  0.00015036196201865  0.00015813234921708  0.00016696402439747
  0.00017730133380454  0.00018871365071926  0.00020133487604819  0.00021483546412337
  0.00023124023414151  0.00024951818520297  0.00026960816859559  0.00029035632186370
  0.00031376866406417  0.00034095256036547  0.00037126584047206  0.00040664790594715
  0.00044694786898712  0.00049280611325803  0.00054311192866822  0.00059841414535720
  0.00066070869323808  0.00073027198833320  0.00080800712690087  0.00089369083856392
  0.00098430160044865  0.00107753793817413  0.00117033828836856  0.00126585609544913
  0.00137085830785358  0.00150280813073894  0.00164270809789996  0.00180072206789752
  0.00198917765923117  0.00221842958196131  0.00248801962233087  0.00278190488791632
  0.00309527252829966  0.00349302329667899  0.00393520794263970  0.00431429907865314
  0.00469778609887947  0.00510295944726759  0.00568659042458460  0.00648205446031004
  0.00749268397667107  0.00853340266700800  0.00951111813319319  0.01051295245740332
  0.01302405449774028  0.02529247802485891  0.18930357493623248  1.00000000000000000
 -0.00206427663729653  0.00987133433079774  0.02135568553844647  0.03273591128114763
  0.04345672842610086  0.05385697101920810  0.06421144898004374  0.07550543387580289
  0.08679818177841536  0.09846263008011001  0.10968441339660265  0.12040963708088379
  0.13188335392725245  0.14375323193980985  0.15562264649677782  0.16730486625580956
  0.17898350181508518  0.19030919316629150  0.20108796388147385  0.21166752798397745
  0.22205158309961529  0.23227647361674134  0.24277587737069484  0.25411109189578895
  0.26650249930038733  0.27882905395981594  0.29023565182023880  0.30088714863371513
  0.31139309329622333  0.32141367543154997  0.33102050856822013  0.34103768086976083
  0.35048257204334199  0.35906605755008142  0.36721557821593465  0.37538319403582476
  0.38310686404028022  0.39114986285733228  0.39989224608911406  0.41008822750724311
  0.42209446856974248  0.43402326251885570  0.44533934104837314  0.45668942689685788
  0.46807480955898983  0.47916764422954461  0.48933493829995017  0.49890135837909472
  0.50907924779237235  0.51881957409573032  0.52906004694535169  0.53952452912057258
  0.55072531824358817  0.56175975070313477  0.57237045391875840  0.58291295497913398
  0.59371921793649962  0.60461010569192397  0.61504260922426146  0.62500932187759384
  0.63468919981261740  0.64439064472331431  0.65411373401575312  0.66418802541813826
  0.67436048645449176  0.68341566718416402  0.69262404941826861  0.70219088987768086
  0.71200917832144983  0.72201732319467393  0.73216699324805068  0.74297601225970100
  0.75434986855491015  0.76553478257044782  0.77610858353890766  0.78652208237475030
  0.79712326515240561  0.80821659533720447  0.81950343076513299  0.83040146304707596
  0.84103685403268857  0.85110696126784424  0.86134795290494981  0.87152972467408918
  0.88172660713381279  0.89180923175717286  0.90216453462683333  0.91254581346298058
  0.92252431917542443  0.93289282267856632  0.94379702035363189  0.95560265907134367
  0.96752705511476433  0.97884958462241933  0.98988298591448132  1.00000000000000000
 -0.00179080020346749  0.00815128428938737  0.01794929277706936  0.02838011242999807
  0.03915758031494957  0.05003129966111666  0.06052571520719952  0.07031116475805123
  0.08014977741759367  0.09070063465952354  0.10220991098211815  0.11386952724157909
  0.12414468072329365  0.13400458927492548  0.14407096937794772  0.15534886483826621
  0.16759529908687282  0.17975700121646221  0.19193515876868600  0.20381342494283611
  0.21558798871661311  0.22787217410054239  0.23920265377806321  0.25104869140939340
  0.26209275857870995  0.27259243549245576  0.28177307321729816  0.29113940615410383
  0.30064988049257757  0.31107452250420237  0.32149447005383958  0.33193533377451639
  0.34253041155298525  0.35320131436211477  0.36320703564793860  0.37287609260761329
  0.38288876917865605  0.39342407730792411  0.40422696520005064  0.41499098383416505
  0.42601751189738551  0.43726878527040058  0.44829762089631520  0.45897820948429202
  0.46942964777927615  0.47971342269765221  0.49013670980765245  0.49969786147114215
  0.50871119874890747  0.51709314661639383  0.52478849931353244  0.53313565025475196
  0.54145428065582235  0.55064638723301129  0.56117968785358319  0.57258561162661503
  0.58492679858484808  0.59686788524834999  0.60890675242626835  0.62017617408448533
  0.63257361688704306  0.64504068012460758  0.65667355988156817  0.66775816465640225
  0.67802176730394192  0.68735680459046089  0.69599562480384181  0.70468885137935866
  0.71449138960570058  0.72552621555148700  0.73645437351089471  0.74738247739427222
  0.75892783098040084  0.77103227004410646  0.78319283740337187  0.79546696908583103
  0.80656967758672382  0.81661479893179034  0.82581829363782988  0.83542118780396057
  0.84503553807499510  0.85521978176112068  0.86548626749461743  0.87585287651240906
  0.88569862776315522  0.89475405711271516  0.90379574239993532  0.91335523102480431
  0.92350940551406302  0.93439015903978828  0.94517368398975232  0.95596199068859633
  0.96737595244031804  0.97904513594453835  0.98990649004745157  1.00000000000000000
 -0.00157676177163360  0.01128031975937149  0.02239645139237504  0.03360953163957864
  0.04273882157164715  0.05236191370808427  0.06189868576199968  0.07205893833288307
  0.08331476720947911  0.09422848950876905  0.10450399644280108  0.11465120021726033
  0.12528632650693994  0.13665970220512472  0.14890394213328600  0.16130702586172146
  0.17290814607242652  0.18442143077344805  0.19654543522639789  0.20809648553653243
  0.21946224127378927  0.22997170839702302  0.24065367276693436  0.25073218228367977
  0.26103227065356166  0.27201602886682419  0.28415748941763208  0.29712005808726522
  0.30990327733258743  0.32250940186889909  0.33530746680605006  0.34887538048364941
  0.36252608963759175  0.37555627006762543  0.38835698950519809  0.40076943739000775
  0.41301602852989422  0.42490145595533713  0.43651549794773897  0.44828471723004565
  0.46060237121717196  0.47345067358987408  0.48666059255599564  0.50020099908680760
  0.51364468374073724  0.52767573392337119  0.54177373122807093  0.55538520226617893
  0.56836700477435342  0.58051710090582387  0.59239564447111759  0.60418230398872452
  0.61556611507003434  0.62690642540752606  0.63904984157732203  0.65136139106993118
  0.66321552946008844  0.67530191805627526  0.68749538871369786  0.69901361980733956
  0.70996932481866026  0.72057865820833134  0.73078780040064395  0.74042804359567893
  0.74990821001288066  0.75952120669136247  0.76945003985148164  0.77891024405463916
  0.78833264822224591  0.79771206314681065  0.80681673224711248  0.81602139980823962
  0.82507303750579941  0.83380642631303781  0.84353670800507785  0.85302085225861379
  0.86237662349313138  0.87091134624464928  0.87918701039873048  0.88719996292581238
  0.89554765000188918  0.90406076687192738  0.91210039320675662  0.92038221627675409
  0.92782186173111891  0.93515262621557882  0.94232716915213122  0.94884087172414422
  0.95526097858204817  0.96192835508402663  0.96828378934603776  0.97451771983441071
  0.98073618159101927  0.98678035887329785  0.99292504999871378  1.00000000000000000
 -0.00253535588673265  0.01153338958795560  0.02095631333357884  0.03020165749338651
  0.03925961882343171  0.04908615727325596  0.05956831425154365  0.07028015058017248
  0.08154941389103011  0.09275210378555127  0.10371243371394476  0.11481367204175877
  0.12608831614951066  0.13714261451086379  0.14854338072058570  0.15957376214029559
  0.17076152791586741  0.18145507516816770  0.19087024809912712  0.19984363201652416
  0.20895078919314639  0.21929607778246804  0.23030881343872509  0.24116072935206168
  0.25200621617094682  0.26232005807661174  0.27128860825566314  0.27975928875461475
  0.28901309321599955  0.29941531788685360  0.30994919086339223  0.31930813343116204
  0.32833903403450637  0.33791119401740971  0.34913251385470695  0.35995607174118049
  0.37018228805336884  0.37998651288671698  0.38979515259657493  0.40033918652792355
  0.41204104715287232  0.42389905689300955  0.43506634715611664  0.44484922763176366
  0.45461981593942957  0.46352019242646814  0.47407095967084190  0.48552571521836685
  0.49727633323384335  0.50864742499968674  0.51918515464494175  0.53045559570955025
  0.54244985920090460  0.55438867282895932  0.56607698120350158  0.57765391154878198
  0.58829638489402181  0.59839921062238521  0.60864982819935731  0.61939418684070835
  0.62972675933150524  0.63976056244866397  0.64870579016811047  0.65740731940838426
  0.66611446566808130  0.67579324425963461  0.68660813247278674  0.69831704240915482
  0.70926680430238787  0.71914686630754576  0.72867384371497845  0.73807758281372005
  0.74848946370740799  0.75962312981836666  0.77129942856595057  0.78284663599038529
  0.79391215117859437  0.80462139304802172  0.81515067919106166  0.82515464826864926
  0.83515254645827963  0.84544423190134121  0.85545482013892638  0.86535168440484178
  0.87550804505643964  0.88592709666893865  0.89608304174168896  0.90639415243930077
  0.91733612325193425  0.92865390034618511  0.93963179419314136  0.95042586303597354
  0.96169092219297347  0.97404294946728387  0.98708084298072529  1.00000000000000000
 -0.00222571390614947  0.00964690684958520  0.02026272805792284  0.03028461581050186
  0.04153036759875432  0.05342273252018583  0.06512729240457266  0.07568137289758708
  0.08555290192595001  0.09566670375317937  0.10637386344233388  0.11839277057251954
  0.12890536469052319  0.13859889143912710  0.14797086950127572  0.15775599732961379
  0.16850288591343063  0.17773446302304580  0.18627371287734704  0.19518223981378488
  0.20467514903137912  0.21500399671185391  0.22586248007221174  0.23655837790603396
  0.24660360076252569  0.25614359299576606  0.26530315642702201  0.27510680171510821
  0.28553460384031765  0.29631874829950222  0.30722516612894563  0.31774165512842012
  0.32725691920885325  0.33563233802777159  0.34363492787859173  0.35233126633195638
  0.36258601454537359  0.37373498322241339  0.38468422762250509  0.39503292457240002
  0.40491335855045407  0.41545254605795962  0.42627693076971596  0.43708648471437567
  0.44755692268080832  0.45849604575753633  0.47031982592693528  0.48250641947494477
  0.49500884479234597  0.50691712916028631  0.51814009205702127  0.52964190625086860
  0.54168506581333753  0.55444050241037190  0.56693834001744559  0.57821086835769075
  0.58851764388295424  0.59929828594684431  0.61099528294903405  0.62288366038664456
  0.63420445443945228  0.64620220858448107  0.65802352694400768  0.66929002823790718
  0.67998920459903567  0.69093292222040514  0.70203347631420165  0.71280888008565602
  0.72314663744849728  0.73341010241917715  0.74249108786579543  0.75163432671050778
  0.76076446030850897  0.77087799611120378  0.78152168409012590  0.79252331637378648
  0.80296546157638837  0.81268254739667345  0.82215854196488403  0.83243036298561979
  0.84432644665977363  0.85520363485423512  0.86532936121317239  0.87511577802671869
  0.88558370411126897  0.89545728524630108  0.90435011956693168  0.91301633576644547
  0.92157839121202867  0.93165472361738089  0.94204601487760842  0.95300499869047250
  0.96453783897255874  0.97676498150529534  0.98864507612992236  1.00000000000000000
  0.26331596818639308  0.26707438976974518  0.27063824422605220  0.27457690796788126
  0.27845956230429597  0.28211811266412895  0.28597221418176405  0.28941031697977210
  0.29372858841185201  0.29934218598194950  0.30498360781796890  0.31104337024377354
  0.31701952335358630  0.32251473392335622  0.32841705498916940  0.33518572557018955
  0.34384523233249287  0.35143358857797369  0.35731005297888341  0.36236814393596245
  0.36712780903255410  0.37196719305737325  0.37733031585385990  0.38334238475349419
  0.38994194646436314  0.39690203093670645  0.40361089726268606  0.40980062515936277
  0.41614821534591612  0.42318193241418950  0.43098832146773292  0.43870757887223516
  0.44610176748363334  0.45334936835520306  0.46045323293074736  0.46738896827478210
  0.47448770357223186  0.48196609655580963  0.48900033945005511  0.49627050947186024
  0.50330322719136811  0.51038986161782718  0.51738427965746736  0.52436258938439617
  0.53214851522801820  0.53986350009039663  0.54826695338077203  0.55668416855395275
  0.56452762684586644  0.57202007111546049  0.57936994045146761  0.58748052768970482
  0.59575409269420276  0.60399848801808564  0.61226634596861074  0.62069269810596028
  0.62957526405849629  0.63864910684150245  0.64733803152762670  0.65537411082148123
  0.66272989712030883  0.66958607666368430  0.67640019314074606  0.68374490949607603
  0.69187324663686889  0.70023107436747700  0.70839454327293971  0.71658096325139142
  0.72430273312038151  0.73146597579242723  0.73840271604740759  0.74550035745884025
  0.75333068435576767  0.76220444941785126  0.77136309278966331  0.78024215849035650
  0.78903225058237125  0.79796414973206298  0.80732211267506848  0.81671776435560139
  0.82627587816458414  0.83551079348728419  0.84502372838960194  0.85462017599878448
  0.86532245388295514  0.87659693903530100  0.88692647432920269  0.89696721159034698
  0.90688215867950217  0.91788256025780190  0.92940840275127146  0.94096333323647707
  0.95252407916531001  0.96486201014562301  0.98007952091559158  1.00000000000000000
 -0.01832886277618954  0.13107882422502584  0.17480625841735359  0.20755097707697093
  0.23399917937619402  0.25744793550826939  0.27801215812478275  0.29533239310984694
  0.31134044541503764  0.32530208382792813  0.33945958103881152  0.35228565131834072
  0.36377649794819805  0.37441119424833869  0.38474605385241939  0.39498512944519548
  0.40530336926669436  0.41582808464665089  0.42553107177163080  0.43477339450816088
  0.44404260314748167  0.45345972722287820  0.46234981700216005  0.47075936979583588
  0.47882271558425360  0.48663740050726234  0.49365878044631450  0.50012890245357322
  0.50646356985397334  0.51294339800043198  0.52000326530963625  0.52627096361778947
  0.53230569364860825  0.53790875426459761  0.54384755788190697  0.55030200174855903
  0.55678302338159857  0.56322174201305730  0.56940927780910555  0.57540766281224442
  0.58131965189126378  0.58718362666706081  0.59338215901013303  0.59979506902978541
  0.60573416298278338  0.61155304912677888  0.61752075471924506  0.62353123719012749
  0.62950819704791294  0.63551945684677691  0.64147350199405750  0.64743868744261701
  0.65256901220533170  0.65737970884190555  0.66226124773845574  0.66712343240892591
  0.67210303077030997  0.67712999772418725  0.68217902108010120  0.68740144214880816
  0.69240821592491597  0.69750019567938104  0.70258916273974359  0.70756763972618575
  0.71298219984809430  0.71850451279529381  0.72410209041113027  0.72914007671998216
  0.73396190933221628  0.73870661456375653  0.74349317201724230  0.74888244725003961
  0.75397390363495009  0.75908151129833090  0.76439362014612511  0.77033313381093182
  0.77676861268862540  0.78310705168048522  0.78922202293866461  0.79542568579656547
  0.80190922606971671  0.80867320207317228  0.81577012544225369  0.82307430456242237
  0.83023633724555368  0.83725344952996283  0.84445822474779231  0.85190342822217802
  0.86000382203331782  0.86847584645641684  0.87765611257941278  0.88791201056075508
  0.90078115443596474  0.91747888712160153  0.94233307456917648  1.00000000000000000
   5.3753818082608727E-005  -1.0000000000000000     
 F F F F F F F F F F F F F F F F F F F F F F F F F F F F F F F F F F F F F F F F F F F F F F F F F F F F F F F F F F F F F F F F F F F F F F F F F F F F F F F F F F F F F F F F F F F F F F F F F F F F F F F F F F F F F F F F F F F F F F F F F F F F F F F F
  <DiscreteSampler_grid>
  grouped_processes
  1 # 1 for a reference and 2 for a running grid.
  10 # Attribute 'min_bin_probing_points' of the grid.
  1 # Attribute 'grid_mode' of the grid. 1=='default',2=='initialization'
  0.0000000000000000 # Attribute 'small_contrib_threshold' of the grid.
  0.5000000000000000 # Attribute 'damping_power' of the grid.
 # binID   n_entries weight   weight_sqr   abs_weight
    10   10   3.627274478406459E+003   5.179507358527575E+007   3.627274478406459E+003
    11   10   3.627274478406466E+003   5.179507358527596E+007   3.627274478406466E+003
  </DiscreteSampler_grid>
