  0.00000459013762373  0.00000567235452634  0.00000632980972535  0.00000683863046358
  0.00000736694984896  0.00000798874482317  0.00000867779465209  0.00000933405792905
  0.00000993180105936  0.00001055742013994  0.00001121381090918  0.00001195792682119
  0.00001285551355012  0.00001388420808522  0.00001489019433759  0.00001574697911801
  0.00001654972882519  0.00001743231757463  0.00001837650101535  0.00001933186185819
  0.00002051031586405  0.00002192949492263  0.00002334151681743  0.00002462055621479
  0.00002585757430634  0.00002715749734291  0.00002867187799619  0.00003036730877618
  0.00003218140923691  0.00003407986276061  0.00003603881759370  0.00003812663790053
  0.00004021135687623  0.00004222644900642  0.00004442167136324  0.00004672868645981
  0.00004919085704930  0.00005193101839628  0.00005464282194403  0.00005739294418822
  0.00006027313074779  0.00006344439413012  0.00006678670964612  0.00006988130313557
  0.00007315466363539  0.00007670022277206  0.00008023804689365  0.00008512808782363
  0.00009009222700549  0.00009489919356607  0.00009980354016915  0.00010486944927597
  0.00010974092257057  0.00011416699398771  0.00011832233997081  0.00012289594562338
  0.00012868786566290  0.00013520405012980  0.00014097160759936  0.00014638616535082
  0.00015272981775097  0.00015925079545349  0.00016734722456502  0.00017786260832418
  0.00018893763810044  0.00019922750550071  0.00020943051566000  0.00021955473688374
  0.00022962469978747  0.00024157902848101  0.00025615525894075  0.00027290058608143
  0.00028927974999425  0.00030783356837455  0.00033043206242165  0.00035876627741916
  0.00039312624085889  0.00042665308248636  0.00045786396220259  0.00049103191226562
  0.00052547211874023  0.00056362515752524  0.00061081816419290  0.00068384281745485
  0.00076649975305608  0.00086860465674785  0.00101036474887678  0.00120901029475713
  0.00149359342385582  0.00189540425788086  0.00232723245441442  0.00313909311293361
  0.00684505003029877  0.04209571367328997  0.40576104714029965  1.00000000000000000
  0.00000600220301623  0.00000619724522950  0.00000629986567748  0.00000641834490298
  0.00000654553692419  0.00000665190734792  0.00000674879522026  0.00000688686444885
  0.00000707390704169  0.00000727251462853  0.00000744623312378  0.00000759142221224
  0.00000772911596695  0.00000788400199318  0.00000804594745726  0.00000823740391723
  0.00000850026184752  0.00000880060580872  0.00000907943599378  0.00000938147781107
  0.00000973731854204  0.00000999093289914  0.00001019940652358  0.00001041041621373
  0.00001066367163705  0.00001101391650424  0.00001138386630587  0.00001166035512878
  0.00001190112155116  0.00001217344631468  0.00001251618019011  0.00001296538706694
  0.00001346945465778  0.00001405388412801  0.00001467063158193  0.00001532153116361
  0.00001610167329268  0.00001682691169447  0.00001757016581175  0.00001836098851945
  0.00001923188707308  0.00002015643267417  0.00002115378965276  0.00002228930283749
  0.00002355051010317  0.00002484817099095  0.00002618936158531  0.00002750700489380
  0.00002894170092817  0.00003018181990542  0.00003145964316180  0.00003276302755955
  0.00003410062547350  0.00003551346540349  0.00003715271907820  0.00003887793900977
  0.00004072582820010  0.00004276346729905  0.00004485911012784  0.00004696132072186
  0.00004909734617536  0.00005150751387654  0.00005418087507316  0.00005706204387705
  0.00005993267099506  0.00006273740076935  0.00006564810452519  0.00006860411011374
  0.00007168706927842  0.00007520560745777  0.00007881887004473  0.00008249801086853
  0.00008656397595958  0.00009101862796917  0.00009589556872901  0.00010108484255895
  0.00010794278168528  0.00011698255543862  0.00012772042031824  0.00013983597774205
  0.00015397274710136  0.00017083356660682  0.00019174084136547  0.00021917460323729
  0.00025487049062788  0.00029886555320824  0.00034917601763756  0.00041076638345180
  0.00050648098931410  0.00064263214268233  0.00087674553693940  0.00150044975159734
  0.00334839797156183  0.03621674783742264  0.24933218315532263  1.00000000000000000
  0.00000422967079833  0.00000720356840962  0.00000918412823085  0.00001099006480024
  0.00001269465498476  0.00001455697036703  0.00001662444732834  0.00001863928202938
  0.00002063225073234  0.00002285561298510  0.00002547571369514  0.00002836350344616
  0.00003131410506117  0.00003393357203241  0.00003602114497646  0.00003833510535052
  0.00004149690535388  0.00004540113686050  0.00004909269340619  0.00005170763540063
  0.00005411020279797  0.00005653280819574  0.00005967474125481  0.00006474278496984
  0.00007014676499244  0.00007580499041392  0.00008145989771187  0.00008705927443329
  0.00009267424660556  0.00009829058793100  0.00010373056474878  0.00010915401437308
  0.00011512229626724  0.00012170230404893  0.00012894687804163  0.00013753025695842
  0.00014629625927283  0.00015420649713379  0.00016068212278340  0.00016693852272133
  0.00017407203027224  0.00018374237971788  0.00019456864888890  0.00020551949427997
  0.00021768656163566  0.00022929406711612  0.00024181780559626  0.00025577555677481
  0.00027146299945805  0.00029012614615105  0.00030887794002586  0.00032548171729746
  0.00034131605888101  0.00035713306515741  0.00037105657687962  0.00038930179472703
  0.00040983348181297  0.00043287319130367  0.00046056580817063  0.00049422386660019
  0.00053311634214433  0.00057681411420262  0.00062493703597611  0.00067290602009012
  0.00071735527949192  0.00075722203132428  0.00078675512921451  0.00082276117924087
  0.00086407631981001  0.00091019943978577  0.00094417099254118  0.00098227336311314
  0.00103116484656283  0.00109561014251587  0.00116174149100749  0.00123876186525735
  0.00133098511510814  0.00141051301913355  0.00150533611499106  0.00162893966443501
  0.00177198853389173  0.00191570017264266  0.00209424375250584  0.00233324864433282
  0.00264473884248099  0.00300280345442493  0.00337979548387442  0.00378116860565704
  0.00423194201433897  0.00478694997802413  0.00547111819877916  0.00844730361078993
  0.01324159545953494  0.02024751897789416  0.02990089571474408  1.00000000000000000
 -0.00989477718838251  0.04518773440917737  0.08857199565744400  0.12450432193877103
  0.16375218532551986  0.19752331268121787  0.22967392320011887  0.26277088621340505
  0.29424912405172854  0.32060725931408018  0.34274909626602246  0.36390707203521971
  0.38596806124695943  0.40835525340199746  0.43176035748784741  0.45502468176628480
  0.47652781442183118  0.49451444712807602  0.51159857029230860  0.52893534377928375
  0.54542836751506862  0.56074206806172100  0.57364338576280549  0.58424781127992642
  0.59557621165700869  0.60674524645506256  0.61868959493715081  0.63042745994295191
  0.64130829331853767  0.65223303880683892  0.66166058211257817  0.67088145826033818
  0.68268936856967799  0.69504984044451146  0.70367278369148800  0.71220066577789276
  0.72104553442273378  0.73003003839683689  0.73887686724837232  0.74724049284585059
  0.75527404987363367  0.76300160399551697  0.77112691218846918  0.77931767532494067
  0.78669909709742492  0.79331086121502647  0.80001938706468279  0.80654635019451093
  0.81287944393955713  0.81931194440634236  0.82546079005691597  0.83093651464082763
  0.83619390109347047  0.84184421140301169  0.84780504331666795  0.85363053784914289
  0.85921143353482643  0.86478125663184058  0.86957210899114723  0.87365188399476301
  0.87720704116183967  0.88076951528226288  0.88443075981169472  0.88833895563180421
  0.89210371865897342  0.89518515473309856  0.89812377290616963  0.90084914067623456
  0.90358667084871069  0.90714280931801261  0.91102073185470289  0.91411591246672508
  0.91672881350091939  0.91980720364148338  0.92306013242132778  0.92682568719496883
  0.93136071066835835  0.93544692703311694  0.93940720888645723  0.94359163868764184
  0.94742376145809504  0.95037584712186207  0.95289258984327729  0.95524654604652237
  0.95795225527616501  0.96100421733111507  0.96440514320258230  0.96783449875257688
  0.97098187935680202  0.97397681275414072  0.97720122932723885  0.98115507184340689
  0.98538307555882698  0.98996280956527116  0.99439126362982144  1.00000000000000000
 -0.00149187193650608  0.00708026414400008  0.01475709717731622  0.02173013389247251
  0.02942320094036664  0.03742299452950792  0.04589298789235735  0.05323968026611575
  0.06216023720965850  0.07226010025543542  0.08228519666610849  0.09270649453881877
  0.10340816688798368  0.11332396437982158  0.12344135179079307  0.13301715811805706
  0.14384782355785536  0.15635430018633872  0.16944549874710793  0.18157819527823638
  0.19144481024209570  0.20300655083968852  0.21147092476101809  0.21941013473840681
  0.22835068137111827  0.23664554674640201  0.24733973091127145  0.25925258814494379
  0.26656893535027981  0.27301867877874264  0.27873807005709605  0.28857206792746276
  0.29963289710088387  0.31186113701869711  0.32605669869836695  0.34023991399492154
  0.35360701452170212  0.36581612552220993  0.37975169388063162  0.39418443671402098
  0.40867078017770730  0.42300616717877743  0.43640477622624546  0.44844720068378047
  0.45847079234077276  0.46822715849579977  0.47880507454956517  0.48904005824404839
  0.49902266531156442  0.50900378082310527  0.51929541645777522  0.52996706426318330
  0.54075154167200201  0.55214451405163323  0.56326889961984983  0.57310610327527323
  0.58241906661388165  0.59181581673035910  0.60188141564352338  0.61311929646995278
  0.62394084363123281  0.63520251358588631  0.64667291842389218  0.65786139596340676
  0.66853271075456744  0.67936657639063380  0.68984400681416003  0.69974348451042900
  0.71233863808486486  0.72608088664967929  0.73850535479132673  0.74978450575271327
  0.76077452098535414  0.77222062779155964  0.78423928348110272  0.79567553343843422
  0.80664057331257610  0.81799578357481240  0.83008826005620007  0.84296918881441363
  0.85596620265017920  0.86806755623734866  0.87981546288560242  0.88768862295357520
  0.89563027261364336  0.90318060659690358  0.91032420654185298  0.91972471960771407
  0.93033352609254727  0.93980766079180345  0.94849936368610477  0.95701914976738678
  0.96698080427289201  0.97716183593828976  0.98775553014706863  1.00000000000000000
 -0.00327890956627394  0.00996858214199595  0.02195146376921762  0.03281592126201296
  0.04351354812929892  0.05443683699157003  0.06487994933534239  0.07479811379977333
  0.08494939631510623  0.09548957131316578  0.10610965631154531  0.11732122216136470
  0.12862260881136436  0.13882116168501690  0.14897609098095135  0.15915822257489914
  0.16906598910597631  0.17832595484036931  0.18851072035711552  0.19956768669364486
  0.21150189780326190  0.22420205203674090  0.23533656115106538  0.24581042547974116
  0.25681968978928754  0.26736417213084362  0.27740761407864584  0.28639959442304763
  0.29471122409545858  0.30318936350100628  0.31198175613923013  0.32219446836197962
  0.33279233841238121  0.34273129506315941  0.35153144485685772  0.35950257460084623
  0.36699477458467450  0.37517804112685504  0.38452856025884574  0.39686591034033758
  0.40964480121673125  0.42274952741915528  0.43587777195884625  0.44774857806720447
  0.45750805564279057  0.46688183980596942  0.47667578491149537  0.48757726718262145
  0.50038792267472465  0.51487434595195347  0.52768444285436578  0.53771133717014530
  0.54616620364838575  0.55493042570819240  0.56423478242024250  0.57345762426676716
  0.58316558951934339  0.59115519287892015  0.59760959373432676  0.60309528400537626
  0.60964161524257510  0.61610456872171893  0.62457519271877404  0.63332219302847836
  0.64140538694543714  0.64913511000096735  0.66273342654303968  0.67613840434035721
  0.68795159886215418  0.69898759555858936  0.71011933189527654  0.72252698521522762
  0.73461682494982938  0.74563861791398900  0.75655645660913673  0.76787127422959678
  0.78040951579856166  0.79345000983741221  0.80775719218954500  0.82125323243179615
  0.83328585033442082  0.84463535359055730  0.85512051288737267  0.86522578952536233
  0.87472872756051268  0.88436730997707302  0.89453469166328492  0.90546121118583134
  0.91703760329238648  0.92954247090256215  0.94237765429799736  0.95432808869721253
  0.96647128715233077  0.97770555754012367  0.98872046623839538  1.00000000000000000
  0.00003422724092526  0.00003598047347702  0.00003774753271964  0.00003984135387395
  0.00004222858393185  0.00004475717018985  0.00004745294640606  0.00005107993592112
  0.00005451334654282  0.00005778525477783  0.00006117682221393  0.00006459666697043
  0.00006804247161288  0.00007216909609416  0.00007691326620577  0.00008308249958828
  0.00008914461144897  0.00009514554412259  0.00010122968742122  0.00010741299884319
  0.00011368988729599  0.00012017919471629  0.00012619177316661  0.00013185742831619
  0.00013736858176438  0.00014339145044472  0.00014959107276732  0.00015582423239899
  0.00016232961764376  0.00016902972712190  0.00017594924186641  0.00018311486496558
  0.00019130486914556  0.00019993063072762  0.00020901508221832  0.00021858139725549
  0.00022859007271892  0.00023892600729375  0.00024972497322877  0.00026116224838158
  0.00027299178531514  0.00028695244460669  0.00030223535705761  0.00031813623826015
  0.00033423924688288  0.00035052254600880  0.00036723601716367  0.00038567313622225
  0.00040680417462079  0.00042604883017659  0.00044656686863319  0.00046956313730180
  0.00049397832117749  0.00052255153848084  0.00055251221374772  0.00057639868989538
  0.00059997587825226  0.00062495303838889  0.00065038535842775  0.00067661739347593
  0.00070209838089267  0.00072587783196946  0.00075168994474361  0.00078083627659103
  0.00081710135482241  0.00086245144135618  0.00090948533343195  0.00095987480365403
  0.00101311937544571  0.00107473735792244  0.00113805088429457  0.00120630288085878
  0.00128558470335135  0.00137568063618292  0.00146337949106496  0.00155369190364086
  0.00164660076754205  0.00175177051748715  0.00189416750319794  0.00206310899899206
  0.00224104331891020  0.00244862098931013  0.00276648710039685  0.00310327452482596
  0.00342136401020860  0.00382110388904063  0.00431191381224301  0.00512679940478405
  0.00648144856704786  0.00807632289447728  0.01125621891189129  0.01581893100490812
  0.02415449977196103  0.03579856435173633  0.61111414330885605  1.00000000000000000
 -0.00432301635823798  0.01730634377808458  0.03221105849609952  0.04609540359026826
  0.05866605165542228  0.07401392754927014  0.09331626906933102  0.11205281612625338
  0.13130591108382614  0.15018379191585216  0.16886274817548355  0.18788962079100047
  0.20659548124461988  0.22289680094633610  0.23489531565147415  0.24671010258276962
  0.25858294557204275  0.27003652676966844  0.28113624166330980  0.29255538028450517
  0.30387780760397770  0.31458230032527468  0.32538677494344875  0.33648041600459144
  0.34791526178929916  0.35830713568749345  0.36849526807528449  0.37729780080976216
  0.38463673333924037  0.39109834436063945  0.39799306125858563  0.40453594170572832
  0.41038222103450828  0.41660467930773698  0.42298050197248271  0.42944194664121371
  0.43629045178396419  0.44373439058055358  0.45127895346231794  0.45867229076094140
  0.46555224116461652  0.47256327043297314  0.47804775915545117  0.48304899199057733
  0.48810562639468302  0.49349657660413093  0.50027389875338757  0.50692734383230809
  0.51346064110900658  0.52001990716374935  0.52602498437646827  0.53133942693070468
  0.53626918870915474  0.54151446089377886  0.54726302857535469  0.55371595096234394
  0.56034788440380268  0.56662750611511192  0.57227962628473905  0.57766092343926589
  0.58331340790512076  0.58956085912011635  0.59601753484574038  0.60188306393722690
  0.60701781908975927  0.61219543255612829  0.61769802233031967  0.62344830359609504
  0.63002643362545552  0.63734920431347220  0.64547228209079044  0.65416955974027591
  0.66277914773441171  0.67197199398787644  0.68162361178870490  0.69226621197180582
  0.70217297803830503  0.71345311591128135  0.72553665733701367  0.73756171454632580
  0.74837250272569333  0.75999793496356294  0.77298530264742116  0.78766724333141247
  0.80369326692262300  0.81917040528445850  0.83975490750673709  0.86653373933157041
  0.88964098948915282  0.90778441061603299  0.92408186591280739  0.93652156042111157
  0.94801243244245337  0.96206728418655740  0.97418173345131254  1.00000000000000000
  0.07352604750206507  0.15813567923967486  0.19228456574006261  0.22367557747319031
  0.26051827365984204  0.28564966792683594  0.30581279736375205  0.32310044796076515
  0.34228427099626463  0.36575562605235862  0.38979822851713558  0.41456266510975553
  0.43676375010329294  0.45931289631432776  0.47884433084985928  0.49545014834506640
  0.50980181309463135  0.52495533612694534  0.54100516550794564  0.55568485420638969
  0.56875021564525885  0.58132956678029424  0.59341154090833548  0.60462904018763663
  0.61612666191469667  0.62840550526982863  0.64111031335876256  0.65413486019784439
  0.66810624485040326  0.68091723057775988  0.69282478349166687  0.70397002707112888
  0.71646157025082513  0.72752450483973474  0.73798801744599840  0.74766947980302068
  0.75686450971928498  0.76551189322141000  0.77522904392738090  0.78524729363353951
  0.79500116265430942  0.80343663800376719  0.81069207629771955  0.81792956546201934
  0.82555439926517205  0.83316544900155476  0.84034638462500277  0.84739727731174941
  0.85420448454416231  0.86036111243622126  0.86715342338401946  0.87384050842539573
  0.87977747576269605  0.88522829328321595  0.89039823417602693  0.89567003604768447
  0.90089919078161884  0.90567866513496698  0.91000681467519196  0.91411408046458997
  0.91787829425185397  0.92112016932614849  0.92399579176517344  0.92705704938408984
  0.93068297963038082  0.93455441850249021  0.93862261763308930  0.94291543088514973
  0.94725697169684897  0.95155022570583636  0.95553204845779627  0.95880233076896559
  0.96136409445771009  0.96378217540179945  0.96598312693124888  0.96808690006692566
  0.97017769564712020  0.97233774949201235  0.97467621447726849  0.97665223232546394
  0.97855295861745639  0.98043640370657159  0.98191470488654908  0.98327281188525528
  0.98450998316117699  0.98551423300030194  0.98640792601197147  0.98726845991035217
  0.98809327698848914  0.98943127016476562  0.99099254132757253  0.99259970320679314
  0.99423624491722906  0.99594930265467729  0.99786540618931474  1.00000000000000000
 -0.02998582675163171  0.12050563896320690  0.16699703774516328  0.19298929274982807
  0.21234706775084913  0.23035704454220424  0.24571547909967303  0.25740636300073721
  0.26716882918760421  0.27593945243431650  0.28453094102633425  0.29179852021548747
  0.29870134096350315  0.30830352627773311  0.31845020171525817  0.32836748941071092
  0.33796846302053252  0.34724516638835495  0.35590211842081476  0.36505654235689355
  0.37409192787068912  0.38198703023788921  0.38907454459033375  0.39618518962919497
  0.40361599136881743  0.41188453577080464  0.42064979807416764  0.42847559848736044
  0.43569206050221149  0.44216019353412106  0.44891010649844942  0.45590229852268677
  0.46337342514490609  0.47116536636995549  0.47898156802522801  0.48663570507929449
  0.49432967972155673  0.50175528057923668  0.50823085251757849  0.51405608350908472
  0.51965865064045291  0.52544080820860850  0.53209567754994302  0.53917195259236861
  0.54422851017928120  0.54776927791854002  0.55147801037563460  0.55540665928171085
  0.56071933862738155  0.56759993661869534  0.57478694014176646  0.58175304044621601
  0.58867909113051275  0.59540254914090729  0.60160367473090670  0.60726418933272563
  0.61270201173156214  0.61796842053552747  0.62315557601930716  0.62828155043411438
  0.63407546349846378  0.64070629878981378  0.64780759222171636  0.65318005012440805
  0.65791236766031469  0.66246184008510778  0.66671755414316014  0.67219809093970617
  0.67844237955829945  0.68505313992096717  0.69196655917130201  0.69904454748392830
  0.70578721688328616  0.71195622105817924  0.71817758199569981  0.72467278811587887
  0.73177641275933769  0.73976109344834717  0.74850468101432999  0.75672721288734246
  0.76465986789101570  0.77308587142916663  0.78161707977714212  0.79000496272071963
  0.79767828197424895  0.80461592762335354  0.81135746460863700  0.81821049921650613
  0.82508875063745146  0.83165125484587743  0.84055682159206746  0.85142982614256735
  0.86348215684438445  0.87904404140999925  0.90935527956902618  1.00000000000000000
   1.6819217546463976E-002  -1.0000000000000000     
 F F F F F F F F F F F F F F F F F F F F F F F F F F F F F F F F F F F F F F F F F F F F F F F F F F F F F F F F F F F F F F F F F F F F F F F F F F F F F F F F F F F F F F F F F F F F F F F F F F F F F F F F F F F F F F F F F F F F F F F F F F F F F F F F
  <DiscreteSampler_grid>
  grouped_processes
  1 # 1 for a reference and 2 for a running grid.
  10 # Attribute 'min_bin_probing_points' of the grid.
  1 # Attribute 'grid_mode' of the grid. 1=='default',2=='initialization'
  0.0000000000000000 # Attribute 'small_contrib_threshold' of the grid.
  0.5000000000000000 # Attribute 'damping_power' of the grid.
 # binID   n_entries weight   weight_sqr   abs_weight
    28   10   2.122155916874221E+003   9.573382000613792E+006   2.122155916874221E+003
    31   10   4.547605762198027E+003   3.867799032838672E+007   4.547605762198027E+003
    32   10   4.547605762198031E+003   3.867799032838681E+007   4.547605762198031E+003
    34   10   2.122155916874221E+003   9.573382000613797E+006   2.122155916874221E+003
    37   10   4.290970430700609E+003   3.594680224805650E+007   4.290970430700609E+003
    38   10   4.290970430700611E+003   3.594680224805659E+007   4.290970430700611E+003
    43   10   4.642075047452607E+003   4.000769160839330E+007   4.642075047452607E+003
    44   10   4.642075047452608E+003   4.000769160839337E+007   4.642075047452608E+003
    46   10   4.290970430700609E+003   3.594680224805652E+007   4.290970430700609E+003
    47   10   4.290970430700610E+003   3.594680224805658E+007   4.290970430700610E+003
    52   10   2.122155916874221E+003   9.573382000613792E+006   2.122155916874221E+003
    58   10   2.122155916874221E+003   9.573382000613792E+006   2.122155916874221E+003
    76   10   2.122155916874221E+003   9.573382000613799E+006   2.122155916874221E+003
    79   10   4.547605762198027E+003   3.867799032838673E+007   4.547605762198027E+003
    80   10   4.547605762198031E+003   3.867799032838681E+007   4.547605762198031E+003
    82   10   2.122155916874221E+003   9.573382000613799E+006   2.122155916874221E+003
    85   10   4.290970430700609E+003   3.594680224805652E+007   4.290970430700609E+003
    86   10   4.290970430700610E+003   3.594680224805658E+007   4.290970430700610E+003
    91   10   4.642075047452606E+003   4.000769160839330E+007   4.642075047452606E+003
    92   10   4.642075047452608E+003   4.000769160839339E+007   4.642075047452608E+003
    94   10   4.290970430700609E+003   3.594680224805652E+007   4.290970430700609E+003
    95   10   4.290970430700610E+003   3.594680224805658E+007   4.290970430700610E+003
    100   10   2.122155916874221E+003   9.573382000613796E+006   2.122155916874221E+003
    106   10   2.122155916874221E+003   9.573382000613797E+006   2.122155916874221E+003
  </DiscreteSampler_grid>
