  0.00000490754490982  0.00000501630000648  0.00000518888348040  0.00000537060553319
  0.00000558350260836  0.00000579427273007  0.00000597537333758  0.00000616701304351
  0.00000643702495306  0.00000672448123539  0.00000701183140853  0.00000731857323497
  0.00000766279590741  0.00000804687105496  0.00000846078247675  0.00000888243845910
  0.00000929751112312  0.00000970521335512  0.00001016528632991  0.00001065103515643
  0.00001115165659795  0.00001165371837355  0.00001215884840899  0.00001269026362259
  0.00001326900839731  0.00001385163934635  0.00001437071835525  0.00001494459412078
  0.00001551915405896  0.00001609346300362  0.00001670873685851  0.00001739469161135
  0.00001801637009765  0.00001865381237137  0.00001934898164462  0.00002011686975663
  0.00002087283073816  0.00002168920858830  0.00002258674237275  0.00002356080869699
  0.00002463907944510  0.00002584272498955  0.00002711702042182  0.00002840612963405
  0.00002969445235553  0.00003110184577986  0.00003264031606805  0.00003429603905398
  0.00003612778630554  0.00003805142236173  0.00004017442829503  0.00004254342201324
  0.00004496326451280  0.00004758925029803  0.00005029443976769  0.00005302104623461
  0.00005600487607855  0.00005926906190938  0.00006276260895300  0.00006651141246989
  0.00007056788589143  0.00007532879571041  0.00008098201723831  0.00008731070211525
  0.00009388553253993  0.00010079837193924  0.00010779975231473  0.00011465017440457
  0.00012137732079582  0.00012761404037882  0.00013468222427828  0.00014285764549994
  0.00015287938461048  0.00016611380385345  0.00018114952226240  0.00019781301261791
  0.00021586323101101  0.00023691956383006  0.00025992557914328  0.00028502933314381
  0.00031438601295990  0.00034015944172360  0.00036348143764314  0.00039037192116605
  0.00041993613023846  0.00046359068301708  0.00054238857508349  0.00064241813881705
  0.00080415856342212  0.00103447683434332  0.00134344256669945  0.00181770516268507
  0.00279813691192059  0.00572516114242979  0.15501396965636149  1.00000000000000000
  0.00000595910673661  0.00000647529479571  0.00000689609091912  0.00000737564787040
  0.00000789227528239  0.00000847210015705  0.00000905563047640  0.00000957862656218
  0.00001004957152398  0.00001055068960307  0.00001109756443380  0.00001169373666555
  0.00001234257470715  0.00001304837959074  0.00001374317924034  0.00001444909026440
  0.00001527061750209  0.00001623587979924  0.00001726321197945  0.00001840380513191
  0.00001954910755756  0.00002064531253801  0.00002174741176740  0.00002291947935361
  0.00002419845587014  0.00002552567708379  0.00002681389612232  0.00002808086232563
  0.00002940573535310  0.00003069318279279  0.00003209686945867  0.00003357482183650
  0.00003507104523657  0.00003678930720686  0.00003851529329839  0.00004022883124184
  0.00004201951163027  0.00004377613952797  0.00004552539042463  0.00004746925101447
  0.00004947989594373  0.00005164161532879  0.00005414052749656  0.00005674469849141
  0.00005946221035269  0.00006236928201061  0.00006541880688905  0.00006846135913124
  0.00007156504377049  0.00007495397974170  0.00007830255054585  0.00008177177285551
  0.00008519167834081  0.00008841695674373  0.00009150377040296  0.00009466751746904
  0.00009855220482406  0.00010282030169151  0.00010768971328611  0.00011384372948411
  0.00011878102290120  0.00012271922780361  0.00012745418895422  0.00013275699203586
  0.00013823392051920  0.00014339787775611  0.00015117160149843  0.00015856815261094
  0.00016657991914218  0.00017507405909703  0.00018394146251824  0.00019476869496555
  0.00020756058800363  0.00022309024833932  0.00024172056738437  0.00026217046953777
  0.00028393561626562  0.00030718176669275  0.00033304249837372  0.00036298220713751
  0.00039593528251785  0.00043266948766563  0.00047605942208956  0.00053420217787867
  0.00061208083188408  0.00070166621358033  0.00078913030711956  0.00091730957055612
  0.00111654889674246  0.00140875253045621  0.00175760776784054  0.00234679795715179
  0.00340908273275707  0.00585631393802743  0.06011843985224004  1.00000000000000000
  0.00000791534166757  0.00000865104871339  0.00000909766320425  0.00000961891190840
  0.00001013534805892  0.00001076730885646  0.00001138756260518  0.00001173890895320
  0.00001191392320588  0.00001209063363985  0.00001229661947762  0.00001254542056890
  0.00001282733275128  0.00001314666833682  0.00001344950184215  0.00001393710141138
  0.00001458385363611  0.00001521745307261  0.00001580753545067  0.00001642020371645
  0.00001706075286518  0.00001774487088113  0.00001851284497897  0.00001928559297453
  0.00002002577394005  0.00002081333499279  0.00002164432066258  0.00002251399588523
  0.00002340270660528  0.00002420448270588  0.00002491855703656  0.00002556253851090
  0.00002610608775034  0.00002669341581769  0.00002733125211984  0.00002803664019287
  0.00002880895468330  0.00002977316289787  0.00003119382687555  0.00003294496432743
  0.00003464939654351  0.00003640387113325  0.00003819159514667  0.00003993223579822
  0.00004165099300305  0.00004321490285913  0.00004480076827065  0.00004653213340021
  0.00004847142192026  0.00005059620962196  0.00005270140588087  0.00005478177012663
  0.00005686795583699  0.00005891799925162  0.00006107612263687  0.00006365396002698
  0.00006624842746468  0.00006900185346721  0.00007194862447427  0.00007500757525265
  0.00007803330973980  0.00008112608022336  0.00008461104409801  0.00008839240964239
  0.00009296304680944  0.00009824531379850  0.00010345974157011  0.00010953533845996
  0.00011605619238990  0.00012337327787802  0.00013134124822251  0.00013989194937041
  0.00014900407534598  0.00015857071567864  0.00017014520343850  0.00018437993638177
  0.00020157806119656  0.00021947180860454  0.00023944767870086  0.00026113760865280
  0.00028812026878391  0.00032262623999108  0.00036797930348739  0.00042321840803347
  0.00048568432325434  0.00056071539868009  0.00065928690085691  0.00079172496719365
  0.00096741185010578  0.00122118791681008  0.00163469080442043  0.00234495062058173
  0.00339377504452322  0.00537753305585533  0.05881647139002398  1.00000000000000000
 -0.00220712950720155  0.01262176456549735  0.02484928881297441  0.03535729135909037
  0.04394737327131685  0.04995505578913211  0.05456458604427813  0.05944302676573220
  0.06398786885558018  0.06845466090570521  0.07336677256850653  0.07967471414469363
  0.08791419349154693  0.09580071524310321  0.10274114701307258  0.10917254511700678
  0.11539037265056912  0.12167051059768685  0.12789235684454089  0.13459378680591139
  0.14057020540105170  0.14783070907130777  0.15618165457184460  0.16478778932179344
  0.17324363236046464  0.18200250889796005  0.19193474444284067  0.20253737939078312
  0.21368516684538955  0.22457954973542935  0.23560370222660076  0.24632643466784318
  0.25681752409036462  0.26675618690872566  0.27696747184197168  0.28796167347144186
  0.29914896073152281  0.31025932832710940  0.32091584378553656  0.33233355041259049
  0.34498621506731297  0.35856244065193821  0.37131798886202688  0.38458250542779909
  0.39771411469831808  0.41080167285959646  0.42499190216754940  0.43974961140396701
  0.45305642563151388  0.46617155437758190  0.47871855079378750  0.49099892587948674
  0.50426337641089058  0.51862113274451094  0.53266841405174492  0.54667736322799687
  0.56071174222743680  0.57728621091714027  0.59138221276474134  0.60478558166165619
  0.61781571996453599  0.63099393054095998  0.64354532483191584  0.65536468742993181
  0.66686758004280777  0.67906311589920754  0.68998649733726825  0.70047888408288572
  0.71184035553558500  0.72428140926868512  0.73693930424597698  0.74946773742298811
  0.76304283130747375  0.77612417653787102  0.78834926247292936  0.80046045593956572
  0.81311808206754466  0.82558219537090416  0.83719228072674157  0.84839763253649314
  0.85952886025467889  0.87026242521920449  0.88018185856355224  0.88671402607976835
  0.89320849914485467  0.89977561648416626  0.90831535837432253  0.91713600182157762
  0.92583102008566431  0.93439567068626728  0.94325927652473518  0.95249775872426878
  0.96164990487658197  0.97162283700414043  0.98428534370069598  1.00000000000000000
 -0.00289507078958713  0.01425671701790016  0.02557654658724133  0.03480692770889230
  0.04360980340579534  0.05264163533391338  0.06244084553028543  0.07219706241425884
  0.08192033411173830  0.09215103242752443  0.10326148328973302  0.11501443118856539
  0.12637469105996693  0.13700393443288203  0.14789242980295694  0.15992646982613651
  0.17260014169148727  0.18452762091581051  0.19602620087938885  0.20699214398307134
  0.21769638018250997  0.22764773466480689  0.23771797225133709  0.24777712389303558
  0.25839030668993768  0.26937967853401162  0.28011692166113383  0.29314236454484899
  0.30473235818785094  0.31635411560427085  0.32751543639706604  0.33826228570156486
  0.34925456792313342  0.36103244424684167  0.37362048471853371  0.38631242044593295
  0.39879590260793019  0.40984250691770752  0.41977388486138784  0.42934455982211500
  0.43809729809807824  0.44525675182265484  0.45268735444880354  0.45999950494389608
  0.46893339440980064  0.47988011766757421  0.49088021749099187  0.50177889177650759
  0.51283180503128256  0.52406667130806006  0.53602698903843538  0.54880028805888859
  0.56163494504898903  0.57290357940461512  0.58284159525440415  0.59288052302487326
  0.60351507665610371  0.61455846028105077  0.62502389431806149  0.63486077224158788
  0.64471536266364105  0.65594346826982464  0.66798704614280258  0.67889682817859198
  0.68876914797082933  0.69882997693772997  0.70830869752817316  0.71762609047481540
  0.72673459459117684  0.73690286339132705  0.74729463488944214  0.75756565912733043
  0.76794610956675990  0.77867043748802878  0.78874976129893259  0.79943326477740739
  0.80997390583913220  0.81969543959363600  0.82869065994520608  0.83830069120117745
  0.84853248655464786  0.85780803616042867  0.86600229801190509  0.87498787253477261
  0.88596055472616453  0.89732062437231119  0.90828293114947423  0.91963279106145490
  0.92908676669812074  0.93676213724361390  0.94456788411122228  0.95215899111670266
  0.96039431863831715  0.96913002172811702  0.98520243617168757  1.00000000000000000
 -0.00277971607011185  0.01261610884382989  0.02407650236830144  0.03323782373834468
  0.04250528337563118  0.05251168238096417  0.06212688505390355  0.07249927758641556
  0.08254143320461929  0.09207877641738210  0.10186944871342385  0.11208466797403854
  0.12319255730992019  0.13296772676418867  0.14231851333615214  0.15238250075195778
  0.16380324205295757  0.17686523719203462  0.18982392927557962  0.20147060007624404
  0.21201619746294686  0.22227301802521590  0.23290842143179363  0.24383151633089759
  0.25434878559158269  0.26445497787030253  0.27438032530812884  0.28509235837239916
  0.29602659713760193  0.30717531169705276  0.31850517470979617  0.32918251850764207
  0.33977028446647922  0.35057122620039288  0.36267035806950254  0.37447183270833018
  0.38619571646655121  0.39755597754667815  0.40980283925092881  0.42193300697469244
  0.43244102650387128  0.44202271384618524  0.45146709307827243  0.46290643953312344
  0.47571700011839940  0.48844226496262000  0.49971911076342190  0.50994566577166967
  0.51990686030313482  0.52975971251145337  0.54102600394079869  0.55291813525081446
  0.56618666529236161  0.58006635382714355  0.59292658873493898  0.60476373353129864
  0.61736983536227441  0.62774549363230814  0.63654587744814162  0.64551770519472851
  0.65504051858740941  0.66512012836831025  0.67507260021158833  0.68589524202831298
  0.69725516154534584  0.70871729018059360  0.71941169301899555  0.73047434488132434
  0.74008606490943663  0.74901905393819601  0.75773295847722455  0.76741068942528556
  0.77821893690934840  0.79023760300359325  0.80097902871515725  0.80978462133110640
  0.81793878023688449  0.82591262260787890  0.83491207867072548  0.84474561112639857
  0.85415422757241000  0.86065844618663312  0.86629753198853032  0.87233577761830949
  0.87840392196063999  0.88408621071623339  0.89380678279085213  0.90409410386142064
  0.91495882379045601  0.92607545328881691  0.93810453296644714  0.95075478332145991
  0.96325306983600945  0.97519347559237579  0.98747239238531204  1.00000000000000000
 -0.00023876280204102  0.00057039129564553  0.00127037845711805  0.00178266582926720
  0.00223498315029382  0.00264133244115159  0.00302794707734028  0.00339771241526313
  0.00376385851765966  0.00411699224039676  0.00445005492604119  0.00477770440464685
  0.00509247285189409  0.00542390348864069  0.00576776869798192  0.00612478124263439
  0.00647809851406701  0.00677228440422916  0.00697438424217956  0.00718668244910463
  0.00739935009031716  0.00758967615176225  0.00777265304356303  0.00794726054307246
  0.00811482506403808  0.00827969212156419  0.00843199128704024  0.00858462413174701
  0.00882822341460605  0.00912036056036870  0.00944661484543656  0.00973380149339920
  0.01002948113266489  0.01035439203797642  0.01065257909501987  0.01095599997958695
  0.01126391509488223  0.01157959645843890  0.01190252717582423  0.01223795608989795
  0.01257845700217278  0.01292131798121310  0.01326208236461912  0.01356103373165071
  0.01382791340374042  0.01412392399304855  0.01446267279320414  0.01486117915555017
  0.01529624679207887  0.01575978974373847  0.01626260847945007  0.01672401738459682
  0.01728466237042881  0.01770035127546705  0.01816063007244936  0.01869108856644014
  0.01915926509067862  0.01954164462691025  0.01988922945441930  0.02019400717322333
  0.02048790015860115  0.02078327788357261  0.02107930461605696  0.02137040795476605
  0.02165717194197167  0.02194727576584888  0.02223420902016921  0.02249834150051611
  0.02278692756074006  0.02310189109073957  0.02340064293231187  0.02378172920700486
  0.02412754826480953  0.02449208733419572  0.02487498284501441  0.02520630056646000
  0.02556784212924311  0.02590856743784706  0.02623590214036405  0.02668825707686258
  0.02734970403357994  0.02813023410847493  0.02898935197757971  0.02984218171444617
  0.03053130793655081  0.03124610354118472  0.03211838802071569  0.03298116013988377
  0.03679620293769398  0.04100077069234860  0.04327494238336804  0.04632323915102075
  0.05566793561055199  0.06395167335301205  0.14589969038969405  1.00000000000000000
 -0.00111099230476348  0.00510034998995424  0.01140747694321590  0.01853596000050528
  0.02774833281523854  0.03621200332337679  0.04544661453981118  0.05502412995045186
  0.06534090302158860  0.07723973699420048  0.08814859401090283  0.09866953969052590
  0.11042645650506017  0.12277855813569064  0.13406261962048213  0.14544801396371240
  0.15630294793236774  0.16750832220119422  0.17963512465383236  0.19078184520423935
  0.20178416686294764  0.21288340367824971  0.22494670036531261  0.23854785409337936
  0.25267251954571085  0.26583362502222413  0.27829364461560069  0.29090675081629019
  0.30245163424714910  0.31362870190340791  0.32460562368573653  0.33612380357330379
  0.34614853947594781  0.35651421886540524  0.36724932654456088  0.37781967373095865
  0.38673388070400366  0.39576569347208645  0.40618793672694270  0.41741148713625292
  0.42908559745586550  0.43818537855597739  0.44465720636406503  0.45079746125395637
  0.45730927463346632  0.46382257582382369  0.47122963514889049  0.48272042899398221
  0.49748203574201050  0.51188328976080477  0.52450494118606772  0.53663210702055064
  0.54750826085937088  0.55818264115798688  0.56972067613849320  0.58215493056854917
  0.59460548014697956  0.60684399394635946  0.61879108263641203  0.62940308422129776
  0.63946728416757448  0.65004604306609093  0.66129922218757620  0.67347392869760025
  0.68510153850199185  0.69485269957454199  0.70249321730115855  0.71032313974149441
  0.71774548919935088  0.72683970341298498  0.73779861936827040  0.74841339646925831
  0.75905811795408618  0.76969337214856326  0.78010393084474605  0.79016713959901252
  0.80107513066690772  0.81280996032742558  0.82454558379998799  0.83506319815719421
  0.84665410624648285  0.85832109794851130  0.86983761368695434  0.88096046198091027
  0.89155568625258275  0.90158128169530061  0.91122985256290501  0.92144416025017140
  0.93322428615037523  0.94715210764310165  0.96225971471497540  0.97190958851859277
  0.97879855621457346  0.98534018797965206  0.99157493152566767  1.00000000000000000
  0.07475283512834378  0.14250977094248779  0.15872458143048021  0.17605314382102774
  0.19647091126989469  0.22398224343146952  0.25633490524859537  0.27757254490956668
  0.29610932039093130  0.31486771879051689  0.33422898270315204  0.35571511537782091
  0.37325006134574085  0.38765586306601968  0.40093722353185390  0.41264627421331979
  0.42490138377862557  0.43824836225568353  0.45135154767472918  0.46267912868328637
  0.47368082085873159  0.48517052872631566  0.49851704165344191  0.51237201042960634
  0.52748722655151181  0.54010719863690082  0.55166410528549237  0.56054947338172023
  0.56952038245566738  0.57753341738053698  0.58610972179256793  0.59464247513999235
  0.60226168614757258  0.60981409330668535  0.61822120572174577  0.62851398642025480
  0.64052556144446771  0.65232594165440960  0.66172617282816015  0.67040134633815285
  0.67903853673714198  0.68780347098474470  0.69803280192941108  0.70811942058724453
  0.71564394706266421  0.72322056974048965  0.73069847527347653  0.73818134902672250
  0.74540224920904274  0.75252331795545058  0.75960190363856295  0.76674228719845605
  0.77392301308645928  0.78053199313617694  0.78663303203187862  0.79273303256137506
  0.79928804813919019  0.80636388420173621  0.81343895420782142  0.82008346415955713
  0.82629351357534786  0.83229720890157444  0.83834775641067216  0.84421780078391728
  0.85008871035083056  0.85551218148265196  0.86076637272545775  0.86612063899891845
  0.87151255328062127  0.87677195897179849  0.88182934199561025  0.88667719718811866
  0.89133344954585569  0.89634398815615568  0.90157446665354912  0.90681572809010591
  0.91191293844477928  0.91682071173198820  0.92194031800745191  0.92714243334707835
  0.93230606582616704  0.93733423611826683  0.94217691550936500  0.94698832939338329
  0.95128781944195906  0.95530552106607780  0.95919651974990894  0.96306592719321216
  0.96693326647428379  0.97072014322262357  0.97448435253562415  0.97857010616419515
  0.98297611528571049  0.98771182490333420  0.99345144568780264  1.00000000000000000
 -0.00979550406912278  0.05967447424863392  0.08392270415636111  0.10083485810782847
  0.11462688868831647  0.12684861119129795  0.13788612299723890  0.14841954973714633
  0.15696609197142805  0.16582501018344048  0.17405613731773492  0.18184887947433487
  0.18932303611661536  0.19602601862955557  0.20261335024612859  0.20932724288452650
  0.21650565740901218  0.22326659778443542  0.22956960367591894  0.23510998577313286
  0.24042871255025178  0.24607189428683957  0.25223358575468063  0.25928995607768263
  0.26641237639984122  0.27280421521817760  0.27930533454021939  0.28618411653302339
  0.29288286344167280  0.29921518611099973  0.30510394442213706  0.31084496487657198
  0.31646388369672995  0.32200517245809529  0.32751243530952406  0.33288988768472794
  0.33792412941652894  0.34307494284035978  0.34829752357523591  0.35391986601762954
  0.36001255292386364  0.36568530623443191  0.37095169614594931  0.37624224557847336
  0.38212526184607215  0.38879076146562086  0.39476357922753236  0.39894585031312346
  0.40333386177659197  0.40804539971294351  0.41226538192065953  0.41647675502199877
  0.42178901138006852  0.42878230339069506  0.43605274597538313  0.44298856172752815
  0.44939422930626399  0.45524812429894518  0.46100033367421323  0.46660226374455538
  0.47236191232960345  0.47765492898406969  0.48298244790687678  0.48861248446053124
  0.49459553830782299  0.50150524436973076  0.50844848058269043  0.51565262810879120
  0.52303266761129386  0.53130429531854473  0.53962176270287499  0.54657812377621728
  0.55226009054531777  0.55860181223148642  0.56518273733186664  0.57234919529782335
  0.58278407549540834  0.59330393950339788  0.60393236167899889  0.61398830177051389
  0.62404589268358490  0.63324511644482318  0.64233756758984606  0.65187490172708118
  0.66237385699250650  0.67540793718126380  0.68884623117026411  0.70262411753760301
  0.71693269598670195  0.73146708582753206  0.74703217130874533  0.76566992263882883
  0.78630415311459634  0.81470997053188920  0.86198766183361397  1.00000000000000000
  0.53121040146208687       -1.0000000000000000     
 F F F F F F F F F F F F F F F F F F F F F F F F F F F F F F F F F F F F F F F F F F F F F F F F F F F F F F F F F F F F F F F F F F F F F F F F F F F F F F F F F F F F F F F F F F F F F F F F F F F F F F F F F F F F F F F F F F F F F F F F F F F F F F F F
  <DiscreteSampler_grid>
  grouped_processes
  1 # 1 for a reference and 2 for a running grid.
  10 # Attribute 'min_bin_probing_points' of the grid.
  1 # Attribute 'grid_mode' of the grid. 1=='default',2=='initialization'
  0.0000000000000000 # Attribute 'small_contrib_threshold' of the grid.
  0.5000000000000000 # Attribute 'damping_power' of the grid.
 # binID   n_entries weight   weight_sqr   abs_weight
    13   10   4.228749275542997E+004   1.577026694405697E+010   4.228749275542997E+004
    14   10   4.228749275542996E+004   1.577026694405696E+010   4.228749275542996E+004
    16   10   4.228749275542996E+004   1.577026694405697E+010   4.228749275542996E+004
    17   10   4.228749275542996E+004   1.577026694405697E+010   4.228749275542996E+004
    22   10   4.228749275542996E+004   1.577026694405697E+010   4.228749275542996E+004
    23   10   4.228749275542995E+004   1.577026694405694E+010   4.228749275542995E+004
    25   10   4.228749275542996E+004   1.577026694405697E+010   4.228749275542996E+004
    26   10   4.228749275542996E+004   1.577026694405696E+010   4.228749275542996E+004
    31   10   4.228749275542999E+004   1.577026694405698E+010   4.228749275542999E+004
    32   10   4.228749275542999E+004   1.577026694405698E+010   4.228749275542999E+004
    34   10   4.228749275542999E+004   1.577026694405698E+010   4.228749275542999E+004
    35   10   4.228749275542999E+004   1.577026694405698E+010   4.228749275542999E+004
  </DiscreteSampler_grid>
