  0.00000467077613243  0.00000490566214046  0.00000516324436809  0.00000541235589263
  0.00000566103842272  0.00000590657776283  0.00000615428961704  0.00000640026433270
  0.00000665323013139  0.00000692176948746  0.00000721083654448  0.00000751891669337
  0.00000784381418849  0.00000818751621716  0.00000854634805153  0.00000891482764119
  0.00000929183386611  0.00000968035565008  0.00001008845780040  0.00001051400284219
  0.00001094853180324  0.00001138635016404  0.00001183182739761  0.00001229347593290
  0.00001276200781430  0.00001327563658849  0.00001379979311364  0.00001434911713720
  0.00001492413101864  0.00001551097958411  0.00001609904028854  0.00001669551625648
  0.00001736580846040  0.00001807298112629  0.00001882190081113  0.00001963687448031
  0.00002050187357630  0.00002138567746866  0.00002231491592291  0.00002328990286076
  0.00002431519204233  0.00002538771168078  0.00002651901308389  0.00002772115734609
  0.00002899516964715  0.00003036376534245  0.00003181854428677  0.00003331520266990
  0.00003486417011664  0.00003651634167128  0.00003834287318229  0.00004024448125187
  0.00004226711952347  0.00004436349911198  0.00004656017511737  0.00004887412025242
  0.00005138141191083  0.00005409169411262  0.00005696209393483  0.00005989716640306
  0.00006304331565716  0.00006638716781605  0.00007003520267149  0.00007401111291752
  0.00007828451158646  0.00008293958107742  0.00008800267648967  0.00009346017313321
  0.00009938482559025  0.00010577557898454  0.00011280310292913  0.00012065189458221
  0.00012929847537172  0.00013872921200238  0.00014903596341487  0.00016048605716625
  0.00017352475324591  0.00018866302717882  0.00020642276872131  0.00022702284160129
  0.00025108424195818  0.00027932806911384  0.00031205418915744  0.00035016597506122
  0.00039701199328137  0.00045725064672028  0.00053781077318717  0.00064245224899245
  0.00078650037210096  0.00097468230127547  0.00124213124971446  0.00168420896306059
  0.00239016677865532  0.00372372242363565  0.00658626955820161  1.00000000000000000
  0.00000535575579229  0.00000556153431959  0.00000569510503805  0.00000580727417293
  0.00000591508589019  0.00000602125504004  0.00000613361972197  0.00000624900021306
  0.00000637615580164  0.00000650924331465  0.00000663906093653  0.00000677206030922
  0.00000691473429256  0.00000707287234450  0.00000725111019243  0.00000744191216290
  0.00000764672575070  0.00000786057665892  0.00000806736597360  0.00000830229040963
  0.00000856819829731  0.00000884989893105  0.00000916501826434  0.00000950894858416
  0.00000987133071335  0.00001026044590501  0.00001069553595763  0.00001117609787783
  0.00001169858478539  0.00001225152721014  0.00001282960354522  0.00001345295681980
  0.00001411149053515  0.00001483375808143  0.00001559434269458  0.00001638095492340
  0.00001724375019491  0.00001822727708126  0.00001929179135101  0.00002045612110687
  0.00002163161983124  0.00002289381511194  0.00002427428211083  0.00002573825031205
  0.00002733006760704  0.00002905327109371  0.00003088373843728  0.00003283520587828
  0.00003491505786020  0.00003711124472541  0.00003941453903096  0.00004181893434650
  0.00004437273239754  0.00004710941536933  0.00005004675731548  0.00005306697153425
  0.00005613373444465  0.00005942529542550  0.00006294427691516  0.00006675977551062
  0.00007090637461308  0.00007537079652403  0.00008021696030457  0.00008546550070051
  0.00009116157900529  0.00009738623398968  0.00010421835574595  0.00011185319613835
  0.00012025338918239  0.00012943714897373  0.00013957255054449  0.00015097262698171
  0.00016393435831278  0.00017850209251334  0.00019495217892832  0.00021358119770203
  0.00023477021865930  0.00025997933547544  0.00028948315325329  0.00032361792801363
  0.00036352997887933  0.00041157476549426  0.00047394597838902  0.00055018764008662
  0.00064343234680037  0.00076316458259440  0.00091621372903750  0.00111556834914664
  0.00139706438084307  0.00181690306747004  0.00245984247004245  0.00345179640817488
  0.00548383832619735  0.01574487066898596  0.21864593664521192  1.00000000000000000
  0.00000466784791590  0.00000492519334070  0.00000513631140389  0.00000535497101375
  0.00000559718116443  0.00000584766287425  0.00000610462574755  0.00000638175362760
  0.00000665865310692  0.00000695019205142  0.00000726461394294  0.00000759483650790
  0.00000792882714648  0.00000827924272539  0.00000866271756994  0.00000906538943258
  0.00000948835187362  0.00000993562312586  0.00001041224765172  0.00001092916030160
  0.00001148017515768  0.00001204488336946  0.00001262180504581  0.00001322791476823
  0.00001386795927178  0.00001453916145653  0.00001526361396173  0.00001603627811848
  0.00001684108853603  0.00001772063200523  0.00001860071990738  0.00001951284607415
  0.00002047449725437  0.00002146828574224  0.00002255658801400  0.00002372027883495
  0.00002495012889676  0.00002625307899949  0.00002756575627749  0.00002892464835105
  0.00003039061923527  0.00003190666250626  0.00003352310699251  0.00003520044721048
  0.00003694282682771  0.00003878563626197  0.00004073142691797  0.00004280122457510
  0.00004502506762126  0.00004737937214109  0.00004985417552600  0.00005247023092629
  0.00005525990311613  0.00005825250250550  0.00006144519008680  0.00006482568013042
  0.00006840711459913  0.00007220916196737  0.00007624314014522  0.00008054844120882
  0.00008520081746052  0.00009028380440677  0.00009584496505917  0.00010180247461804
  0.00010807465573033  0.00011482651571878  0.00012204277751943  0.00013002075662768
  0.00013895517691221  0.00014850518681790  0.00015903761076586  0.00017087973491655
  0.00018444251950796  0.00019955828785137  0.00021636673667880  0.00023489759491659
  0.00025626051082108  0.00028078578987990  0.00030893430528617  0.00034217351914616
  0.00038281080185338  0.00043235042431780  0.00048773744419660  0.00054708219536821
  0.00061404528942171  0.00070050022687422  0.00081776947745136  0.00096840313661566
  0.00118280953559731  0.00151697853906504  0.00202337235484848  0.00271897524676111
  0.00390131052767945  0.00730607093236491  0.12278106563391070  1.00000000000000000
 -0.00211394731441109  0.00847234049555352  0.01742053100712301  0.02678256042708453
  0.03607386247135133  0.04483940979668555  0.05375260943447743  0.06252385068784425
  0.07165108373648252  0.08086927446945405  0.09002179861809662  0.09912904711277570
  0.10819014079977844  0.11735278939949076  0.12664346091830678  0.13605883580452655
  0.14550857398183020  0.15499096646397487  0.16454427465849053  0.17421512048005802
  0.18402201887891950  0.19398222487575187  0.20414800533850386  0.21443708382553120
  0.22478858147686734  0.23507447419765998  0.24540729216549162  0.25598144854274185
  0.26669033106922063  0.27737173673025733  0.28827026592928262  0.29962087185389386
  0.31131760318604901  0.32308275208973175  0.33479811102353829  0.34644973598890583
  0.35800984201706715  0.36966504648793808  0.38165292924264427  0.39388900381692005
  0.40634199165750606  0.41882835163418702  0.43151515548350128  0.44425426315550098
  0.45639933853934983  0.46818249321995342  0.47992171982628190  0.49214710185204136
  0.50449454121278925  0.51702895164015650  0.52977963924397542  0.54261256568201477
  0.55535629907143924  0.56781733925962863  0.58048028667127149  0.59312393974987077
  0.60622442762904194  0.61913991251333933  0.63178073828481651  0.64411501442063335
  0.65595427676404516  0.66707948640783210  0.67841796172225310  0.68979922815262695
  0.70056952777922354  0.71134211518732027  0.72212448674688623  0.73328316150095385
  0.74434810380864114  0.75501897519300099  0.76538244711682824  0.77548754712979528
  0.78529110812525338  0.79527832713154045  0.80532242474104643  0.81538876184212827
  0.82550607742093607  0.83543739678531703  0.84531407196595221  0.85473111126321821
  0.86348466817135927  0.87181852372863622  0.88016344228885568  0.88884158823355663
  0.89796864417503530  0.90723481576486575  0.91637129427053343  0.92544208798282723
  0.93461993355824413  0.94378640878782627  0.95272075292759228  0.96143409454766171
  0.97075635195365506  0.98026449179564701  0.99030723234983298  1.00000000000000000
 -0.00237320159671534  0.00929322119037444  0.01989229778175184  0.03080579042697129
  0.04232136751218722  0.05405720796207741  0.06519307282749889  0.07612561015996494
  0.08691936062599079  0.09777673238117948  0.10822362152967452  0.11872332047793768
  0.12948593777871198  0.14042594012457338  0.15096301469201220  0.16143160335475115
  0.17234590952962647  0.18334128170462161  0.19438280682945094  0.20479121103875370
  0.21501543979169871  0.22516401560560415  0.23537475559712162  0.24556665093700808
  0.25602823921496259  0.26644780957333225  0.27709321697957356  0.28635553301672173
  0.29567427653409056  0.30499785624822168  0.31513140857978122  0.32577722804962977
  0.33636956510298244  0.34681977115988616  0.35710838230204700  0.36767180776542335
  0.37805880900740796  0.38815461521625916  0.39806924385252446  0.40888901158578028
  0.41982882198286930  0.43104291462308514  0.44234198707073641  0.45341793579277012
  0.46475540640889623  0.47522527311346491  0.48572024606161884  0.49602516068958968
  0.50708426941381302  0.51791045131508906  0.52860967268992853  0.53887289197186306
  0.54953516798250801  0.56036894706718376  0.57125350065584735  0.58218191106836048
  0.59286063482454809  0.60343573288018093  0.61386155629555528  0.62416931965024580
  0.63473838260150628  0.64526847338382420  0.65579792892603739  0.66582479162483976
  0.67547515097160415  0.68542677083762937  0.69558968355961404  0.70610326803842693
  0.71665885382827421  0.72740216264359847  0.73843008325632042  0.74932307065286174
  0.75985145439463697  0.77012185259708188  0.78035078821201054  0.79089691039065324
  0.80148063745654163  0.81206281420906312  0.82242597834830666  0.83261954925323578
  0.84271779718103668  0.85280657832877638  0.86321060529018800  0.87389484617404189
  0.88451580191592916  0.89495936532302089  0.90543452863048091  0.91633847561722837
  0.92752571294151198  0.93850735593910684  0.94935288033302290  0.96008274396769144
  0.97018641464815480  0.97984824499341161  0.98973694048425243  1.00000000000000000
 -0.00245351692194704  0.00940400263764171  0.02005409453679054  0.03125779972867840
  0.04209952168066983  0.05220714770932122  0.06244047611349073  0.07320710577936242
  0.08431948611514763  0.09549154582937865  0.10666385981859597  0.11780134729545633
  0.12865684352003201  0.13949754231296230  0.15045813042438960  0.16127880602624886
  0.17186157855181325  0.18237060965670449  0.19280833253386020  0.20310769058963732
  0.21324278677330738  0.22355214656882028  0.23378113930843969  0.24402734495014264
  0.25473089711893904  0.26616766766373195  0.27746906612165079  0.28857055339144466
  0.29948257807869944  0.31059980233933759  0.32098158222878420  0.33151092149517641
  0.34217451403849802  0.35314918483127933  0.36395650371959348  0.37465795437420324
  0.38500689561941731  0.39537752883568167  0.40559164238437706  0.41591912720827307
  0.42628590701181368  0.43686490065135436  0.44775510311305916  0.45880438374278892
  0.47000188250912978  0.48121775288576246  0.49205485421518808  0.50234835942952460
  0.51262502256051945  0.52342922117076573  0.53399961068651181  0.54403389472086894
  0.55369746624118055  0.56366997705534971  0.57388761898753826  0.58416413936786538
  0.59470029133666491  0.60537067316925763  0.61605094788334058  0.62665983675576509
  0.63716452566957482  0.64764669572441091  0.65786753234878703  0.66772960719026531
  0.67750174814237440  0.68755947818623231  0.69780111330885308  0.70815750003644351
  0.71854499526630677  0.72891105795773725  0.73908350735239903  0.74928291776977063
  0.75946831967449779  0.76997711870864372  0.78038583700511210  0.79101870027592536
  0.80160613524331858  0.81226299504394606  0.82302342699535602  0.83352468481344555
  0.84402833476994010  0.85445265614201948  0.86508411751398240  0.87507725282181326
  0.88538433831560626  0.89586323729762019  0.90671411715178118  0.91689458920986766
  0.92725915640672096  0.93715184437908150  0.94779096521969119  0.95791317997053371
  0.96852845669172360  0.97889616950738612  0.98932154248216486  1.00000000000000000
 -0.00003506156393817  0.00017517283652300  0.00043676680808849  0.00074603167823665
  0.00106849125321104  0.00138156166158942  0.00170226151779525  0.00203226724177575
  0.00236294155797872  0.00269421226890882  0.00302423236409952  0.00334434803964320
  0.00365692407505172  0.00396314186046879  0.00427261582228121  0.00458167102473213
  0.00489749162224523  0.00521177780964003  0.00553004619443286  0.00584022158305496
  0.00613898642518606  0.00643144539409907  0.00672494678483237  0.00703141257634891
  0.00733147363566111  0.00761861557861484  0.00791679189926742  0.00821723447043593
  0.00853818056726820  0.00887311698038168  0.00921530884931698  0.00954801413714006
  0.00991537410899903  0.01026131008832844  0.01063219085430491  0.01096284741232117
  0.01128907780872123  0.01159316383020874  0.01195820354549836  0.01232238076081006
  0.01264576552968226  0.01292748567468631  0.01323252360581816  0.01360608576088552
  0.01400373901417866  0.01436280165206587  0.01469828199836270  0.01506254706479892
  0.01546954123905404  0.01591021482997681  0.01636603841019465  0.01683967412232122
  0.01735842403792567  0.01789269516793343  0.01837759479918554  0.01882308275582552
  0.01925472569596780  0.01975837298113082  0.02041064863366148  0.02111264696474737
  0.02181328130633887  0.02233147509974878  0.02274440154842151  0.02320397037894531
  0.02380011805339517  0.02462699927301128  0.02570552417679984  0.02644862332342070
  0.02721167128230817  0.02776859505796091  0.02835466891858483  0.02895960570192379
  0.02963934813559746  0.03048699906852994  0.03136741802519059  0.03218525487687043
  0.03309385663788733  0.03413017375109817  0.03510759013911316  0.03611061283275746
  0.03703049286215866  0.03808692764969483  0.03909515896864565  0.03996920086772476
  0.04181910719544947  0.04469222688553567  0.04780994759344022  0.05071791863849133
  0.05379884871370520  0.05786017558373615  0.06255709854310637  0.06757609375394981
  0.07203997544650058  0.07901175428057458  0.96745470005440293  1.00000000000000000
 -0.00336274700595614  0.01335867900967574  0.02701410874759857  0.04103699830764146
  0.05503946777432813  0.06844106176091526  0.08136507288393618  0.09387172789651130
  0.10700422249095078  0.11998856893403619  0.13294426498002326  0.14578311522197956
  0.15873306605865492  0.17128411237909691  0.18350904121291006  0.19563283388216773
  0.20762004623149835  0.21924177670943309  0.23065615215703172  0.24188941800328406
  0.25265749955986905  0.26324456375496363  0.27398699548919814  0.28492414704996338
  0.29564209131220709  0.30583352335312591  0.31568963353794710  0.32539552409237343
  0.33516846623738961  0.34499479745574979  0.35455311286834551  0.36377745496918545
  0.37270822736946957  0.38178953676566485  0.39065536671047096  0.39931248091342231
  0.40734997735123557  0.41527703866889926  0.42312224720295610  0.43129197704770328
  0.43926312791000632  0.44721171773045282  0.45476815095853329  0.46250556577834634
  0.47023574906611504  0.47835205891729837  0.48589848204224023  0.49346770885090208
  0.50114039508794195  0.50921536116827892  0.51715457720160796  0.52482165711098483
  0.53244090933343724  0.54027382797998003  0.54872306025269479  0.55738520844894213
  0.56585063812686542  0.57368417755334633  0.58142509339889958  0.58926516905702242
  0.59730974389837888  0.60538299929395489  0.61361055089024774  0.62202666553316144
  0.63102603917134148  0.64055682026167871  0.65034520633224802  0.66025996440746060
  0.67038677798606472  0.68074983289510282  0.69128533660644620  0.70201296400161017
  0.71287514883223169  0.72391075655271975  0.73488379301532558  0.74566796500132049
  0.75629165472943793  0.76716570427243458  0.77882219304150890  0.79053981266731221
  0.80184115046903803  0.81288695150947443  0.82446054778863553  0.83638255628672853
  0.84877295325893420  0.86176923859559662  0.87481293941019833  0.88801577622165773
  0.90127656139055656  0.91499209613387045  0.92842070904681850  0.94266557627574699
  0.95766670517421448  0.97225940001240052  0.98627778333293925  1.00000000000000000
  0.01517464980580371  0.05721660541749580  0.08359029778036721  0.09937286354092276
  0.11273925005961162  0.12678254342427919  0.14074000596830166  0.15483965983577988
  0.16919943467970514  0.18328924043683378  0.19679575501298854  0.20975235663679959
  0.22225989980164179  0.23435910651992053  0.24628744792428497  0.25828187565304511
  0.27029692288728041  0.28226793794243732  0.29416045878879105  0.30630081962684907
  0.31823795299180402  0.32994434352610780  0.34156930517787798  0.35360337751398641
  0.36554078316769828  0.37741834001965263  0.38897506935673087  0.40045305646436985
  0.41156865866188075  0.42303833610033481  0.43484750020810603  0.44626363052123780
  0.45753443150295625  0.46866247589335247  0.47966404962145071  0.49018604864323212
  0.50058097811862556  0.51126543884871545  0.52202844021874828  0.53270631068701102
  0.54324162006905286  0.55384717285075680  0.56441716113890317  0.57485450449321573
  0.58504387240725164  0.59504197148032412  0.60491364583822138  0.61466779180907760
  0.62435224031074343  0.63393490759596272  0.64332087158657614  0.65241705243344250
  0.66125900468630339  0.66989908575076351  0.67850603777814322  0.68723180964816810
  0.69593721375816253  0.70445703881827959  0.71279170340789844  0.72094085826534782
  0.72914901165964541  0.73752011507204251  0.74589672465188905  0.75422496695449626
  0.76252929693466343  0.77071830360228044  0.77890372834784050  0.78700982689828902
  0.79507467698929768  0.80310858659911211  0.81109368949736260  0.81892463869148768
  0.82661511399943088  0.83427398206121728  0.84196085326408754  0.84973759448983854
  0.85728180730346892  0.86448593527504458  0.87164348002580949  0.87892234741557440
  0.88609127030101031  0.89309965833780958  0.90000127306257061  0.90685577920395910
  0.91370083476644337  0.92050691759140146  0.92731861172957486  0.93411525134807349
  0.94081932009302294  0.94752730338722824  0.95443903292251508  0.96154320209136412
  0.96913060535445361  0.97698101498837020  0.98715931560200409  1.00000000000000000
 -0.02901538691903048  0.12808895207507834  0.16399544760174251  0.18549107006739901
  0.20274765698728925  0.21751361878002295  0.23040235941985662  0.24207564531829523
  0.25316106537837957  0.26366349543427159  0.27347227019058662  0.28257370940701054
  0.29107149053260944  0.29896369941478090  0.30663628984116059  0.31404731824297016
  0.32131172749084791  0.32851002404183199  0.33560158420904201  0.34266515254057717
  0.34967251464122301  0.35653841635441280  0.36311263991006487  0.36940666480029827
  0.37554225168762395  0.38164058540270368  0.38766624440070446  0.39349417515884844
  0.39918297385449958  0.40474221150068812  0.41020891166381263  0.41559132953493405
  0.42105976462306816  0.42669378108235884  0.43234482158569587  0.43765405833279919
  0.44290676435939458  0.44813266354959386  0.45353090617102876  0.45914731535165393
  0.46464023273444016  0.47002194444368223  0.47544380892934845  0.48086010631360065
  0.48627240921148329  0.49160156183888126  0.49680170835776205  0.50190436261059823
  0.50688515156315750  0.51177590352117308  0.51667142033638491  0.52150804303971510
  0.52632734350629995  0.53133391912046424  0.53659555067191256  0.54200216100417375
  0.54736584783552722  0.55263169612013330  0.55784063505496884  0.56312726704111382
  0.56839059599083364  0.57365889024419525  0.57898307497738521  0.58438043767460890
  0.59005428397978033  0.59573545977222375  0.60139041049931041  0.60705489802346790
  0.61288347009942190  0.61875382449543437  0.62468219093228683  0.63077542765318195
  0.63694919437545139  0.64324568029950413  0.64955202439894755  0.65603000973232251
  0.66259429675821602  0.66928734094473530  0.67606048059297164  0.68287820920975006
  0.68989204853730801  0.69734871806923027  0.70502067599796547  0.71296973387722173
  0.72120370212026319  0.72987322245009834  0.73919368025459853  0.74910988169410064
  0.75978573013887474  0.77130192162511857  0.78363951169358614  0.79750629717521337
  0.81414137788269458  0.83596055561559246  0.87225094570001604  1.00000000000000000
   6.7598056477996882E-002  -1.0000000000000000     
 F F F F F F F F F F F F F F F F F F F F F F F F F F F F F F F F F F F F F F F F F F F F F F F F F F F F F F F F F F F F F F F F F F F F F F F F F F F F F F F F F F F F F F F F F F F F F F F F F F F F F F F F F F F F F F F F F F F F F F F F F F F F F F F F
  <DiscreteSampler_grid>
  grouped_processes
  1 # 1 for a reference and 2 for a running grid.
  10 # Attribute 'min_bin_probing_points' of the grid.
  1 # Attribute 'grid_mode' of the grid. 1=='default',2=='initialization'
  0.0000000000000000 # Attribute 'small_contrib_threshold' of the grid.
  0.5000000000000000 # Attribute 'damping_power' of the grid.
 # binID   n_entries weight   weight_sqr   abs_weight
    10   10   2.959562467612180E+007   8.744831356602683E+015   2.959562467612180E+007
    16   10   2.959562467612180E+007   8.744831356602683E+015   2.959562467612180E+007
    22   10   2.959562467612181E+007   8.744831356602688E+015   2.959562467612181E+007
    28   10   2.959562467612181E+007   8.744831356602688E+015   2.959562467612181E+007
    34   10   2.959562467612180E+007   8.744831356602683E+015   2.959562467612180E+007
    40   10   2.959562467612179E+007   8.744831356602677E+015   2.959562467612179E+007
    46   10   2.959562467612179E+007   8.744831356602680E+015   2.959562467612179E+007
    52   10   2.959562467612179E+007   8.744831356602677E+015   2.959562467612179E+007
    58   10   2.959562467612183E+007   8.744831356602701E+015   2.959562467612183E+007
    64   10   2.959562467612180E+007   8.744831356602683E+015   2.959562467612180E+007
    70   10   2.959562467612181E+007   8.744831356602688E+015   2.959562467612181E+007
    76   10   2.959562467612181E+007   8.744831356602688E+015   2.959562467612181E+007
  </DiscreteSampler_grid>
