 -0.00233448984137648  0.00973144517641372  0.01993311593878338  0.03047110587489949
  0.04102153021591366  0.05156198786239174  0.06210009841493398  0.07263616884215410
  0.08317768419280787  0.09371392972832740  0.10425091703251975  0.11478301405620718
  0.12532440671878964  0.13586516677892893  0.14640888803138435  0.15694887187017911
  0.16749061436507565  0.17803728931291288  0.18858607421851714  0.19913462502562426
  0.20968244477613662  0.22022265268867081  0.23076077782065035  0.24129272289650600
  0.25183096759442342  0.26237150914886365  0.27291830324109240  0.28346077160078281
  0.29400028762277647  0.30452953243382946  0.31506018588460327  0.32558704565662516
  0.33612205312333621  0.34666272625960326  0.35720511014333090  0.36775160335497731
  0.37829381165367409  0.38883757434300292  0.39937696293151131  0.40992024000862415
  0.42045683690130792  0.43099404608449027  0.44152525275167437  0.45206480417303063
  0.46260686344467328  0.47315422561405829  0.48369967092169602  0.49424195311982067
  0.50478090104637630  0.51532242013896257  0.52586753568584621  0.53640866046061941
  0.54694553416111569  0.55747025197997291  0.56799839408975972  0.57851858464343442
  0.58903817946090109  0.59955842135730797  0.61009013965939074  0.62063076257984018
  0.63117482286468662  0.64172164251997477  0.65226147239851140  0.66279611265273231
  0.67332418239675096  0.68386109777345749  0.69440507589234479  0.70495103531464753
  0.71549677173727588  0.72604051521977475  0.73658572474111983  0.74712976334226833
  0.75766959490694419  0.76819060796218108  0.77871260345244431  0.78923415803809860
  0.79976898479838909  0.81030066254042221  0.82083330676566646  0.83136612475442095
  0.84189821009528765  0.85243246966594100  0.86297456682684548  0.87351812053350264
  0.88406330109292663  0.89460626751884276  0.90513788782467675  0.91567049068324669
  0.92620305714291529  0.93675005551796120  0.94728995143270245  0.95783207336906251
  0.96837584912699726  0.97892476798907180  0.98946504468373675  1.00000000000000000
 -0.00252665742451568  0.00949517257522703  0.01965441848401782  0.03016855955360435
  0.04071695073724810  0.05126425819928423  0.06180943230346225  0.07235294406286091
  0.08289916780484162  0.09343705123538414  0.10397638306781443  0.11451283731308912
  0.12505108563551762  0.13557810943198303  0.14610740089537327  0.15664508737437427
  0.16718840083673206  0.17773377504229168  0.18827908352475603  0.19881720216127113
  0.20935471853883053  0.21988703896474224  0.23043047774935538  0.24097291496213188
  0.25151341018693857  0.26205697220087326  0.27259882507948030  0.28314076097680874
  0.29367700825577780  0.30420571380395034  0.31473903458043206  0.32527785362305506
  0.33582237703934370  0.34636849268776149  0.35690535551709196  0.36744255168042539
  0.37797962406559921  0.38852562588769451  0.39907646416009729  0.40962810915046760
  0.42017932547784975  0.43072957801817913  0.44127729489566675  0.45182184487719840
  0.46236635386664460  0.47291098211947691  0.48345877820762628  0.49400738576381054
  0.50455141346959498  0.51508849482119501  0.52562761694748816  0.53615319359646030
  0.54668073836518638  0.55720217655058535  0.56774132390880316  0.57828593986147891
  0.58883531740186723  0.59937929664843514  0.60992316477211705  0.62046810805956332
  0.63101355298788642  0.64155409950178521  0.65209235046599590  0.66263580549114010
  0.67318357989157385  0.68372742367787875  0.69426847989405438  0.70481035041488993
  0.71535325109717018  0.72589320859764317  0.73643184017011099  0.74697170481804265
  0.75751940618182334  0.76806817253684134  0.77861826531381317  0.78916852829123829
  0.79971527139170107  0.81026296290287803  0.82080622539232495  0.83134910277780882
  0.84188875420924125  0.85242853966461518  0.86296598019121440  0.87350064473574940
  0.88403885289337381  0.89458102917802762  0.90512365669649664  0.91566515740444476
  0.92620772433439957  0.93675043665913360  0.94729294028435485  0.95783563241913083
  0.96837927691933878  0.97891877766188939  0.98945859116251067  1.00000000000000000
   2.5519448817293927E-008  -1.0000000000000000     
 F F F F F F F F
  <DiscreteSampler_grid>
  grouped_processes
  1 # 1 for a reference and 2 for a running grid.
  10 # Attribute 'min_bin_probing_points' of the grid.
  1 # Attribute 'grid_mode' of the grid. 1=='default',2=='initialization'
  0.0000000000000000 # Attribute 'small_contrib_threshold' of the grid.
  0.5000000000000000 # Attribute 'damping_power' of the grid.
 # binID   n_entries weight   weight_sqr   abs_weight
    10   10   1.322623097372511E+010   1.749331857703253E+020   1.322623097372511E+010
  </DiscreteSampler_grid>
