 -0.00251915747876913  0.00949266775791972  0.01965564992329442  0.03017192014249297
  0.04071338692432301  0.05124869015657075  0.06178924118908154  0.07232914218722516
  0.08287259331259958  0.09341739898100468  0.10396445348520926  0.11451155913121176
  0.12505828863693136  0.13561427354192998  0.14615036615652305  0.15668580917864852
  0.16721817761848345  0.17776712010587281  0.18831341936354351  0.19886037816231106
  0.20940439658055815  0.21994990929000297  0.23049316462388522  0.24103449588497741
  0.25157228767709500  0.26211398470172692  0.27265018831442417  0.28319215676423215
  0.29372708422604138  0.30426400770109496  0.31480006051695092  0.32533854858943406
  0.33588683955530224  0.34643006977997404  0.35696738730371835  0.36750199710920667
  0.37803833700884176  0.38858435682370046  0.39913478433831018  0.40968308388488833
  0.42022614507932615  0.43076371366944194  0.44130537562354077  0.45185038875693490
  0.46240171901184196  0.47294775130049527  0.48349021450426710  0.49402734314275998
  0.50456201487683427  0.51510073123599942  0.52564278869756054  0.53619016744954873
  0.54673764706958661  0.55728067528078928  0.56782098232946465  0.57836263158251910
  0.58889690128259076  0.59943266380334659  0.60997006147208921  0.62051024186605019
  0.63105243355350960  0.64159160962206219  0.65213450405946538  0.66267429878358886
  0.67320097376824095  0.68372882187279771  0.69426479319692069  0.70479712898350488
  0.71533584426978603  0.72587048641307561  0.73642139070234569  0.74696974330816779
  0.75751843813495423  0.76806676668200691  0.77861642802687059  0.78916581704358080
  0.79971776568821507  0.81027084783615200  0.82081664063756077  0.83135695772428497
  0.84188750612401164  0.85241780321460914  0.86295044462217163  0.87349100518790035
  0.88403550723380997  0.89458327689594996  0.90512835081772325  0.91567750032254391
  0.92622323072137613  0.93676623708533191  0.94731159744041094  0.95785538888994226
  0.96838972035536541  0.97892648642237168  0.98946306299559506  1.00000000000000000
 -0.00252523023448335  0.00945512738904489  0.01960892557944354  0.03012047143294347
  0.04066514131134574  0.05120365498777751  0.06174785981928540  0.07229432692834194
  0.08284254160691995  0.09339482784812039  0.10393508315703152  0.11447650545763167
  0.12501506289082631  0.13555867595598087  0.14609253298086122  0.15662604424722046
  0.16716342251947106  0.17770431050706481  0.18824165969401230  0.19878072039174247
  0.20932017539795028  0.21986546324665723  0.23040559937792740  0.24095143996416574
  0.25149986215802550  0.26204404972934103  0.27258329889074601  0.28310342839357810
  0.29363027248930923  0.30416307140190069  0.31470110981043659  0.32523518297159038
  0.33576936018830927  0.34631052687242914  0.35685938746522577  0.36740376038527045
  0.37795489239467023  0.38850067649996800  0.39904716821621572  0.40957200166003110
  0.42010112633692126  0.43062853018971187  0.44117473125652551  0.45172215865869525
  0.46227037326729498  0.47282159405708662  0.48336765237326340  0.49391768673909159
  0.50446352488019131  0.51500617937155402  0.52554258451609903  0.53607277291280131
  0.54660846064618873  0.55714529267132440  0.56768453815075848  0.57822492496108469
  0.58876702049127239  0.59931490873302196  0.60986475075013669  0.62040880839455992
  0.63095304585336953  0.64149827740265608  0.65204190447125421  0.66257723185158734
  0.67311323328428641  0.68364300108239051  0.69418148048434214  0.70471809527203222
  0.71527011348278602  0.72582382858864980  0.73637529580895822  0.74692821384689168
  0.75747880488494745  0.76802612389741465  0.77857214916743978  0.78911929781006607
  0.79966363123040429  0.81020302348957618  0.82073994710232334  0.83128540047269694
  0.84182998911355500  0.85237049080114369  0.86290668085001432  0.87344961173425295
  0.88399301166550959  0.89453944656164852  0.90508631339017165  0.91563704574050986
  0.92618161455213255  0.93672318962345313  0.94726771232890272  0.95781732774521700
  0.96836921799928521  0.97891578896488363  0.98945989599147099  1.00000000000000000
   2.5653288499534760E-008  -1.0000000000000000     
 F F F F F F F F
  <DiscreteSampler_grid>
  grouped_processes
  1 # 1 for a reference and 2 for a running grid.
  10 # Attribute 'min_bin_probing_points' of the grid.
  1 # Attribute 'grid_mode' of the grid. 1=='default',2=='initialization'
  0.0000000000000000 # Attribute 'small_contrib_threshold' of the grid.
  0.5000000000000000 # Attribute 'damping_power' of the grid.
 # binID   n_entries weight   weight_sqr   abs_weight
    10   10   1.322623097372511E+010   1.749331857703254E+020   1.322623097372511E+010
  </DiscreteSampler_grid>
