  0.00000469213403484  0.00000486553680229  0.00000495525542448  0.00000504391484454
  0.00000513440983624  0.00000522296453379  0.00000531117014241  0.00000540915260154
  0.00000551498253890  0.00000562048106629  0.00000572381504583  0.00000582709283390
  0.00000593521304261  0.00000603832232840  0.00000619008817615  0.00000635277600938
  0.00000650970427454  0.00000666366343551  0.00000681893222595  0.00000697689060573
  0.00000715936281532  0.00000737861289093  0.00000760768479013  0.00000783967846621
  0.00000807379705762  0.00000830928034143  0.00000853806009501  0.00000876006473377
  0.00000898034883324  0.00000920482320128  0.00000944707210487  0.00000970328505034
  0.00000996387686455  0.00001023202394673  0.00001049673424745  0.00001076832363203
  0.00001104501934788  0.00001134154846194  0.00001164510298508  0.00001196395018551
  0.00001229931271728  0.00001266729568352  0.00001308769467242  0.00001351923047985
  0.00001395126428121  0.00001442351516451  0.00001493254146545  0.00001545696265797
  0.00001598638239260  0.00001653189044835  0.00001711075954804  0.00001773272198712
  0.00001838239302087  0.00001906013019253  0.00001979002857045  0.00002057432203103
  0.00002141613153958  0.00002232020243619  0.00002327360527084  0.00002427148333134
  0.00002529439161969  0.00002646158330392  0.00002755624060108  0.00002863468467719
  0.00002972013612592  0.00003085333640254  0.00003218619328592  0.00003362099292857
  0.00003523821169489  0.00003708749142597  0.00003910637708977  0.00004133525752614
  0.00004375674328349  0.00004638265857017  0.00004931274575248  0.00005260870615601
  0.00005638844239691  0.00006066932992544  0.00006527843593275  0.00007046869060237
  0.00007650773892584  0.00008369980783386  0.00009258685952226  0.00010281355801644
  0.00011455601800275  0.00012894258135579  0.00014841129143203  0.00017621879270407
  0.00021598703169756  0.00026966339850197  0.00035647836907195  0.00052581889697123
  0.00090276347818208  0.00204779895581578  0.07781688959533453  1.00000000000000000
  0.00002883376881857  0.00003707288311557  0.00004476917423347  0.00005379735503890
  0.00006372974888692  0.00007384471234248  0.00008344468085366  0.00009319334706103
  0.00010349911980557  0.00011459118874668  0.00012535956465199  0.00013587511042238
  0.00014659536652150  0.00015797106520507  0.00016931899140052  0.00018028673054322
  0.00019079419090156  0.00020236445964965  0.00021369879759193  0.00022550236584985
  0.00023741500343869  0.00024936352509765  0.00026186930350534  0.00027465278801910
  0.00028745390178028  0.00030093404831144  0.00031485785119082  0.00032923490384795
  0.00034429841712168  0.00035985198315996  0.00037567660425059  0.00039186393687270
  0.00040833468242449  0.00042468300889559  0.00044165992897563  0.00046034581692145
  0.00048010561697997  0.00050077382306110  0.00052307559437099  0.00054727433070689
  0.00057119990585746  0.00059608513093242  0.00062334170253607  0.00065297204242059
  0.00068388268151588  0.00071852571059060  0.00075294009637729  0.00078763918313665
  0.00082652352726810  0.00086558375460472  0.00090438527794390  0.00094345810391937
  0.00098318781358776  0.00102413468939356  0.00107055246393208  0.00111708581506843
  0.00116499155342036  0.00121423055474026  0.00126279461943171  0.00131191928828486
  0.00136226018951624  0.00141612828365936  0.00148083836469766  0.00154845573545681
  0.00162404112976363  0.00170826799462830  0.00179103947869305  0.00186846672422181
  0.00195784427859216  0.00205326793405428  0.00216534552020958  0.00227686957332382
  0.00239568648012898  0.00252486804022202  0.00268073413423707  0.00278850842997429
  0.00291891068466038  0.00305985425084790  0.00324300677582767  0.00349563926105623
  0.00377265463190059  0.00405890982290619  0.00438725785952464  0.00469277786686253
  0.00501772071103821  0.00549705306395652  0.00625379430637257  0.00703055502498204
  0.00811668024041258  0.00941709511305100  0.01227947677415103  0.01778997108825158
  0.02577283877641971  0.10746519697434329  0.35885558626222003  1.00000000000000000
  0.00000518592059532  0.00000550585395278  0.00000567824741713  0.00000584591759600
  0.00000603473483266  0.00000623048645661  0.00000643948703872  0.00000666565295886
  0.00000689715278678  0.00000717592153940  0.00000750461281226  0.00000783504959356
  0.00000817874380547  0.00000857269797627  0.00000900736795560  0.00000945917458871
  0.00000993506363982  0.00001043515519305  0.00001093794577981  0.00001148124031862
  0.00001207358662083  0.00001267572927953  0.00001326964451151  0.00001386698380795
  0.00001447831295270  0.00001511851933799  0.00001578243884268  0.00001647400756460
  0.00001721581764801  0.00001798728299600  0.00001874859887058  0.00001956533666592
  0.00002048356584396  0.00002144702400519  0.00002251032944809  0.00002366665749213
  0.00002487090814963  0.00002612611379033  0.00002745268390405  0.00002880584778497
  0.00003030962627542  0.00003195657496074  0.00003361848732254  0.00003532426964048
  0.00003708050425469  0.00003904891877768  0.00004140952201252  0.00004389381021764
  0.00004679961077978  0.00004986822422800  0.00005352736550138  0.00005761815735996
  0.00006182096522386  0.00006609079671693  0.00007041687397104  0.00007532616454962
  0.00008098264069472  0.00008717662046304  0.00009407597309213  0.00010164002060848
  0.00010927800460315  0.00011723814811666  0.00012563597919291  0.00013463774534548
  0.00014464620734162  0.00015527214618871  0.00016671212960734  0.00017849451350965
  0.00019060137765903  0.00020389779620914  0.00021688049754779  0.00023311146286753
  0.00025004418618600  0.00026805381213651  0.00028777539444429  0.00031239250523745
  0.00033993649381008  0.00037340095320006  0.00041663396218090  0.00046993206932917
  0.00053084031858191  0.00059975565031436  0.00067921728063299  0.00077542218632192
  0.00089134244384600  0.00103595654549588  0.00121850176214261  0.00152023180539586
  0.00193800879349563  0.00296761156596715  0.00504631030669670  0.00659234205832952
  0.00865205362227440  0.01839356201151364  0.04867030252450854  1.00000000000000000
 -0.00171513619212372  0.00735498034880895  0.01566765276890093  0.02458102527522156
  0.03350639052503993  0.04247926243504960  0.05137314362245966  0.06032260612685120
  0.06916053365633863  0.07830129411085281  0.08793565304691142  0.09817662739904032
  0.10847192080386305  0.11816689512687883  0.12771060558440347  0.13744754560258893
  0.14680813226594208  0.15587618533590261  0.16505840303982416  0.17449939474362422
  0.18406955514467196  0.19358731377334315  0.20383006838776566  0.21509076215992143
  0.22701828857821582  0.23929787274693293  0.25121156922640159  0.26199967819442893
  0.27187115539199808  0.28073548414184613  0.28960323343981936  0.29947107606524498
  0.31072338664269777  0.32305078609232979  0.33463355744963691  0.34639919456737545
  0.35885415004064902  0.37153699413289804  0.38400716432944276  0.39631102813777641
  0.40860419333776116  0.42145013307740514  0.43489516849018683  0.44650496432847431
  0.45703460218254566  0.46774165134201096  0.47889738909787416  0.48995661662804185
  0.50217670203190257  0.51614097407453330  0.53026640387780566  0.54331169301660387
  0.55511692200533103  0.56652888264930612  0.57829142858155358  0.59074320841762085
  0.60356834780518620  0.61763112770337092  0.63005557792662348  0.63999021656516197
  0.65010784106185127  0.66034072947157862  0.67041371879164369  0.67984597682967063
  0.68894750058031784  0.69853036425949688  0.70857048042756787  0.71892342978574197
  0.72925477779439618  0.73980018892224719  0.75064219783077468  0.76132603011734745
  0.77188713537217524  0.78288835899557097  0.79367241636952002  0.80439635177939994
  0.81577131977310902  0.82782004009867527  0.83907815423839127  0.84884793334215214
  0.85881194040369557  0.86922770766688051  0.87982058650657002  0.89024131372987525
  0.89988450012402232  0.90873389825727335  0.91759608318874264  0.92687474927526947
  0.93616966435575277  0.94497367126056542  0.95365928197597227  0.96280423133424242
  0.97280132758596560  0.98269410982402983  0.99141123070504578  1.00000000000000000
 -0.00227336909532795  0.00826435503407266  0.01817694241084811  0.02860339618443814
  0.03923153804438527  0.04899701894965901  0.05864942759927400  0.06936821938401733
  0.07974824805203001  0.08922099047061693  0.09854705773569837  0.10876790371293113
  0.11972527311957148  0.13114730177459541  0.14302876309727791  0.15537359357541458
  0.16790219136062481  0.17896842008447456  0.18997183894389530  0.20143501620147622
  0.21286079122346971  0.22392036687597408  0.23382234179466188  0.24356300120303459
  0.25308403977973226  0.26277226532965059  0.27238643698674381  0.28173627405243473
  0.29115548220082144  0.30010375498505432  0.30893047882185154  0.31836203878194963
  0.32839729359290820  0.33810263718013805  0.34759211217436420  0.35745052910211483
  0.36815251378164643  0.37931624834623029  0.39008454337020404  0.40031102926004358
  0.41082236913056475  0.42139675874001542  0.43180817681494899  0.44212260912235635
  0.45293576788888684  0.46481167530009831  0.47718019075855506  0.49001023988733405
  0.50220441752745792  0.51417408576003698  0.52561575849452769  0.53650264726352770
  0.54702843759237707  0.55727281826432373  0.56655964564717909  0.57521862020182524
  0.58470656717156733  0.59481953569643298  0.60488559709134027  0.61399014045972655
  0.62319162072507728  0.63336867878295389  0.64406792553624503  0.65517070018451995
  0.66605453743170384  0.67709825695498427  0.68883230747334212  0.70020157855068688
  0.71083599602735659  0.72081564274043597  0.73141140974163510  0.74284624936473043
  0.75466366016544972  0.76615146549082547  0.77734074246209106  0.78818829073516250
  0.79926429917204700  0.81088716420856743  0.82257739823127107  0.83469504708081710
  0.84794585018817115  0.86080860395455716  0.87302798501064205  0.88437201683049049
  0.89501729748691161  0.90403337650925886  0.91285003773774476  0.92202706245680643
  0.93135389493660670  0.93996397410722887  0.94829440686416910  0.95606253680966136
  0.96708634612908695  0.97828984944902420  0.98932082495585261  1.00000000000000000
 -0.00222570263362919  0.01121157701195217  0.01922126890231107  0.02611632909471151
  0.03233782991269000  0.03863937165334647  0.04576953589612944  0.05348431148529588
  0.06165279948632323  0.06906967645981962  0.07570924160324262  0.08263975069082152
  0.08967479588778629  0.09675255930464896  0.10437034829023480  0.11154025648944668
  0.11859279802025752  0.12555650478511166  0.13325337324824207  0.14141503633735089
  0.14980343328235288  0.15917444670294725  0.16791582971422639  0.17613995609852329
  0.18410899142491330  0.19204313084493974  0.20036254376865775  0.20875392275677163
  0.21735211046796493  0.22585811300123187  0.23537172798997441  0.24566800621903415
  0.25589752729844933  0.26574432127938558  0.27531539795924925  0.28522450911605579
  0.29559738264673846  0.30622099234797923  0.31720192505228989  0.32945743244127662
  0.34168590603427662  0.35364438974388890  0.36444859369597793  0.37455522072635605
  0.38445951751570551  0.39472366179128959  0.40534465299623540  0.41566984373928145
  0.42570006309665692  0.43614923003081280  0.44733306077224994  0.45833392017688418
  0.46875080613428155  0.47980508625099061  0.49154830545114536  0.50336704915639219
  0.51472664444877181  0.52600405672669215  0.53766890629425113  0.54928586986923378
  0.56026838261764944  0.57044085085335083  0.58022494609577013  0.59024129272846115
  0.60114253544288565  0.61287433072796826  0.62522942196816400  0.63692909837614342
  0.64846750322007940  0.66000932479622287  0.67116049413980483  0.68230948732752095
  0.69276516017836076  0.70329491013455714  0.71408453730513621  0.72490829412040325
  0.73577989052235282  0.74684252825838882  0.75818528598451174  0.76922432049800626
  0.78041428457187312  0.79220268111024872  0.80435666124435701  0.81610065803938892
  0.82720750285665756  0.83826300451781965  0.84979308495618355  0.86178450622559410
  0.87397457507475962  0.88644975364570289  0.90063263950869044  0.91627398038128982
  0.93409979508900898  0.95384307597154416  0.97672774311888588  1.00000000000000000
 -0.00225766064036917  0.00885628414646609  0.01796429083880008  0.02797098927341099
  0.03794496858420657  0.04989154550305389  0.06171924206226623  0.07143883411869990
  0.08119475096527717  0.09155715730080255  0.10198443629390191  0.11126716288701519
  0.12056601945680485  0.13003702545079321  0.14051957586664765  0.15009341969293774
  0.15862043099268563  0.16719255680841541  0.17618141748143024  0.18726645966580785
  0.19813873635784712  0.20886496945339328  0.21962772414783863  0.23091892071234674
  0.24195154843608663  0.25293170730303299  0.26318717398296898  0.27422483211291238
  0.28467877618021703  0.29488732110014665  0.30427102983169746  0.31434499442782754
  0.32526767487472286  0.33528971430575583  0.34386917672471645  0.35212093126997712
  0.36077128225756677  0.36940006731051250  0.37821779828810609  0.38731675397473153
  0.39773027397692906  0.41153130494650503  0.42529015534826048  0.43801279694061535
  0.45057649161802354  0.46247231092070190  0.47429394404779313  0.48592085302633753
  0.49701063373108423  0.50759940958824423  0.51752982671803327  0.52674256449702717
  0.53555513425406276  0.54439665273600357  0.55390371223573354  0.56383638285190085
  0.57404886977305147  0.58383909641390008  0.59312063259304937  0.60249335204910415
  0.61224776318975549  0.62239645345670636  0.63239698133845013  0.64273465861664847
  0.65364286119006110  0.66379006717275379  0.67334721283358578  0.68323436844547225
  0.69420523360781494  0.70612377290054162  0.71750392916388939  0.72853265324844318
  0.73940429851038736  0.75044251894625857  0.76162449770632368  0.77236228974657928
  0.78334115703254226  0.79459207887615702  0.80601594690061551  0.81644432153794588
  0.82635039647358299  0.83598819560087867  0.84525056558640899  0.85493242922365820
  0.86608047057555826  0.87841399070285109  0.89121779162974357  0.90368226693148201
  0.91579812209523226  0.92750554652252981  0.93907404520227888  0.95090345135026277
  0.96329954149344543  0.97568167405084461  0.98786062408573838  1.00000000000000000
 -0.00276174854852046  0.01102955636119970  0.02226338382788066  0.03225532746323470
  0.04214702072311328  0.05182700126124119  0.06163632540345872  0.07183561851256826
  0.08272378031349772  0.09385043800153328  0.10510570002657751  0.11624260797946866
  0.12715940874731896  0.13990793959130576  0.15091849075817138  0.16207505116838991
  0.17100659678026600  0.17988869223192569  0.18920262002436142  0.19771115098052025
  0.20564446121236063  0.21368237486302480  0.22108830214141206  0.22859157361385080
  0.23810989405775335  0.24908329867098047  0.26040013618371427  0.27099322815156024
  0.28155113607579790  0.29207397616141595  0.30192717606830022  0.31092928201509040
  0.32031901796262841  0.32960068072713933  0.33948015236514290  0.34928581444069012
  0.35918324751953873  0.36909769836895190  0.37863714918320229  0.38665733857532275
  0.39443649270186021  0.40253730343239047  0.41157809735070611  0.42158988880056064
  0.43205438458421619  0.44367784098475804  0.45596638271153456  0.46812675934487746
  0.48006084792382558  0.49221108223822441  0.50374709738451184  0.51491235606919983
  0.52633853720515267  0.53799164419609247  0.54949214117442025  0.56049026882763342
  0.57080548859145952  0.58051523193346133  0.59068678867839708  0.60141079977156886
  0.61241451309600436  0.62296095588671618  0.63265637240345007  0.64294639736758241
  0.65429253105085872  0.66661798245502379  0.67826181314783518  0.68910283986214371
  0.70011760097419995  0.71099695613857783  0.72099730328851641  0.73117141445594325
  0.74114947893000616  0.75137411640147844  0.76103449050616012  0.77140832442364404
  0.78210990217739862  0.79284383493143573  0.80321493075387629  0.81376527578246227
  0.82537341499079153  0.83705476306543891  0.84918409376566439  0.86226588998672304
  0.87632292506253173  0.88870824882499211  0.90098474113740057  0.91375542431691847
  0.92507966975303879  0.93646793121640193  0.94693899968014950  0.95737385322154533
  0.96786194463276831  0.97853915502118471  0.98955750616516480  1.00000000000000000
  0.02464463904544754  0.10533899708680941  0.12910140766178879  0.13772733712208532
  0.14617309787890354  0.15492916064348194  0.16562416397664848  0.17702012331731895
  0.18737199905388544  0.19909092423539093  0.21052440978704318  0.22135605180648302
  0.23170962803610748  0.24375379631724292  0.25543781122527948  0.26459239579171284
  0.27485333917002674  0.28358597667566865  0.29197551596977223  0.29978607841419486
  0.30736007458367676  0.31536349588118662  0.32356464587568745  0.33255276862041611
  0.34247614085639433  0.35217803930873770  0.36039616311024719  0.36770546567262141
  0.37505726894237251  0.38303442563460693  0.39142634385247427  0.39995756834806712
  0.40796570032852719  0.41600433995371888  0.42434823835168195  0.43318410723857720
  0.44217873010261638  0.45102264499210015  0.45959734232844923  0.46838914890053618
  0.47717979827004481  0.48623746932797646  0.49518905577506533  0.50470868257170221
  0.51369200915717528  0.52305486274415613  0.53178573778080285  0.54029852119643107
  0.54855007814732681  0.55646417431951745  0.56461418036453936  0.57234377401109116
  0.58024415583181577  0.58857727383221792  0.59689532099845888  0.60556951790274327
  0.61352755868004694  0.62158017459406423  0.62919873672390769  0.63624827533451389
  0.64379998419556805  0.65167955876625139  0.65973631378399267  0.66802385551260945
  0.67651201919748383  0.68505759737237948  0.69382068455809909  0.70248548800897115
  0.71098381654998655  0.71884564381907667  0.72715854807470914  0.73527853572922075
  0.74396038154796329  0.75294973866265846  0.76226744441139749  0.77165639291265831
  0.78112383262247465  0.79069696562432612  0.79981396538697680  0.80863922395295962
  0.81764029932368132  0.82655056577244157  0.83599800872337737  0.84543915995471530
  0.85518021520043519  0.86468545080759573  0.87424592814603108  0.88362265865518708
  0.89335330882032360  0.90350033585300871  0.91429455240192525  0.92605277960904453
  0.93896564119665327  0.95351669785093651  0.97242681040491574  1.00000000000000000
 -0.01800665356672402  0.10706547715932743  0.14268552216695318  0.16296080426645165
  0.17946380131445838  0.19436561143384246  0.20801738446799464  0.21941868783441346
  0.23009397890276695  0.23988138172691639  0.24896126407174535  0.25787601633991958
  0.26712648892608104  0.27724870377199018  0.28774731957367439  0.29756798407285767
  0.30696038835341755  0.31579876528963896  0.32465834777657276  0.33386106152091022
  0.34220417734389430  0.34993128451323180  0.35712606959961529  0.36432108184402451
  0.37156161828033180  0.37840147589180284  0.38500530714860154  0.39135473207590876
  0.39736683750726220  0.40338111245457758  0.40962328856824359  0.41596742207620130
  0.42223292368884141  0.42832944449691313  0.43404714300628400  0.43968718548476315
  0.44543205993148144  0.45144106459126804  0.45777717571735926  0.46431667103654967
  0.47099079452772047  0.47753725112692397  0.48355215462479756  0.48938596734746792
  0.49521788365684549  0.50102783549578089  0.50686197161370705  0.51242379879474775
  0.51780254702527939  0.52306625259845996  0.52751583143132508  0.53237748441872346
  0.53722413419232973  0.54234099095521282  0.54743079302411624  0.55257490320089142
  0.55788678806463388  0.56338591866095966  0.56826552564118193  0.57296139691483650
  0.57781052974019043  0.58276014375604468  0.58824548312027169  0.59401502265704875
  0.59993224259868394  0.60560903078845774  0.61111088549948944  0.61613333336186848
  0.62143968172934494  0.62778539034659142  0.63515918413251837  0.64210425151101513
  0.64878207870308591  0.65531547890631658  0.66187925707554962  0.66857014442249441
  0.67545112379790617  0.68260156798484073  0.68996906741965558  0.69744424539670524
  0.70513892198775407  0.71348140051410558  0.72250140170328481  0.73167523114003141
  0.74075271768947260  0.75006864493240621  0.76049759356454361  0.77211497340869462
  0.78458109826134126  0.79759774635928615  0.81126023096170119  0.82494640322345469
  0.84026545098853567  0.85967945057343365  0.89368688627882698  1.00000000000000000
   1.2062612319489875E-003  -1.0000000000000000     
 F F F F F F F F F F F F F F F F F F F F F F F F F F F F F F F F F F F F F F F F F F F F F F F F F F F F F F F F F F F F F F F F F F F F F F F F F F F F F F F F F F F F F F F F F F F F F F F F F F F F F F F F F F F F F F F F F F F F F F F F F F F F F F F F
  <DiscreteSampler_grid>
  grouped_processes
  1 # 1 for a reference and 2 for a running grid.
  10 # Attribute 'min_bin_probing_points' of the grid.
  1 # Attribute 'grid_mode' of the grid. 1=='default',2=='initialization'
  0.0000000000000000 # Attribute 'small_contrib_threshold' of the grid.
  0.5000000000000000 # Attribute 'damping_power' of the grid.
 # binID   n_entries weight   weight_sqr   abs_weight
    13   10   1.059067671869412E+001   8.758120875940816E+002   1.059067671869412E+001
    22   10   1.059067671869412E+001   8.758120875940816E+002   1.059067671869412E+001
    25   10   6.406053489049995E+001   3.537445298128067E+004   6.406053489049995E+001
    31   10   1.059067671869412E+001   8.758120875940815E+002   1.059067671869412E+001
    34   10   6.406053489049995E+001   3.537445298128066E+004   6.406053489049995E+001
    40   10   1.059067671869412E+001   8.758120875940815E+002   1.059067671869412E+001
    49   10   1.487188219065207E+001   1.863374736532199E+003   1.487188219065207E+001
    58   10   1.487188219065207E+001   1.863374736532197E+003   1.487188219065207E+001
    61   10   5.277357501216490E+001   2.263419691410777E+004   5.277357501216490E+001
    67   10   1.487188219065206E+001   1.863374736532197E+003   1.487188219065206E+001
    70   10   5.277357501216490E+001   2.263419691410777E+004   5.277357501216490E+001
    76   10   1.487188219065206E+001   1.863374736532196E+003   1.487188219065206E+001
  </DiscreteSampler_grid>
