 -0.00245878578691019  0.00947928136630691  0.01963570652950191  0.03015253037487448
  0.04070424652984989  0.05125404422615745  0.06179035568030442  0.07232489235679486
  0.08285857583417561  0.09340455762695042  0.10395085299530488  0.11448844312528642
  0.12502055969677858  0.13555737624586392  0.14610272264235005  0.15665383304713643
  0.16720789444471940  0.17776269657339572  0.18831001918244919  0.19885386624289267
  0.20939169915840578  0.21993159352127631  0.23047225901635146  0.24101653192461056
  0.25155938623009422  0.26210143130324887  0.27264559555351953  0.28318998577666232
  0.29373326403419220  0.30427635361875727  0.31482513866230444  0.32536519010296150
  0.33589149404672441  0.34641739893514290  0.35695167244118470  0.36749919768641298
  0.37803395616358237  0.38857129762189774  0.39910876998189893  0.40965531812526951
  0.42020186855532959  0.43074804690495383  0.44128627900395045  0.45182431835832371
  0.46236391604756050  0.47290857498786748  0.48344767154795004  0.49397837862645366
  0.50451587835449063  0.51506056829845348  0.52561161080764240  0.53615302857184322
  0.54668918379973686  0.55722195002723762  0.56776121336402829  0.57830425533009955
  0.58885194333218005  0.59940055962208016  0.60994660300024051  0.62049259650600497
  0.63104274867808874  0.64159018209633256  0.65213651943342410  0.66268070308964644
  0.67322979139254224  0.68377905866229527  0.69432092466802686  0.70486290762777304
  0.71540506050672803  0.72595636414542208  0.73650889319076573  0.74704932989473016
  0.75758686143951592  0.76812587231436624  0.77866251759228811  0.78920319622637314
  0.79974111665121228  0.81028906530981082  0.82083665660607907  0.83137596253775270
  0.84192032575701325  0.85245082194463928  0.86299213958692544  0.87353487741027336
  0.88407634108684863  0.89460558197462570  0.90513297300710438  0.91566439113780618
  0.92620733656582654  0.93675307103504413  0.94728737053731915  0.95782221052616834
  0.96835463964206125  0.97890711729677626  0.98945490844193951  1.00000000000000000
 -0.00251303195533566  0.00947135205411634  0.01962967254578932  0.03015077343352051
  0.04069762762410139  0.05124122448811163  0.06178591719713660  0.07233828769745361
  0.08288894828768560  0.09343987262358922  0.10398977223317005  0.11453553473778175
  0.12508014389797042  0.13561678876088484  0.14615748218321198  0.15669780781714465
  0.16724096658029183  0.17777984252870505  0.18831988707690264  0.19886919625832908
  0.20941537223634485  0.21995568549636529  0.23049207951374601  0.24102713984558816
  0.25156370429881253  0.26209807125147411  0.27264185906363697  0.28318533612430064
  0.29372149711050693  0.30425185639741109  0.31478520283485867  0.32533073588382505
  0.33588246355528611  0.34643568612920700  0.35698687078698121  0.36753318221145248
  0.37807788676567544  0.38862174163415941  0.39916651265618064  0.40971118025327585
  0.42024687178551434  0.43078836169901413  0.44132873251820653  0.45187670312175676
  0.46241294687225531  0.47295114138584415  0.48348808266197008  0.49403236347725443
  0.50457812843857108  0.51512833261647573  0.52567380859312784  0.53621603502276483
  0.54675800508518846  0.55730622428964027  0.56785818245050945  0.57840049162487872
  0.58893553941417354  0.59946936255338656  0.61001307601333354  0.62056518283797868
  0.63111374072791182  0.64165056364295003  0.65217208102117508  0.66269591680896545
  0.67323257738040065  0.68378440401992380  0.69433245979742830  0.70487450038348964
  0.71540792691262367  0.72594732987009170  0.73649087993550155  0.74704252301330221
  0.75758790172772050  0.76813440574317193  0.77867512751564227  0.78922052313865898
  0.79976065215520264  0.81030509938243767  0.82083725739608304  0.83136846321287561
  0.84188874971287342  0.85242397204262443  0.86295690773373024  0.87349914397888906
  0.88403977158398817  0.89458992341721133  0.90514416185974622  0.91568932828043514
  0.92623436736345588  0.93677254237322483  0.94731856730744968  0.95786246151021293
  0.96839706982560980  0.97893542081084362  0.98946758934167056  1.00000000000000000
   2.5515750553821542E-008  -1.0000000000000000     
 F F F F F F F F
  <DiscreteSampler_grid>
  grouped_processes
  1 # 1 for a reference and 2 for a running grid.
  10 # Attribute 'min_bin_probing_points' of the grid.
  1 # Attribute 'grid_mode' of the grid. 1=='default',2=='initialization'
  0.0000000000000000 # Attribute 'small_contrib_threshold' of the grid.
  0.5000000000000000 # Attribute 'damping_power' of the grid.
 # binID   n_entries weight   weight_sqr   abs_weight
    10   10   1.322623097372511E+010   1.749331857703254E+020   1.322623097372511E+010
  </DiscreteSampler_grid>
