 -0.00250103445297838  0.00971045526073240  0.01994043986380266  0.03046804800120747
  0.04100899129707976  0.05154532816744772  0.06207905895112958  0.07261385244858917
  0.08315151278934736  0.09368581696495107  0.10422223296078292  0.11475512448393961
  0.12528911808889334  0.13582525604149154  0.14635887866819602  0.15689594007005009
  0.16742424906121020  0.17796101959889013  0.18849045272277962  0.19902960054458516
  0.20956843949746423  0.22011047957407370  0.23065283786515842  0.24118959819755839
  0.25173262833928572  0.26227356417685155  0.27281703706624366  0.28335878696881261
  0.29390313893353204  0.30444439352537034  0.31498448120734779  0.32551735011130034
  0.33605442281862652  0.34659350938443090  0.35713965478969911  0.36768074967296638
  0.37822143311958306  0.38876044919755098  0.39930610947533601  0.40985444939922117
  0.42039844062337145  0.43093944495015568  0.44147992506357420  0.45202591409693094
  0.46257338650528174  0.47311550970448879  0.48365219820434063  0.49419061824791211
  0.50471840635581700  0.51525311213550573  0.52577035848465659  0.53630505455889510
  0.54683194108555822  0.55737483365376006  0.56791184626875890  0.57844960514314903
  0.58898528168407094  0.59952151851607560  0.61006409238054848  0.62060775343526964
  0.63115153523684597  0.64169322773939053  0.65223334256512966  0.66277702819893070
  0.67332410288730082  0.68386367327065789  0.69440468708720104  0.70493552578560348
  0.71547123421780556  0.72599428790117804  0.73652413402889561  0.74705164351029041
  0.75759081695023411  0.76813218267163941  0.77867633986374640  0.78921833833013755
  0.79975982079182883  0.81030520349044610  0.82085157150092458  0.83139662004623449
  0.84193230147937437  0.85246305202826378  0.86299581520195112  0.87353733711767989
  0.88407973975213960  0.89462124449763414  0.90516376616335537  0.91570818133210696
  0.92624761717755300  0.93677981012437472  0.94731062100992458  0.95783838275164868
  0.96837570311364307  0.97891369342464529  0.98945839166031080  1.00000000000000000
 -0.00251055750948504  0.00948055827641053  0.01963713554875394  0.03014908851035605
  0.04068922268940389  0.05122765131653827  0.06177105995154304  0.07231158134046578
  0.08285208709821953  0.09339426737562091  0.10393382028556154  0.11447389429881033
  0.12501547069695551  0.13555965463352418  0.14610228526323349  0.15664145650753322
  0.16717975073988797  0.17771324768616395  0.18824660900874943  0.19878182096562982
  0.20932655909382880  0.21987282516177009  0.23042077696911109  0.24096709413982251
  0.25151372084780449  0.26205451949891129  0.27259721081142441  0.28314040025553650
  0.29368705969189751  0.30422864064036459  0.31477124179620430  0.32531498916129120
  0.33586403591244174  0.34640827702121929  0.35695217108838628  0.36748336921526864
  0.37802045981541693  0.38855408037099171  0.39909141682381161  0.40962850492226549
  0.42016881080424906  0.43071466935513147  0.44125834822062759  0.45179745231685420
  0.46233928628898574  0.47288110794850685  0.48342278999840943  0.49396351311011183
  0.50449921039544321  0.51504183929487413  0.52558577046861077  0.53613067468088038
  0.54667323216874186  0.55721587567802677  0.56776403845653611  0.57831452379430537
  0.58886315157881974  0.59941212636886054  0.60995898642505963  0.62050702753527331
  0.63104573211577442  0.64158364063529350  0.65212266752150760  0.66266897232738331
  0.67320442258985624  0.68373471227380977  0.69426706357154122  0.70481292780119997
  0.71536019944744211  0.72590278200958647  0.73644415958835141  0.74698570656797503
  0.75752602965641325  0.76807052020859246  0.77861204776295778  0.78915961296180093
  0.79970075307288035  0.81024770862877482  0.82079113316708030  0.83133436269767080
  0.84186635331899184  0.85239449002831558  0.86292902958446749  0.87346671215983485
  0.88400807957376126  0.89454869143181015  0.90509182313611392  0.91563663748227020
  0.92618125997350353  0.93673164716474278  0.94728052737854718  0.95782506782225174
  0.96836641909042454  0.97890897748945105  0.98945388164053316  1.00000000000000000
   2.5511499306034707E-008  -1.0000000000000000     
 F F F F F F F F
  <DiscreteSampler_grid>
  grouped_processes
  1 # 1 for a reference and 2 for a running grid.
  10 # Attribute 'min_bin_probing_points' of the grid.
  1 # Attribute 'grid_mode' of the grid. 1=='default',2=='initialization'
  0.0000000000000000 # Attribute 'small_contrib_threshold' of the grid.
  0.5000000000000000 # Attribute 'damping_power' of the grid.
 # binID   n_entries weight   weight_sqr   abs_weight
    10   10   1.322623097372511E+010   1.749331857703254E+020   1.322623097372511E+010
  </DiscreteSampler_grid>
