  0.00000454083161689  0.00000476411293497  0.00000496925329621  0.00000512521828979
  0.00000527885786945  0.00000545827968851  0.00000565771373138  0.00000586909552955
  0.00000609096915947  0.00000632689285263  0.00000657357962062  0.00000682046271101
  0.00000705871458458  0.00000728965645830  0.00000752623047163  0.00000777624873497
  0.00000805139522577  0.00000836868419664  0.00000869031583663  0.00000899442202429
  0.00000930738567880  0.00000962690733241  0.00000995560879306  0.00001029332676503
  0.00001064986359837  0.00001104046285947  0.00001145827161026  0.00001189262333560
  0.00001233587756730  0.00001279518964219  0.00001327806566314  0.00001378980324776
  0.00001433634919230  0.00001491793256338  0.00001551066551575  0.00001610250426219
  0.00001672628934133  0.00001737909498747  0.00001805528200475  0.00001875678387921
  0.00001948088312730  0.00002026449294469  0.00002108424053797  0.00002193412987285
  0.00002275432916994  0.00002359740836114  0.00002448158712061  0.00002543420520022
  0.00002646570288974  0.00002754443935944  0.00002864507372019  0.00002979956998204
  0.00003104362912019  0.00003235190916133  0.00003372290028842  0.00003527535152064
  0.00003698657989553  0.00003880043531882  0.00004074000153036  0.00004282913109779
  0.00004509783325913  0.00004757203986583  0.00005020139793602  0.00005298792863738
  0.00005600031621638  0.00005926917824846  0.00006285751798764  0.00006684043770649
  0.00007125275728008  0.00007607088655020  0.00008137344831069  0.00008728087392823
  0.00009379011329093  0.00010102728788379  0.00010905511672345  0.00011784043592875
  0.00012736586524827  0.00013794018056112  0.00015042661292788  0.00016468075911531
  0.00018038030748988  0.00019916435318516  0.00022286330276336  0.00025223183151389
  0.00028742271436187  0.00033164028688510  0.00038497176084891  0.00046308565385919
  0.00056038398638433  0.00067485242015847  0.00087927517169913  0.00129436623704401
  0.00214060423949226  0.00802759601987030  0.34218470648129568  1.00000000000000000
  0.00000513972241600  0.00000576276724403  0.00000624567986711  0.00000676345284612
  0.00000728266106401  0.00000782497366414  0.00000838787486418  0.00000897581737949
  0.00000959542831941  0.00001024110742507  0.00001091992265452  0.00001161541841379
  0.00001233386145512  0.00001309665582095  0.00001389624326583  0.00001472269088737
  0.00001556494247909  0.00001641541522655  0.00001730638403671  0.00001824320329607
  0.00001922402525335  0.00002025817693039  0.00002132138234225  0.00002245914994803
  0.00002365334543861  0.00002486047781461  0.00002608020613864  0.00002733937384880
  0.00002863781475355  0.00002996239260175  0.00003132755003794  0.00003272484528132
  0.00003416295373156  0.00003564733569033  0.00003716755608713  0.00003877255505190
  0.00004050504352256  0.00004234441048753  0.00004426702271006  0.00004625970909000
  0.00004833511687790  0.00005046895656115  0.00005265114887938  0.00005492935802637
  0.00005722782357439  0.00005950522459944  0.00006193422867426  0.00006442902123809
  0.00006707895020882  0.00006991419009807  0.00007286777812893  0.00007599161911197
  0.00007925549948091  0.00008282900482862  0.00008670972628981  0.00009079291706131
  0.00009498222408577  0.00009923784187207  0.00010359236474036  0.00010813925371364
  0.00011294873383611  0.00011801376111245  0.00012351365580171  0.00012961415689957
  0.00013602328062844  0.00014271590069713  0.00014996860292383  0.00015769809403723
  0.00016608064678093  0.00017531684126359  0.00018537904248787  0.00019658858554792
  0.00020925616291848  0.00022341088055597  0.00023862844478807  0.00025554849150273
  0.00027493010166947  0.00029594667848753  0.00031807238875654  0.00034256937033091
  0.00036995492307429  0.00040138490092528  0.00043859886143035  0.00048481819596621
  0.00054521934308449  0.00062329208495189  0.00072524008081077  0.00086177391568259
  0.00104930437163518  0.00131396546993140  0.00173096928668136  0.00247791145741001
  0.00388765591423754  0.04405220672327628  0.31344540598481052  1.00000000000000000
  0.00000722699625201  0.00000761476305399  0.00000790477793122  0.00000824904686582
  0.00000865701713161  0.00000906430969269  0.00000951002712617  0.00001003365608933
  0.00001056662298029  0.00001104285092232  0.00001151768660140  0.00001199381636323
  0.00001243233562946  0.00001288316552582  0.00001332512099899  0.00001378144784071
  0.00001425808013922  0.00001475843813125  0.00001527009971087  0.00001580219713404
  0.00001637094894156  0.00001696518921729  0.00001756870560639  0.00001815478589797
  0.00001870336531731  0.00001930125603923  0.00001999044212762  0.00002072120276652
  0.00002146930245573  0.00002221377472222  0.00002294841338791  0.00002372203427548
  0.00002457181143288  0.00002548281427130  0.00002640330169106  0.00002730830307968
  0.00002820118633959  0.00002911262093339  0.00003009454275873  0.00003113494802049
  0.00003219002677139  0.00003326944920208  0.00003439351348296  0.00003558587026575
  0.00003679132665406  0.00003807797902115  0.00003946804320626  0.00004093526906969
  0.00004240061812359  0.00004384904200080  0.00004531000542151  0.00004678476479836
  0.00004838695545166  0.00005006441160585  0.00005180539408721  0.00005361785523604
  0.00005547531807388  0.00005738215873959  0.00005934851924531  0.00006139491083912
  0.00006352829335597  0.00006573556695120  0.00006805382343441  0.00007053821893872
  0.00007322493524798  0.00007599301188707  0.00007885222438797  0.00008188637088492
  0.00008559569523383  0.00008928557429899  0.00009374425675856  0.00009873231110336
  0.00010410869500740  0.00010991966579011  0.00011638482584048  0.00012364147309764
  0.00013177651394753  0.00014109496930358  0.00015170002909842  0.00016430464476138
  0.00017940760110481  0.00019725083477085  0.00021923185860043  0.00024744054374846
  0.00028254572790683  0.00032735092791681  0.00038495427143687  0.00046105413334601
  0.00057232584553336  0.00074371445669623  0.00102449662236854  0.00156749421743927
  0.00270427527817888  0.03171839243067481  0.37153901603319778  1.00000000000000000
 -0.00175549060212624  0.00584190890440024  0.01363380610830856  0.02119292249227543
  0.02857928568940137  0.03574084417104954  0.04252140764283605  0.04872375187220145
  0.05446971809782473  0.06050176971917416  0.06665208860948894  0.07263100339886307
  0.07878797085024161  0.08506186565324178  0.09128433621672630  0.09745768041716224
  0.10402987111414498  0.11132359901649305  0.11893008947975180  0.12646594469063874
  0.13439300454146688  0.14282606288461397  0.15189827552925017  0.16150196462650970
  0.17137999086863223  0.18139865082066470  0.19172723921476809  0.20231210188318324
  0.21347821605366515  0.22498013839711939  0.23723032933060553  0.24970943086289613
  0.26239690048003206  0.27512677546857089  0.28819800770929310  0.30156386373449323
  0.31524137511064687  0.32919952067868385  0.34334438111048238  0.35765169230144556
  0.37232009932858934  0.38729694038252277  0.40250137085729976  0.41783014064473989
  0.43325472366703710  0.44893045396553644  0.46477309125840394  0.48012755007441499
  0.49581668100389420  0.51188045764610601  0.52799207548841653  0.54405725053485599
  0.56073074247312016  0.57705498061309368  0.59281906283705077  0.60832810320023867
  0.62336168029819417  0.63795488926982902  0.65243213953814261  0.66701334054640249
  0.68159337461561653  0.69637660662454803  0.71054915151840881  0.72382223656524014
  0.73648643266287184  0.74912805395498405  0.76217055072664197  0.77442838460968655
  0.78630751304510837  0.79788013675540603  0.80882963268804331  0.81910663187705846
  0.82884085846694844  0.83868185703339571  0.84866116801476088  0.85833222809526599
  0.86749020846607572  0.87619024918302413  0.88461169929598826  0.89279286140807945
  0.90073532881634988  0.90850287236993355  0.91610731572243986  0.92353392992710159
  0.93059030275148058  0.93726075595025449  0.94375501466232281  0.95026793661738651
  0.95662082073281640  0.96243378469353646  0.96826704891868765  0.97401246626575699
  0.97952426735017095  0.98521727938286840  0.99168910387731346  1.00000000000000000
 -0.00261868338524672  0.00992214350695120  0.02157047333517967  0.03297738032182040
  0.04442310525750630  0.05540327933647905  0.06588787747767147  0.07572106465912803
  0.08565350573580349  0.09566831870663536  0.10586983598097857  0.11595042607072667
  0.12653081503341007  0.13740372992128264  0.14859875314163892  0.15949135536187087
  0.17014863446637271  0.18039000405459776  0.19076020915091446  0.20140989988735014
  0.21194171309231788  0.22230460451566136  0.23256651482019317  0.24314235281370145
  0.25352666172664201  0.26379126769868111  0.27423642844277779  0.28507435992287639
  0.29567333095375747  0.30601155675456465  0.31616889355385752  0.32657708292679688
  0.33690135735056709  0.34710498509744059  0.35725350215508689  0.36749535726670346
  0.37760064388204706  0.38747777147524409  0.39765424908677921  0.40823443671779486
  0.41897743660638620  0.42984589376579446  0.44028926240378452  0.44988859915805363
  0.45960698169125747  0.46945804975063843  0.47919386845146889  0.48855926866076510
  0.49797756428611228  0.50792322605945395  0.51808596490999292  0.52800354825478701
  0.53791351652327191  0.54804944071496109  0.55821671007199369  0.56830015519501476
  0.57864810686449797  0.58899667967324199  0.59940482783582216  0.60951933439930239
  0.61923995715245317  0.62901837893666368  0.63907406249361154  0.64927457254493126
  0.65949341359381775  0.66998655167391663  0.68097736088811267  0.69196429671478055
  0.70284164832522411  0.71342975651509166  0.72372250263735516  0.73394929813805920
  0.74425797301343766  0.75493095233337004  0.76595225757111662  0.77736008840612403
  0.78894882426185664  0.80050029805664091  0.81192081092963608  0.82302516870406495
  0.83391780273407257  0.84465655320818922  0.85511194417794989  0.86564556242633195
  0.87636442147968641  0.88744911492222334  0.89909950316802068  0.91106713762488345
  0.92318411434211389  0.93462396007503701  0.94546388026336559  0.95627699237560448
  0.96706670593642874  0.97848432630908322  0.98906113317759492  1.00000000000000000
 -0.00251489505735980  0.00910386272433378  0.01929581110331186  0.02999318459310461
  0.04039827103241332  0.05110759835119216  0.06152304091408765  0.07170341693261763
  0.08164307337328171  0.09210401078054828  0.10253694849576958  0.11232878900859797
  0.12171791718281960  0.13179426822346207  0.14229613482476952  0.15239022898293994
  0.16227129799588508  0.17236841116181278  0.18286888551382224  0.19308718867040570
  0.20312895658192326  0.21335322860122688  0.22365814366597567  0.23393878623873196
  0.24436138108778127  0.25464103813347927  0.26501727054499663  0.27544446538547068
  0.28601328988193503  0.29655587085900076  0.30710580011906841  0.31789348113709565
  0.32891502889912139  0.34000133210904093  0.35118476893216327  0.36179348360841496
  0.37203819340177441  0.38263572066185053  0.39369316484579092  0.40500360879640401
  0.41580881720524315  0.42622898285120614  0.43695992356710051  0.44794114533513207
  0.45864916875757267  0.46929445876022285  0.47948072042062984  0.49010655854680740
  0.50037812321074571  0.51083486685599888  0.52125979789845855  0.53212293298513347
  0.54291778866150797  0.55399321804355839  0.56439380467286460  0.57478563312696651
  0.58542900253007246  0.59602053379834974  0.60632107110040534  0.61652660255087821
  0.62609143614316820  0.63670154395836931  0.64736451209166401  0.65805831362885103
  0.66874870023548572  0.67955190860588843  0.69028644737184208  0.70138483364551263
  0.71265211863029121  0.72394442502868817  0.73537341540818268  0.74643906976809782
  0.75707186676071503  0.76775251637303688  0.77888455729705375  0.78958286182618098
  0.79920227727661641  0.80848062501788975  0.81786970591318686  0.82725741512430995
  0.83639452589804097  0.84569539796375925  0.85499910654089772  0.86574221551899011
  0.87701229593366847  0.88813979569008161  0.89931483836570913  0.91036169657685173
  0.92092909856973160  0.93208557022041039  0.94281868100561883  0.95457841257648346
  0.96610093116229123  0.97736159395784927  0.98884656140050986  1.00000000000000000
 -0.00039765640418379  0.00201816776616740  0.00449414807757731  0.00610853762360208
  0.00749640716552433  0.00875578203649307  0.00993963787592670  0.01105308089906288
  0.01208124509363385  0.01313417519566160  0.01413707050942933  0.01511602729048994
  0.01603947638246660  0.01693724894991080  0.01778303613293616  0.01860896685840562
  0.01944595974264843  0.02028033195819407  0.02107171482189196  0.02170161641326978
  0.02229918977483147  0.02287493254538220  0.02344178704016280  0.02403708648948379
  0.02462426825565079  0.02515041275364963  0.02561817945438195  0.02607245115890076
  0.02657114430419164  0.02714665713768594  0.02781733511640583  0.02835220547780474
  0.02882428116768686  0.02926510377352029  0.02971574967315874  0.03021809004315910
  0.03084088556535319  0.03148014124521529  0.03202699650967213  0.03255946530109186
  0.03320663354031655  0.03402498090243649  0.03484089977592754  0.03558305278281363
  0.03628420923395844  0.03699885670252967  0.03777571889555727  0.03853671668370659
  0.03916856272846235  0.03981479198300434  0.04050272359288520  0.04124698360392994
  0.04222208053276764  0.04339355243331987  0.04455524226153890  0.04562835935491800
  0.04669790864108523  0.04804760501236795  0.04962588381410701  0.05117293350794638
  0.05234181710328302  0.05321105968452557  0.05404973534133014  0.05503493746332060
  0.05624240175659317  0.05758420582162913  0.05866064571696092  0.05945675694036466
  0.06036168167568878  0.06149692977814548  0.06309183107658325  0.06478826666803941
  0.06646399274288535  0.06781409434322094  0.06907640074330043  0.07019316841079704
  0.07141088775157091  0.07287793727921096  0.07497730818040721  0.07665148578205529
  0.07795271295997629  0.07928553909388159  0.08143731290836496  0.08471752774543202
  0.08884531956180766  0.09262680292568598  0.09631159232685972  0.09963916968188798
  0.10519198267787878  0.11169645342813818  0.11639314834123157  0.12185732188904308
  0.12540380666133197  0.13045327570921522  0.14348310848344528  1.00000000000000000
 -0.00235265654619918  0.00816688767976466  0.01874037810346390  0.02890807642457968
  0.03907531453849294  0.04914428806919727  0.05917432352307460  0.06956112047385990
  0.08021466091206900  0.09119700740516067  0.10248729481427611  0.11278321735080371
  0.12289745126549605  0.13317582730644265  0.14368462991271796  0.15416502312089697
  0.16452554491113291  0.17531569885302895  0.18622505582320389  0.19672467424414949
  0.20706496046555820  0.21751013501397687  0.22813498822073283  0.23860817236306378
  0.24920698700133692  0.26036501830360403  0.27182987984672818  0.28338072575639683
  0.29453391733549150  0.30559852059557824  0.31664038488210194  0.32773378621463067
  0.33871254606918266  0.34972293466992804  0.36071328634341043  0.37186037001369854
  0.38298270192533296  0.39380123548470719  0.40393190784115440  0.41367118586107138
  0.42334433683792677  0.43275097032125764  0.44192471916915593  0.45124426158254333
  0.46119338183842301  0.47168188048237714  0.48200466449302254  0.49236843881329662
  0.50313429969806955  0.51421827378640772  0.52540399214366407  0.53583778744022181
  0.54631521214488343  0.55722056695470568  0.56798439275404944  0.57836582080130983
  0.58878099088228342  0.59920869092788742  0.60953911647311665  0.61956202302986052
  0.62996139812125385  0.64096950058915603  0.65232842187978690  0.66354420484161514
  0.67458589238557209  0.68580733582406495  0.69713249129668764  0.70834997334518079
  0.71883533845057057  0.72953990475688635  0.74030451358598137  0.75075662708109814
  0.76115889326123531  0.77189468632119151  0.78312058235645443  0.79453880240671415
  0.80587836648547806  0.81729025468913807  0.82870249970537491  0.84020261375644467
  0.85157693492462749  0.86221891369620973  0.87228576914844469  0.88244317446020748
  0.89304364031102701  0.90406322528343830  0.91498138717375632  0.92470282764998823
  0.93364666944949048  0.94320733934980350  0.95292647197064806  0.96251505272431748
  0.97156660713742282  0.98064802260859008  0.99046560368610548  1.00000000000000000
  0.04152062099430240  0.11376492339288116  0.14793946231290944  0.17645399531368505
  0.20482310500559112  0.23261353531938309  0.25869663816613048  0.28349190212660930
  0.30648518756893500  0.32775215138787617  0.34796361635975215  0.36831858069208401
  0.38880544465240940  0.40818509725159074  0.42705577443307047  0.44658500848651977
  0.46454485281879060  0.48100389716288450  0.49686424655501160  0.51268496909640882
  0.52772178764137256  0.54195993549923949  0.55533605161927557  0.56759631542250599
  0.57922145607185926  0.59085123427045816  0.60285352267077541  0.61480683952101478
  0.62642506158002842  0.63765713896485188  0.64863960730534931  0.65897176344184960
  0.66902252033719201  0.67898829973830965  0.68898918166758871  0.69873167144418580
  0.70813799095446983  0.71734877723335322  0.72610244083976538  0.73459633512134592
  0.74285164974069051  0.75113502923785502  0.75907523882865291  0.76680566244511283
  0.77447054511155244  0.78228028377356729  0.79025690711959906  0.79781103617451465
  0.80492063824451465  0.81160048753040614  0.81801112227346795  0.82418911205960899
  0.83046108275455877  0.83657607327851502  0.84257468349680631  0.84843628993380693
  0.85392036097697643  0.85917640694235353  0.86438970248904690  0.86954525557522222
  0.87471109297095329  0.87981903580395315  0.88487788621529773  0.88986009646531339
  0.89464325065422479  0.89916866165667209  0.90357655123706448  0.90796657829810545
  0.91225986883965993  0.91637245945812040  0.92030773095094487  0.92410201630455602
  0.92773268607673243  0.93125843950220366  0.93464051169856388  0.93793928259384263
  0.94115725032285935  0.94435376589968900  0.94747983958106485  0.95059217679649333
  0.95362659048004728  0.95660306421541841  0.95955993029430642  0.96252292300286169
  0.96547568973618236  0.96840923126779654  0.97135542767432259  0.97423990399680438
  0.97713949347268370  0.97993449497497653  0.98270206036971330  0.98544635776831158
  0.98823590479353629  0.99127809236184572  0.99503901887847046  1.00000000000000000
 -0.01581984758367360  0.06990667807843844  0.09688369510469648  0.11320381313389538
  0.12606646616151967  0.13727843563077366  0.14721943843733046  0.15601398291409463
  0.16411519226110660  0.17164371664551523  0.17894936167138348  0.18595002310530431
  0.19251012951497948  0.19888879626276765  0.20513708452692378  0.21106781961736573
  0.21651210050257616  0.22174309809575030  0.22681919959112423  0.23170178195819752
  0.23652284872074358  0.24140963703806653  0.24631000597422209  0.25122660981269135
  0.25628962012940532  0.26137606746179282  0.26622147804029683  0.27091972972484657
  0.27578453645484036  0.28068306262709702  0.28554238965143647  0.29036663835797066
  0.29534019066185291  0.30028503572766202  0.30522313566590631  0.31015914900723046
  0.31517766137819858  0.32032760487962392  0.32558209284361139  0.33063829331566463
  0.33566173945551692  0.34062078561866815  0.34573789857751164  0.35112490048211975
  0.35654631713266866  0.36187828232276020  0.36709058680353557  0.37224562744502521
  0.37735031055726159  0.38249774663361269  0.38770448553063891  0.39302653254392700
  0.39849407591971231  0.40406740371803024  0.40967213255669332  0.41521044733163792
  0.42067120961241938  0.42606942034212925  0.43176867999616481  0.43766950495710993
  0.44364775585885019  0.44960192917633762  0.45574336042625957  0.46191817948835329
  0.46815303056319996  0.47420625079511292  0.48082911453598820  0.48780426585872022
  0.49488103777980008  0.50196839167243901  0.50922123194381941  0.51681351156414834
  0.52447353657548357  0.53218558099454005  0.54010658598053862  0.54834850332953577
  0.55676375776924636  0.56495997266249509  0.57310041358366293  0.58164482294000597
  0.59105795982645370  0.60070647802157451  0.61044353821443287  0.62014768235091799
  0.63098578263947902  0.64306095306877453  0.65594118073632646  0.66932060857382192
  0.68346484549638464  0.69897867561883109  0.71684729021280913  0.73689455414350258
  0.75919860425555596  0.78765489277578549  0.83321850240774431  1.00000000000000000
   1.7351989636900940E-002  -1.0000000000000000     
 F F F F F F F F F F F F F F F F F F F F F F F F F F F F F F F F F F F F F F F F F F F F F F F F F F F F F F F F F F F F F F F F F F F F F F F F F F F F F F F F F F F F F F F F F F F F F F F F F F F F F F F F F F F F F F F F F F F F F F F F F F F F F F F F
  <DiscreteSampler_grid>
  grouped_processes
  1 # 1 for a reference and 2 for a running grid.
  10 # Attribute 'min_bin_probing_points' of the grid.
  1 # Attribute 'grid_mode' of the grid. 1=='default',2=='initialization'
  0.0000000000000000 # Attribute 'small_contrib_threshold' of the grid.
  0.5000000000000000 # Attribute 'damping_power' of the grid.
 # binID   n_entries weight   weight_sqr   abs_weight
    13   10   1.643840433707688E+004   1.543021926832646E+009   1.643840433707688E+004
    14   10   1.643840433707688E+004   1.543021926832646E+009   1.643840433707688E+004
    16   10   1.643840433707688E+004   1.543021926832647E+009   1.643840433707688E+004
    17   10   1.643840433707688E+004   1.543021926832647E+009   1.643840433707688E+004
    22   10   1.643840433707688E+004   1.543021926832647E+009   1.643840433707688E+004
    23   10   1.643840433707688E+004   1.543021926832646E+009   1.643840433707688E+004
    25   10   1.643840433707688E+004   1.543021926832647E+009   1.643840433707688E+004
    26   10   1.643840433707688E+004   1.543021926832647E+009   1.643840433707688E+004
    31   10   1.643840433707688E+004   1.543021926832646E+009   1.643840433707688E+004
    32   10   1.643840433707688E+004   1.543021926832646E+009   1.643840433707688E+004
    34   10   1.643840433707688E+004   1.543021926832647E+009   1.643840433707688E+004
    35   10   1.643840433707688E+004   1.543021926832647E+009   1.643840433707688E+004
  </DiscreteSampler_grid>
