 -0.00249534481906406  0.00952630832523065  0.01969432283541948  0.03021751533868676
  0.04077262510226264  0.05131428670356296  0.06185620232898746  0.07239779786926789
  0.08294277149148020  0.09348651945275968  0.10402474069956250  0.11456903667398720
  0.12511067551154501  0.13565960875436658  0.14620219358990394  0.15674727859898718
  0.16729042284325585  0.17784081875900962  0.18838826476605569  0.19893762572672999
  0.20948138071817629  0.22002971248301878  0.23057702665454835  0.24113175382712454
  0.25166848072064590  0.26220309347438620  0.27273396043726650  0.28327569787329698
  0.29381590522652357  0.30435505213575059  0.31490196493470363  0.32544610644291311
  0.33598805946954369  0.34651699647495593  0.35704549801089336  0.36757830887182180
  0.37811439078688569  0.38865612622896201  0.39919953795551233  0.40974245539849219
  0.42027792964828220  0.43080690994740989  0.44134387587864859  0.45188773431865487
  0.46243707765488112  0.47298874254644752  0.48353645247465277  0.49408458746373601
  0.50463187038264101  0.51518107959049664  0.52573092422307055  0.53627274754984366
  0.54681324577066881  0.55734432194750771  0.56787287928718611  0.57840128721923334
  0.58893736709966960  0.59948256622070839  0.61003328495808118  0.62058231640044792
  0.63112650555074146  0.64164882364742282  0.65217326104516338  0.66270244270210421
  0.67325000702535420  0.68379502684543469  0.69433652605633700  0.70487401038421960
  0.71540925089572716  0.72594950124371693  0.73649388955974471  0.74704199779094871
  0.75758091661468407  0.76812195281166318  0.77865572244623826  0.78919136338818374
  0.79972682103119663  0.81026747059894466  0.82081213939664543  0.83135800939133730
  0.84190634240106155  0.85245736150121731  0.86298300230154090  0.87350974777349544
  0.88403328430719497  0.89458286586717162  0.90512654893834188  0.91567525809474204
  0.92622416549491760  0.93677686071499922  0.94732486094060175  0.95787399432812648
  0.96840276756293264  0.97893996464126065  0.98946715994152346  1.00000000000000000
 -0.00253730700350412  0.00947634326527813  0.01963845853703739  0.03015724142155897
  0.04071145904321725  0.05126066397863194  0.06181073629775408  0.07236201973455479
  0.08291354167901170  0.09346382217852441  0.10400854295506430  0.11455010046079640
  0.12509335070039534  0.13563445702018562  0.14618013675853964  0.15672502664584648
  0.16727671226259841  0.17782349616845705  0.18836914671735860  0.19891446201968277
  0.20945947677740490  0.22000784541236840  0.23055800280099240  0.24110341729486731
  0.25164465108998246  0.26218550176320193  0.27273641001821830  0.28329143551053348
  0.29383281797241595  0.30436802903714516  0.31489488213673505  0.32543582332814214
  0.33597256080141857  0.34651514388568044  0.35705861295355390  0.36760898950410364
  0.37815553935365553  0.38869765473034035  0.39924005894518183  0.40978743661734707
  0.42033161908431593  0.43087283589144948  0.44141321453938026  0.45196106003707887
  0.46251409722492481  0.47306379380027802  0.48361173392221041  0.49416153150853426
  0.50470841895539231  0.51525619458481098  0.52579238931803574  0.53632175705764407
  0.54685254878019740  0.55739282480020635  0.56794263000677092  0.57845929613343094
  0.58897660784933747  0.59949188622744098  0.61004058069202693  0.62058510617923179
  0.63113039163515661  0.64166477876195072  0.65220574494102801  0.66273897602452869
  0.67327588126193838  0.68380963827327612  0.69435227904811270  0.70489086464620621
  0.71541811141339617  0.72595034729651220  0.73648962100096971  0.74704201199229880
  0.75758505069652615  0.76813283397486831  0.77866016293696227  0.78920038866960296
  0.79973031214854340  0.81028151926427994  0.82082322680951825  0.83136687628105865
  0.84190798475701190  0.85245668016367038  0.86299329190935814  0.87352754938208177
  0.88405976433598532  0.89460532519499814  0.90515462086340603  0.91569366366076854
  0.92623808415928766  0.93677471453167671  0.94731301888963182  0.95785046399802209
  0.96838087876033752  0.97891621221460967  0.98945209681182356  1.00000000000000000
   2.5528901326864086E-008  -1.0000000000000000     
 F F F F F F F F
  <DiscreteSampler_grid>
  grouped_processes
  1 # 1 for a reference and 2 for a running grid.
  10 # Attribute 'min_bin_probing_points' of the grid.
  1 # Attribute 'grid_mode' of the grid. 1=='default',2=='initialization'
  0.0000000000000000 # Attribute 'small_contrib_threshold' of the grid.
  0.5000000000000000 # Attribute 'damping_power' of the grid.
 # binID   n_entries weight   weight_sqr   abs_weight
    10   10   1.322623097372511E+010   1.749331857703255E+020   1.322623097372511E+010
  </DiscreteSampler_grid>
