  0.00000530389937962  0.00000544778406522  0.00000557689830842  0.00000570583829092
  0.00000583658136579  0.00000597259655882  0.00000611862586482  0.00000627776107878
  0.00000644977583419  0.00000663207585270  0.00000681541920419  0.00000698909530042
  0.00000717025915723  0.00000735128030131  0.00000753116064550  0.00000771421074186
  0.00000790245664290  0.00000811136945482  0.00000833204018183  0.00000856460852349
  0.00000880656558007  0.00000905509539504  0.00000930869168420  0.00000957635725679
  0.00000984277560633  0.00001010040685666  0.00001035073249061  0.00001060498506888
  0.00001086638036307  0.00001112460506882  0.00001137177899997  0.00001161869806510
  0.00001186890875869  0.00001212986531910  0.00001241995716826  0.00001273101775978
  0.00001305172007797  0.00001336024704342  0.00001364357941449  0.00001393000870868
  0.00001422485557690  0.00001453038623513  0.00001489065194193  0.00001524733158824
  0.00001561557704666  0.00001600119134943  0.00001638390694210  0.00001682680711577
  0.00001729343289568  0.00001776409493124  0.00001822927868768  0.00001868312425953
  0.00001916833169147  0.00001970703111111  0.00002031351612226  0.00002095764303593
  0.00002160010692704  0.00002225717147968  0.00002295167815070  0.00002366990030808
  0.00002440360094234  0.00002516469900585  0.00002599565877215  0.00002691563464312
  0.00002786520954451  0.00002884484979123  0.00002990838251869  0.00003105739113772
  0.00003226883187573  0.00003353847722153  0.00003486956459040  0.00003636227644643
  0.00003796584581486  0.00003962437992537  0.00004163202955683  0.00004365263012931
  0.00004594535084067  0.00004840892057543  0.00005110248542411  0.00005410925811694
  0.00005750669037175  0.00006128186390580  0.00006591156762696  0.00007171009104315
  0.00007972477676816  0.00009035000119309  0.00010322843574048  0.00011831919031025
  0.00013823259095869  0.00016554811131667  0.00020997530067643  0.00029599008739846
  0.00045058026475595  0.00099101079122336  0.25619323190659138  1.00000000000000000
  0.00003716811274378  0.00003765784371246  0.00003820174650482  0.00003871372525975
  0.00003943205353950  0.00004040044444430  0.00004144987566938  0.00004248461980848
  0.00004348064777393  0.00004443067640930  0.00004530633215093  0.00004611801985011
  0.00004690749206669  0.00004766932822011  0.00004856497660834  0.00004955275989373
  0.00005061820062068  0.00005173355004251  0.00005282326828933  0.00005387830935650
  0.00005499696528989  0.00005614388113868  0.00005737881127565  0.00005864335303623
  0.00005989731166828  0.00006116622658198  0.00006243376847257  0.00006366770281918
  0.00006486998896202  0.00006612205176948  0.00006741552325316  0.00006873067151688
  0.00007024312452722  0.00007191942743106  0.00007360861115186  0.00007531115436569
  0.00007708001606145  0.00007889932798774  0.00008087734395791  0.00008287534702004
  0.00008485843138982  0.00008688501520702  0.00008895085650341  0.00009104871070871
  0.00009341175096680  0.00009616564844527  0.00009902925406605  0.00010196907553326
  0.00010505034173547  0.00010865220978961  0.00011278276483950  0.00011706062652913
  0.00012134888944432  0.00012573859391758  0.00013025786709022  0.00013511147255690
  0.00013990143808088  0.00014517342782088  0.00015073088117849  0.00015663496104961
  0.00016331230025586  0.00017092132341914  0.00017908658375965  0.00018801487604998
  0.00019825342982271  0.00020968744420401  0.00022205144864237  0.00023621778933164
  0.00025204296746365  0.00027198480041701  0.00029497569505780  0.00032294382593643
  0.00035633793195657  0.00039367565233419  0.00043608891012611  0.00048699568627514
  0.00054779657093209  0.00061921314563339  0.00070470494704437  0.00081557825195849
  0.00094709197366201  0.00111471298875213  0.00133542395363914  0.00167927729611317
  0.00210118065676290  0.00258298767969082  0.00319249025298574  0.00379989020954204
  0.00466231736820235  0.00585616295993888  0.00760422992737934  0.01007804780667318
  0.01284731547065788  0.01795491363330681  0.26848202202883537  1.00000000000000000
  0.00000564202887992  0.00000608423059892  0.00000704106697994  0.00000875558570336
  0.00001121665502595  0.00001445132437411  0.00001872390185611  0.00002380474592722
  0.00002966272273842  0.00003683888043192  0.00004509639787850  0.00005453769123881
  0.00006525217036541  0.00007638543611813  0.00008749595354611  0.00009894467341761
  0.00011126394317880  0.00012442027226275  0.00013720373044109  0.00015104982662852
  0.00016605877770131  0.00018217709012524  0.00019957434004604  0.00021879507273680
  0.00023934584582606  0.00026127402939411  0.00028467737765904  0.00030652257232004
  0.00032735527833096  0.00034791878779759  0.00036824268594104  0.00038946024123288
  0.00041196059582969  0.00043530976489253  0.00046093496662949  0.00048872930510715
  0.00051771721333045  0.00054936880241132  0.00058192396958272  0.00061420333277513
  0.00064669732875680  0.00068209182039159  0.00071945018048512  0.00075706672256568
  0.00079612132472935  0.00083877997460728  0.00088704935728567  0.00094115990790574
  0.00099373478841455  0.00104731224019648  0.00110428185538065  0.00116311789661943
  0.00122131324151253  0.00128178736029826  0.00133933691352791  0.00138988744473284
  0.00146941836375404  0.00155478152549400  0.00164562886882394  0.00174615345494313
  0.00185905383802227  0.00198444293346007  0.00211786059550670  0.00226072237625553
  0.00238726959077570  0.00250002695910849  0.00260276371932934  0.00269963863279400
  0.00279765377556631  0.00289564507319033  0.00300952774341863  0.00314515551580815
  0.00328896640863261  0.00345051392565772  0.00363420706364535  0.00384736839314733
  0.00411888272128556  0.00445581305291213  0.00484628493040873  0.00534010464563484
  0.00583973959942452  0.00628822667142892  0.00670956014339917  0.00713695101990483
  0.00761126449438807  0.00814321015924424  0.00878753889186538  0.00942564316252267
  0.00987834186606677  0.01046170504105582  0.01101753549574504  0.01210731062630581
  0.01311144277132898  0.01513607798781235  0.16000649845851933  1.00000000000000000
 -0.00160807845465382  0.00716235360444133  0.01523757335900154  0.02349481485303565
  0.03142769901078531  0.03901330800442847  0.04747337171683474  0.05647619354126114
  0.06509652088170255  0.07318859368700362  0.08120558416354927  0.09023225275708457
  0.10035344105295879  0.11204027602620337  0.12425378566524460  0.13585237643073303
  0.14629811261941153  0.15579423580157822  0.16538150487847331  0.17581038768842375
  0.18615007437089798  0.19613952431890325  0.20670100619055848  0.21820054569923925
  0.22978913650806823  0.24146934993895144  0.25301419752994136  0.26437829688457698
  0.27623161501766252  0.28881972838543546  0.30153159956669573  0.31394952785131858
  0.32576597023483267  0.33694454581812600  0.34847956734348323  0.35950846921006413
  0.36991474589702211  0.37991893258717169  0.39040977987882064  0.40100281499924956
  0.41183847157817199  0.42353378220421445  0.43561674061428629  0.44876339253826658
  0.46294358083120374  0.47835224867224918  0.49109321166502962  0.50336455130030988
  0.51549179445493842  0.52732352385239323  0.53888014737223033  0.55173549861893845
  0.56458132240935388  0.57656681619566252  0.58774542059831481  0.59867061263229393
  0.60905031458102421  0.61911181641519719  0.62878904684835757  0.63879829437368796
  0.64912623577920625  0.65955982019728665  0.67010063317233637  0.68045088240246632
  0.69139900157267842  0.70256617233026963  0.71372481868866477  0.72539481131074868
  0.73808719407543411  0.75106918927543853  0.76279298054323419  0.77396457001291430
  0.78485701176054734  0.79488551843854793  0.80426868642803118  0.81353206614471485
  0.82353090083528369  0.83431719067113763  0.84556304721626574  0.85685984512234392
  0.86739962526044112  0.87704312247022176  0.88605505451282107  0.89489036884552953
  0.90293076482961321  0.91148970346357949  0.92076679457817456  0.92970522544294132
  0.93819262708971207  0.94633595687677385  0.95471228899526595  0.96377269750905203
  0.97310958779385082  0.98188237234701403  0.99092266747692803  1.00000000000000000
 -0.00178845321335181  0.00741572962809049  0.01519127956904409  0.02313716503186950
  0.03141399834824103  0.03927572722983769  0.04936534277248380  0.06006250147170659
  0.07057331532819304  0.08128492225292221  0.09299753655910281  0.10493099716898543
  0.11614575936232752  0.12772252104764978  0.13991184477795801  0.15246941926537252
  0.16464593386948134  0.17612695295749259  0.18727139587985150  0.19869213328547278
  0.20974953059494100  0.21998359173074153  0.23005478644379826  0.24088305276543726
  0.25228483944105462  0.26289126249184958  0.27343843620900776  0.28468592656873476
  0.29522063310092694  0.30508702520105790  0.31400827173253454  0.32275978403348515
  0.33194879001625638  0.34081875255334454  0.35100334702781710  0.36224891861645037
  0.37393410191123172  0.38493435627835021  0.39541156754618284  0.40619811344853002
  0.41538291417341461  0.42307452194410083  0.43009786493098884  0.43837701870025175
  0.44773810239584882  0.45706278669051309  0.46614338290690610  0.47509339202600892
  0.48478630832745190  0.49567456174104341  0.50718754719606540  0.51942141370280548
  0.53104136909250188  0.54251439306348359  0.55401138644470904  0.56633528024480295
  0.57822784257177851  0.58871183393071291  0.59840165702337189  0.60826528206262265
  0.61831750126170237  0.62830563817820828  0.63839748319639145  0.64931510617377219
  0.66058272614831859  0.67076088454791127  0.68051318248328863  0.69041706424081162
  0.70127760414435281  0.71238338651317201  0.72384534386077137  0.73540766178660810
  0.74632855493297190  0.75664581234849670  0.76680259790122096  0.77732130617859185
  0.78854980811942110  0.79999088577083577  0.81156365971905808  0.82262663932537339
  0.83402387078100881  0.84570911426357520  0.85725526800211882  0.86831417196071536
  0.88004817118761369  0.89124593219445736  0.90242375380848228  0.91302789729616152
  0.92384773552955723  0.93468648461154136  0.94647194792754952  0.95877817650996544
  0.97035127080665673  0.98073998253147576  0.99043971028407862  1.00000000000000000
 -0.00141638870419908  0.00867720649134731  0.01709634004179615  0.02584039274631110
  0.03555551507715569  0.04524117961579049  0.05499816585010464  0.06548562034709274
  0.07677255325953938  0.08842692420490239  0.09910126718184782  0.10869305947354337
  0.11796887665801079  0.12798660597633596  0.13973242211473591  0.15141864915195069
  0.16242530321004964  0.17443409095721932  0.18721488532295175  0.20090696726531962
  0.21407035852403930  0.22587406833445475  0.23704911332237300  0.24750149521903911
  0.25841525181651764  0.26979125896012529  0.28069686837808450  0.29017814732251673
  0.29969021697362047  0.30970962769304228  0.32069842542206750  0.33180334577287907
  0.34323039001615563  0.35460665597968033  0.36546175442575790  0.37628521435090773
  0.38741116955418448  0.39888398243529005  0.41072048703036568  0.42320399615256965
  0.43580403000638018  0.44835672362914664  0.46086842386998667  0.47335672604427070
  0.48602754193068332  0.49750025899820133  0.50845660278771032  0.51884267025781128
  0.52985569262512278  0.54146039363329912  0.55263074522209865  0.56352534781589925
  0.57435819805388144  0.58511441616848858  0.59507051290740975  0.60480406136564013
  0.61515807736722872  0.62575123641331465  0.63623961234959858  0.64664354497957677
  0.65727403106551685  0.66772202195877184  0.67778613031775570  0.68738702904510107
  0.69686340286521509  0.70636265178660496  0.71574805819555598  0.72510828341378408
  0.73471291278887096  0.74495864394363365  0.75573605846708258  0.76707574296843284
  0.77810150357925545  0.78846774388935370  0.79820924181169817  0.80775298187391364
  0.81819125019374683  0.82964431299494434  0.84003479033921391  0.84948646677058604
  0.85985512073103243  0.87131155638764735  0.88161766932177021  0.89097723784458804
  0.90026752976868285  0.90950094563869011  0.91815138667878926  0.92629438948710552
  0.93411715759301617  0.94263579793560415  0.95264200492979123  0.96311295268882824
  0.97317784388423967  0.98261404788131268  0.99142416436861092  1.00000000000000000
 -0.00274410386666138  0.00927637858832085  0.01958379681392798  0.02948310180974754
  0.03991453772364350  0.05123952265699682  0.06273187496691884  0.07277607142761212
  0.08303723920108101  0.09307303832201030  0.10263740025111100  0.11242121581542909
  0.12196324308818200  0.13218133954986930  0.14229251549949612  0.15305853536540742
  0.16448847113632573  0.17563161046603532  0.18653460091568705  0.19740981968788304
  0.20813233299666575  0.21870315447480476  0.22969185025732952  0.24154762475537708
  0.25222309012677102  0.26138268035700207  0.27040942272205160  0.27978271144441669
  0.28937346947479120  0.29896662366644883  0.30822603835346374  0.31808322045037613
  0.32861085253942413  0.33980350954754568  0.35214713182331336  0.36417020985834980
  0.37668315946492947  0.38976382884494054  0.40180052234912267  0.41316577564658591
  0.42427931963463267  0.43498483988128978  0.44490106715250294  0.45464020505149472
  0.46553592085258910  0.47702221660856770  0.48832138630636757  0.49941566775047347
  0.51012003512081228  0.52051263569270245  0.53058231046550819  0.54016655153074966
  0.55001550758047268  0.56037688667065477  0.57148698433105805  0.58332599928744455
  0.59606864363858547  0.60900782106307294  0.62152435391586236  0.63253587607248185
  0.64269209479185596  0.65272420059503977  0.66279757876908585  0.67311505308119401
  0.68389890567473977  0.69567483315820500  0.70853365062000939  0.72065207004398457
  0.73199155544030592  0.74083352367292532  0.74938874815751644  0.75756443314284394
  0.76600535923559754  0.77487740638626523  0.78389944568351233  0.79348848052105525
  0.80639021760012430  0.81779099591889304  0.82884755864705650  0.84015869091999318
  0.85197444847231374  0.86370328022397103  0.87596220405943892  0.88542956916326432
  0.89491589494938784  0.90314004497239020  0.91142597319992169  0.92056966512842675
  0.93010489845932309  0.93991165668962440  0.94943812625120150  0.95890266802532431
  0.96875413153720014  0.97887783905606640  0.98942696034607169  1.00000000000000000
 -0.00224762267961924  0.01033331914855747  0.02124158361320855  0.03136882135331209
  0.04235668733326836  0.05385441254966211  0.06519993685235154  0.07525142671385344
  0.08433023410239063  0.09314044916093128  0.10219046313343023  0.11164836705641466
  0.12111010773544166  0.13103013450616158  0.14114025171863487  0.15153587339579094
  0.16240460256902731  0.17351714095613227  0.18500528771460320  0.19551123955065158
  0.20529117313395398  0.21535155802100972  0.22542772451713453  0.23685163867792602
  0.24901709599680219  0.26178249727025515  0.27457175354451718  0.28634611505072544
  0.29717000224413842  0.30807002706732001  0.31886395759688102  0.32934122217130124
  0.33865569099278209  0.34727431406435233  0.35594253888364258  0.36444239633063735
  0.37276415636178151  0.38166166711253824  0.39131997931416834  0.40119614830340494
  0.41145375071282236  0.42280969911377120  0.43544326648637766  0.44816662879884261
  0.46028441487018529  0.47225067959166217  0.48395446364581746  0.49466878502212502
  0.50623861735277964  0.51850051564718636  0.53057598368360237  0.54216081384090975
  0.55426757949419991  0.56599919191317638  0.57729338095161253  0.58821693855649304
  0.59901494350203266  0.61018378713611621  0.62316715498758979  0.63554880721317963
  0.64800668907987002  0.65922505329958681  0.66994213676360714  0.68048237187546379
  0.69135326994760926  0.70260314993072981  0.71371605355151735  0.72453845288019381
  0.73528072955609380  0.74624430573711709  0.75699495482067447  0.76720761442368868
  0.77722327183220452  0.78654767857179719  0.79591930199840222  0.80507478263155563
  0.81505683594346889  0.82518581565781457  0.83470797946156838  0.84348461265186858
  0.85215920337462336  0.86106701571917599  0.87027781370581492  0.87943801319197457
  0.88821805876174276  0.89701671490198776  0.90648063221794084  0.91642976774633444
  0.92683653856642856  0.93777694634226094  0.94911162564530027  0.96008722432907934
  0.97080346336555734  0.98102624913061454  0.99085889713951791  1.00000000000000000
  0.05680563729512440  0.06577108573394222  0.07409659374074042  0.08397072778321499
  0.09462582216720619  0.10953449819628529  0.12285431094813033  0.13608997279479199
  0.14837437551320937  0.15962708334042405  0.17245118741246290  0.18441070930211220
  0.19620004212802930  0.20776514706472712  0.21839512170116984  0.22755248095575881
  0.23554262268866002  0.24292115756245194  0.25051142220928435  0.25867335773705152
  0.26746495657891711  0.27703399516405935  0.28660816349931034  0.29581367993229007
  0.30542649256672288  0.31594675751818913  0.32606129933606276  0.33604901284279692
  0.34633057607597600  0.35709090801171223  0.36943525620530410  0.38017992629630976
  0.39130561178185114  0.40049808358643740  0.40970338560907787  0.41938168204613535
  0.43016622605859550  0.43959190070920001  0.44757410041603862  0.45545676742404195
  0.46378928552416987  0.47264174484676474  0.48154558555219107  0.49006521983615919
  0.49858451208278814  0.50840268893208718  0.51921623851991860  0.52912929968835365
  0.53898262539377673  0.54898963704365200  0.55816382921488195  0.56724202754790831
  0.57651002548669084  0.58634802762145144  0.59705815841109922  0.60827885026128936
  0.61839421260596539  0.62894328293740431  0.63912462793922420  0.64908013500728567
  0.65908463066846734  0.66889009555526591  0.67855654520142750  0.68758946416426681
  0.69633878009034000  0.70434076942497370  0.71277334399864833  0.72150652824737982
  0.73097421518712080  0.74041657465317556  0.74944811365601660  0.75867298561908358
  0.76760038600937219  0.77660066693813012  0.78502992435666075  0.79361822912062707
  0.80246169209567142  0.81134850652706725  0.82034107923191801  0.82926146275740942
  0.83794503986294266  0.84664220795931544  0.85553992687068481  0.86435419952222725
  0.87297489116919580  0.88118714924943342  0.88939395045430336  0.89781524094261345
  0.90655830962103012  0.91610587842332469  0.92582895962304590  0.93640986819297567
  0.94791207312116077  0.96196939918681512  0.97959417855327546  1.00000000000000000
 -0.00947268912952459  0.05355890813171225  0.07896710638543888  0.09290862763936172
  0.10405566594784463  0.11545533488817940  0.12520568734185128  0.13445971783144831
  0.14293399990689404  0.15228571355334400  0.16175024196010324  0.16981451886399393
  0.17617370520502501  0.18271646319221099  0.18930037084365359  0.19563582215960720
  0.20174382224486936  0.20755293108905357  0.21294118341786214  0.21824134194561448
  0.22356913741599191  0.22922170285240920  0.23519018099556199  0.24128201517126907
  0.24716420094787966  0.25254980309000141  0.25800942236169810  0.26323158386747519
  0.26841331743981495  0.27385007571872627  0.27957901875013574  0.28495020958762241
  0.29038665994233109  0.29602794984449493  0.30201827636658385  0.30822499501692996
  0.31439464419837099  0.32051570812791119  0.32659949425103940  0.33270735477620772
  0.33841975174340627  0.34434304512933001  0.35065689096998875  0.35681231439322375
  0.36268924130853025  0.36856061395461776  0.37443355068058159  0.37993747656324928
  0.38521322663457691  0.39061973307674736  0.39668797845500825  0.40332229426185878
  0.41055176022371825  0.41781337993998352  0.42506960883309181  0.43240191252975230
  0.43989773389700165  0.44694746031959448  0.45400970843670280  0.46113268539881619
  0.46801737775436797  0.47536313243857242  0.48201285483324624  0.48831507678457592
  0.49471780416296529  0.50114584281697605  0.50823375571733753  0.51536118086220284
  0.52275995147011944  0.53064154223273330  0.53922102063224508  0.54844471646990978
  0.55741936152969895  0.56634785865770543  0.57541589457115261  0.58494933637674662
  0.59394683667878456  0.60251657902677147  0.61112189546520435  0.61989130104081869
  0.62884520538693622  0.63815720550814614  0.64825286686095429  0.65939915390108228
  0.67057939494993846  0.68190065179712089  0.69386831152266670  0.70683836205256223
  0.72195491725168315  0.73990148899575781  0.75751831341025666  0.77622809889891276
  0.79825877879738594  0.82837634128012350  0.87330751370313298  1.00000000000000000
   5.6250422343989319E-003  -1.0000000000000000     
 F F F F F F F F F F F F F F F F F F F F F F F F F F F F F F F F F F F F F F F F F F F F F F F F F F F F F F F F F F F F F F F F F F F F F F F F F F F F F F F F F F F F F F F F F F F F F F F F F F F F F F F F F F F F F F F F F F F F F F F F F F F F F F F F
  <DiscreteSampler_grid>
  grouped_processes
  1 # 1 for a reference and 2 for a running grid.
  10 # Attribute 'min_bin_probing_points' of the grid.
  1 # Attribute 'grid_mode' of the grid. 1=='default',2=='initialization'
  0.0000000000000000 # Attribute 'small_contrib_threshold' of the grid.
  0.5000000000000000 # Attribute 'damping_power' of the grid.
 # binID   n_entries weight   weight_sqr   abs_weight
    13   10   9.444980177032132E+000   4.073115746528255E+002   9.444980177032132E+000
    14   10   9.444980177032118E+000   4.073115746528243E+002   9.444980177032118E+000
    16   10   9.444980177032136E+000   4.073115746528258E+002   9.444980177032136E+000
    17   10   9.444980177032118E+000   4.073115746528244E+002   9.444980177032118E+000
    22   10   9.444980177032132E+000   4.073115746528255E+002   9.444980177032132E+000
    23   10   9.444980177032116E+000   4.073115746528242E+002   9.444980177032116E+000
    25   10   9.444980177032134E+000   4.073115746528256E+002   9.444980177032134E+000
    26   10   9.444980177032118E+000   4.073115746528242E+002   9.444980177032118E+000
    31   10   9.444980177032130E+000   4.073115746528253E+002   9.444980177032130E+000
    32   10   9.444980177032118E+000   4.073115746528243E+002   9.444980177032118E+000
    34   10   9.444980177032130E+000   4.073115746528255E+002   9.444980177032130E+000
    35   10   9.444980177032118E+000   4.073115746528242E+002   9.444980177032118E+000
  </DiscreteSampler_grid>
