  0.00000005891636313  0.00000008191219586  0.00000010114126730  0.00000011207431131
  0.00000012526654333  0.00000014112221680  0.00000016118149927  0.00000018226372275
  0.00000020581073064  0.00000022659460257  0.00000024454363769  0.00000026301140914
  0.00000028354109127  0.00000031099811024  0.00000033685049384  0.00000036170699960
  0.00000038670006887  0.00000041403094420  0.00000043741281834  0.00000045432504820
  0.00000047340580057  0.00000049242578507  0.00000051336870748  0.00000054444561089
  0.00000058400612015  0.00000062571548298  0.00000066398851788  0.00000070112132738
  0.00000074541076730  0.00000080059943285  0.00000084783812076  0.00000088938795207
  0.00000093596677710  0.00000098937971577  0.00000103593387943  0.00000107675822245
  0.00000114260304274  0.00000122707534355  0.00000130594164959  0.00000138018736176
  0.00000145719196072  0.00000155200344717  0.00000167006685304  0.00000180171820579
  0.00000193863331974  0.00000207870377865  0.00000225481003529  0.00000247347503874
  0.00000272044825236  0.00000295102937364  0.00000318134969999  0.00000342356206962
  0.00000366396524695  0.00000398943532536  0.00000433778837113  0.00000468790373284
  0.00000504301321021  0.00000541551431263  0.00000577805914666  0.00000617988953618
  0.00000661264824853  0.00000711039385695  0.00000763456457550  0.00000837147136559
  0.00000913418741976  0.00001015457836890  0.00001119082936123  0.00001213841450415
  0.00001307619522839  0.00001406532697689  0.00001532767215502  0.00001697894195456
  0.00001910568099026  0.00002126139863641  0.00002368096044085  0.00002561354661688
  0.00002752548387661  0.00002946765351766  0.00003192851203735  0.00003587819722910
  0.00004150304904987  0.00004702096756279  0.00005208834460947  0.00005844950417342
  0.00006658415166169  0.00007657845630003  0.00009489131985726  0.00012009025491948
  0.00015446764728172  0.00019961572820423  0.00026703867886201  0.00037981620754143
  0.00058727134525147  0.00157712760823153  0.27245222656157936  1.00000000000000000
  0.00000709569930058  0.00000756531886508  0.00000791533294410  0.00000824451043470
  0.00000861597779354  0.00000897600742515  0.00000932441958768  0.00000972752886960
  0.00001010199255326  0.00001044530738835  0.00001086167833190  0.00001125734588737
  0.00001164946255709  0.00001221056895666  0.00001274284816149  0.00001331123830915
  0.00001391865923954  0.00001457895923408  0.00001536339547412  0.00001627749312969
  0.00001722531775051  0.00001832500097480  0.00001957831449594  0.00002099130541619
  0.00002263687865166  0.00002384985189622  0.00002504766333895  0.00002625859446158
  0.00002750814396345  0.00002917785619558  0.00003104359329380  0.00003290602773347
  0.00003551637849378  0.00003903655339785  0.00004244948264640  0.00004575882968667
  0.00004813502997350  0.00005007942002774  0.00005221317208484  0.00005426022460242
  0.00005610050196768  0.00005887277190103  0.00006293597556395  0.00006695714458453
  0.00007037828010640  0.00007389385106429  0.00007781365041819  0.00008417840492179
  0.00009174612836406  0.00009896587784116  0.00010600611146524  0.00011272286882933
  0.00011886326560354  0.00012500684635221  0.00013072736914079  0.00013641970936952
  0.00014282617282284  0.00015086290365961  0.00015956688673375  0.00016934426507045
  0.00017927124798197  0.00018876243093379  0.00019864837870197  0.00020908341313503
  0.00022064388371116  0.00023344761063106  0.00024192264948861  0.00025071093774868
  0.00026021063744324  0.00027162325694935  0.00028766150411017  0.00030692945996783
  0.00032774472470875  0.00034965331196412  0.00037356738799784  0.00039800584182169
  0.00042212442439947  0.00044471761833118  0.00047278978698537  0.00050300043254649
  0.00054393484819645  0.00059155115981672  0.00064278939433874  0.00071639906350828
  0.00080579921470368  0.00088941954339158  0.00101757029457149  0.00120147392787988
  0.00146355074335802  0.00180567350230605  0.00234762239258123  0.00317583133863406
  0.00449866858066002  0.00647715668601802  0.54225841568460864  1.00000000000000000
  0.00000478338281080  0.00000798578347634  0.00000961076094710  0.00001109920695971
  0.00001257346300046  0.00001394818670743  0.00001517670875453  0.00001656907881868
  0.00001846523416569  0.00002046130718652  0.00002222609472135  0.00002375169188743
  0.00002502531885863  0.00002602996101486  0.00002706926326107  0.00002819962074438
  0.00002977000923861  0.00003158004217608  0.00003327475626253  0.00003478280380765
  0.00003635562936389  0.00003826110069423  0.00004046228606921  0.00004251538162707
  0.00004537836580925  0.00004874177686487  0.00005185352935886  0.00005445923405392
  0.00005664462578995  0.00005885896802950  0.00006144447626167  0.00006443636961979
  0.00006798063062602  0.00007158283808404  0.00007500364684528  0.00007824220749329
  0.00008146664416555  0.00008509848915832  0.00008934618701047  0.00009488044020475
  0.00010106138675259  0.00010736192093923  0.00011390151704271  0.00012074054345589
  0.00012771283087100  0.00013674347922306  0.00014603463928213  0.00015524300548291
  0.00016479244230002  0.00017487370497169  0.00018526394011148  0.00019695047627296
  0.00020983537704663  0.00022087407055698  0.00023056140263738  0.00024103708140329
  0.00025168373919291  0.00026514088620444  0.00027955625454986  0.00029414135619242
  0.00031256992183396  0.00033752978979696  0.00036604936248590  0.00039377431977119
  0.00042186869233413  0.00045155950637206  0.00048856226513401  0.00054077946382936
  0.00060144295541690  0.00066314224324878  0.00072954404030382  0.00080425879249137
  0.00088292792782733  0.00095873210834655  0.00103527360115671  0.00113566707763740
  0.00126192142254646  0.00143220133690113  0.00166842593472677  0.00198716668285686
  0.00232536329777845  0.00264698852385755  0.00294840285812174  0.00322245109679545
  0.00349826320300640  0.00380980687287452  0.00438290999995474  0.00489631443580179
  0.00520956093587737  0.00557703711240421  0.00619816638409828  0.00712525414527978
  0.00871703084626078  0.01071216534757895  0.18958610235671894  1.00000000000000000
 -0.00227420306320148  0.01032871147848993  0.02193382395196428  0.03211382113512576
  0.04283912706552326  0.05298861010255226  0.06121860042929528  0.07056390122467454
  0.08114135482808185  0.09394829682875866  0.10793158108897240  0.12246733148526645
  0.13659562961408322  0.14782265965822555  0.15833888872916857  0.16818873081328897
  0.17694605953177561  0.18612732244782049  0.19762865336592536  0.20875201598351897
  0.22108758585385818  0.23479781765059859  0.24855982641282551  0.26058419513099090
  0.27116962400554312  0.28196478645556000  0.29385570719503773  0.30516438098116777
  0.31583669869538772  0.32653975446805322  0.33875459544321590  0.35198693661649466
  0.36440756793945572  0.37617142933379172  0.38683562401879118  0.39789289158063762
  0.40757896127853172  0.41719937833031256  0.42619034308829035  0.43498494766563994
  0.44440458928864612  0.45421949972874298  0.46565026339981158  0.47755780573295820
  0.48928012973882340  0.49925150542409763  0.50683491525593449  0.51395807444078090
  0.52080260440596393  0.52902285470880084  0.53732974927247312  0.54591611347136637
  0.55456897444479392  0.56268931615403128  0.57088823367541175  0.58031917343285710
  0.59031560250141624  0.60070024553716495  0.61059655592927875  0.62052990868598334
  0.63151520416213114  0.64394530541980455  0.65669348370128811  0.66867756895578767
  0.67896008200884761  0.68825341679546959  0.69800193066652494  0.70827899303468966
  0.72016845381613359  0.73448349130382984  0.74866473113513854  0.75948535940128559
  0.76956625305098603  0.77905121264980093  0.78871924069831967  0.79923833112381548
  0.81090924072981685  0.82399241574284710  0.83579290598437395  0.84532098751505447
  0.85493889268552858  0.86470589406692333  0.87532937058346894  0.88752403936324453
  0.89688802191603556  0.90448307108482773  0.91191713549838671  0.91971247584533977
  0.92940482134110125  0.94254715317595028  0.95265070503986815  0.96083569701659599
  0.96913211269544852  0.97754424842969012  0.98571798226345952  1.00000000000000000
 -0.00018489322124151  0.00101784200380006  0.00169426703948810  0.00230313678174078
  0.00290348104394906  0.00344733999322907  0.00394966084079785  0.00446268223356692
  0.00496661201419066  0.00546934775165586  0.00593373521840131  0.00633388798623923
  0.00671295327010136  0.00711197117353930  0.00755249917745139  0.00798569276626392
  0.00835709260259784  0.00871053291243149  0.00905319365816748  0.00946946944148979
  0.01011191537148786  0.01080336382550181  0.01146918271502396  0.01213467839838107
  0.01278525720927900  0.01345607357696222  0.01415866041922823  0.01491066611713158
  0.01556105140723360  0.01619028711541536  0.01684477506958703  0.01758721564561409
  0.01823733432431647  0.01863107053705950  0.01902760158984501  0.01948361547063913
  0.02017995162366688  0.02079491635912229  0.02151527043637413  0.02243471345162052
  0.02364866758058919  0.02446950972647552  0.02499016343631899  0.02571614134328920
  0.02642718102305856  0.02714979691463268  0.02799537156573157  0.02907150453982203
  0.03012631031750790  0.03097907429979998  0.03158240266018944  0.03212466670528482
  0.03276014746975723  0.03344042007094954  0.03385377262424534  0.03414296866572604
  0.03444920210218561  0.03499511286182525  0.03548319842712602  0.03600531914903199
  0.03672906240012587  0.03715636816754808  0.03755436148034273  0.03797810538295544
  0.03917704227032023  0.04068504209798967  0.04260747053012316  0.04487332989964399
  0.04679708089119036  0.04820064008350788  0.04991981872902267  0.05221535617973962
  0.05407285209330793  0.05560932882757082  0.05738462536870558  0.05974081659943232
  0.06848600776952034  0.07693439823526955  0.08234911959607771  0.09208134460610530
  0.09594063677530899  0.09844564739524027  0.10095065801517156  0.10345566863510283
  0.10596067925503412  0.10846568987496540  0.11104156615749192  0.11372201932569670
  0.11640247249390148  0.11908292566210628  0.12176337883031108  0.12444383199851586
  0.12712428516672064  0.12980473833492545  0.71219005503966060  1.00000000000000000
 -0.00257625737180709  0.01398766701675358  0.02603036545524971  0.03576520696478015
  0.04405865425532313  0.05101292184745643  0.05752642623112438  0.06466074724748869
  0.07312036335980722  0.08259266229478533  0.09190573400659641  0.10138410737959327
  0.10994730502480339  0.11557197868250976  0.12008659917568770  0.12505415482689244
  0.13012377527861879  0.13486153515400962  0.14082170278824005  0.14776087725748355
  0.15531878464101184  0.16288086592633583  0.17132676482931669  0.18053748180932533
  0.19076620371055356  0.20281194719763954  0.21456826706269491  0.22590686260286455
  0.23743551614116049  0.24929758364133203  0.26144466188702103  0.27471652633508858
  0.28992049059715219  0.29917569865077193  0.30768497773133974  0.31555052787687565
  0.32290143948527611  0.33339531088658542  0.34645014569606797  0.36083416032597115
  0.37523683787433426  0.38807365397803073  0.39949106401574647  0.41063285757161100
  0.42172959011955546  0.43297828401435495  0.44465220314162401  0.45898408516053524
  0.47459017880649090  0.48968619000080327  0.50489894694011006  0.51908981883294081
  0.53209624801787747  0.54318023070841681  0.55663004833928620  0.56856417913727886
  0.58193330367720797  0.59503520422975797  0.60708307316337806  0.61936889368321957
  0.63190436140009543  0.64410507850009002  0.65619574047586837  0.66812268443317158
  0.67984640902621285  0.69212810956689041  0.70414764058278967  0.71615494466447260
  0.72477367660423520  0.73374199674251195  0.74323812937775913  0.75521733354019871
  0.76829827511370330  0.77983117635974375  0.79046962072165394  0.80072072278421913
  0.81264576943556077  0.82400536448753070  0.83523457956635472  0.84369319716292612
  0.85153218106196038  0.85908508889427215  0.86665390208091841  0.87695990628992138
  0.89167142329216720  0.90400705699815431  0.91387453951130670  0.92228475406972787
  0.93095063234858733  0.93954044660189018  0.94869438483864366  0.95875290285380599
  0.96978454852743667  0.98094869810201246  0.99106135863703182  1.00000000000000000
 -0.00001777933432370  0.00000891484921766  0.00003560903275902  0.00006112251253660
  0.00008583805978479  0.00011081067092766  0.00013624747376366  0.00016195509334645
  0.00018889960859531  0.00021646129873970  0.00024835766554215  0.00028108238618458
  0.00031937700091143  0.00035829792007511  0.00039810895000844  0.00043834808515711
  0.00047779924634901  0.00051415677809207  0.00055364623698497  0.00059505975965493
  0.00063864156837588  0.00068519963784574  0.00073313074804098  0.00078223327969968
  0.00083114191543180  0.00087704672065842  0.00092667130239750  0.00097514772548368
  0.00102580441497356  0.00107909297912902  0.00113504819916715  0.00120506175890666
  0.00128732788776239  0.00137880388368629  0.00147470197854391  0.00157192148962641
  0.00168378846527505  0.00180357299676534  0.00193160367504565  0.00208033103260933
  0.00224421264848508  0.00240685681039146  0.00256350210153613  0.00271798035699065
  0.00286907153757163  0.00301391937298269  0.00313871331508807  0.00327485234376510
  0.00342131914481557  0.00357349313795012  0.00371847419280927  0.00383458118676757
  0.00399954847089291  0.00417861183280401  0.00436465768205634  0.00456722315166274
  0.00478171597764742  0.00495705030450575  0.00513948032630867  0.00530383070804240
  0.00546368500367974  0.00556115792692622  0.00567081860217488  0.00578825470396974
  0.00592273424433484  0.00607509311930790  0.00619891619651857  0.00633190008008523
  0.00650308547556735  0.00686318622538169  0.00728235510587519  0.00773727401932681
  0.00824768486977325  0.00876246777309970  0.00932698425409435  0.00985332338480238
  0.01010477328234586  0.01035946322819388  0.01069961974647778  0.01110493135917620
  0.01163748577886123  0.01236393239677752  0.01321010178930079  0.01418512818874067
  0.01496585018245013  0.01576500177410705  0.01661477001548314  0.01779615294190490
  0.01962827465586783  0.02103825437437816  0.02235983623971865  0.02430113265739829
  0.02650337734524141  0.03208150866832685  0.46010760255248567  1.00000000000000000
 -0.00417726413862888  0.01017710634997430  0.02266445056455176  0.03337699534554692
  0.04450108857853229  0.05506702062584747  0.06313533436820369  0.07002416790804006
  0.07616335992280447  0.08203070842191240  0.08759061419271222  0.09534265090861693
  0.10272934276343965  0.11049084446652124  0.11877143875680987  0.12667569183945582
  0.13244114223292092  0.13870211548363584  0.14552052644009084  0.15168430189936177
  0.15739947528544160  0.16365671503981472  0.17016109676860805  0.17568969753135752
  0.18355062360369961  0.19359760605470028  0.20241105353030833  0.20982652985401259
  0.21698052131471038  0.22506342386837902  0.23289357845089040  0.24143519688709336
  0.25116222855750797  0.26311515075319847  0.27631894528342432  0.29034521935733509
  0.30116003406492681  0.30936071049528058  0.31706630342306064  0.32754717898065611
  0.33964783721268726  0.35180374606813353  0.36870610128124914  0.38522760585290838
  0.40417784109854310  0.42480356171902933  0.44509839078259383  0.46497166095152676
  0.48620292819514510  0.51195529140419416  0.53169722748066073  0.54720544736559162
  0.56083344982805738  0.57608897629755174  0.59468306556018724  0.61612044066830374
  0.63828417712246210  0.65859200479047963  0.67450844096187934  0.68894776223433940
  0.70260590280641000  0.71710508955048313  0.73217357916317516  0.74567241620459335
  0.75664337400816928  0.76681810889190605  0.77750666285025138  0.78899258893487978
  0.79980043272360390  0.80948429330378324  0.81842106290691174  0.82802477847068245
  0.83798809919436590  0.84741294830586633  0.85508041439238436  0.86199689400683643
  0.86895378022165426  0.87590528256334166  0.88247313283739359  0.88940043427821747
  0.89624578240851627  0.90274302726131805  0.90841134454125039  0.91457450548231911
  0.92109434989415595  0.92626733458843158  0.93141829276019772  0.93678569663903655
  0.94281731230022980  0.94993659897360838  0.95901390840599110  0.96789665492875510
  0.97639815807938501  0.98366123094478541  0.99059639358665397  1.00000000000000000
  0.35537890110798193  0.40266406089717022  0.44284918156157871  0.48846501081736754
  0.50062434703488290  0.51278368325239831  0.53217023438751021  0.55640569689897912
  0.58064115941044803  0.58823031833112016  0.59148105075866220  0.59473178318620423
  0.60261390174593599  0.60860171736806445  0.61306895514222615  0.61886215257421950
  0.62583983383608000  0.63046369953342740  0.63422824868373817  0.63862313609208610
  0.64308409448520576  0.64954920890681500  0.65828651230779467  0.66642118176088294
  0.67383676601731457  0.67941866259697192  0.68380022836414223  0.68800285892419744
  0.69302006838074515  0.69941214274460151  0.70705917469862634  0.71563817754157732
  0.72436497697905788  0.73289082360323565  0.74132293376190306  0.74975407162300034
  0.75793116783810865  0.76577161432427876  0.77399397538828785  0.78135666768429723
  0.78659700379757302  0.79085178573544435  0.79477720362053184  0.79944905458841264
  0.80482953277432023  0.81138738035514768  0.81797808978187414  0.82455383799996951
  0.83016825362862889  0.83580781355273859  0.84158575712242401  0.84764083171310012
  0.85421273157643129  0.85926862300168017  0.86371177020910495  0.86783794942204917
  0.87197931399204942  0.87598019008220174  0.87941178941893550  0.88273392888104507
  0.88606252176979061  0.88890741656368621  0.89180843380193175  0.89460942016381906
  0.89761314914987922  0.90115759664924200  0.90519208855196276  0.90930546667134138
  0.91329700862555019  0.91720106841895688  0.92099366696776619  0.92471549608411363
  0.92839448384781842  0.93208423988072076  0.93577210109673958  0.93951643417945108
  0.94347809142231176  0.94711550322762139  0.95011966516721735  0.95277987901896599
  0.95531682783265148  0.95775526323415539  0.96050856647547822  0.96366930309910181
  0.96695621848745739  0.96999286224790982  0.97278380322103486  0.97561554653945215
  0.97842145462549246  0.98111930856894469  0.98427138590497354  0.98755967093887254
  0.99085749734952977  0.99401813589849564  0.99707004076834804  1.00000000000000000
 -0.01458220940848982  0.07219085021806326  0.10295259137444511  0.12228770861685770
  0.13548216467331373  0.14574868475926522  0.15431546042090744  0.16239516821841374
  0.17102946991902074  0.17990141924677100  0.18817467168873139  0.19586450606826222
  0.20182397516232933  0.20722442652493375  0.21230608079105970  0.21698840714399323
  0.22119043757382778  0.22586783356220608  0.23058016453528171  0.23593914965379104
  0.24182888550935455  0.24779133349233826  0.25395817389275110  0.26004905552321894
  0.26596211435756967  0.27175588474176310  0.27716706016456577  0.28290195526864348
  0.28856161848225459  0.29401191269977789  0.29938163888766617  0.30476829956172619
  0.31052579243894157  0.31456040641906696  0.31744986786362711  0.32031094752206812
  0.32387273831425123  0.32803959818367251  0.33376986229307654  0.34048333301502332
  0.34636138468308547  0.35181672904135042  0.35750017909979409  0.36352891104326418
  0.37057194388114528  0.37718625959003760  0.38427551805811361  0.39049946936538449
  0.39609832402630402  0.40161982932054296  0.40670350340492345  0.41153231525158368
  0.41621776523657966  0.41956678429913163  0.42267902964812926  0.42615172820520192
  0.42974172342828926  0.43371626535172697  0.43861250746035751  0.44396294204330428
  0.44958641741424871  0.45479650212462946  0.46000986706331892  0.46533631841043122
  0.47110709987327126  0.47805283503868562  0.48592786734355548  0.49283104609434836
  0.49971685768700530  0.50875464703660955  0.51790629022057644  0.52570804508064006
  0.53329843370268759  0.54223730725407870  0.54803499234483477  0.55410526745504962
  0.56040215637281721  0.56655538042836417  0.57353571622695254  0.58483310332509930
  0.59514569328496947  0.60562927532473565  0.61606947461034112  0.62710191695617046
  0.63818020897911243  0.64978386260354781  0.66296507104198754  0.67652510630685880
  0.68953745471361483  0.70492264485766476  0.72389064157966365  0.74610351335073244
  0.77065866695962426  0.80122100920874717  0.84591161417150151  1.00000000000000000
   1.3968205968330975E-003  -1.0000000000000000     
 F F F F F F F F F F F F F F F F F F F F F F F F F F F F F F F F F F F F F F F F F F F F F F F F F F F F F F F F F F F F F F F F F F F F F F F F F F F F F F F F F F F F F F F F F F F F F F F F F F F F F F F F F F F F F F F F F F F F F F F F F F F F F F F F
  <DiscreteSampler_grid>
  grouped_processes
  1 # 1 for a reference and 2 for a running grid.
  10 # Attribute 'min_bin_probing_points' of the grid.
  1 # Attribute 'grid_mode' of the grid. 1=='default',2=='initialization'
  0.0000000000000000 # Attribute 'small_contrib_threshold' of the grid.
  0.5000000000000000 # Attribute 'damping_power' of the grid.
 # binID   n_entries weight   weight_sqr   abs_weight
    13   10   1.242138684995015E+005   6.441612069083528E+010   1.242138684995015E+005
    14   10   1.242138684995050E+005   6.441612069083910E+010   1.242138684995050E+005
    16   10   1.255166234593450E+005   6.597768853306947E+010   1.255166234593450E+005
    17   10   1.255166234593485E+005   6.597768853307341E+010   1.255166234593485E+005
    22   10   1.255166234593450E+005   6.597768853306950E+010   1.255166234593450E+005
    23   10   1.255166234593486E+005   6.597768853307345E+010   1.255166234593486E+005
    25   10   1.242138684995015E+005   6.441612069083530E+010   1.242138684995015E+005
    26   10   1.242138684995050E+005   6.441612069083910E+010   1.242138684995050E+005
  </DiscreteSampler_grid>
