  0.00000570418907240  0.00000627042564198  0.00000667789150837  0.00000706537670777
  0.00000751050693337  0.00000782101112024  0.00000813227206493  0.00000847026789277
  0.00000881717165251  0.00000920251274102  0.00000959884745709  0.00001005801445686
  0.00001048185285755  0.00001102099811535  0.00001157673956044  0.00001217167557393
  0.00001279402781784  0.00001345315328699  0.00001416595862133  0.00001491663179999
  0.00001568893137330  0.00001642227627220  0.00001716953123098  0.00001796224132367
  0.00001870577051591  0.00001940636566958  0.00002027507979184  0.00002105101075810
  0.00002191510984775  0.00002298024738258  0.00002420596567282  0.00002546575184596
  0.00002670413430783  0.00002783419800443  0.00002898071415611  0.00003018284289533
  0.00003149091106636  0.00003292801555833  0.00003463251963078  0.00003650676371322
  0.00003845393999622  0.00004043451634197  0.00004240491751355  0.00004442657821314
  0.00004666440587298  0.00004912915205375  0.00005160659270018  0.00005406167775057
  0.00005658680091216  0.00005922846880883  0.00006221758521045  0.00006578156469598
  0.00006939166726992  0.00007341805130506  0.00007747165879333  0.00008188443636091
  0.00008649098186893  0.00009130243889345  0.00009659795488484  0.00010230514596296
  0.00010877880426233  0.00011560298319870  0.00012289074968055  0.00013077118817809
  0.00013927616233323  0.00014842837532467  0.00015830722785619  0.00016934274746911
  0.00018128560524066  0.00019524701389944  0.00020960810680873  0.00022494183632942
  0.00024125602128430  0.00025983969915843  0.00028132131417765  0.00030530688431906
  0.00033199004744786  0.00036274236500419  0.00039745948731859  0.00043673149513951
  0.00048270658427003  0.00052961087936313  0.00057657456393885  0.00063118798329045
  0.00069853191586969  0.00079972825564259  0.00094259451970311  0.00113092205895088
  0.00135081443134136  0.00159926143628260  0.00184391197676742  0.00222779113382115
  0.00270458004953810  0.00330006541344717  0.00422372821698545  1.00000000000000000
  0.00000633790379156  0.00000660649433916  0.00000691987190943  0.00000724037538718
  0.00000754128549306  0.00000784464897042  0.00000811369743665  0.00000836059423962
  0.00000859954774125  0.00000881787212081  0.00000906202454315  0.00000931851392894
  0.00000968699392753  0.00001009685742570  0.00001058235125692  0.00001114013913479
  0.00001171581055173  0.00001222150680528  0.00001277095363852  0.00001333301244054
  0.00001390908891394  0.00001464750652767  0.00001546537757449  0.00001624729710666
  0.00001700576596073  0.00001776654232907  0.00001855592404205  0.00001942739235684
  0.00002037422058553  0.00002142345553292  0.00002262266776085  0.00002387558316237
  0.00002505084827584  0.00002624687868590  0.00002753524328788  0.00002895573188933
  0.00003060970293860  0.00003250229292876  0.00003446462706629  0.00003651153641519
  0.00003862255321396  0.00004082955826686  0.00004327376490563  0.00004591334562332
  0.00004864335581145  0.00005138467882150  0.00005414476665323  0.00005709114140225
  0.00006018062259184  0.00006369683153522  0.00006740354022936  0.00007143576333719
  0.00007570201719255  0.00008025428297391  0.00008516887063839  0.00009076525500738
  0.00009730171742100  0.00010443496229107  0.00011161479074011  0.00011855935909391
  0.00012555342679103  0.00013356396939403  0.00014209209754660  0.00015143312369371
  0.00016168467883312  0.00017220885263343  0.00018350679861931  0.00019578349922124
  0.00020902612367593  0.00022409637572463  0.00024107648514039  0.00026087637984688
  0.00028291417046250  0.00030877904028663  0.00033857627083918  0.00037212250072233
  0.00040956472388995  0.00045330389819797  0.00050272347389198  0.00055924522536353
  0.00061832483285737  0.00067847461800768  0.00075093770020925  0.00083479356709229
  0.00093370816395342  0.00105148835470803  0.00120449491582056  0.00137145318480490
  0.00151231403868809  0.00172739922489483  0.00216533233832155  0.00274965531801421
  0.00322497330728126  0.00413720146789805  0.04259149726095804  1.00000000000000000
  0.00000606983299182  0.00000825346137993  0.00000913281385469  0.00000995240063268
  0.00001063665466008  0.00001130444125775  0.00001201389995708  0.00001275842877450
  0.00001361540303678  0.00001436453364713  0.00001514457032247  0.00001586532244995
  0.00001657532255123  0.00001733501397914  0.00001822442616133  0.00001914164898763
  0.00002021950786923  0.00002125024874195  0.00002222099025915  0.00002325703915457
  0.00002428887802847  0.00002538727149365  0.00002661354607851  0.00002793002291131
  0.00002921112925105  0.00003056157058544  0.00003198601142434  0.00003342462678655
  0.00003496656145216  0.00003658605430823  0.00003832550994293  0.00004024323358770
  0.00004227740628992  0.00004440207366399  0.00004657394001157  0.00004872108867417
  0.00005077941688101  0.00005302041487064  0.00005534798324792  0.00005772073521748
  0.00006015637531696  0.00006269609210634  0.00006518661291631  0.00006772789312776
  0.00007047453826585  0.00007335545077638  0.00007627583490918  0.00007929327585131
  0.00008262128039756  0.00008603266924549  0.00008956929755425  0.00009321466998593
  0.00009710982649811  0.00010129776768585  0.00010567263199896  0.00011029320146334
  0.00011511177787411  0.00012014046409795  0.00012561479033763  0.00013195642722496
  0.00013880016460614  0.00014588583547624  0.00015328397592195  0.00016045657656572
  0.00016822157262128  0.00017679691273906  0.00018647460093547  0.00019649225864023
  0.00020593246627254  0.00021609904108779  0.00022708623887972  0.00024001011349757
  0.00025450906839490  0.00027164456412011  0.00029062891389063  0.00031013911304191
  0.00033127214505111  0.00035484573833767  0.00038133182768850  0.00041643064010134
  0.00045613696287670  0.00050386803081181  0.00055224856068160  0.00060841604738466
  0.00067227611438824  0.00075842860851049  0.00086254543976409  0.00097231921965454
  0.00110886966117118  0.00128119645391800  0.00152346314496805  0.00193061967547624
  0.00260775151843737  0.00347316639270427  0.00492762738089588  1.00000000000000000
 -0.00236241834529879  0.01004892091086413  0.02009667145462824  0.03073609248906428
  0.04177251178183743  0.05299431173627713  0.06472373793960609  0.07644144546143126
  0.08748503087836616  0.09801225605074031  0.10805754031469267  0.11851650610827423
  0.12979379654622400  0.14186197066242484  0.15271203187451884  0.16312969040533737
  0.17249241328539217  0.18209514877080396  0.19262476566861933  0.20379764365508191
  0.21437172071422986  0.22428862317079193  0.23495351642668019  0.24557195736581910
  0.25601005635294655  0.26594058561065065  0.27619257785698398  0.28746425152640603
  0.29875469034258212  0.30999355139028639  0.32099820740012308  0.33199545943200720
  0.34278717889378185  0.35408158387462763  0.36522080890436909  0.37636084082775811
  0.38798388676513501  0.39866345068786774  0.40880615726867431  0.41873209389017052
  0.42953155717923519  0.44132169172025532  0.45300925525086183  0.46393973043850734
  0.47356297969803396  0.48264556671126524  0.49220291054494308  0.50251132255204523
  0.51364529534430370  0.52482622204746088  0.53567737659635883  0.54579662942900520
  0.55558312094448659  0.56563631291470540  0.57566804125834303  0.58566799628619359
  0.59623515841623786  0.60720285993801693  0.61829936350897519  0.62886830224142787
  0.63922511700951279  0.64937900063401233  0.65908937038038207  0.66880613314168857
  0.67906056810483173  0.68978681661600161  0.70037550409354088  0.71098576655591228
  0.72268176603867607  0.73516129782519613  0.74658407324427511  0.75754276595954417
  0.76864369677863242  0.78068851387160598  0.79362675895755286  0.80467633051465248
  0.81422535347860747  0.82291113075461308  0.83155676511949328  0.84030753403182501
  0.84946054082664502  0.85923241143121132  0.86925924111691977  0.87919138599529711
  0.88856092707712331  0.89781846674283827  0.90783104913064494  0.91878202489949734
  0.92902872410656590  0.93843303617493556  0.94760710163988904  0.95699101477412329
  0.96759044617464551  0.97817449342390583  0.98949517978041146  1.00000000000000000
 -0.00002191029067187  0.00013281690107755  0.00027310295290531  0.00042233890397705
  0.00057298445195029  0.00065699647373541  0.00073184301155937  0.00081467746257678
  0.00089811240260056  0.00098240433610164  0.00106644108544755  0.00115387860120581
  0.00125544519071616  0.00136311913058138  0.00147571778583393  0.00159137731930175
  0.00170829708538838  0.00182756704625116  0.00195154693202979  0.00207675178098130
  0.00219500475984385  0.00231572248348570  0.00243900964231339  0.00256564845046744
  0.00269560014937198  0.00283221008054714  0.00297837340661488  0.00312782786891814
  0.00327932134679456  0.00342477951265122  0.00357249248214531  0.00372683504727439
  0.00388851281320173  0.00405431529794182  0.00422509476891763  0.00440468505152963
  0.00459062869386658  0.00477978394700687  0.00498790821122514  0.00519733415466410
  0.00540171572674140  0.00561185079994652  0.00581562601091537  0.00602977834300737
  0.00627262023451172  0.00653691465517652  0.00682437739753905  0.00712394367537820
  0.00742386803631625  0.00775814466040425  0.00810426983747735  0.00844944071201973
  0.00876600777570467  0.00908199404596120  0.00936354338927093  0.00961423461156922
  0.00988893935582424  0.01014988275261829  0.01039237012482148  0.01073519535208563
  0.01116330688418904  0.01160979155202320  0.01205283178322657  0.01250407149392450
  0.01298335717977852  0.01343390604118182  0.01387495691024801  0.01430009662471787
  0.01477759425561786  0.01526532277839177  0.01571502915373860  0.01617884331637751
  0.01678941578246375  0.01759781336090668  0.01842831535683602  0.01901189651488486
  0.01953272110404463  0.02010306201149754  0.02088718102189557  0.02173282889034532
  0.02250074275611757  0.02327434001300386  0.02417627992684707  0.02504739539529833
  0.02581895406242610  0.02675434177970033  0.02794803462813716  0.02963403870409315
  0.03111260250667558  0.03293823311177217  0.03566979462352322  0.03823564480513486
  0.04035711516261090  0.07210086843044698  0.69198771742679754  1.00000000000000000
 -0.00367736843653379  0.01852736387602751  0.03630752706952869  0.05436620573175501
  0.07232606580609280  0.08942275909412466  0.10615630469100509  0.12252318548773691
  0.13840295363820460  0.15367735901315288  0.16872328493675148  0.18307446479412406
  0.19585778332942572  0.20575433386942565  0.21575622021111052  0.22549247670365191
  0.23658327345948937  0.24867972489797871  0.26065976761484494  0.27222991067685093
  0.28354086940808593  0.29456844019276041  0.30451011924461796  0.31378182070557176
  0.32226913448987127  0.33100506088263615  0.33940008284559092  0.34725417727345675
  0.35444156128963245  0.36117001135920812  0.36796899611982331  0.37545737335493151
  0.38331368050835640  0.39147267426577687  0.39978558879970671  0.40749905490121940
  0.41464805425284262  0.42144808507006154  0.42789491408123220  0.43452494144648307
  0.44136149370085620  0.44770799750515927  0.45378675746704572  0.45923636492919390
  0.46510941758155105  0.47102712645940442  0.47702366252872719  0.48329241808372991
  0.48982441229928514  0.49692503577227554  0.50510601564082491  0.51409370827333367
  0.52162619542660904  0.52922279327968469  0.53702261856337086  0.54444689745443220
  0.55307532012360627  0.56172482732210860  0.57004118973867191  0.57795302180924335
  0.58543961554635116  0.59243829550756621  0.59918036350258330  0.60606448424341397
  0.61318507559179414  0.62083970719389736  0.62895893792994650  0.63787936187794436
  0.64678325259159408  0.65699611395668278  0.66775666825710978  0.67877280987876853
  0.68940622361604731  0.69972305785653000  0.71020536583593674  0.72119245574723545
  0.73226450013877431  0.74289703153351894  0.75371238350178338  0.76450686890531439
  0.77607942057694457  0.78791997686393389  0.80044744137029389  0.81394114585899779
  0.82741988278866474  0.84213672283765362  0.85741440669847102  0.87267082428905873
  0.88838475964731201  0.90366193224972280  0.91957069635831079  0.93471955216975999
  0.94972783991416043  0.96596151884313852  0.98306491664905638  1.00000000000000000
 -0.00003480817171359  0.00000337676299971  0.00004156169771301  0.00007974663242631
  0.00014404291679089  0.00021355267440930  0.00028306243202772  0.00036944217713767
  0.00045737593177772  0.00052215393520838  0.00057207159410074  0.00062300743829603
  0.00067444361149564  0.00072654592052546  0.00077860712375057  0.00083056854073852
  0.00088262393765957  0.00093471281709885  0.00098221957774294  0.00103526150708540
  0.00112119426494739  0.00120671883841625  0.00128952019532992  0.00137240164673246
  0.00145718054229997  0.00154195971008689  0.00162752326728948  0.00171308682449208
  0.00179603414089865  0.00187895599034359  0.00196357952354180  0.00204835841984307
  0.00213800060672149  0.00222834541337560  0.00232571069187252  0.00242427789817758
  0.00252022562703865  0.00261646244809974  0.00271905862069039  0.00282171965128646
  0.00292495392493183  0.00303269407206924  0.00316215510238865  0.00329165149777663
  0.00342119595894852  0.00354052846446536  0.00365338478258664  0.00375850350819633
  0.00385675540504990  0.00395675978606346  0.00406785659752169  0.00417895340897992
  0.00431211516354037  0.00444992919927352  0.00465057889222714  0.00486090577263716
  0.00507358088787349  0.00528762277168858  0.00551061310993943  0.00570395455372695
  0.00584626912061091  0.00597015682645934  0.00609225527813983  0.00621374700742403
  0.00633637449892481  0.00645936522299705  0.00667485115670995  0.00692824673174527
  0.00725574181504705  0.00760131897330682  0.00791950222332036  0.00825358493847388
  0.00862764841045427  0.00901662736061661  0.00934834567191391  0.00971233828077430
  0.01080759373049353  0.01101380619902849  0.01120350723492619  0.01137798542828811
  0.01154536530466358  0.01207879817017813  0.01234256471006130  0.01261445059761700
  0.01298157473736809  0.01359119132515422  0.01438352807847664  0.01470126950152388
  0.01502594387360750  0.01535355847344170  0.01746561980491100  0.01913422609700226
  0.02510575470566377  0.03790837834315520  0.41977637966572234  1.00000000000000000
 -0.00143961736805119  0.00914040055202371  0.01896267560037972  0.02839212209375547
  0.03820660461317403  0.04838051508193342  0.05798322212218131  0.06796872298760254
  0.07780721646607282  0.08824131802876183  0.09763811341745857  0.10655611744496123
  0.11539694932613073  0.12627358338966543  0.13616460042019157  0.14473327420290119
  0.15336118333641030  0.16239684827050788  0.17302687714684323  0.18368253568034454
  0.19489388509182728  0.20639227212927086  0.21745867062344459  0.22924336774386439
  0.24049053409892107  0.25273950138877666  0.26416656410311018  0.27573823143124399
  0.28739511379099325  0.29896375072847398  0.30966464596773258  0.32010116272686007
  0.33091160629573818  0.34215040183717110  0.35299564444549569  0.36340538533604277
  0.37341657613685336  0.38309489681158421  0.39342771704098012  0.40365422901456488
  0.41446488765505518  0.42471190340813020  0.43544173590519608  0.44611483884462300
  0.45604383330669856  0.46645078378861737  0.47765259788676778  0.48993953300651805
  0.50230849275785350  0.51483424115862897  0.52725509412430205  0.53916074199095554
  0.55034064606154975  0.56048200018016392  0.57140016376631597  0.58305909295595648
  0.59649127944124147  0.61008317789482736  0.62264003117586897  0.63394039806067370
  0.64494298118218163  0.65622083393045560  0.66822389748951494  0.67990684484297736
  0.69055903755817116  0.70057189842947543  0.71028072727510083  0.71982200588330858
  0.72911762150294335  0.73787299939329976  0.74654851598671124  0.75534278602071758
  0.76442684409103101  0.77440630450851600  0.78419397957379100  0.79480570885627733
  0.80590141621105338  0.81717965113781932  0.82847491197388790  0.83938822111146583
  0.85004831834059869  0.86065304454534430  0.87113410279459558  0.88207139278945423
  0.89190074331121660  0.90088568390811929  0.90898539772198694  0.91751609125316214
  0.92678463670112965  0.93625280401692035  0.94576680422904569  0.95532089977611179
  0.96530001302760604  0.97585851051194827  0.98674551380022957  1.00000000000000000
  0.04429653073161425  0.09393235687629456  0.10650010837292874  0.11858666379023068
  0.12994748908121137  0.14112911655779464  0.15594626245122054  0.16918949859296309
  0.17934217877283584  0.18803429573720543  0.19565728754585493  0.20557110919250510
  0.21428958183264335  0.22349214949579663  0.23240211192381011  0.24113742325797649
  0.25010529864052006  0.25984097844790782  0.26949560573479558  0.27874221733104221
  0.28774588824282221  0.29773900731965275  0.30895671524430351  0.31990458789010717
  0.33084027749232803  0.34258617845008393  0.35389495136354998  0.36320161853145350
  0.37184847129583570  0.38016212364015184  0.38903027841925014  0.39801432782310625
  0.40664990174948579  0.41516001818285603  0.42439157517120524  0.43336588387656733
  0.44187457338724051  0.45051724807092625  0.45977484208505104  0.47008348401917371
  0.47981592496792935  0.48881984372399745  0.49713973653727367  0.50545826115438797
  0.51405832508107785  0.52232676324050364  0.52975317392710808  0.53636287739547583
  0.54275532195723686  0.54947901900132812  0.55652586156236172  0.56377017785532968
  0.57096491648173286  0.57810233375749365  0.58520988874148283  0.59218859173959226
  0.59901270503382054  0.60570567744411496  0.61225473091460092  0.61888654112793162
  0.62580704162933576  0.63274208151823985  0.63998003396865744  0.64777465272441370
  0.65532551165313424  0.66281253764915338  0.67020335925990993  0.67785305913345806
  0.68604748359815249  0.69434231713060668  0.70259575467609314  0.71030460195604916
  0.71824146638914621  0.72686923314333240  0.73603130680468776  0.74492102890290701
  0.75323619778517703  0.76167410481492603  0.77058342404529656  0.77958700913990364
  0.78843691396605842  0.79750912806210716  0.80664420422470107  0.81598154665171652
  0.82530011881338627  0.83534745560869827  0.84591544038681543  0.85708289184882036
  0.86925268928920452  0.88248582728999769  0.89613329308687295  0.90992065306287206
  0.92530604438025765  0.94341093190197867  0.96700702349258294  1.00000000000000000
 -0.01838095766187115  0.10537152926060918  0.13872586004275511  0.16011880695558611
  0.17746416731845227  0.19270492924538957  0.20671172433576585  0.21875005875776310
  0.23140037782989512  0.24231731764143061  0.25200290863493557  0.26036931487697057
  0.26880150524896795  0.27689712577576547  0.28449694600942593  0.29203464714835325
  0.29999993958282090  0.30773339533695898  0.31499908195375476  0.32235780235890255
  0.32976878005892651  0.33659880110116769  0.34314014905838564  0.34970773379536585
  0.35603258521223036  0.36273002772043528  0.36945417452124796  0.37598106545096110
  0.38233642790990585  0.38873178140170650  0.39503616781276207  0.40082906617064296
  0.40604055298008135  0.41099263659033941  0.41597370698980812  0.42113859548002280
  0.42698549789512780  0.43314012220386433  0.43936806254856137  0.44564264031992096
  0.45204958620411789  0.45856193829563763  0.46519164508476513  0.47130302313684730
  0.47756812045149066  0.48362927771110115  0.49025370701274179  0.49645794477865007
  0.50279857169971098  0.50900872526504770  0.51492276914321655  0.52045292834190804
  0.52573141212830143  0.53097465550706979  0.53621434594575912  0.54179313051680988
  0.54752030113579742  0.55311704816085272  0.55886006525925436  0.56484145513710116
  0.57128456172434472  0.57810515598419332  0.58471691798453429  0.59104512978315216
  0.59746977206124474  0.60398812711196281  0.61055951968401989  0.61724517369060827
  0.62396611125382795  0.63053052932242970  0.63726508589731601  0.64415036319298891
  0.65126461048159978  0.65857574507598937  0.66554459291057388  0.67212566499398729
  0.67846479333680731  0.68479984856952292  0.69144812776575570  0.69893494764687036
  0.70675090844322586  0.71475416361060906  0.72231562477674727  0.72989083874879346
  0.73825978497669509  0.74740566617481041  0.75777508567688934  0.76886777913548632
  0.78048319790570386  0.79293836394364681  0.80682651026652064  0.82278155779902040
  0.84047260515425792  0.86171753423673569  0.89949098956148366  1.00000000000000000
   1.5313144655819100E-003  -1.0000000000000000     
 F F F F F F F F F F F F F F F F F F F F F F F F F F F F F F F F F F F F F F F F F F F F F F F F F F F F F F F F F F F F F F F F F F F F F F F F F F F F F F F F F F F F F F F F F F F F F F F F F F F F F F F F F F F F F F F F F F F F F F F F F F F F F F F F
  <DiscreteSampler_grid>
  grouped_processes
  1 # 1 for a reference and 2 for a running grid.
  10 # Attribute 'min_bin_probing_points' of the grid.
  1 # Attribute 'grid_mode' of the grid. 1=='default',2=='initialization'
  0.0000000000000000 # Attribute 'small_contrib_threshold' of the grid.
  0.5000000000000000 # Attribute 'damping_power' of the grid.
 # binID   n_entries weight   weight_sqr   abs_weight
    10   10   1.567980516218595E+001   7.592001285388476E+002   1.567980516218595E+001
    16   10   1.567980516218594E+001   7.592001285388473E+002   1.567980516218594E+001
    22   10   1.567980516218595E+001   7.592001285388478E+002   1.567980516218595E+001
    28   10   1.567980516218595E+001   7.592001285388475E+002   1.567980516218595E+001
  </DiscreteSampler_grid>
