 -0.00246186084147341  0.00948521900975532  0.01963938551664211  0.03014670882821939
  0.04068013863783907  0.05121593743769447  0.06175622023561409  0.07230050796956340
  0.08283429065830608  0.09336083888338638  0.10388844858045267  0.11442541758691140
  0.12496329972829925  0.13550592715886511  0.14605042916615987  0.15659430216927220
  0.16713543017744142  0.17766905356209012  0.18820862134857558  0.19875167515556999
  0.20929937749149530  0.21984785747182603  0.23039027313021404  0.24092343897672588
  0.25145839890235255  0.26199261194540785  0.27253077755396027  0.28306976814113416
  0.29360334954032180  0.30414489227212377  0.31467931280371286  0.32522172866280158
  0.33575799397288780  0.34630014023646460  0.35684939306481894  0.36739726134521133
  0.37794488487380351  0.38849126933463235  0.39904178135342339  0.40959084224167464
  0.42013265742995737  0.43067514553146063  0.44121189617507595  0.45175309511315709
  0.46229154182242677  0.47283778041897190  0.48338299759026782  0.49393352063501511
  0.50448158203240689  0.51503167822887908  0.52558034810161725  0.53612928770489332
  0.54667859388941775  0.55722162217399285  0.56776278687520365  0.57830526846072228
  0.58885417598268042  0.59939983992612977  0.60994185349970709  0.62048646520105255
  0.63103358748181360  0.64157022645705275  0.65210489259999738  0.66263819048490635
  0.67318496162421559  0.68372409382717214  0.69426809417844215  0.70480743061385087
  0.71535350088015781  0.72590046115128137  0.73644378442104397  0.74698626205329977
  0.75752877671519547  0.76807449529499483  0.77861837023925806  0.78915963616313911
  0.79970105153882065  0.81023950057903560  0.82077275200196598  0.83131054910830771
  0.84184572655784151  0.85238887380465256  0.86293378001266985  0.87348739684552767
  0.88403558112912084  0.89457515829384371  0.90511748082044396  0.91565346015501992
  0.92619856083310859  0.93673974293627760  0.94728514415701248  0.95782886530528877
  0.96837362224501422  0.97892034259424621  0.98946221438182735  1.00000000000000000
 -0.00252491092642175  0.00949940651490376  0.01966733828891501  0.03018750890215404
  0.04073456530706795  0.05127793956607567  0.06182412709491646  0.07237359460654605
  0.08292173603594170  0.09347480670036043  0.10401477705754451  0.11454727188080813
  0.12507492543233514  0.13561366699617175  0.14616293972129302  0.15669744813105907
  0.16722941369727079  0.17776134910839458  0.18831214167873567  0.19886808890637658
  0.20942386576631775  0.21997709338857144  0.23052885583738006  0.24107585128921052
  0.25161958359701436  0.26215864554397422  0.27269263202302252  0.28323273012774508
  0.29375622424890041  0.30428985684161253  0.31481324941388672  0.32535210742732823
  0.33589162873181971  0.34643344970642059  0.35698262129507335  0.36752363254134218
  0.37807113141117005  0.38860627367529266  0.39914341016819727  0.40967954794995787
  0.42022550645035628  0.43077481699581743  0.44132178297411828  0.45186950890002170
  0.46241331472418906  0.47294613900288229  0.48348044967221732  0.49400896683549000
  0.50455303239478055  0.51509467597713432  0.52564627039378842  0.53619122844613054
  0.54673004717285378  0.55727229188671190  0.56781066293972349  0.57835775853410487
  0.58888777880279852  0.59942789256493811  0.60995938400192573  0.62050468311563745
  0.63104801945482569  0.64159834119306713  0.65214162388216701  0.66268600532860356
  0.67322524838929232  0.68376313838390235  0.69429891842961167  0.70483077634947144
  0.71537120080556205  0.72591025152718858  0.73645775250470569  0.74700169591738186
  0.75754475273256972  0.76808228311830373  0.77862236200082757  0.78916424689639508
  0.79970467235076426  0.81024613419980895  0.82079119242417631  0.83133664465783030
  0.84187925495294258  0.85241701232498468  0.86295899780836005  0.87349675590712261
  0.88403374704604842  0.89457257009981916  0.90511899303845433  0.91566461369640328
  0.92621452471879484  0.93675815286845798  0.94730431382830727  0.95784984775036730
  0.96838689909987918  0.97893189244995460  0.98946577069432684  1.00000000000000000
   2.5653120321057386E-008  -1.0000000000000000     
 F F F F F F F F
  <DiscreteSampler_grid>
  grouped_processes
  1 # 1 for a reference and 2 for a running grid.
  10 # Attribute 'min_bin_probing_points' of the grid.
  1 # Attribute 'grid_mode' of the grid. 1=='default',2=='initialization'
  0.0000000000000000 # Attribute 'small_contrib_threshold' of the grid.
  0.5000000000000000 # Attribute 'damping_power' of the grid.
 # binID   n_entries weight   weight_sqr   abs_weight
    10   10   1.322623097372511E+010   1.749331857703253E+020   1.322623097372511E+010
  </DiscreteSampler_grid>
