  0.00000471228751150  0.00000497138890231  0.00000512673680674  0.00000528331784784
  0.00000543314675814  0.00000557909941564  0.00000572767033660  0.00000588314082572
  0.00000604289536952  0.00000621252327547  0.00000639277688666  0.00000658379061994
  0.00000678700658619  0.00000702792683294  0.00000725815850838  0.00000747907665337
  0.00000768990327726  0.00000789615743338  0.00000810314480330  0.00000831177738386
  0.00000853608976904  0.00000878014424344  0.00000903726083104  0.00000931550901086
  0.00000961022461330  0.00000990292043998  0.00001018691304475  0.00001046511756983
  0.00001074888125587  0.00001103407384597  0.00001132269813046  0.00001162219528480
  0.00001193461369486  0.00001226006659608  0.00001261041409840  0.00001302315281663
  0.00001343523578330  0.00001384624931059  0.00001425447429603  0.00001468743207201
  0.00001515369733787  0.00001563340557807  0.00001614148731064  0.00001670672622447
  0.00001734791809793  0.00001800225463674  0.00001864423355158  0.00001928223027355
  0.00001993782662085  0.00002063973343934  0.00002134757930085  0.00002208032805580
  0.00002285054767451  0.00002365489901742  0.00002449316240694  0.00002537339425934
  0.00002628823206594  0.00002723347856070  0.00002820636344388  0.00002923149383611
  0.00003035927957570  0.00003156836809959  0.00003263018925229  0.00003369533802718
  0.00003483660054155  0.00003613703855328  0.00003756800510000  0.00003921060586987
  0.00004118970306260  0.00004343631384468  0.00004576525613956  0.00004814226095804
  0.00005085508831350  0.00005403740881093  0.00005763095263083  0.00006131455436186
  0.00006512851279050  0.00006939354091415  0.00007467181641567  0.00008081139161685
  0.00008766038787697  0.00009574756860707  0.00010603471010422  0.00011873635974340
  0.00013409354889525  0.00015331486224639  0.00017998060003970  0.00022430629793978
  0.00028549270611256  0.00037283378877535  0.00049260230272299  0.00076140763939151
  0.00130290824273941  0.00255359875041607  0.17155770110251967  1.00000000000000000
  0.00003726407495772  0.00004404188622832  0.00004917828346997  0.00005480521954995
  0.00006109008483480  0.00006814020578042  0.00007592787905996  0.00008341170767523
  0.00009124820662489  0.00009935792299484  0.00010805569108262  0.00011778850191765
  0.00012932951818638  0.00014225782483323  0.00015621729191300  0.00017223419662334
  0.00018894820445987  0.00020583548237566  0.00022257977698952  0.00023989781119252
  0.00025688641712726  0.00027352012285557  0.00029031082595909  0.00030784224639411
  0.00032628080200653  0.00034662163679555  0.00036780738689184  0.00039034474334142
  0.00041482059460727  0.00044079225841449  0.00046820379577538  0.00049639800248246
  0.00052459529925464  0.00055323963278014  0.00058272401726042  0.00061342347116446
  0.00064566450726139  0.00067644894307014  0.00070813988922917  0.00074123763556359
  0.00077514622676939  0.00081224331684498  0.00085092274431210  0.00089115549231751
  0.00093369834635367  0.00097796218845166  0.00102426024728858  0.00107337905808959
  0.00112781967140687  0.00118329332149023  0.00124219338077767  0.00131147643658076
  0.00138411780363006  0.00144701965890321  0.00151113705034958  0.00157578331781460
  0.00164439212577981  0.00171801028474928  0.00179279459150429  0.00186801925596529
  0.00194465878062673  0.00201802946948248  0.00208989445922886  0.00216337430096191
  0.00224640328122537  0.00234207236369038  0.00244771938064760  0.00255332092888981
  0.00265339869882376  0.00275328542668756  0.00286566670903365  0.00298900138887661
  0.00313753450179687  0.00331417931942526  0.00354292336352703  0.00377623303917355
  0.00401322679044417  0.00425150487058364  0.00451061351969893  0.00481185891761185
  0.00515438533824541  0.00556544492597539  0.00600231999836488  0.00648147296998175
  0.00709790921281390  0.00796671131409517  0.00881530172140722  0.00987537564707218
  0.01097374735797085  0.01224082324445853  0.01390562592082950  0.01664483920070906
  0.02220668368650444  0.02605958126104340  0.31307655802499817  1.00000000000000000
  0.00000601060736849  0.00000670249036578  0.00000726787917148  0.00000781468083202
  0.00000839772906133  0.00000899472684325  0.00000956136862824  0.00001013075590018
  0.00001076614445666  0.00001140618651756  0.00001203622063851  0.00001258679747529
  0.00001311081241625  0.00001363037814673  0.00001416653951732  0.00001474107593881
  0.00001535258455732  0.00001597400694372  0.00001660576513170  0.00001729280630300
  0.00001801837991709  0.00001870811532894  0.00001946096338270  0.00002027376905552
  0.00002112812597415  0.00002208420762469  0.00002316639146857  0.00002439878549817
  0.00002563615390747  0.00002689619379818  0.00002812891828227  0.00002944679376242
  0.00003090640440710  0.00003242802323265  0.00003394443442325  0.00003550996040795
  0.00003716022998711  0.00003889959450726  0.00004074867767156  0.00004270827294342
  0.00004479225722442  0.00004699868046435  0.00004930571511621  0.00005180739717518
  0.00005471929723930  0.00005800936175214  0.00006122193930497  0.00006460640716303
  0.00006790963157781  0.00007158184577184  0.00007552639007855  0.00007979708244441
  0.00008447274933964  0.00008946734760262  0.00009524185812936  0.00010198240454575
  0.00010934539323887  0.00011729193357426  0.00012552139926326  0.00013423632605653
  0.00014386787453553  0.00015509492758194  0.00016707504098630  0.00017945789512767
  0.00019208826574137  0.00020615170409569  0.00022088004475689  0.00023859254976105
  0.00026054582916970  0.00028774881790013  0.00031508097919148  0.00034472573501022
  0.00037854926895829  0.00041747079460721  0.00046440618901315  0.00052118867984423
  0.00058534686427782  0.00065451834281565  0.00072808332897473  0.00081152163755680
  0.00091179184188495  0.00103619802287773  0.00117937691726772  0.00133540168651777
  0.00150440994391833  0.00170395275959801  0.00194722307582335  0.00223509046434919
  0.00259037189897711  0.00309967667937399  0.00382378534276614  0.00470758590309997
  0.00581529892573308  0.00755055573164779  0.15911907672950706  1.00000000000000000
 -0.00133193419886456  0.00558219267019220  0.01214013470323837  0.01906238717569055
  0.02674256295951970  0.03497372916474013  0.04343640468431933  0.05290634440726961
  0.06276818699778176  0.07256988471754758  0.08238775953795431  0.09175066538664399
  0.10093162018273469  0.10958102959579451  0.11796211917035898  0.12677830959963571
  0.13642466262289152  0.14652653292206708  0.15660433689161130  0.16694633768843631
  0.17797981658563394  0.18912825106170003  0.19845465501154941  0.20752569746881977
  0.21662799905775199  0.22687502736332610  0.23794445422677385  0.25002747772700112
  0.26383771293159086  0.27769300563904775  0.29078322339710433  0.30314316379555206
  0.31538096623245965  0.32755207864726360  0.33961561347217178  0.35184051338309535
  0.36303833032047816  0.37452667736757911  0.38612304950239890  0.39864997036184846
  0.41248970297547172  0.42667913609799252  0.44135728320951523  0.45545450064693288
  0.46754335019442828  0.47889890897277865  0.49085228280007270  0.50258048681548473
  0.51339555782022150  0.52435469394665379  0.53587950356240954  0.54754733511041576
  0.55854047713919730  0.57036960524978131  0.58340495439514850  0.59647227964582539
  0.60881367499423855  0.62054138951236004  0.63316802559974461  0.64618600506892365
  0.65960700948047946  0.67385080998747804  0.68875145524500936  0.70300782387742844
  0.71449391928447070  0.72450839440956216  0.73426433878885411  0.74353599842205198
  0.75268250264779801  0.76152460759108109  0.77032272737614527  0.78010932016019130
  0.79009191501231846  0.80017472562320302  0.81022455665210968  0.81976185871792528
  0.82940099697353031  0.83973874547465033  0.84947085110114162  0.85795408015044861
  0.86563141668076471  0.87355313774833565  0.88193668223840838  0.89035567999993726
  0.89881042300978853  0.90728265416973397  0.91561964081821001  0.92494909668114333
  0.93469077778666665  0.94432439637056564  0.95377489749775202  0.96326951130085270
  0.97281890928726877  0.98206898617788652  0.99109164197323474  1.00000000000000000
 -0.00249335891246163  0.00972289218931911  0.02067599744837478  0.03218900050336239
  0.04396641514918913  0.05465301612341026  0.06441525957560423  0.07420887714630001
  0.08387372344364701  0.09377163370313954  0.10373221103384839  0.11321736057476781
  0.12213114805325555  0.13081657183223430  0.13988931976258184  0.14910077831876981
  0.15813456281670252  0.16775880556377218  0.17825557623493860  0.18918007930363939
  0.19940049086429043  0.20897815560407457  0.21821529358737979  0.22744476380709730
  0.23717038520941000  0.24727435183979612  0.25857200921699874  0.27122106913985211
  0.28429798374691201  0.29644856337236486  0.30709162939397838  0.31818220172905237
  0.32931003340839304  0.34015662326643903  0.35079153664382784  0.36177798958006252
  0.37323521345998445  0.38448826771548145  0.39550962914288801  0.40648097596164484
  0.41694035953875480  0.42636668578923020  0.43523551292101126  0.44404932163741034
  0.45326992492957902  0.46290288565955845  0.47293305810067526  0.48401042346252660
  0.49690800871841723  0.50932982198386301  0.52145142087174323  0.53423080210636864
  0.54641550098871017  0.55750322998940638  0.56789343881775178  0.57860787679652792
  0.59029956778520043  0.60149918299832772  0.61284431521287186  0.62434139301037428
  0.63615454348773903  0.64711584314209414  0.65665893776791362  0.66673271188547290
  0.67872070763751036  0.68969355960741674  0.69955839576136480  0.70892229380481175
  0.71816564171214337  0.72767205558152070  0.73697783503786618  0.74612168169699367
  0.75564831857784343  0.76596283300229318  0.77695776277572315  0.78874972255443554
  0.80053495750597858  0.81284308504562897  0.82474768986806168  0.83616505090136917
  0.84567902758133362  0.85524305640075271  0.86499604146257503  0.87585338206016372
  0.88686238449196053  0.89691561297159705  0.90742479576682067  0.91770462659074059
  0.92849990554203754  0.93955465637131763  0.95006202124107875  0.95991947491650520
  0.96897227117875995  0.97886234024395868  0.98925555379121688  1.00000000000000000
 -0.00127703838134710  0.01653321574834747  0.02695997173187184  0.03366388838509317
  0.04049408901461734  0.04804241716292684  0.05559416428884727  0.06291658142106828
  0.07012260364942392  0.07730863799647629  0.08401571237161280  0.09133666362415213
  0.09910173352115695  0.10670333317573777  0.11501322100014895  0.12341450517559960
  0.13015028065132289  0.13688621566066483  0.14398751816799193  0.15118874139186986
  0.15859317654114552  0.16563145620205916  0.17263412943564521  0.17999561875990611
  0.18684743058865413  0.19454935009839824  0.20228727376848574  0.21051153288285054
  0.21899284738243038  0.22730717868392936  0.23531621910387759  0.24336692668430951
  0.25153344200582889  0.25971463192141475  0.26808727091357881  0.27666770583135042
  0.28528574034867343  0.29379777506902932  0.30205199910439878  0.30994716503388936
  0.31755001701233704  0.32486186829907815  0.33231559193233751  0.34040506161987044
  0.34860724210521143  0.35722192874616071  0.36586441857353630  0.37437212885874216
  0.38264706312822000  0.39093934752214710  0.39856543080640860  0.40609087109262260
  0.41358816591492498  0.42167757696431707  0.43050047083800358  0.43893672938889328
  0.44786993668330582  0.45663760920631002  0.46583965110446451  0.47576091887512528
  0.48617185236739835  0.49652481465689907  0.50743750215445771  0.51851368268461406
  0.52950544156857804  0.54012551145174725  0.55129139919662118  0.56271407980629440
  0.57442921469896457  0.58554769622385072  0.59579122903308734  0.60654749577824718
  0.61754101117387272  0.62869624898058685  0.63977824183760001  0.65145270353675189
  0.66446354665071150  0.67787196533521521  0.69177487498482848  0.70532372861851000
  0.71968211892949940  0.73385730193152465  0.74669860768166463  0.76138595068241510
  0.77724602790818553  0.79421295461706753  0.81116986761902476  0.82872468502191343
  0.84695029211291895  0.86327852811947603  0.87824504769903700  0.89892842187578492
  0.92130700606122407  0.94512402458321521  0.97114977962304849  1.00000000000000000
 -0.00251711914466993  0.01312305900442088  0.02512577633491216  0.03671920724044964
  0.04714216690759675  0.05734517049405865  0.06819693538620368  0.07956724069130772
  0.09145295156299310  0.10340326247551060  0.11442239690582083  0.12455544665559559
  0.13364795525893478  0.14246272806490529  0.15140687489796448  0.16063721360823557
  0.17036211320020828  0.18081782033845839  0.18986618168358252  0.19893092157400991
  0.20742546385569161  0.21649664904326488  0.22584853116180947  0.23558452302321090
  0.24479431902488072  0.25386723993721177  0.26330417737374484  0.27348076595973103
  0.28373848800358215  0.29333594298828591  0.30332953334464691  0.31359404672291186
  0.32572848461862564  0.33625862390893713  0.34652225357185190  0.35653117755839880
  0.36678662058710304  0.37703374089999336  0.38674364828773750  0.39690917879626936
  0.40572156213408167  0.41459033006710638  0.42337135365421485  0.43169150713396198
  0.43978941063357507  0.44827695975843129  0.45808372476665887  0.47028120597843343
  0.48364994948065820  0.49665341407325209  0.50882719521492537  0.52003371397037279
  0.52989777136057936  0.53914068699490991  0.54849470219016505  0.55825996433642711
  0.56786190372339529  0.57712954239500613  0.58699405142327044  0.59825578563688986
  0.60986442040550881  0.62139202394457427  0.63285330663306116  0.64390571820134945
  0.65521117002096962  0.66649665430617433  0.67730165532848874  0.68807158270598345
  0.69873718356750869  0.70991228089026148  0.72199845579354416  0.73483522458856265
  0.74769078070471240  0.75998829895931053  0.77155439530498393  0.78236060227674686
  0.79284055212870708  0.80352080182952113  0.81446792527449730  0.82552001821492149
  0.83648663605387319  0.84723350856608959  0.85887675121132501  0.87026487863849489
  0.88212451846927620  0.89363086444471718  0.90406211041806928  0.91437815453686744
  0.92432208258063941  0.93419196928393489  0.94366114660520939  0.95333379060016699
  0.96413297244739349  0.97653497094636554  0.98843618460937688  1.00000000000000000
 -0.00196025132317007  0.00873642605503667  0.01754212955657485  0.02652272061696321
  0.03563977721128633  0.04552061375988909  0.05580306312087353  0.06518506050395236
  0.07376415356426663  0.08326412943475890  0.09429661345479803  0.10634379384356808
  0.11847662203065361  0.13164325151950698  0.14411952168468622  0.15399251792387725
  0.16259711270838315  0.17114541846746856  0.17994151370415867  0.18909109652819464
  0.19761983074319248  0.20666007398447406  0.21737603564978217  0.22900593761550725
  0.23981950956450757  0.25136222071518238  0.26423320412355683  0.27667910831816062
  0.28858170661391258  0.29955294548665090  0.30989169583641912  0.31984120643176217
  0.32959107801875775  0.33990551246504241  0.35133659397435274  0.36242610147019155
  0.37315065018838373  0.38324427261919169  0.39331276259267833  0.40396188487320789
  0.41461222449637120  0.42492205883139372  0.43504103641538855  0.44471980265000854
  0.45515369313712600  0.46529481683252172  0.47609052244392885  0.48652527988021904
  0.49722682734574863  0.50901554208418687  0.52134209608778126  0.53302556260290923
  0.54433962892116805  0.55642842500821466  0.56797528931803365  0.57869087529272278
  0.58894562172657416  0.59900912095689618  0.61001234901217349  0.61918672470146352
  0.62847910358023373  0.63739100546071581  0.64796705366468066  0.65931911049877245
  0.67053549005845381  0.68143015570415355  0.69245353308623359  0.70336315412421102
  0.71465011671720235  0.72634134110007664  0.73802996767980300  0.74928237022915922
  0.75975612408166227  0.76987562192207448  0.78004155473806647  0.79018452473867873
  0.80009544573017688  0.80974648089499957  0.81995315496006482  0.83091153098495596
  0.84214442444829618  0.85379139745586774  0.86563905183879652  0.87699373152816307
  0.88775340612898745  0.89800639653426106  0.90847284976039755  0.91898615169549347
  0.92961611272347688  0.93997923286105967  0.94983033483777157  0.96096130876134001
  0.97173753825337628  0.98155505812711685  0.99072201308121211  1.00000000000000000
  0.03074932220207193  0.11978071330360970  0.13249165553389838  0.14286343829224279
  0.14960271661839833  0.15511007668070437  0.16076314924604307  0.16630965143632978
  0.17225859541243910  0.17865321955909305  0.18537750737122494  0.19285044305706300
  0.20081464784731115  0.20888222574843146  0.21888549694963139  0.22981290173228713
  0.24062578615807070  0.25124290545462880  0.26203860568113663  0.27232263508598564
  0.28176135346025843  0.29077499400559215  0.29995678382876384  0.30944571870628035
  0.31868532568803604  0.32757321364360148  0.33622219153871075  0.34485229352588914
  0.35382886849639206  0.36360557138417204  0.37465941988204676  0.38560165052898404
  0.39547265759833788  0.40434963544773367  0.41257298634301154  0.42118259594017282
  0.43067352973742518  0.44120681729313677  0.45213677805114449  0.46251461785797271
  0.47234796678755397  0.48185284192717992  0.49099881775626630  0.49996539753810137
  0.50871555534864954  0.51804511163841294  0.52717740526249901  0.53686869060924280
  0.54643455702473631  0.55559254641695333  0.56436442942715759  0.57321744187098633
  0.58250970519816692  0.59195954140244567  0.60064083608963370  0.60888668151784509
  0.61688833801710785  0.62507795445658598  0.63370844313499464  0.64247926646495845
  0.65105458405003047  0.65953226689673006  0.66822062090424206  0.67691021011739205
  0.68589177793892231  0.69478546987437972  0.70386049031674247  0.71309996138022214
  0.72243832891791027  0.73162728623717677  0.74095721223807054  0.75017414229560242
  0.75892591276877108  0.76746535991992193  0.77632665203098161  0.78566096194803237
  0.79505105793352138  0.80412159786944770  0.81268555557872757  0.82091401529168606
  0.82925381175573321  0.83740245709714911  0.84569423489638862  0.85424689054140335
  0.86302135607060682  0.87187284512585728  0.88096355080425726  0.89030372691944204
  0.89942158202229727  0.90883284995916680  0.91930196389107022  0.93094997778021349
  0.94340827650929882  0.95724351938413621  0.97540077070859776  1.00000000000000000
 -0.00977088403491849  0.05394209202050877  0.07963041316116469  0.09698986740771794
  0.11128334206525481  0.12395656426117935  0.13523240506408296  0.14488004675167443
  0.15315697646681645  0.16082488045168894  0.16854821010710336  0.17568907885048785
  0.18250967450810307  0.18885616146571649  0.19495490907230525  0.20125626572263677
  0.20783063618283595  0.21414633511392042  0.22029597917137894  0.22641579302983478
  0.23233072114321685  0.23765950400791344  0.24248502050246318  0.24706395795595099
  0.25158348078565723  0.25617524544283593  0.26071108674041343  0.26502109164236198
  0.26922344653493097  0.27364653157515101  0.27848355979818301  0.28374147152867307
  0.28941007427238619  0.29487391071421615  0.30011145937207145  0.30521594844411742
  0.31033319814842264  0.31556786171036155  0.32066583829774087  0.32606704609356885
  0.33155924775634388  0.33766703334344006  0.34405496512961614  0.35028281047532772
  0.35616185921252830  0.36144994821926779  0.36659380223020760  0.37202337335463892
  0.37787020462631449  0.38387706598501425  0.38950842266631469  0.39500673557071797
  0.40042151903905476  0.40599467367627645  0.41155520831791381  0.41761629226125230
  0.42436167530367430  0.43166007482089819  0.43897191686920073  0.44574509927741768
  0.45206187812979154  0.45834910732404627  0.46499862115788204  0.47182771937660600
  0.47873582270123394  0.48623339448747971  0.49396401934662748  0.50257881436452168
  0.51122655722162158  0.52025778655351140  0.52837693770413052  0.53613911949541293
  0.54379438468784846  0.55185412045562565  0.56025069211009326  0.56859628897107861
  0.57713213009623276  0.58539167129495040  0.59396714382000126  0.60277086115311629
  0.61192500672805461  0.62194192092225209  0.63260878633707440  0.64442714397256529
  0.65670962223913232  0.66838847346340524  0.68049579553105288  0.69498310472334379
  0.71199629533686781  0.72903500349339723  0.74752994662510519  0.76961015736829019
  0.79625988368760081  0.82656161204497114  0.87322567313964405  1.00000000000000000
   1.0944963246055968E-002  -1.0000000000000000     
 F F F F F F F F F F F F F F F F F F F F F F F F F F F F F F F F F F F F F F F F F F F F F F F F F F F F F F F F F F F F F F F F F F F F F F F F F F F F F F F F F F F F F F F F F F F F F F F F F F F F F F F F F F F F F F F F F F F F F F F F F F F F F F F F
  <DiscreteSampler_grid>
  grouped_processes
  1 # 1 for a reference and 2 for a running grid.
  10 # Attribute 'min_bin_probing_points' of the grid.
  1 # Attribute 'grid_mode' of the grid. 1=='default',2=='initialization'
  0.0000000000000000 # Attribute 'small_contrib_threshold' of the grid.
  0.5000000000000000 # Attribute 'damping_power' of the grid.
 # binID   n_entries weight   weight_sqr   abs_weight
    13   10   8.826372669677188E+002   6.841598671208885E+006   8.826372669677188E+002
    14   10   8.826372669677191E+002   6.841598671208891E+006   8.826372669677191E+002
    16   10   8.826372669677190E+002   6.841598671208888E+006   8.826372669677190E+002
    17   10   8.826372669677196E+002   6.841598671208899E+006   8.826372669677196E+002
    22   10   8.826372669677190E+002   6.841598671208888E+006   8.826372669677190E+002
    23   10   8.826372669677191E+002   6.841598671208891E+006   8.826372669677191E+002
    25   10   8.826372669677194E+002   6.841598671208894E+006   8.826372669677194E+002
    26   10   8.826372669677199E+002   6.841598671208901E+006   8.826372669677199E+002
    31   10   8.826372669677190E+002   6.841598671208888E+006   8.826372669677190E+002
    32   10   8.826372669677191E+002   6.841598671208891E+006   8.826372669677191E+002
    34   10   8.826372669677197E+002   6.841598671208899E+006   8.826372669677197E+002
    35   10   8.826372669677199E+002   6.841598671208901E+006   8.826372669677199E+002
  </DiscreteSampler_grid>
