  0.00000476614373621  0.00000491244045650  0.00000500862022361  0.00000510715833455
  0.00000520397296795  0.00000529606721325  0.00000538793940664  0.00000548667590298
  0.00000559549027050  0.00000570808465287  0.00000580958778027  0.00000590339679694
  0.00000599301779904  0.00000610238369498  0.00000622139175486  0.00000639081255245
  0.00000660156245641  0.00000680161946944  0.00000701738367358  0.00000725649249226
  0.00000752392425411  0.00000779870621557  0.00000806628642047  0.00000832105693556
  0.00000856034453079  0.00000879371302186  0.00000904299140357  0.00000931035095784
  0.00000961218380915  0.00000992496161844  0.00001023199582978  0.00001053838577287
  0.00001085703046429  0.00001120303707643  0.00001155023338185  0.00001188071445345
  0.00001220906724439  0.00001255842997432  0.00001293349711157  0.00001332837041238
  0.00001372925438348  0.00001414782738024  0.00001461426814575  0.00001510688317425
  0.00001560582245875  0.00001612730792281  0.00001659805364558  0.00001715856094615
  0.00001772055509623  0.00001831492405263  0.00001898443393883  0.00001975164759920
  0.00002061230717858  0.00002143920290108  0.00002234102049849  0.00002324203145718
  0.00002416850844423  0.00002514372283821  0.00002609699574340  0.00002718405265601
  0.00002834035307625  0.00002952941033402  0.00003074349050549  0.00003197216959222
  0.00003322512180195  0.00003457864937498  0.00003601627691380  0.00003740640837256
  0.00003896196477209  0.00004089093674625  0.00004309956132503  0.00004566419300625
  0.00004873045258619  0.00005209137559654  0.00005595389108838  0.00006028516111842
  0.00006530988960883  0.00007098306350657  0.00007731657326378  0.00008444697821725
  0.00009269459396163  0.00010283301587744  0.00011529969734355  0.00013162533410793
  0.00015330373857529  0.00018513718857622  0.00022563383815364  0.00027458745171323
  0.00033292460461640  0.00041606981002241  0.00058146588574089  0.00090234980135860
  0.00167964894060705  0.00319832848369624  0.25403726931552428  1.00000000000000000
  0.00002337962113804  0.00003630549699516  0.00005087231513238  0.00006714866133327
  0.00008444673670056  0.00010424540429293  0.00012842606539360  0.00015232148102989
  0.00017521707627910  0.00019674719640472  0.00021959519723121  0.00024206501461354
  0.00026380078357066  0.00028502668865239  0.00030610146274962  0.00032907740023225
  0.00035366149110598  0.00037957504543056  0.00040508331790651  0.00043020747504775
  0.00045484832339006  0.00047976957088881  0.00050623965894111  0.00053489299410300
  0.00056390545815337  0.00059085173259740  0.00061983968392418  0.00064817726824947
  0.00067790787427843  0.00071072646786387  0.00074655413582842  0.00078440373023342
  0.00082084457155469  0.00085944119675192  0.00089645491558740  0.00093513760512118
  0.00097811786013255  0.00101877900583369  0.00106331423987833  0.00110809515204316
  0.00115544402683618  0.00120858515343482  0.00127547339586593  0.00134528859853480
  0.00141551311708296  0.00148320765710255  0.00154520070593854  0.00160858049922042
  0.00167281352142313  0.00174954571616226  0.00182966726794910  0.00191048806099057
  0.00198748425108326  0.00205965449583459  0.00213539511581706  0.00222128310032696
  0.00231707877005600  0.00241716167244961  0.00252857188539315  0.00265187093365786
  0.00277665082164428  0.00290488029732127  0.00304226611798496  0.00318096108871811
  0.00331088584689983  0.00344275818950519  0.00359728954807012  0.00379925302943003
  0.00404917879948811  0.00425985756110931  0.00443694921188197  0.00460728140914969
  0.00477593809141288  0.00496916047986764  0.00516378296400141  0.00534280801383760
  0.00556032314814732  0.00584088390952286  0.00618637138739831  0.00667361326312165
  0.00728361738478060  0.00782942668770144  0.00825242870464450  0.00858396513238156
  0.00895441927664634  0.00934962504666567  0.01001546377710162  0.01077592680375862
  0.01245485866123986  0.01501759719702884  0.01850306381739909  0.02639205952712572
  0.02943137426127960  0.03321299385776240  0.29719613246628285  1.00000000000000000
  0.00000530735508201  0.00000627851820055  0.00000683161599395  0.00000735053613375
  0.00000781988783787  0.00000829932496574  0.00000879164108722  0.00000927332828005
  0.00000973882908467  0.00001039758396539  0.00001098151664114  0.00001152649261354
  0.00001209992433859  0.00001269614838537  0.00001328861902948  0.00001388606217815
  0.00001448227823620  0.00001517729747755  0.00001588617559649  0.00001662491107346
  0.00001741727448342  0.00001830354729944  0.00001916133950768  0.00002011886299066
  0.00002107389671316  0.00002203891584828  0.00002307558070435  0.00002413491645244
  0.00002521558113350  0.00002636714131414  0.00002753124387890  0.00002871198290236
  0.00002990191138592  0.00003121495132473  0.00003254887495536  0.00003390155481951
  0.00003538361409695  0.00003691602280834  0.00003844094868014  0.00004020603126339
  0.00004210763475681  0.00004409583131469  0.00004616466321303  0.00004839744596602
  0.00005028150441325  0.00005230054966733  0.00005447923074131  0.00005671642291018
  0.00005904180590321  0.00006167683128104  0.00006452883188283  0.00006788407407245
  0.00007164346873965  0.00007558355412192  0.00007949143531004  0.00008319051318286
  0.00008740102882677  0.00009194130311882  0.00009703179114365  0.00010217632527654
  0.00010789318669638  0.00011429636514752  0.00012137934774905  0.00012916551041983
  0.00013767592914508  0.00014714287489117  0.00015861874149701  0.00017080307486096
  0.00018324359765984  0.00019835969985254  0.00021486507498215  0.00023315710124137
  0.00025046110015454  0.00027259696310756  0.00029801936656707  0.00032741175986728
  0.00036164401213982  0.00040291454018859  0.00045360783567234  0.00050906243557189
  0.00057453978949072  0.00064817706237008  0.00073067665932643  0.00084682348288314
  0.00099330294438992  0.00115812837889785  0.00133855441798752  0.00152437273153792
  0.00177093315560260  0.00221133227274844  0.00297586777718488  0.00395124133429714
  0.00613229105927718  0.00936262374013518  0.09623947739745499  1.00000000000000000
 -0.00249027185372300  0.00794278297987744  0.01748802654727379  0.02619792572383484
  0.03514951473350612  0.04470882892203742  0.05403895182155422  0.06242167857373749
  0.07026582955638652  0.07798946839437626  0.08648785229964630  0.09543164795542933
  0.10413400712858646  0.11258669382731228  0.12119527712606167  0.13006825832363442
  0.13884972681328953  0.14781550771205851  0.15780136793814409  0.16824624009940764
  0.17853158805361719  0.18883340890794478  0.19927861223936111  0.21148582933770729
  0.22303181660568064  0.23393933942755360  0.24505056886452942  0.25729883904317219
  0.27011154025485562  0.28265365762834332  0.29475869543052696  0.30681819471504190
  0.31874613918331157  0.33073210225048078  0.34220125101240079  0.35287490347956757
  0.36397671398026088  0.37601492451063978  0.38914246426893967  0.40289093687393995
  0.41567411350660161  0.42722103618185453  0.43848281698191388  0.45030537787575664
  0.46262611518654151  0.47470330168810365  0.48726512982724712  0.49982673995722449
  0.51309230333197409  0.52692736226918002  0.54020737394788576  0.55226439692766882
  0.56343786224023562  0.57351991689936610  0.58331545875345592  0.59180768789730687
  0.60059433498853854  0.61018765308437239  0.62066500756450260  0.63144663527692679
  0.64277824973253217  0.65539699506465188  0.66935635290322226  0.68046303605274383
  0.69053604060458040  0.69892575318890671  0.70776447415805932  0.71690558208065847
  0.72650015986020688  0.73658522699169582  0.74649294534410127  0.75670329076242826
  0.76754291759388271  0.78062833072718507  0.79434938202312033  0.80829153374928631
  0.82053280308862675  0.83184004556182845  0.84299932245682629  0.85396754467911951
  0.86462065191148574  0.87567330237229202  0.88726315137992917  0.89863271806039691
  0.90934196541018320  0.91973125681086731  0.93013721909122160  0.93926648445808136
  0.94709487623373911  0.95481053351329159  0.96238332207757160  0.96974177820520935
  0.97707271033124665  0.98453670930126536  0.99221436299720167  1.00000000000000000
 -0.00229750357634437  0.01026051857749356  0.02019672580265907  0.03202534032660206
  0.04278751398797456  0.05320709945155978  0.06246270269350567  0.07272509683146636
  0.08399671895377404  0.09644349350850659  0.11008195650804571  0.12038842058562059
  0.12862745792063501  0.13708925205532965  0.14541072507600453  0.15319107944519003
  0.16279480917112060  0.17343574394157454  0.18400260872995941  0.19388131718095963
  0.20304639346474551  0.21141130722915888  0.22275103659200743  0.23234595048634363
  0.24283566177641361  0.25420889789760603  0.26776797869133862  0.28087610262528928
  0.29193057507519499  0.30169909584155452  0.31183470170832917  0.32263236892698061
  0.33340657183485894  0.34404268252183734  0.35522356214405676  0.36716717152441880
  0.37883238002546521  0.38927812563240394  0.39903795736977882  0.40895669910358867
  0.41943816156075336  0.43080007659336184  0.44145169776383242  0.45139484800570634
  0.46134979155554229  0.47077417605168415  0.47971353299201047  0.48852540178082282
  0.49791144409069943  0.50809122363494974  0.51788334200633535  0.52715369401990575
  0.53704900956436619  0.54874389406006696  0.56193285339578936  0.57471868970604068
  0.58650338510894562  0.59809685337317187  0.61035927920568844  0.62207394320014364
  0.63353142346503521  0.64496696010190568  0.65596577911752563  0.66724089061455660
  0.67705147399373011  0.68696952804138534  0.69747447241114036  0.70877272503800182
  0.72030469569025080  0.73184894078526042  0.74417394830434225  0.75659974670931440
  0.76886646915563217  0.78009444474529177  0.79061614046097994  0.80090409263454332
  0.81134837741334354  0.82231972512327278  0.83409805049065433  0.84640871280626961
  0.85925707808266305  0.87195479364549888  0.88414201626057298  0.89536304227783781
  0.90393225085101614  0.91196869757905596  0.92083066430440486  0.92972546940468037
  0.93809234096652139  0.94593802452511044  0.95434277207222229  0.96246128857505320
  0.97089596528151201  0.97936796852430308  0.98960005485560687  1.00000000000000000
 -0.00187144818746730  0.01502096983636959  0.02714402070737083  0.03755556168659523
  0.04805466516033888  0.05640778896365074  0.06288498896530713  0.06926592752937602
  0.07609705087205201  0.08227458676800836  0.08866759342831811  0.09513210877522840
  0.10172488226750369  0.10943630582178018  0.11801089465788930  0.12690118228244898
  0.13545208359174712  0.14385512365556349  0.15267505174573281  0.16200168194096334
  0.17082706158224090  0.17857356754279957  0.18616822324813073  0.19378201832386407
  0.20259669569536501  0.21256312868917021  0.22235872709254251  0.23068862190539999
  0.23880291367626094  0.24630590188836943  0.25365436021992943  0.26105063760249331
  0.26816702892809596  0.27561241708244166  0.28400220307253410  0.29283565385062471
  0.30170891889961693  0.31101456761071100  0.31950441496820325  0.32765048655262408
  0.33542013414541244  0.34306419540418842  0.35130053846358666  0.35998534887331401
  0.36844928273945310  0.37632647535881231  0.38480280782671306  0.39333373763695639
  0.40332942848847175  0.41369879592867376  0.42358780759005193  0.43299965337079060
  0.44256217609223197  0.45250030789355239  0.46279058443822157  0.47313913435364974
  0.48409335938514392  0.49571886208536459  0.50703500185930883  0.51793711078543447
  0.52876492845534095  0.53987392689079783  0.55203419190011471  0.56572522325190944
  0.58063688531279911  0.59520172677760519  0.60831464061868823  0.62024294189803730
  0.63207401625813653  0.64460620534194657  0.65855009573818568  0.67288827174896082
  0.68710652398736927  0.70116825360472101  0.71510607286410499  0.72884869948570752
  0.74148935888950451  0.75424606296596675  0.76763251806885835  0.78093634010178603
  0.79430597631438526  0.80821826273041319  0.82264279726775280  0.83534583834449450
  0.84883038757640905  0.86248143032085001  0.87621048888342323  0.88987981134321481
  0.90382275562330094  0.91951436828898181  0.93297533801541088  0.94495782774598758
  0.95671952416849615  0.96992150961523138  0.98534516400925443  1.00000000000000000
 -0.00298491674883473  0.01009058686768542  0.02328808759069080  0.03545159439007620
  0.04687362266514222  0.05757139436465474  0.06875440042129523  0.07986353597990346
  0.08994495075578875  0.09922218481418317  0.10911531776841056  0.11932001079976848
  0.12945514909818875  0.13987268725993318  0.15114123805910368  0.16250857169942981
  0.17382151499676024  0.18507045534122524  0.19644050514924069  0.20775547308684905
  0.21865753061355195  0.22915750983415312  0.23967315868968456  0.24984278304610344
  0.26039690356582779  0.27059002820983308  0.28228773939923257  0.29441514717126349
  0.30661988242370347  0.31870742656909534  0.33019767808232897  0.34047577810251833
  0.34992264087084374  0.35964912587188153  0.37018024422200918  0.38067896640211807
  0.39108216983649369  0.40168085197962800  0.41322015069536178  0.42560776775131481
  0.43840800845508315  0.45093324567158866  0.46382759154653308  0.47528429780191156
  0.48508138548708996  0.49424793087329605  0.50379925262209690  0.51334837357009877
  0.52213711841096266  0.53050750662183277  0.53972767138285072  0.55070544093650819
  0.56153950833765753  0.57023303830422312  0.57851047615961304  0.58794761163185083
  0.59807829112703492  0.60843526124470049  0.61804762043610850  0.62733407663889917
  0.63754792731393706  0.64823780067214010  0.65950470334102074  0.67106778479645279
  0.68251055527267346  0.69378372961789703  0.70429430635580659  0.71427548001625030
  0.72392123704014688  0.73284476987242386  0.74221527435068946  0.75228782703869668
  0.76326829085712922  0.77362459397549954  0.78400926788692349  0.79455452621525890
  0.80534813180244724  0.81545900122224624  0.82583832753634456  0.83643840390326385
  0.84831810367626503  0.85878974830193011  0.86784390320525406  0.87659327269980292
  0.88487230648070037  0.89246050432238389  0.90041638143176406  0.90829488221943455
  0.91658498831222568  0.92613158497413228  0.93706045388164438  0.94868674026451105
  0.96138782814026436  0.97471654882603886  0.98755974600795726  1.00000000000000000
 -0.00188675149342975  0.00917693867808766  0.01878716553789949  0.02904098953015761
  0.03964293433255684  0.04938195208457958  0.05935584447531012  0.06933167836328946
  0.08017783251794720  0.09087745510788273  0.10191130056737713  0.11085093260046908
  0.11926040897505376  0.12752805361269570  0.13591731528196563  0.14637988727160203
  0.15748823559649183  0.16843783022536707  0.17977101046107699  0.18981236944330496
  0.19883387951261217  0.20792143624881310  0.21839111167844452  0.23014862572432609
  0.24180969094873159  0.25347596512818299  0.26516049968673439  0.27647909647591795
  0.28757222582512387  0.29856470050220640  0.30993546795842575  0.32157478283480256
  0.33266048240510993  0.34360334467713660  0.35525282453079221  0.36772837084456134
  0.38154642249570475  0.39543360809681577  0.40798075943921341  0.41872515782062814
  0.42917549644502540  0.43948944625997594  0.44946206753124102  0.46001765530748284
  0.47185177994195832  0.48344354235429887  0.49399036493597615  0.50478913362380839
  0.51572299190458715  0.52691202118211022  0.53737172615915496  0.54779063234152370
  0.55871702859905015  0.57017820024532950  0.58217965917587389  0.59446372801301983
  0.60605042138645071  0.61653717984576195  0.62560197483016466  0.63393546175077031
  0.64273869502435699  0.65320237660103664  0.66354762048039162  0.67519556287389881
  0.68677044733864889  0.69868786809053551  0.70875298687226818  0.71841052522375026
  0.72771471641759045  0.73836515950131054  0.74970856052801549  0.76049365825599402
  0.77105082377589729  0.78260069031263035  0.79420691358090267  0.80493995195365053
  0.81476665573649709  0.82447745351580182  0.83396876565313605  0.84339214077260971
  0.85296479208520781  0.86315232850282131  0.87390603279616241  0.88407999264681514
  0.89387611648702214  0.90223221502850026  0.91002059532352597  0.91807913643203720
  0.92634129315305891  0.93655627743919645  0.94899557384570954  0.96126384685534760
  0.97117971425942196  0.98099093337434540  0.99026416661843486  1.00000000000000000
  0.01844272287773350  0.08345112793272666  0.11856967110971686  0.13194405479244917
  0.14532250878007785  0.15636785583547233  0.16405410246788965  0.17194039195546085
  0.18109619053726952  0.19112012145958784  0.20007338125672439  0.20852657918292014
  0.21747434177852545  0.22827964612056414  0.23828225369517725  0.24869645548622851
  0.25807072705938733  0.26627762587462123  0.27411873912782853  0.28116461632770590
  0.28928926341512412  0.29721056693769293  0.30581922433637448  0.31381173485247243
  0.32233781151208118  0.33084284748326853  0.34043670584567082  0.34888133390610104
  0.35756768100196368  0.36755340126736891  0.37836849074763379  0.39157512822264945
  0.40467358135752723  0.41665423345571007  0.42782633992241970  0.43886718354549731
  0.44959983459010450  0.46014779674430223  0.47003961552936596  0.48003982980987953
  0.49061691370883420  0.50197012437952071  0.51153102675549833  0.52041610163935714
  0.52970152381708402  0.53925185083744109  0.54855141443152955  0.55745038101698441
  0.56630086367681431  0.57387792350225586  0.58114865053901499  0.58803673183793614
  0.59511966602078847  0.60274489176487234  0.61034689553715260  0.61856732339248044
  0.62684703257875651  0.63594920228581775  0.64531668162567646  0.65467011236711925
  0.66411584705543025  0.67341389612441493  0.68179054941548434  0.68990941286583196
  0.69745631961801491  0.70551435870583279  0.71389899444443072  0.72269893951667452
  0.73115710168791059  0.73907669687404576  0.74617519383310849  0.75391038332703320
  0.76175177712417197  0.76993335408392105  0.77835513375464660  0.78689284919288283
  0.79570157526243535  0.80417532775782252  0.81341306335857078  0.82229505644377821
  0.83053282132540074  0.83842611551445378  0.84679264839564217  0.85609554258986031
  0.86613508555165741  0.87488619464107586  0.88394800188127121  0.89317500807341221
  0.90319102073060753  0.91444586812898832  0.92568516884207952  0.93705859444521322
  0.94865722494542326  0.96102705378219366  0.97709474078162939  1.00000000000000000
 -0.00952164198269761  0.05475152497715087  0.08250995121797992  0.09920199711672113
  0.11066955419768594  0.12025679717700215  0.12940070370693374  0.13841635964356003
  0.14700607019197803  0.15580278109446688  0.16408739790133289  0.17125583053828494
  0.17798898636981164  0.18479185718208085  0.19219111318550175  0.19948973259574557
  0.20676702632967567  0.21357786792061542  0.21965506970540713  0.22528446019885381
  0.23076911345182582  0.23633233244547841  0.24237991728192734  0.24885141538849101
  0.25525246787020722  0.26142452214522938  0.26728124328629116  0.27299205877270788
  0.27870460473834313  0.28444988514055364  0.29018655713858177  0.29582103275959265
  0.30200480703430282  0.30831853908146367  0.31440274680069302  0.32010335087315189
  0.32562455983572619  0.33093918047089754  0.33595755499534635  0.34085551463673702
  0.34556809639619246  0.35013797691898230  0.35503903208649717  0.35967354395956042
  0.36458911977885983  0.36998454965794114  0.37497766210973399  0.38006224571431374
  0.38554746072846258  0.39106705942695330  0.39639449315283581  0.40152169316695929
  0.40695531964335913  0.41284004455572088  0.41900388192462745  0.42502716534379203
  0.43110249412499069  0.43747623520148093  0.44413852196678855  0.45087069757079795
  0.45731773620102273  0.46406672092860157  0.47054453836886423  0.47705829845002629
  0.48409529498228099  0.49160307840058698  0.49933911832068795  0.50766293994468104
  0.51639004477486250  0.52438491806985910  0.53178383392041784  0.53938479430856234
  0.54711882805609946  0.55585414085598039  0.56473531119524678  0.57318051685925042
  0.58113083992774583  0.58978187846408048  0.59895690004373237  0.60891126925242378
  0.61977749670278814  0.63164378780149988  0.64482854231559839  0.65897052624220642
  0.67300539304873652  0.68529835912310544  0.69769288826890496  0.71088285971996390
  0.72680275819179441  0.74443932191619233  0.76182392474317973  0.77952912524059614
  0.79930107226067659  0.82641570663928610  0.87153860146811613  1.00000000000000000
   4.3260077593483270E-003  -1.0000000000000000     
 F F F F F F F F F F F F F F F F F F F F F F F F F F F F F F F F F F F F F F F F F F F F F F F F F F F F F F F F F F F F F F F F F F F F F F F F F F F F F F F F F F F F F F F F F F F F F F F F F F F F F F F F F F F F F F F F F F F F F F F F F F F F F F F F
  <DiscreteSampler_grid>
  grouped_processes
  1 # 1 for a reference and 2 for a running grid.
  10 # Attribute 'min_bin_probing_points' of the grid.
  1 # Attribute 'grid_mode' of the grid. 1=='default',2=='initialization'
  0.0000000000000000 # Attribute 'small_contrib_threshold' of the grid.
  0.5000000000000000 # Attribute 'damping_power' of the grid.
 # binID   n_entries weight   weight_sqr   abs_weight
    19   10   2.240538819998855E+000   1.507021258917200E+001   2.240538819998855E+000
    20   10   2.240538819998858E+000   1.507021258917205E+001   2.240538819998858E+000
    22   11   1.617641562333760E+000   1.044437264841089E+001   1.617641562333760E+000
    23   11   1.617641562333763E+000   1.044437264841094E+001   1.617641562333763E+000
    28   11   3.473036910860279E+000   4.515440141968074E+001   3.473036910860279E+000
    29   11   3.473036910860284E+000   4.515440141968095E+001   3.473036910860284E+000
    34   11   2.042614158820677E+000   1.370055830343071E+001   2.042614158820677E+000
    35   11   2.042614158820679E+000   1.370055830343075E+001   2.042614158820679E+000
    40   11   3.597446337096529E+000   4.686689819863489E+001   3.597446337096529E+000
    41   11   3.597446337096535E+000   4.686689819863512E+001   3.597446337096535E+000
    52   11   1.617641562333760E+000   1.044437264841088E+001   1.617641562333760E+000
    53   11   1.617641562333763E+000   1.044437264841093E+001   1.617641562333763E+000
  </DiscreteSampler_grid>
