 -0.00245230188189392  0.00952444248421790  0.01968827470059353  0.03021067867557453
  0.04075698502871856  0.05130409013691868  0.06184731783423937  0.07239612308221066
  0.08293769068697564  0.09347687374361907  0.10401217035452490  0.11455351859706034
  0.12509870943306770  0.13564637325557211  0.14618898693660581  0.15672933369389050
  0.16726637047666310  0.17780122872087742  0.18833823411450759  0.19887993408955085
  0.20943151691160028  0.21997833492582752  0.23052125142730909  0.24106312458170584
  0.25160830676795015  0.26215571822883982  0.27270193223374972  0.28324035563340100
  0.29377936810176380  0.30431241500343481  0.31485011346161346  0.32538851746869069
  0.33592129383514424  0.34645436326519180  0.35698433565218646  0.36752193652243126
  0.37806567859976875  0.38859965153135967  0.39913287212518028  0.40965944260761267
  0.42019789413307312  0.43074244379435073  0.44129363695370283  0.45184621462820490
  0.46239266977796500  0.47293779251720236  0.48347627847617231  0.49401905049608180
  0.50456382398224919  0.51510999542415292  0.52565859677825111  0.53620277727311538
  0.54674281633713462  0.55728205629901695  0.56782328142950622  0.57837143087370735
  0.58890800096570040  0.59943876439495092  0.60997042464642048  0.62051204852981523
  0.63106114234661781  0.64160957646010552  0.65215775126595465  0.66270691369899459
  0.67325213503350112  0.68379456442200881  0.69433304331233592  0.70487626520641311
  0.71541912472004165  0.72595880030845927  0.73649970188471892  0.74704518797891772
  0.75759376487543539  0.76814354334459545  0.77868020600666366  0.78921554410087280
  0.79974543905790285  0.81028567096783355  0.82082897807601130  0.83137418088048565
  0.84190942076042918  0.85244528425333121  0.86298285276038922  0.87353245628351806
  0.88407733996866111  0.89461705638837730  0.90515044346400375  0.91568737063070471
  0.92621333109973880  0.93673958148337566  0.94726797240975558  0.95781153806035424
  0.96836039427024945  0.97890545242920313  0.98945269567848293  1.00000000000000000
 -0.00249943013444141  0.00956580304478146  0.01975069698621027  0.03027464945267384
  0.04081921835285884  0.05134913737590699  0.06187979100639850  0.07241338091488864
  0.08294921632076079  0.09348972727182425  0.10402901726695932  0.11456939460789593
  0.12510814099614509  0.13564444571944331  0.14618850413295822  0.15673346413776859
  0.16728163026591583  0.17782937534411658  0.18837288335372826  0.19891100773675133
  0.20944603761901878  0.21998381693833682  0.23052621219124461  0.24106366893121295
  0.25160313139783641  0.26213443673711895  0.27267253798865349  0.28320892384402407
  0.29375161869813748  0.30429644019729962  0.31484449519693097  0.32539432489499676
  0.33593973434292679  0.34648567059548213  0.35702309537641208  0.36756374911628004
  0.37809987854865656  0.38863674299851131  0.39917471423664880  0.40971729971865223
  0.42026197610094596  0.43080770153435943  0.44134002480994433  0.45186998463544914
  0.46239814938498414  0.47293431845076939  0.48347507807711282  0.49400965853155221
  0.50454936606617329  0.51509411926118143  0.52564348844310826  0.53619167025570247
  0.54673450166196280  0.55727972296267125  0.56782623927325182  0.57837242358875807
  0.58891408911142995  0.59945538443625068  0.60999598451080039  0.62053386901670837
  0.63107016692165996  0.64161159778058341  0.65216115287543686  0.66270513319682767
  0.67324912462073772  0.68379039158879429  0.69433887188395815  0.70488827917779429
  0.71543933369244972  0.72598667656842253  0.73653547808962372  0.74706719424657686
  0.75759810094229929  0.76812591623815030  0.77867064928934859  0.78921615889054919
  0.79975940144264945  0.81030288212370494  0.82084966964367967  0.83138416434909701
  0.84191790973714253  0.85245030687539780  0.86299930859017304  0.87354275135509429
  0.88408373177852406  0.89462280280806827  0.90516523710262708  0.91570262679304015
  0.92624235401764410  0.93678103760855547  0.94732454938852695  0.95786395180660355
  0.96840410876245853  0.97893929681626513  0.98947188241487960  1.00000000000000000
   2.5523915125198703E-008  -1.0000000000000000     
 F F F F F F F F
  <DiscreteSampler_grid>
  grouped_processes
  1 # 1 for a reference and 2 for a running grid.
  10 # Attribute 'min_bin_probing_points' of the grid.
  1 # Attribute 'grid_mode' of the grid. 1=='default',2=='initialization'
  0.0000000000000000 # Attribute 'small_contrib_threshold' of the grid.
  0.5000000000000000 # Attribute 'damping_power' of the grid.
 # binID   n_entries weight   weight_sqr   abs_weight
    10   10   1.322623097372511E+010   1.749331857703255E+020   1.322623097372511E+010
  </DiscreteSampler_grid>
