  0.00000044442162250  0.00000046530492352  0.00000048438045231  0.00000050183890158
  0.00000051983116839  0.00000054006736199  0.00000055976735727  0.00000057810776604
  0.00000059671058405  0.00000061523979098  0.00000063803134578  0.00000066461099156
  0.00000069186611103  0.00000071829999501  0.00000074294051509  0.00000076869849587
  0.00000079600134233  0.00000082449516979  0.00000085345658679  0.00000088235931206
  0.00000091093801378  0.00000093946889232  0.00000097124138637  0.00000100340353260
  0.00000103763102577  0.00000107551283537  0.00000111493409208  0.00000115341787093
  0.00000119164825322  0.00000123152721092  0.00000127327829115  0.00000131892357731
  0.00000136321599010  0.00000140543154988  0.00000144904636569  0.00000149400870863
  0.00000154211830858  0.00000159518049957  0.00000164911762457  0.00000170401371787
  0.00000176146120043  0.00000183264921272  0.00000191263515937  0.00000198514775775
  0.00000204361026938  0.00000209786420503  0.00000214730814770  0.00000219558951676
  0.00000224735450358  0.00000231003407672  0.00000237403106645  0.00000244024455147
  0.00000251462163076  0.00000259557917558  0.00000269661078419  0.00000281065052252
  0.00000293344851069  0.00000306721257955  0.00000320807443013  0.00000335229418065
  0.00000351328502860  0.00000375388555860  0.00000400730092265  0.00000426268735149
  0.00000452119573684  0.00000482685792981  0.00000518296511317  0.00000555917224793
  0.00000593345597944  0.00000630226935165  0.00000670466097850  0.00000723548768732
  0.00000782498071449  0.00000843732590239  0.00000903406389824  0.00000961359017017
  0.00001043302045462  0.00001129051799000  0.00001241666329542  0.00001411956059068
  0.00001610395982394  0.00001849668695329  0.00002141190037167  0.00002463495679919
  0.00002844138451031  0.00003274221820965  0.00003834033997502  0.00004771480070611
  0.00006092114319684  0.00007972940863462  0.00011134376165557  0.00017236531991614
  0.00028242969104679  0.00090160308594723  0.30028419751880858  1.00000000000000000
  0.00000082893037652  0.00000122006851960  0.00000143524033215  0.00000163217258415
  0.00000188952874090  0.00000227202260819  0.00000270544876242  0.00000315694190352
  0.00000356610551480  0.00000399724252705  0.00000445757949990  0.00000487023176230
  0.00000522019620178  0.00000554437207180  0.00000587190995741  0.00000623336598211
  0.00000660599047220  0.00000697629346215  0.00000737162880117  0.00000776128161525
  0.00000822707251119  0.00000875819884600  0.00000925450576082  0.00000974834920865
  0.00001028138122286  0.00001092834127533  0.00001146446579002  0.00001190410721567
  0.00001232838475953  0.00001276912288489  0.00001325501199722  0.00001383978168050
  0.00001462764996932  0.00001537655174801  0.00001621980657183  0.00001713103799367
  0.00001817641148978  0.00001937501031097  0.00002069742697985  0.00002211805544843
  0.00002353762942441  0.00002501138233765  0.00002640762067650  0.00002770277469900
  0.00002894029831392  0.00003018156109226  0.00003149527609724  0.00003293676876928
  0.00003451166414526  0.00003623799753585  0.00003811642804544  0.00004004638080486
  0.00004191016185625  0.00004383392077245  0.00004612109262476  0.00004883271801391
  0.00005096968960019  0.00005335775937798  0.00005626563232203  0.00005922716891037
  0.00006228516829716  0.00006606566193293  0.00006999764433872  0.00007397355620014
  0.00007837096711106  0.00008252150104016  0.00008667522737280  0.00009114307783975
  0.00009648146684779  0.00010274435732217  0.00010938511664007  0.00011643693778997
  0.00012340500303209  0.00013181364964930  0.00013988969804974  0.00014920140660481
  0.00015940929758617  0.00017162919226819  0.00018589706163499  0.00020497195370558
  0.00022704672656587  0.00025223268448524  0.00027764870120707  0.00030742234802255
  0.00034272336644140  0.00039041597245749  0.00047160000036828  0.00057256031439677
  0.00069425220760713  0.00085470591642504  0.00117644828491370  0.00189063466200582
  0.00296884995004608  0.01027782189698650  0.38511839297035266  1.00000000000000000
 -0.00000060966675922  0.00011508306135404  0.00072129223675984  0.00184163736945218
  0.00361583102001658  0.00572130169377741  0.00886608105454054  0.01278670632532433
  0.01724030787288557  0.02157593516848084  0.02614674256937697  0.03095679045797771
  0.03620000973989795  0.04198624531032630  0.04908205963777693  0.05659640827069482
  0.06433028065405300  0.07179967866899491  0.07920911544334554  0.08695679620971278
  0.09554085520692374  0.10497046186191007  0.11472108476885817  0.12454552746932450
  0.13521835031688659  0.14670663098403586  0.15813834138617136  0.16895254731096648
  0.17960198331161842  0.19089522735784706  0.20282525512997984  0.21475999421715777
  0.22616980632788300  0.23625706848397271  0.24673009203246479  0.25844032411035056
  0.27168393462072404  0.28592024752921680  0.30045726824998792  0.31470596602922118
  0.32774931148680037  0.33980590126491211  0.35028775262028955  0.36171032075581538
  0.37384906703198612  0.38722732199397591  0.40128911064059086  0.41454375282289363
  0.42783804735158376  0.44172595753666921  0.45612308488212944  0.47022503131192472
  0.48222237414441171  0.49346545293188865  0.50407771119479006  0.51450945400198889
  0.52487843763500719  0.53530452880575563  0.54668261368184967  0.55830733287642609
  0.57010183419596883  0.58234317573323247  0.59469105422793334  0.60682655762622217
  0.61914678452833860  0.63320177232710695  0.64803550165633528  0.66291847821864958
  0.67350458573830096  0.68328411829716718  0.69342315168874569  0.70328911778928227
  0.71286213394348841  0.72202326093913749  0.73236996705418167  0.74596289432093876
  0.76082388710718507  0.77472999084523542  0.78755629492801549  0.79915866802546964
  0.80988054520492214  0.82181429383510285  0.83385949649421554  0.84491616419710824
  0.85509795523468846  0.86799230183263909  0.88150127004954248  0.89503488393269637
  0.90841631971134629  0.92167853035519354  0.93552800577368322  0.95094615119872605
  0.96449057705951202  0.97707131331895203  0.98889143725747986  1.00000000000000000
 -0.00305571940409871  0.01218316161002497  0.02272579559458457  0.03364332151457136
  0.04547846577520709  0.05822936313536348  0.07066721653567870  0.08141836732423587
  0.09234078729761970  0.10263201141829680  0.11300254814433663  0.12161328233734835
  0.13103240584624193  0.14276418441369229  0.15352302720591882  0.16561073374231372
  0.17834700085724112  0.19044984806025142  0.20271996470451570  0.21571124688902399
  0.22841151436379747  0.23940769283132721  0.24963902059885931  0.25994113492059623
  0.27105454508997995  0.28429718738304199  0.30007498334045984  0.31554174728607215
  0.32521698239001401  0.33465597500818633  0.34254648476140531  0.35055270284113499
  0.35796736224137166  0.36596260706713563  0.37392388631094220  0.38509084867294358
  0.39734115027790873  0.40692977260281460  0.41554255809939600  0.42368518502764013
  0.43248619232011432  0.44195201037643750  0.45148534189893991  0.46077649222513439
  0.47038341509730103  0.48052557997468454  0.49040571233064861  0.50024148076927089
  0.51033794078537620  0.52045788867684506  0.52948994488392864  0.53783270911692804
  0.54661043193894043  0.55665707870804204  0.56720943039101357  0.57679389530886604
  0.58774267856982332  0.59919838770803913  0.61097302005746301  0.62160226750499270
  0.63302729364341481  0.64574844461355330  0.65990113770073888  0.67288823769966122
  0.68530491175346175  0.69641583417888664  0.70689129753785207  0.71849654188889311
  0.72791895480654600  0.73508024678695683  0.74244427732505291  0.75008898032021853
  0.75801832227540289  0.76720682691256992  0.77929069631442971  0.79243211668818636
  0.80447281374616830  0.81624288620137708  0.82879071287388961  0.84302959075790440
  0.85855492779298748  0.87477135857580524  0.88484510387622006  0.89515512053859037
  0.90420848942463194  0.91239636069397390  0.92040240514011573  0.92892899707890519
  0.93730791467517094  0.94497809133659572  0.95241092586236664  0.96036411002386146
  0.96946114106803272  0.97928037141217683  0.98952652965948751  1.00000000000000000
 -0.00283595537015269  0.01376258596812395  0.02947741220935414  0.04650526932917866
  0.06280586846219807  0.07627104971817875  0.08665556169373988  0.09622209474162065
  0.10582363070491708  0.11491172833175199  0.12585980007957970  0.13882560813466463
  0.15238401120056425  0.16610095235755062  0.18013858044377903  0.19242894228700944
  0.20285489224148043  0.21459261282652384  0.22682041951899398  0.23752785872332732
  0.24814452697515857  0.26110964671158338  0.27225208459024164  0.28125720557804629
  0.29044586541646772  0.29900244489686789  0.30707703135595998  0.31434775559366634
  0.32129817342313238  0.32907542755525071  0.33717089008461515  0.34601814557044774
  0.35508127787123711  0.36661923626896009  0.38047373239905502  0.39400783386793925
  0.40711895269302223  0.41934813115479719  0.42856084224247049  0.43846111672791982
  0.44807475615004250  0.45750629923953556  0.46724470766300752  0.47749223272809621
  0.48915326412622401  0.50089814246309616  0.51241790592971204  0.52365142370649309
  0.53469460694847448  0.54743691128144800  0.56081212225308441  0.57278168454745637
  0.58506778625663602  0.59838672761229406  0.61200249357269065  0.62432367292898705
  0.63474166339395266  0.64522032734575963  0.65579951351156152  0.66505603695073556
  0.67337132624023643  0.68177497658597686  0.69089579274982882  0.70059097314394148
  0.70963097883153425  0.71823625742556774  0.72566467517173194  0.73670919500571652
  0.74872335170584881  0.76138005179653478  0.77453099370626088  0.78804214947265439
  0.80162779898711267  0.81226333204025392  0.82066753904995204  0.82944483812267900
  0.83850355306602087  0.84709754104290047  0.85611400802090898  0.86522530462265568
  0.87310156594962485  0.88067636522614656  0.88887389038122722  0.89774660472967216
  0.90621553907801344  0.91475795377587354  0.92340734467843677  0.93178063852863302
  0.94069993075277969  0.95130923415911406  0.96124970608803062  0.96967776289288210
  0.97690703950353219  0.98358887359602121  0.99097034288246932  1.00000000000000000
 -0.00131217697914263  0.00792277727306056  0.01592328614279978  0.02441288474226483
  0.03538886653390613  0.04708314315555735  0.05847476690192441  0.06932640502582836
  0.08051974232625150  0.09170942279451569  0.10202995076036231  0.11271548230235533
  0.12433153504744889  0.13577742376260787  0.15146076271808495  0.16635716844618897
  0.17829998262965874  0.18885068182283599  0.19978625930012184  0.21113022107982188
  0.22160685999228030  0.23296150221057543  0.24634320821610156  0.26084570090040771
  0.27366841008502218  0.28388368646516837  0.29278939562787371  0.29997007274810289
  0.30659664942222625  0.31375889481558711  0.32107178252741103  0.32815898506644581
  0.33526115453761435  0.34312219593665577  0.35193116209539649  0.36107489787478347
  0.36929962012271783  0.37795131762843198  0.38737654757078216  0.39738165057358604
  0.40523082326138299  0.41128881815441459  0.41696725378441590  0.42340652629460968
  0.43046239820860616  0.44002745402167248  0.45040177074659316  0.46115180133181044
  0.47243951871114698  0.48382768174532842  0.49526316083138028  0.50542355377639925
  0.51432678609529292  0.52342268671317260  0.53340940806375281  0.54350089943254876
  0.55489659055671015  0.56634662885763842  0.57998080109352468  0.59246623718002789
  0.60438405238800064  0.61576130522458628  0.62785212614736696  0.63989972165019648
  0.65397304732862815  0.66808155744274467  0.68006187332119683  0.69141660640075686
  0.70159298545489257  0.71153740979550273  0.72131748676027718  0.72999464296717631
  0.73777591358245442  0.74597416815800222  0.75553025335535628  0.76696361142657843
  0.77804674968921461  0.78727970622659582  0.79853578014757221  0.81198903276495704
  0.82792420149633927  0.84395112236867109  0.85744236699305432  0.86915822571958345
  0.88013047904113095  0.89110212932619171  0.90207915870055522  0.91480286309141001
  0.92714057516857584  0.94024251067250464  0.95356475551808595  0.96456426718519528
  0.97334914441124387  0.98229534758140935  0.99085153742985999  1.00000000000000000
  0.00035918961987207  0.02081442405533360  0.02902016673456151  0.03631509242611012
  0.04245474466345326  0.05066522741147866  0.05980169452960692  0.06947011183690634
  0.07955090767547010  0.08952666057763217  0.09918542557898208  0.10843507919018106
  0.11761432859958044  0.12698139562305977  0.13780858072146610  0.14689623523539025
  0.15454103396614313  0.16189027937294762  0.16927495420048239  0.17684734256349582
  0.18472027980581029  0.19249213973600227  0.19936761744430109  0.20508013517084550
  0.21251691823793742  0.22244851279103176  0.23313319566861093  0.24384026584123381
  0.25406921917041364  0.26444725273169922  0.27573779858397229  0.28840768871344968
  0.30099454061303577  0.31347061515552599  0.32745455356206826  0.34292203080129352
  0.35402925089823412  0.36542739737491120  0.37718607293061335  0.39033522960918859
  0.40383253425516841  0.41888193346687524  0.43659735384116155  0.45456396854667686
  0.46952187342187096  0.48333699447685396  0.49604662559917734  0.50703000128730336
  0.51806747039118484  0.52970849857282121  0.54075946038853806  0.55137883962445111
  0.56210155154720409  0.57406922315670850  0.58628482935434167  0.59835198043387838
  0.61244910859595636  0.62995037144317978  0.64554766522395157  0.65942719431955799
  0.67312937439871046  0.68661473716269883  0.69798772682491439  0.70750070507674101
  0.71754608422220434  0.72715082683610865  0.73559854201660235  0.74362816838024881
  0.75364782987926304  0.76445136107527456  0.77358153683751840  0.78129463901706908
  0.78895342155177350  0.79685678722985775  0.80452852693557442  0.81322871971479216
  0.82233089319491981  0.83058535096174546  0.83917757909596880  0.84794874033693812
  0.85630877424208018  0.86434617346820097  0.87204041345710814  0.87954382199310088
  0.88773226704550590  0.89526480448166013  0.90099930747112278  0.90732221445440420
  0.91489941348689086  0.92268119533640769  0.93032867891553261  0.93806669761054384
  0.94387656001819231  0.95282698887013639  0.97641349443506775  1.00000000000000000
 -0.00273979292076520  0.01303122440693835  0.02503738858911751  0.03604014605694995
  0.04737905368507832  0.05776330883279028  0.07019161985753294  0.08227186537902825
  0.09535397285343634  0.10731113967096818  0.11588991904822285  0.12429819104283046
  0.13214991176608057  0.14160735729680363  0.15334311504906895  0.16563814101893237
  0.17830256388673343  0.19005016771672378  0.20202344797256999  0.21447543585689308
  0.22651560365534354  0.23758531482027898  0.24828593816058295  0.26005256450321046
  0.27302937101030500  0.28493511352491696  0.29748469463176036  0.31151748666751861
  0.32438940585547954  0.33782545228787841  0.35192102046002094  0.36550153197723462
  0.37737960264876047  0.38611270874003606  0.39386813291852224  0.40059224065510812
  0.40738977222869865  0.41535050155294545  0.42299015676956281  0.43071512905437448
  0.43861971120720655  0.44636583091476023  0.45316364531811326  0.45935251412728006
  0.46608273465746280  0.47342796154920846  0.48076432446526274  0.48802219643348044
  0.49570524074735051  0.50277393625552780  0.50982642368415942  0.51636357283531809
  0.52458935254600136  0.53591454586921339  0.54859120168315323  0.56185673928484436
  0.57405776711415357  0.58576235513931574  0.59754745275823451  0.60945441735012140
  0.62177666977062718  0.63507725301109097  0.64886979085990237  0.66089465621767185
  0.67059275177887989  0.68019190605506052  0.68984792704071873  0.69928385937051318
  0.71000827553903412  0.72365393366044950  0.73808934959370620  0.75006841816707370
  0.75957913083886397  0.76864312752960295  0.77809715803248658  0.78759681125428083
  0.79658998435257389  0.80523299227021705  0.81438899350011640  0.82516235574690577
  0.83631717669749317  0.84693516815509629  0.85855451459853693  0.87184716319713185
  0.88415117508377183  0.89596659665309708  0.90836473443442278  0.92187563012731999
  0.93579043402115658  0.94902692374806874  0.96017274301437416  0.96980978856273048
  0.97869254640401682  0.98601241739074086  0.99333904617261948  1.00000000000000000
  0.19987177689505392  0.22931916151376833  0.25129922121306142  0.26658146778196545
  0.26974421134571069  0.27290695490945588  0.27828782550558956  0.28457061432326314
  0.29159963690929169  0.30090838989527563  0.30921256547174109  0.31985011085763126
  0.32952196433120690  0.33833585375264169  0.34656893531877259  0.35374383202365733
  0.36113097240711789  0.36898333881397616  0.37712346428937732  0.38428506723227296
  0.39137411060606825  0.39792358240212422  0.40618355706300735  0.41445527256093595
  0.41942205192658605  0.42299642711452168  0.42706934750269909  0.43213835986600974
  0.43730937590250685  0.44157020614478271  0.44574885725295665  0.44968512919625719
  0.45352744104254961  0.45722840509487023  0.46099353758544814  0.46465324655414614
  0.46867125985839453  0.47277210930848462  0.47713036608148013  0.48409847116513227
  0.49109258356978974  0.49773384141282656  0.50508343239626885  0.51330289616655711
  0.52086940066451792  0.52725385917393364  0.53294410909506307  0.53867735119138982
  0.54513233055410681  0.55252443886732339  0.56045807121152869  0.56787377835306629
  0.57496550865526064  0.58209821052940802  0.59063912520968131  0.59989334197786526
  0.60887108452715599  0.61773646877830191  0.62640228664168995  0.63542831203503203
  0.64475566931995187  0.65364615703304163  0.66205149685888665  0.66988165574078784
  0.67797927998836816  0.68704720660991847  0.69744936958434689  0.70777649276525423
  0.71680555466274576  0.72524334758933628  0.73412401405971939  0.74283052161663543
  0.75084755775197620  0.75860945353228537  0.76712018500199108  0.77622625501333342
  0.78556232635206757  0.79522047707303656  0.80489318456002168  0.81440636617660400
  0.82414798966984237  0.83332372134725186  0.84201723244109550  0.85091400392162819
  0.85952825044936165  0.86757756882267123  0.87533578813486435  0.88313526326466196
  0.89218648716420790  0.90263583860864982  0.91597190910198545  0.93047048336523619
  0.94636632198335369  0.96215036164059986  0.97974738044991594  1.00000000000000000
 -0.01904866128191084  0.13271872234942203  0.16999325586288314  0.20133140489853160
  0.22561013533309712  0.24768876623667141  0.27059658980900608  0.29281419401609271
  0.31251384900381757  0.32775528967889667  0.34196296981820679  0.35566734355858609
  0.36777796129534340  0.37908113399860838  0.39037504436394105  0.40140857535398400
  0.41178759654799835  0.42239304709477216  0.43245401112605975  0.44284020922954426
  0.45492671409934249  0.46750860893027157  0.47866264395191666  0.48741727400603813
  0.49464258478294787  0.50238845894849282  0.50982305662535155  0.51690494745492166
  0.52313339574474060  0.52870167121902800  0.53445740809686582  0.54076242744427039
  0.54848378759714944  0.55619978054315200  0.56303176072506755  0.56921871452234707
  0.57536893001506351  0.58156644005535196  0.58785254906567364  0.59497559516219933
  0.60204759527325313  0.60904518126959117  0.61495395791344487  0.62021732383917549
  0.62502582903544135  0.62944367826317849  0.63342160776549683  0.63860081753549547
  0.64443968370474369  0.64962453574168921  0.65446859573625704  0.65952488771980844
  0.66438201298139488  0.66872104525327103  0.67261823030150081  0.67651117638137415
  0.68024907113702393  0.68394575900442245  0.68753231579839891  0.69122689153782091
  0.69598873226605895  0.70040693245391983  0.70361189849747441  0.70700372353829755
  0.71030828379279964  0.71411912018196166  0.71824857609453252  0.72241763845897544
  0.72679988569982168  0.73130030765205267  0.73582769705429796  0.74026954491993846
  0.74457927077857000  0.74903201016511101  0.75391323739155114  0.75905412420799312
  0.76358585660519696  0.76754135121276146  0.77279330096563459  0.77892039261845292
  0.78609030340418684  0.79367282780356574  0.80101827000927617  0.80808598752071548
  0.81508114214356009  0.82196416759377344  0.82897093381254383  0.83634613302456207
  0.84432790309862871  0.85367041293886592  0.86589564028748223  0.88096685163000299
  0.89784897885410220  0.91622521090720110  0.94083383894230510  1.00000000000000000
   1.9209218671624494E-005  -1.0000000000000000     
 F F F F F F F F F F F F F F F F F F F F F F F F F F F F F F F F F F F F F F F F F F F F F F F F F F F F F F F F F F F F F F F F F F F F F F F F F F F F F F F F F F F F F F F F F F F F F F F F F F F F F F F F F F F F F F F F F F F F F F F F F F F F F F F F
  <DiscreteSampler_grid>
  grouped_processes
  1 # 1 for a reference and 2 for a running grid.
  10 # Attribute 'min_bin_probing_points' of the grid.
  1 # Attribute 'grid_mode' of the grid. 1=='default',2=='initialization'
  0.0000000000000000 # Attribute 'small_contrib_threshold' of the grid.
  0.5000000000000000 # Attribute 'damping_power' of the grid.
 # binID   n_entries weight   weight_sqr   abs_weight
    10   10   1.532527290274646E+004   1.542011100779922E+009   1.532527290274646E+004
    11   10   1.532527290274644E+004   1.542011100779919E+009   1.532527290274644E+004
  </DiscreteSampler_grid>
