 -0.00252364230713405  0.00958048166203099  0.01976810362517580  0.03029433281728845
  0.04083976610504633  0.05138339746446770  0.06192483152175514  0.07247015143205399
  0.08301928474241994  0.09355442577995222  0.10408881246009902  0.11462197134913735
  0.12516750468430801  0.13571102401112545  0.14625354416796268  0.15680044418974454
  0.16734599549325588  0.17789286228157150  0.18843046473123579  0.19897309306772520
  0.20951052843693030  0.22004793859432700  0.23058562042037856  0.24111588650182467
  0.25164677138465830  0.26217791661733997  0.27272133890736566  0.28327103402777853
  0.29382118683207975  0.30436659311880976  0.31490679191470139  0.32543977950725761
  0.33597542899423771  0.34651800158247015  0.35705793391335405  0.36759755745682604
  0.37813596371839603  0.38867173729260468  0.39920948932088496  0.40974724798623097
  0.42029061937246404  0.43083382773641610  0.44137633267777493  0.45192519416961591
  0.46247223400794846  0.47302217605461599  0.48355473828325168  0.49408018139470578
  0.50460289354502885  0.51514310043102596  0.52569047683105907  0.53623422894114858
  0.54677578603726606  0.55731728612942100  0.56786454364785566  0.57840539935782487
  0.58894352321958809  0.59947924131261809  0.61001944558280086  0.62055621286982310
  0.63109435721323803  0.64163089860191946  0.65217062776569590  0.66271102469482801
  0.67325686720293831  0.68380746886212629  0.69434692001289511  0.70487949225593671
  0.71540338396058578  0.72593923451240638  0.73647388947636760  0.74701155779313544
  0.75754864589812954  0.76809480914294492  0.77863800590255505  0.78917892798380151
  0.79971735739742400  0.81026272175850456  0.82080763717358152  0.83134716956560417
  0.84188553687839296  0.85242512914736734  0.86296599368458193  0.87350873034776078
  0.88405043278603035  0.89459595665823555  0.90514303533503437  0.91568501095029797
  0.92622952642065737  0.93677374164036908  0.94732115608813028  0.95786498001894904
  0.96840627768702847  0.97894402834502159  0.98947502647466679  1.00000000000000000
 -0.00250161629641551  0.00952576445686816  0.01969299855003494  0.03021556357735060
  0.04076510563430054  0.05131642128500923  0.06186332451942084  0.07240442862457738
  0.08293923613984164  0.09347658214074536  0.10402007095096336  0.11456587495167624
  0.12511217045186893  0.13565811776480394  0.14620404568327863  0.15674673994102295
  0.16728723624611497  0.17783149944490770  0.18837521586559150  0.19891655936637651
  0.20945350689920078  0.21999571498315981  0.23054350683828259  0.24108909216791372
  0.25163515235388800  0.26217582977516263  0.27272402633034776  0.28326890648251402
  0.29380979028587190  0.30435210611482494  0.31489168801897693  0.32543192752076167
  0.33595404300876536  0.34647577381694550  0.35699282289689216  0.36752229580995005
  0.37805126802892092  0.38858807711561771  0.39912154161587088  0.40966038867531601
  0.42019864160389997  0.43074261807428665  0.44128076974792801  0.45182024036888163
  0.46235411159799411  0.47289447800314172  0.48343372431238563  0.49397793021647629
  0.50451470374429774  0.51504782285606088  0.52558065349426031  0.53612019038948566
  0.54666829374015280  0.55721897829615208  0.56776680921645739  0.57831551760313993
  0.58885855333554848  0.59939851497886132  0.60993826273889373  0.62048376739915656
  0.63103035190840440  0.64157477930878082  0.65211841306393925  0.66266708585259115
  0.67321623895508886  0.68376238086930885  0.69431052299455698  0.70485328944946612
  0.71539822378227447  0.72593255356435116  0.73646567045547695  0.74699160959387456
  0.75752606725771243  0.76806788832159689  0.77860415723808463  0.78914272182828771
  0.79967903959124909  0.81022773225949385  0.82077347312396809  0.83132059075551434
  0.84186237135528563  0.85239697279957838  0.86293064929395291  0.87347092283406480
  0.88401803652232958  0.89456626881504553  0.90510909242626014  0.91565643631036941
  0.92619033553314301  0.93672685430912395  0.94726195946434644  0.95780953683979009
  0.96835794007187426  0.97890583148051069  0.98945181921705649  1.00000000000000000
   2.5513504151021643E-008  -1.0000000000000000     
 F F F F F F F F
  <DiscreteSampler_grid>
  grouped_processes
  1 # 1 for a reference and 2 for a running grid.
  10 # Attribute 'min_bin_probing_points' of the grid.
  1 # Attribute 'grid_mode' of the grid. 1=='default',2=='initialization'
  0.0000000000000000 # Attribute 'small_contrib_threshold' of the grid.
  0.5000000000000000 # Attribute 'damping_power' of the grid.
 # binID   n_entries weight   weight_sqr   abs_weight
    10   10   1.322623097372511E+010   1.749331857703254E+020   1.322623097372511E+010
  </DiscreteSampler_grid>
