  0.00000603934260932  0.00000687073705584  0.00000734103261308  0.00000773771172171
  0.00000820964316206  0.00000866814979453  0.00000909752568171  0.00000947109441773
  0.00000985580312906  0.00001028037969195  0.00001082366643194  0.00001147802247712
  0.00001219341268796  0.00001290776417812  0.00001359944964223  0.00001433420111002
  0.00001510756769995  0.00001585882147331  0.00001663506228080  0.00001744541769011
  0.00001828292116958  0.00001920784482721  0.00002038883369082  0.00002166180549638
  0.00002296612108514  0.00002430526528874  0.00002567452007527  0.00002705875268927
  0.00002864681595129  0.00003027936929649  0.00003197455448906  0.00003392091756720
  0.00003564013699565  0.00003748596231614  0.00003944998411370  0.00004163405834808
  0.00004390280984420  0.00004653611172721  0.00004943516270219  0.00005275625074006
  0.00005589868292766  0.00005912925697429  0.00006268246454913  0.00006662256034306
  0.00007086359322118  0.00007521524398400  0.00007893579984808  0.00008222820252928
  0.00008574143805892  0.00008930151015488  0.00009358763694204  0.00009919535244621
  0.00010527736642433  0.00011181993315775  0.00011902821782652  0.00012663760377907
  0.00013469369100506  0.00014267437550777  0.00015068419209511  0.00015924951079313
  0.00016862583148708  0.00017842260785372  0.00018774190297331  0.00019792167904930
  0.00020905204137302  0.00022009512883432  0.00023168942175957  0.00024450891805038
  0.00026071417357340  0.00028218524462326  0.00030727274353490  0.00033437016346522
  0.00036317339977425  0.00039414886365824  0.00042738322603052  0.00046444455313157
  0.00050546732775884  0.00055326688063421  0.00060955010963010  0.00067504943352727
  0.00075504520569221  0.00085018288721270  0.00095717834487459  0.00107821348305490
  0.00121806019081991  0.00139025455455322  0.00163521314526065  0.00195960297407470
  0.00234884716177119  0.00288657237979120  0.00397716152481767  0.00562984353229506
  0.00794285759964208  0.01257048347837885  0.32649297912461384  1.00000000000000000
  0.00000043645789999  0.00000050165847024  0.00000055288538401  0.00000059779622595
  0.00000064007164811  0.00000068415525983  0.00000072752055794  0.00000077140138873
  0.00000081547143130  0.00000086202235882  0.00000091133535550  0.00000096161699656
  0.00000101570732435  0.00000107079381495  0.00000113352158000  0.00000120380893614
  0.00000128205832065  0.00000137158720350  0.00000146890517883  0.00000157175199040
  0.00000168409149651  0.00000180498863079  0.00000192885567422  0.00000205429613841
  0.00000218211609504  0.00000231628287395  0.00000247387402726  0.00000265460260667
  0.00000285021868253  0.00000304867722120  0.00000324487317880  0.00000344535949460
  0.00000366621326603  0.00000391772854119  0.00000418851990974  0.00000446425926203
  0.00000474510232151  0.00000504021740453  0.00000536884404870  0.00000570429062826
  0.00000604831381259  0.00000642519388231  0.00000685734399245  0.00000734810931260
  0.00000787735932485  0.00000842420212321  0.00000898829024280  0.00000958300476525
  0.00001034197625902  0.00001126008118844  0.00001222846261741  0.00001323933658048
  0.00001430711961363  0.00001543121010092  0.00001673565282176  0.00001815589552660
  0.00001981437855466  0.00002165655009236  0.00002356420492004  0.00002552192591192
  0.00002746539662313  0.00002958884563530  0.00003198262675517  0.00003464312944623
  0.00003747003205916  0.00004072211938417  0.00004397447665190  0.00004798305607312
  0.00005227391840364  0.00005723296472761  0.00006282829388081  0.00006950750650838
  0.00007788243889971  0.00008751757107882  0.00009782071804961  0.00010946970332080
  0.00012204085823471  0.00013637694718310  0.00015273128235255  0.00017027524319509
  0.00019310027037602  0.00022191880543775  0.00025810840355401  0.00029735755315918
  0.00033761011180465  0.00038438271092331  0.00044950051164661  0.00052264785077877
  0.00062863149519870  0.00078730972924892  0.00100363290168926  0.00135126528410609
  0.00209104803741165  0.00411043247020120  0.04987517810498767  1.00000000000000000
  0.00000026286221551  0.00000037382811929  0.00000046449646828  0.00000053779451491
  0.00000061235559444  0.00000069076206925  0.00000078222228128  0.00000090155225063
  0.00000103681167927  0.00000116325179980  0.00000128022113545  0.00000139004006299
  0.00000150092466990  0.00000163086215134  0.00000176655912411  0.00000189869089596
  0.00000202540245744  0.00000214941255920  0.00000227393849189  0.00000240669152722
  0.00000254730597486  0.00000269796501796  0.00000282103849791  0.00000295668977574
  0.00000310435671212  0.00000325124609855  0.00000342309308042  0.00000360755567981
  0.00000381721491474  0.00000405115778750  0.00000430813092052  0.00000459367586467
  0.00000492248569702  0.00000526216867274  0.00000562119159965  0.00000599180137779
  0.00000637802362363  0.00000680942002398  0.00000728414796108  0.00000779452352107
  0.00000834728816772  0.00000895118161621  0.00000961634642140  0.00001038189626547
  0.00001126408463239  0.00001223936397708  0.00001332725396988  0.00001459418806038
  0.00001603942365150  0.00001769278119851  0.00001962434641418  0.00002185675097664
  0.00002449042396122  0.00002749965527172  0.00003102602451434  0.00003519510369248
  0.00004034082959312  0.00004668400525574  0.00005444614881104  0.00006396416570065
  0.00007465800184215  0.00008815791122320  0.00010656263224010  0.00012928886126671
  0.00015458096927965  0.00018473789361540  0.00022143746907610  0.00026156559570992
  0.00030919297634340  0.00035909790546927  0.00041042240989558  0.00046304492434847
  0.00052292930375674  0.00059030532465562  0.00066479032166159  0.00074765135417564
  0.00084494144109813  0.00096504497230060  0.00109114136704274  0.00125200800861282
  0.00143138415731960  0.00163920235201986  0.00188324928528045  0.00219265871155119
  0.00256169398527959  0.00300225982491102  0.00355435513015839  0.00420889486835003
  0.00483208383868346  0.00537675159709019  0.00591801638396415  0.00661191000931529
  0.00767645039590326  0.00934713483674935  0.01448566719947085  1.00000000000000000
 -0.00219487046140977  0.01095986386155115  0.01950180034691151  0.02748009799606993
  0.03545126485414409  0.04411230449238442  0.05258780194914425  0.06132559371189680
  0.07094959231154416  0.08147089036250618  0.09008743148006343  0.09748645430393200
  0.10420714934473210  0.11050863737103477  0.11746807848432388  0.12622811733300296
  0.13505406366068659  0.14479590353840086  0.15520751248544595  0.16569195588492486
  0.17480813852768859  0.18337143219096402  0.19280510217847133  0.20270866954797045
  0.21275116016499021  0.22276299247989034  0.23361821370934541  0.24493657947836572
  0.25569074833923977  0.26611177010208015  0.27683311785079540  0.28833559018774541
  0.30026772392647028  0.31246273519454371  0.32475621974822838  0.33747224480832322
  0.35062252857230097  0.36317892791492906  0.37607541674976841  0.38903152507558542
  0.40185946338933454  0.41449912127567934  0.42687553915272664  0.43943283011511008
  0.45226234993717446  0.46504395637430856  0.47756654074339533  0.49006240414148022
  0.50333618074451292  0.51598730831946671  0.52848043219445218  0.54016741343806962
  0.55243768470880095  0.56532594524686808  0.57833434775385439  0.59072425106880488
  0.60246094455193644  0.61558612586558603  0.62940355010846283  0.64293788203395930
  0.65498239983355899  0.66614487230543462  0.67693455969097371  0.68815175091563796
  0.69972980077785307  0.71164688713696300  0.72305726419759708  0.73391832310560323
  0.74381278365634129  0.75347619609456595  0.76318375231083435  0.77300765358542978
  0.78312054304414247  0.79273341847538681  0.80260962442500849  0.81262516741578528
  0.82322128863717081  0.83335566819685536  0.84266599487333149  0.85174476594613135
  0.86104841377931118  0.87057643393559703  0.88044259648119749  0.89000840655828306
  0.89925884812760903  0.90934028868177386  0.91914434662822497  0.92781892308128489
  0.93624124456566893  0.94453624435331973  0.95271770161058866  0.96297722879204950
  0.97266483382843572  0.98196908552269524  0.99051525767823756  1.00000000000000000
 -0.00173331177787984  0.00789809917525904  0.01668330065815981  0.02574874304804013
  0.03580983259311266  0.04737062584629458  0.05844139123482317  0.06869947774182680
  0.07929607451027719  0.08946091195895506  0.09923743093804542  0.10869812319297921
  0.11847845129586872  0.12909920799047195  0.14154114459536826  0.15409462756169484
  0.16705864705902185  0.17732928591211447  0.18816443410258640  0.19896866121326454
  0.21001768301004262  0.22116531982084772  0.23233005714048677  0.24383576009472988
  0.25432402897246958  0.26461571228443487  0.27502179210912775  0.28579272424204111
  0.29574761784208570  0.30596046432178081  0.31748546693554103  0.33149542907895724
  0.34456472481433714  0.35614970728454370  0.36743607875004830  0.37830736561775674
  0.38880235751533304  0.39913210247834613  0.40970814777681447  0.42041783371722574
  0.43085327673187251  0.44148254818158655  0.45266831555352566  0.46444088690418689
  0.47544927697620398  0.48597295458648088  0.49611301291549448  0.50620240271173111
  0.51614303650874904  0.52627306300206933  0.53681049923071855  0.54759912186668125
  0.55819899395742723  0.56827036405485953  0.57853220604804079  0.58896489761612347
  0.59992235943778782  0.60896908408124961  0.61743505328308479  0.62582467415973941
  0.63502405249405092  0.64599269801287962  0.65740234018223653  0.66876906249472212
  0.68026485904729028  0.69207787848224522  0.70459586455875367  0.71698462810441987
  0.72813925303197924  0.73807688585572140  0.74785388229715799  0.75750998943413339
  0.76816768149980585  0.77934602049469415  0.78964144435782391  0.79916757784481551
  0.80853467814713909  0.81813539594031837  0.82798489349519122  0.83805365156340406
  0.84843352352103762  0.85945884421144347  0.87045228349930714  0.88076104750253648
  0.89096155284183720  0.90087979097222193  0.91081460271751913  0.92118920191291398
  0.93188263123340531  0.94231668674416891  0.95226544563181581  0.96182244704969433
  0.97128982425528421  0.98069792367707531  0.99011769948953943  1.00000000000000000
 -0.00235314853289588  0.00984381766281762  0.01971606572828585  0.02903327620653240
  0.03788380114313553  0.04633673713706313  0.05500667781801686  0.06376431379423383
  0.07271076468990655  0.08193072967887548  0.09127503311871625  0.10088213181879721
  0.11072764380723817  0.12059148971138349  0.13054452625281984  0.14089985612051911
  0.15174004318616602  0.16249332539344527  0.17268872405823718  0.18285517350792099
  0.19289295654046049  0.20368360226015925  0.21528925953457428  0.22788051278283444
  0.23992172361165232  0.25155004534127573  0.26256331649297154  0.27295881384193560
  0.28265544429358136  0.29263350341493560  0.30325060444478752  0.31399579615068235
  0.32426943951481729  0.33451675561633909  0.34517646682678632  0.35633075912917195
  0.36810353817362729  0.37987443087763190  0.39069286066736519  0.40083154226928625
  0.41132222110908440  0.42288508211552872  0.43489938831837843  0.44646414671289969
  0.45797556410113865  0.46901409820847123  0.48066698775216604  0.49099300713117805
  0.50210980780607384  0.51319237831521203  0.52442740082350869  0.53604559982746325
  0.54782508592926538  0.55917483120331402  0.57025866579726181  0.58054482732837998
  0.58967774457729105  0.59873707175429314  0.60861486278150190  0.61989120971656275
  0.63215078565746863  0.64318653686938732  0.65347356508872734  0.66389617068822526
  0.67531029699379430  0.68768842346632242  0.69964465070329740  0.71102309437855238
  0.72230613746478045  0.73366138595706776  0.74496361030887359  0.75620933460635364
  0.76762810060450171  0.77891320935330710  0.79029511844044509  0.80117119533010428
  0.81223385322583208  0.82405094914483190  0.83607065010067994  0.84807137635825225
  0.85857169021585500  0.86811251245033116  0.87737001551076654  0.88666541667010168
  0.89601197378827380  0.90561782232916077  0.91458746924356260  0.92352529119193794
  0.93208751289177649  0.94091879413215751  0.95003976524058209  0.95932349572994069
  0.97002980772824154  0.98064871048747493  0.99038813754476351  1.00000000000000000
 -0.00267755874658872  0.00997952969640934  0.02030366504075260  0.03110790229125816
  0.04112563265993754  0.05101632747666864  0.06145219803925225  0.07246141350868733
  0.08424958584221472  0.09622882587562209  0.10708799113830267  0.11661091129395967
  0.12604567085163254  0.13506642768419488  0.14359001192518198  0.15245845669465535
  0.16256824371713341  0.17344109491809881  0.18509124390836479  0.19712051800017930
  0.20826795288573766  0.21816419150805014  0.22793726152591517  0.23814772650302435
  0.24849564647189312  0.25864799929399679  0.26911436527985177  0.27999913325169079
  0.29167882517221100  0.30366168298925644  0.31541600093630301  0.32668383211507446
  0.33790350088705179  0.34983648807820883  0.36165428848966091  0.37309133960860846
  0.38299941781797964  0.39214898763688266  0.40084881896615682  0.40983555032367514
  0.42019115277800523  0.43167590881256535  0.44211489822817601  0.45105599787572909
  0.45989086505541094  0.46887836678419753  0.48034368090631180  0.49238051808208422
  0.50459542015288117  0.51578173471026334  0.52606456002244706  0.53543440152373845
  0.54522408944249856  0.55556124289274578  0.56645003571889785  0.57686317050200575
  0.58712412021957228  0.59856777540696571  0.61001837505934142  0.62130462876097048
  0.63227155613466135  0.64327488694249246  0.65377044059909417  0.66451203898396494
  0.67563157639340121  0.68685740566149234  0.69733433313455084  0.70681793550095118
  0.71601384988665950  0.72500438704096370  0.73379769456326882  0.74324071810397374
  0.75385450817065991  0.76511888635910141  0.77541910934358105  0.78540986668050328
  0.79585025657464337  0.80706051616477459  0.81982943425558508  0.83191757914188780
  0.84280712099210375  0.85295869698407556  0.86271821947073979  0.87299846909124201
  0.88338104755191127  0.89390183640313670  0.90432358875022090  0.91465940465504070
  0.92486755047025759  0.93529062290843135  0.94633546190504081  0.95739756447033775
  0.96804485073099844  0.97862808770817100  0.98935940382195953  1.00000000000000000
 -0.00249188289818612  0.00972102037229892  0.02091144059990419  0.03177223207189583
  0.04292621052036782  0.05306327594902319  0.06436614176536659  0.07556604730958719
  0.08579808145054299  0.09528669503795702  0.10485366215100858  0.11505415370024782
  0.12531307399993627  0.13585064354115700  0.14684286461200349  0.15867413524830365
  0.16979046276977425  0.18048009716338997  0.19146942593496782  0.20369768712331193
  0.21469937370717743  0.22589725388749149  0.23662041336143225  0.24780521699895916
  0.25852802231067384  0.26877756529391128  0.27878028952560824  0.28840396008805647
  0.29814190026361648  0.30796872877436798  0.31826513795920119  0.32926800692972824
  0.34037384270414045  0.35137072943168701  0.36188426603937235  0.37338708869553516
  0.38614612093236261  0.39790628738883443  0.40776670519406533  0.41707079654783658
  0.42764504807152109  0.43806583868636939  0.44957420881319821  0.46033943584680564
  0.46981468497582030  0.47941691682303444  0.48851012240158936  0.49743397844240661
  0.50633251862851658  0.51525202635916001  0.52496755169440823  0.53576742934792365
  0.54711555071681306  0.55791374890633216  0.56798704667178246  0.57774098722974976
  0.58784610801579462  0.59890104015297030  0.60993134398155668  0.62079174062068931
  0.63060200234533426  0.63894506504040693  0.64793814751970946  0.65718194035758748
  0.66683054920207996  0.67689558632951341  0.68691560780802619  0.69774219144366811
  0.70790980384963786  0.71765280161247125  0.72754843779053735  0.73830301760941885
  0.74930789055829239  0.76004860078668512  0.77076086619290596  0.78200657691836561
  0.79359272375470891  0.80603108123947154  0.81694089252347002  0.82742365868275403
  0.83719371575156454  0.84796636554662896  0.85892007513986157  0.87001476467898653
  0.88124615841090903  0.89238870668235160  0.90288920031733966  0.91294183035681931
  0.92376037788770371  0.93494279700076632  0.94632278418771709  0.95689204743734402
  0.96759475830208608  0.97833305510418378  0.98919248550300032  1.00000000000000000
  0.11889037193634440  0.14602266800102684  0.20162834481552522  0.24699836865183955
  0.26676568442522486  0.28063112548961311  0.29333275051166541  0.30718667250851039
  0.31971249644529848  0.33167175432539225  0.34632078602729482  0.36062175285201004
  0.37172299976429812  0.38106680811871102  0.38996874265818959  0.39813852589965237
  0.40592234158519946  0.41459134061666636  0.42421411225233813  0.43478064577526054
  0.44498722447887518  0.45495286316067512  0.46607500306944483  0.47756384953057740
  0.48860695122397901  0.49848356380536996  0.50831190677305882  0.51815890004656440
  0.52881440564643301  0.54002733679912396  0.55151592681475725  0.56238479145694042
  0.57256417285129446  0.58215909910211106  0.59127845928638034  0.60023434502086181
  0.60949180175528472  0.61908475284646569  0.62875136642278728  0.63718520956377622
  0.64535617194123562  0.65299327275599928  0.66060591985513994  0.66802383841745139
  0.67572183327688984  0.68395333599834351  0.69239718644018622  0.70032366865839668
  0.70870878925982972  0.71665634309197401  0.72406179814882043  0.73116390632735029
  0.73856392611323551  0.74601040661552687  0.75294623745212885  0.75950640193651675
  0.76605635063643684  0.77265242089460029  0.77916144712428270  0.78551720905972677
  0.79175306140810586  0.79758910561054919  0.80365851230322505  0.81008446219774566
  0.81638502378389555  0.82273566102036189  0.82880531479107922  0.83453335251754324
  0.84005447969572034  0.84534431845838109  0.85086719727003379  0.85653965926246522
  0.86216675938707987  0.86785397793816421  0.87352493940947296  0.87911883074417096
  0.88448464008352434  0.88977625053156939  0.89516729380687055  0.90047875662020260
  0.90561853429563699  0.91067540338633446  0.91575384981513908  0.92105683866801535
  0.92650878079465426  0.93190492065674868  0.93727550696038942  0.94275889852766670
  0.94809557377418507  0.95360159832921365  0.95922716803611963  0.96551514976399522
  0.97215594830080920  0.97952007007424824  0.98865880971622755  1.00000000000000000
 -0.01603883224816918  0.09551240748112257  0.12694101446523456  0.14968827496287809
  0.16638556150411465  0.18003453547730255  0.19316699430624629  0.20673553541890327
  0.21846101960017661  0.22853458818267097  0.23866267452486722  0.24816020634529026
  0.25690421366021049  0.26502149136267289  0.27183145367689177  0.27886560907714830
  0.28584019882078898  0.29326576408958327  0.30121939411441678  0.30966543790175755
  0.31797541118788936  0.32574509447406680  0.33314910095333439  0.34017271168122543
  0.34698640346191539  0.35377239548950384  0.36078993516411756  0.36796862800968194
  0.37529799311386769  0.38188795796247588  0.38819752919353528  0.39435560098328670
  0.39975244480269490  0.40502287020038830  0.41048119589820303  0.41626255018827135
  0.42190001865129584  0.42718608043451289  0.43242310263121131  0.43803577764657481
  0.44390108728721722  0.44947076622586113  0.45486880435042698  0.46028752305438103
  0.46624291726572342  0.47271382354055907  0.47936468393134712  0.48565703754154471
  0.49155950523019698  0.49724777275120247  0.50346250699594242  0.50983764182086011
  0.51579930431214949  0.52155729755689662  0.52714626096354422  0.53277507769085808
  0.53864536692347653  0.54494256032242505  0.55149232806829529  0.55778255370234942
  0.56374775157009593  0.56951611570769167  0.57489553453466291  0.58089602260332407
  0.58712641203587079  0.59346006752921820  0.59976895388008911  0.60551026765162874
  0.61147213921750709  0.61776514292431728  0.62444572890337879  0.63105407205659614
  0.63730946101740960  0.64371805678182570  0.65069606688142789  0.65822562093318138
  0.66577221469433989  0.67295582699993117  0.68026486438435274  0.68789450390802043
  0.69592243693452416  0.70416433391630018  0.71284391555118964  0.72237026085871747
  0.73226706056483637  0.74215433010050891  0.75235819650747537  0.76324620534016419
  0.77483129139468521  0.78610410292150967  0.79887967128782111  0.81396681683612593
  0.83066570891388680  0.85274727568614184  0.89135172188589695  1.00000000000000000
   8.9612259996947642E-003  -1.0000000000000000     
 F F F F F F F F F F F F F F F F F F F F F F F F F F F F F F F F F F F F F F F F F F F F F F F F F F F F F F F F F F F F F F F F F F F F F F F F F F F F F F F F F F F F F F F F F F F F F F F F F F F F F F F F F F F F F F F F F F F F F F F F F F F F F F F F
  <DiscreteSampler_grid>
  grouped_processes
  1 # 1 for a reference and 2 for a running grid.
  10 # Attribute 'min_bin_probing_points' of the grid.
  1 # Attribute 'grid_mode' of the grid. 1=='default',2=='initialization'
  0.0000000000000000 # Attribute 'small_contrib_threshold' of the grid.
  0.5000000000000000 # Attribute 'damping_power' of the grid.
 # binID   n_entries weight   weight_sqr   abs_weight
    10   10   4.600853206813041E+004   6.316701979696210E+009   4.600853206813041E+004
  </DiscreteSampler_grid>
