  0.00000044469819103  0.00000046086181086  0.00000048398261605  0.00000050548057915
  0.00000052516097012  0.00000054731367959  0.00000057133717422  0.00000059468258000
  0.00000062037014828  0.00000064225932474  0.00000066214551612  0.00000068216977003
  0.00000070218856216  0.00000072658954230  0.00000075269700683  0.00000077868404010
  0.00000080215168083  0.00000082470654051  0.00000084728645043  0.00000087034865008
  0.00000089603352386  0.00000091992274722  0.00000094807460510  0.00000097587597029
  0.00000099810987267  0.00000101725203995  0.00000103592979118  0.00000106002409027
  0.00000110188319265  0.00000114186825413  0.00000118981896505  0.00000124590843342
  0.00000131547995406  0.00000140233416168  0.00000148270895166  0.00000155581314803
  0.00000162618866527  0.00000169580454647  0.00000177089542495  0.00000185511856155
  0.00000195770763849  0.00000207229160855  0.00000218238620668  0.00000228411546976
  0.00000240814412958  0.00000252813930385  0.00000264603119192  0.00000279388958750
  0.00000289578900523  0.00000299529395812  0.00000310906282142  0.00000323098842171
  0.00000336505183164  0.00000349920567339  0.00000372095838476  0.00000393508227240
  0.00000414917460641  0.00000438381391798  0.00000462417897212  0.00000487371962932
  0.00000518107914228  0.00000553169984556  0.00000598342305543  0.00000653268807914
  0.00000710492016228  0.00000759240969523  0.00000809473087006  0.00000857702836093
  0.00000913780991964  0.00000977856242005  0.00001045934773160  0.00001114677377205
  0.00001190327637788  0.00001282874576573  0.00001427526655152  0.00001605847473472
  0.00001765977082559  0.00001925811816872  0.00002119007012424  0.00002362726351916
  0.00002664308483141  0.00003028585192786  0.00003445338457471  0.00003991981563401
  0.00004681328151774  0.00005683236766252  0.00006905399939346  0.00008313829583862
  0.00010190922601770  0.00013435786263711  0.00018448359807757  0.00027669433522481
  0.00045253915488756  0.00090213718439464  0.04074272130279005  1.00000000000000000
  0.00000033110999084  0.00000230256581104  0.00000353978199828  0.00000503907158687
  0.00000667789451122  0.00000819539038123  0.00000977954233268  0.00001079364023422
  0.00001195640585250  0.00001326777359170  0.00001489572165056  0.00001650448176742
  0.00001828569464453  0.00002030916772810  0.00002249572484684  0.00002458851891745
  0.00002658361071039  0.00002866055759490  0.00003085311860247  0.00003343615972271
  0.00003632936812786  0.00003924904064247  0.00004225291902492  0.00004510855967284
  0.00004779446980835  0.00005057069033898  0.00005301229292286  0.00005568127018506
  0.00005834903741258  0.00006116356375171  0.00006418918492856  0.00006717615491747
  0.00007049638130349  0.00007428360739909  0.00007847323213166  0.00008288620848008
  0.00008781780528881  0.00009326909834522  0.00009892472440487  0.00010440725438825
  0.00011024496290491  0.00011706716834217  0.00012282882908579  0.00012845336566351
  0.00013466787291566  0.00014143948833232  0.00014874550555767  0.00015764188012796
  0.00016766815719875  0.00017791892006983  0.00018893224284066  0.00019995364084690
  0.00020985695778525  0.00021944681817718  0.00022942278446243  0.00024001600557077
  0.00025108440082773  0.00026294034393499  0.00027443196495973  0.00028547265134005
  0.00029789208199007  0.00031121183948889  0.00032423212020773  0.00033553782302858
  0.00034954724997264  0.00036748363320172  0.00038518503347321  0.00040642840362777
  0.00043114064044188  0.00045703508660116  0.00048881919892908  0.00052416615042509
  0.00056804535606451  0.00062176170240206  0.00068547197394824  0.00076281097850109
  0.00084645157958949  0.00093572637483896  0.00102164573073668  0.00110685135081461
  0.00119635938773981  0.00130641640738940  0.00144553981808417  0.00160920336736832
  0.00178719731318298  0.00198033886185325  0.00225370460213383  0.00264223944301688
  0.00337101768653637  0.00411822592530306  0.00478135908342285  0.00554655709669049
  0.00646240880026392  0.00854293089132339  0.36960527256205999  1.00000000000000000
 -0.00000080540568406  0.00014219099920813  0.00076122025986490  0.00193191759247295
  0.00375242694841796  0.00655857586934329  0.00989333713269030  0.01313947529654921
  0.01746984772850052  0.02283206185410629  0.02838125671197029  0.03455677432277150
  0.04063738035811146  0.04713383792067381  0.05365764652576174  0.06028580863678205
  0.06669507940997703  0.07591244063272966  0.08388734576130044  0.09222307981853789
  0.10049454001342302  0.10878267933085306  0.11638261722461932  0.12492316179002969
  0.13645292938445502  0.14998566194633442  0.16345770856745184  0.17550859221075474
  0.18606142152369309  0.19567559811828703  0.20543385417743201  0.21666721561059382
  0.22651309118689050  0.23604068628052621  0.24492850777233813  0.25394945854990014
  0.26265286271017418  0.27222987320292813  0.28185902075347496  0.29006756184614296
  0.29872463108035102  0.30620390756175830  0.31364013428830856  0.32108562950584540
  0.32895525513346868  0.33768564336451340  0.34847793993838855  0.35976086422357823
  0.37132740290887084  0.38309577165140329  0.39396945352751561  0.40478593925409195
  0.41520894547533727  0.42660342776488153  0.43966232784123216  0.45412077214247376
  0.46971581102989146  0.48556367808370227  0.49882060427549213  0.51443918366925590
  0.53066586727556608  0.54599418484726592  0.56158389052582358  0.57707826087340353
  0.59190327000293297  0.60735590001232964  0.62148132684568524  0.63497137528918179
  0.64882351119327453  0.66281753838115842  0.67691879564078938  0.69049803462126369
  0.70435731311369776  0.71551582072564157  0.72499758902121791  0.73413197855865031
  0.74363951376315651  0.75348837358821430  0.76337971969380181  0.77355765377738361
  0.78351745568596465  0.79312851108414240  0.80172781306831020  0.81736067997993678
  0.83268775150670415  0.84735787619288272  0.86129799154028042  0.87393878911359957
  0.88590416179713116  0.89777943139273719  0.91059664902446436  0.92357005394700842
  0.93786909236451366  0.95476318820828898  0.97543682643827345  1.00000000000000000
 -0.00272863086740763  0.01082676215691172  0.02209068975923040  0.03366542609548610
  0.04602712885994507  0.05835176219735713  0.06803021408105570  0.07576958460918280
  0.08334003333131983  0.09017838708368048  0.09866320765922196  0.10840205395026434
  0.11774225940644380  0.12725445513353495  0.13952579279697327  0.15223126594301020
  0.16453055993048712  0.17432149184276263  0.18301131653974903  0.19153530313216663
  0.20068913668555952  0.21048004344586038  0.22141556998406273  0.23174405276027532
  0.24199686233356016  0.25338416532008778  0.26250566507881629  0.27415288844347013
  0.28343048701040424  0.29270577280299276  0.30198004010112922  0.31191519336783724
  0.32348976625466092  0.33563209295386970  0.35055782047334150  0.36140815540753340
  0.37089883627504583  0.38159733023246295  0.39348206379890804  0.40578957139483129
  0.41847906938369689  0.43297385951027928  0.44647361641568262  0.45960146775062227
  0.47455176185815240  0.48792281992844133  0.49952068760673562  0.50899853226080882
  0.51916529540606793  0.52890539059640540  0.53896239064072238  0.54877036269711443
  0.55964243351618226  0.57214276799017905  0.58539935610231797  0.59914100018354821
  0.61405674254088849  0.62890455762464714  0.64152456963638105  0.65208214217582816
  0.66056429028831698  0.66859628878336286  0.67682201408686926  0.68510933553374787
  0.69373548680523145  0.70330456967714539  0.71467871302434205  0.72689920433240907
  0.73910297853405760  0.75094568364644765  0.76261246757134382  0.77310313389737828
  0.78218302379102744  0.79193523664343279  0.80171683581591691  0.81185389095922045
  0.82292779428276697  0.83488709861992183  0.84743336439043337  0.85869457701482599
  0.86925635190673656  0.87816319083477867  0.88436309959497761  0.89145661189386527
  0.89892419173026739  0.90573522858804711  0.91227598342968430  0.91882795159221964
  0.92484948093478359  0.93062358166571901  0.93740866059789518  0.94831626271777858
  0.96154864161492948  0.97438305107282297  0.98739575841035976  1.00000000000000000
 -0.00654697480468483  0.03335594800380909  0.05835984396903794  0.08228162392953761
  0.10079588379787921  0.11216859440691708  0.12143449062410067  0.13283601689030691
  0.15035775004924654  0.16880946716748024  0.18948606305302965  0.21120397898915186
  0.23231308004840251  0.25018220115010420  0.26320154138153506  0.27432826613265771
  0.28596212147621780  0.29826625362279491  0.31153573540844681  0.32606099053400311
  0.33545800840297396  0.34322039190467302  0.35053462861001722  0.35863871468767861
  0.36698859193721806  0.37489353060400027  0.38321862308595772  0.39108455424046595
  0.40071926110082612  0.41464750104705528  0.42884074784851239  0.44151158805597279
  0.45297301390265360  0.46405883400888875  0.47334164448554611  0.48137589834979316
  0.48819321964055556  0.49566541664035579  0.50443293285826873  0.51381815538420383
  0.52226665057961030  0.53065954943566462  0.53944000093267919  0.54856669458930829
  0.55704076684076842  0.56555896749566770  0.57579569261692987  0.58770888051081915
  0.60127144570025193  0.61409045872044166  0.62439600730241640  0.63466459974290712
  0.64423394620830543  0.65361576699269441  0.66353250802402530  0.67491739963657860
  0.68724085740115426  0.69870512095378468  0.70908470205346996  0.71869348351849960
  0.72785414532406456  0.73836286989302213  0.74882684741867178  0.75804110820095183
  0.76687622561322821  0.77561462396384706  0.78438440468524628  0.79296710385211844
  0.79842734925560388  0.80391191688144303  0.80944026872915165  0.81501180583951482
  0.82050471409837222  0.82596837961459768  0.83261462863169666  0.84036158171433029
  0.84827513657740305  0.85692190320702877  0.86491895334742264  0.86973110170728074
  0.87401804904501645  0.87818811290854137  0.88210225417181420  0.88601162500653885
  0.89022743066877619  0.89795366990670178  0.90528442947162824  0.91142744795196873
  0.91763630422176645  0.92643787507945552  0.93650444042018177  0.94777163343696402
  0.95881116217648732  0.96984139485872733  0.98380049378539280  1.00000000000000000
 -0.00309522315602872  0.01384727690457021  0.02573070027459436  0.03843938536099836
  0.05034781797027076  0.06454762760821423  0.07631212189530953  0.08547350393623114
  0.09372047029179915  0.10209941867518961  0.11364654189011933  0.12977084897351557
  0.14438190355839775  0.15905703706436283  0.17316461739979772  0.18667042155085029
  0.19941749793259048  0.21122758909745845  0.22239219855364656  0.23374681865279792
  0.24454636509839606  0.25621399215757268  0.26815452189022959  0.27628688733528323
  0.28384314170409197  0.29166515755891831  0.29945311100966687  0.30704003775320965
  0.31534811116123557  0.32330626913178678  0.32933669241126151  0.33601239951619999
  0.34414322331984271  0.35242222288290265  0.36063024518071873  0.36845084943735734
  0.37547065181862588  0.38312357506406269  0.39151806834267960  0.40160976489971478
  0.41540570998611592  0.43177872381729088  0.44303709006474035  0.45344114919762135
  0.46287922639631252  0.47132692186106007  0.47995994790602425  0.48946594420496670
  0.49972179665420174  0.50800451878565023  0.51417821133943808  0.51974862880820760
  0.52673878712472588  0.53431962791141818  0.54210807516712678  0.55013366741370073
  0.55774539434859050  0.56783365962399934  0.57840179886673293  0.58883398720322455
  0.59903987528982050  0.61032424659348139  0.62278825943270910  0.63850317146148339
  0.65813712837760685  0.67495047789136231  0.68537797025779934  0.69534508524298877
  0.70602022447882185  0.71637669547475835  0.72625764911594426  0.73581125761527510
  0.74591587555812300  0.75445725068716529  0.76254760789454601  0.76975202680230337
  0.78027911314777543  0.79263739621945239  0.80528822923396803  0.81709966096069675
  0.82777278411714739  0.83858421356754109  0.84947813829609209  0.86169458903185581
  0.87711443276228995  0.89128065002561774  0.90187130285261363  0.91129164275375130
  0.92208037456091207  0.93269657263938277  0.94594323216979992  0.95794689966510116
  0.97034815575980737  0.98127691472195899  0.99081954952904072  1.00000000000000000
  0.00479125690625733  0.02204336466242207  0.03528390359480952  0.04302943151038911
  0.05036762326879551  0.05638951606671164  0.06166359211162622  0.06664666574690999
  0.07203374305464283  0.07921865486274958  0.08739862853388969  0.09609119640919189
  0.10217925213757467  0.10526547506812804  0.10869915180160877  0.11204789832785135
  0.11515280922026389  0.11811681225202116  0.12104367061881412  0.12499591995992600
  0.13359318019796529  0.14192174958664955  0.15058828750553604  0.15897606514803159
  0.16730074515436213  0.17630815699956467  0.18643132547682542  0.19584277326108165
  0.20343750613358480  0.21281549974958106  0.22414136373636787  0.23321759350599644
  0.24255559349585384  0.25207257493698570  0.26080770701492278  0.26941081142533274
  0.27745698331381408  0.28508875014942225  0.29308654699546316  0.30215688578334154
  0.31268012197994394  0.32230380069710357  0.33199894823171078  0.33978134691791834
  0.34918138745884236  0.35872926047282505  0.36661843945472095  0.37316412495023482
  0.37918712532743643  0.38599857151470840  0.39393564626233407  0.40114164173154504
  0.40724183564055094  0.41393208069891996  0.42174693420360532  0.42941921349196860
  0.43633025993589342  0.44308539387829055  0.45029068496331220  0.45680908114078178
  0.46316265461117362  0.47038647105909576  0.47847789276847513  0.48907993360390128
  0.49958493030708584  0.50961422511531329  0.51905949683787389  0.52946378701483987
  0.53994210926002284  0.55216188442257397  0.56234151517286413  0.57116308645976832
  0.58012878743409457  0.59055779914373008  0.60197309676294497  0.61235302327108410
  0.62223087539101929  0.63322794918189484  0.64746301628850089  0.66336150758282109
  0.68486074412333664  0.70446265703477873  0.72200357740260368  0.73512773226255768
  0.74852034005560497  0.75921882042703326  0.76974748616529287  0.78210978060351366
  0.80134035285956262  0.82613328498035310  0.85075178379461469  0.87820369440593360
  0.90415970455822403  0.92354580767475580  0.94858493589286508  1.00000000000000000
 -0.00181250400916184  0.00633043399838451  0.01581466603043935  0.02345729830736912
  0.02954237021052208  0.03799076712946644  0.04645645283067833  0.05486054035794033
  0.06368387377203860  0.07422421922347340  0.08056728187489937  0.09191136104671689
  0.10478588857142254  0.11828915692164456  0.13246231383396001  0.14648264311026585
  0.15914767821133846  0.17117991713253727  0.18308076104787777  0.19520285436838505
  0.20791063860654047  0.21914173015888797  0.23210922567676728  0.24376922745444241
  0.25486083671317034  0.26499128345298018  0.27683624025817882  0.28942581735986767
  0.30070948522299623  0.31124727089174226  0.32285757489094402  0.33620376422138865
  0.35105355044412134  0.36666270233061637  0.38096098965856801  0.39229498699475979
  0.40267263893557431  0.41279149690413303  0.42268199176543819  0.43311624345908267
  0.44437411460900167  0.45639347960658189  0.46736845313153724  0.47685507604217614
  0.48488532658062400  0.49292823886703552  0.50131393201184160  0.51165285049918141
  0.52056626559800001  0.52837625734212479  0.53799380527825236  0.54834589465106487
  0.56050249957206244  0.57119987995417332  0.58307808601481403  0.59596095994500131
  0.60932461228687318  0.62208089623778506  0.63357933153109036  0.64497730942138753
  0.65579451010049572  0.66540107707007867  0.67670690471019324  0.68812193747522776
  0.70059903538129309  0.71364220705380421  0.72674779550312996  0.73990981696457070
  0.75337965227374015  0.76723354729046955  0.78093092711153678  0.79344220702037116
  0.80452611531672624  0.81414026814055818  0.81944473312285881  0.82578242154553816
  0.83276740241277691  0.83810058584562941  0.84453297403224192  0.85124126204379835
  0.85895020431122360  0.86665227022377611  0.87219891999264709  0.87880847620957014
  0.88648996995729734  0.89358709603671393  0.90095093172610230  0.90968902269883190
  0.91984350607977039  0.92975273913992151  0.93894955332430341  0.94776271805042589
  0.95728830151235011  0.97003069155967458  0.98418524881175273  1.00000000000000000
  0.23008218578961509  0.23317380075919836  0.23626541572878165  0.24102541197784183
  0.24598722850122040  0.25143032285041017  0.25799552846572843  0.26523890730281530
  0.27096486630123784  0.27722746723767377  0.28442532755999583  0.29018708937644627
  0.29497914843719064  0.29741397841039896  0.30036755427705369  0.30371144442162473
  0.30850362016150612  0.31422312624332804  0.31916213610993971  0.32442995778246636
  0.32862178258441499  0.33082630059190499  0.33315301761365906  0.33563423318681712
  0.33787916134103496  0.34164204925121977  0.34677964438647657  0.35201041378972464
  0.36708255756200281  0.37758863872846843  0.38379701124038873  0.38852403820604120
  0.39376293968457415  0.39867711924091037  0.40367928820903709  0.40846877511661972
  0.41350736580313358  0.41946411464675076  0.42487734665572774  0.42958845548066610
  0.43387822622705502  0.43892914710785941  0.44500195874497755  0.45185256970111221
  0.45754882439699579  0.46395855877454190  0.47004022137391249  0.47640145486397156
  0.48305779073669852  0.48945271138785251  0.49918933300262641  0.50396204221132868
  0.50895605058881144  0.51446661717453457  0.51972416131255317  0.52475116003588418
  0.52892438530144470  0.53251551651756057  0.53625538914611082  0.54100542458572776
  0.54588847604373869  0.55116164685018865  0.55580811649505624  0.55980411762572857
  0.56603171433679045  0.57716764670395015  0.58804407650826540  0.59690090500128368
  0.60515797432112872  0.61344418227487985  0.62269840535117493  0.63222163085650784
  0.64187129330235715  0.65121390315263472  0.66104815002671713  0.67039042021645034
  0.67941274491208015  0.68753973588861672  0.69561700709899121  0.70468560508781741
  0.71608665674898653  0.72965601625905763  0.74274256474997447  0.75368843923650575
  0.76420852642624459  0.77673286308925615  0.79168039841958626  0.80717785015615973
  0.82665653649939752  0.84754531097946395  0.86615852363784462  0.88369824622440918
  0.90265244615819373  0.92545195745343234  0.95576312475613845  1.00000000000000000
 -0.00602368844589441  0.04166855747719214  0.06276800610228817  0.08204638401267603
  0.09875941020011170  0.11439222460056458  0.12782971597081430  0.14007874245474461
  0.15043465283233093  0.15927264183925557  0.16721409770769011  0.17513657692047499
  0.18395345563313761  0.19313111232970445  0.20154706792810964  0.20869922539127878
  0.21487789851469671  0.22052716874363568  0.22550327513118495  0.23071969160064973
  0.23636125122253676  0.24234654184360074  0.24867810996973663  0.25468993912004889
  0.26004152405545139  0.26548707363617430  0.27065334050254158  0.27575450960131803
  0.28138158777662264  0.28833643184117508  0.29509992876724928  0.30075576772153656
  0.30559355937811028  0.30982794927789864  0.31381331762179193  0.31825911655050987
  0.32356019587367907  0.32872688242342346  0.33329853631970258  0.33800374797508642
  0.34245948948538563  0.34660560914430549  0.35085160367318435  0.35482350330785589
  0.35961151172552525  0.36468351508838648  0.36945002167262314  0.37496467219292251
  0.38257176301197127  0.39198121411075748  0.40130710278614207  0.41040383383365731
  0.41785553948442766  0.42427724316553445  0.43093650538920480  0.43911183680922439
  0.44663324147656353  0.45355967062638358  0.46029464723724967  0.46714990911466442
  0.47344099637344328  0.47807065099645452  0.48221567095704004  0.48747918357955011
  0.49376797479290074  0.49925516611429815  0.50483737978799292  0.51440334382341535
  0.52391871873953699  0.53151404159001825  0.53793352225398861  0.54433067270180058
  0.55088065075543180  0.55784715891328618  0.56420041795550380  0.57228892012935040
  0.58145222625822890  0.59292819268808616  0.60637802524625495  0.61911700772557976
  0.63089268721381420  0.64287680880892895  0.65620006094552907  0.67210889841264787
  0.68697498473451846  0.69956809961074895  0.71213229467085737  0.72490846612905691
  0.74313615703259339  0.76127662266860530  0.78143113758364446  0.80106149817779959
  0.81936421882254151  0.84063339759899436  0.87536477005080915  1.00000000000000000
   4.4315181415211332E-004  -1.0000000000000000     
 F F F F F F F F F F F F F F F F F F F F F F F F F F F F F F F F F F F F F F F F F F F F F F F F F F F F F F F F F F F F F F F F F F F F F F F F F F F F F F F F F F F F F F F F F F F F F F F F F F F F F F F F F F F F F F F F F F F F F F F F F F F F F F F F
  <DiscreteSampler_grid>
  grouped_processes
  1 # 1 for a reference and 2 for a running grid.
  10 # Attribute 'min_bin_probing_points' of the grid.
  1 # Attribute 'grid_mode' of the grid. 1=='default',2=='initialization'
  0.0000000000000000 # Attribute 'small_contrib_threshold' of the grid.
  0.5000000000000000 # Attribute 'damping_power' of the grid.
 # binID   n_entries weight   weight_sqr   abs_weight
    13   10   2.068047668161994E+003   1.817558716448117E+007   2.068047668161994E+003
    14   10   2.068047668161980E+003   1.817558716448082E+007   2.068047668161980E+003
    16   10   2.075849591973867E+003   1.831056396411043E+007   2.075849591973867E+003
    17   10   2.075849591973854E+003   1.831056396411010E+007   2.075849591973854E+003
  </DiscreteSampler_grid>
