 -0.00249982864112453  0.00952494888658499  0.01969748647089555  0.03021474473153308
  0.04076761818093044  0.05130249106070523  0.06183314475105955  0.07236355990984550
  0.08290223249115894  0.09344833021479690  0.10399156928517148  0.11453913390886798
  0.12508557868939449  0.13563291210152992  0.14617882866321946  0.15671827459066193
  0.16724683395717030  0.17777740557802904  0.18830907983152109  0.19885035502292070
  0.20939312028570822  0.21993192899274333  0.23047084879471166  0.24101088444099183
  0.25156006142625598  0.26210929239629571  0.27265606484845561  0.28320447184292563
  0.29375388547089426  0.30429677347093104  0.31483198487528230  0.32536763387793527
  0.33590778964091378  0.34643957932491470  0.35696695599550998  0.36749265736877545
  0.37803540773674432  0.38857795129085898  0.39912180504049993  0.40965922580253633
  0.42020220652045831  0.43074386111346813  0.44128044693443114  0.45181715306965003
  0.46235332576529681  0.47289262620553746  0.48342992425302284  0.49397354286422906
  0.50452298584002953  0.51507049687795059  0.52561731868284156  0.53615500887299372
  0.54669052630961823  0.55722551742956572  0.56776627267052204  0.57831409460251204
  0.58885869906372468  0.59940213970229250  0.60994483838110014  0.62048852073262528
  0.63102516090809946  0.64155936119423707  0.65209842240865445  0.66264548790197642
  0.67319273410579183  0.68373594275755467  0.69427838461722302  0.70482325894557041
  0.71536295464641730  0.72590977975441662  0.73645180267595778  0.74699412158133016
  0.75752657213621277  0.76806384517637372  0.77860356152608290  0.78914529532523159
  0.79968617023765332  0.81023040641576982  0.82077969995410760  0.83132693636465427
  0.84187465226259572  0.85241846636271901  0.86294535083729484  0.87347337374130374
  0.88400521974594970  0.89455393839670716  0.90510011497432519  0.91564188718899220
  0.92618625497193952  0.93673360104351322  0.94728539627049424  0.95783639680968358
  0.96837084369891924  0.97890925906094017  0.98944627822937337  1.00000000000000000
 -0.00250968022703399  0.00953943638645043  0.01971754724456215  0.03023698133118675
  0.04078248874313880  0.05131999023342881  0.06185382147988149  0.07238532397909700
  0.08291657703292372  0.09345615597769645  0.10400130009977336  0.11454744730342971
  0.12508738678324055  0.13561639555214236  0.14613967069017139  0.15667248624429284
  0.16721286100439628  0.17775850367964172  0.18830485113532469  0.19883963310833422
  0.20937862720078554  0.21990645443464435  0.23044989306435945  0.24098926517751584
  0.25152617727603255  0.26205401717964832  0.27257985313018412  0.28310993568106974
  0.29363846723301607  0.30417019440818854  0.31470868275115510  0.32525729112475760
  0.33580196258938128  0.34634720423218529  0.35689203714055739  0.36744222802232873
  0.37799031370100311  0.38853228202996093  0.39907449477120932  0.40961501733285316
  0.42016163221561292  0.43070928824506649  0.44126212736667986  0.45181398221039420
  0.46235926872522071  0.47290378266221944  0.48344307018502553  0.49399165542926227
  0.50453272708758179  0.51508112247920035  0.52561754274474526  0.53616068075044687
  0.54670105497336807  0.55725131944466200  0.56779686245694350  0.57834409303911083
  0.58889360475434016  0.59944301389621957  0.60998311410121697  0.62052252286865350
  0.63106862276661368  0.64161935340047804  0.65216987583500841  0.66271871227725943
  0.67326535398417287  0.68380105920864087  0.69433334058379781  0.70487294990991856
  0.71542405145827126  0.72595796066746932  0.73648517179781314  0.74701194412488237
  0.75755966403125652  0.76810829654587143  0.77865450662240676  0.78919629098801070
  0.79974414713807951  0.81028924691633464  0.82083748920062416  0.83138559836496628
  0.84193130999934629  0.85247965512132340  0.86302466084531493  0.87357343591238912
  0.88411172633137070  0.89464401907197011  0.90517664042194046  0.91571733586324755
  0.92626725675393051  0.93681247077157936  0.94735765831201324  0.95790807058375393
  0.96843277672296335  0.97896732995564018  0.98948243791043244  1.00000000000000000
   2.5518493157789800E-008  -1.0000000000000000     
 F F F F F F F F
  <DiscreteSampler_grid>
  grouped_processes
  1 # 1 for a reference and 2 for a running grid.
  10 # Attribute 'min_bin_probing_points' of the grid.
  1 # Attribute 'grid_mode' of the grid. 1=='default',2=='initialization'
  0.0000000000000000 # Attribute 'small_contrib_threshold' of the grid.
  0.5000000000000000 # Attribute 'damping_power' of the grid.
 # binID   n_entries weight   weight_sqr   abs_weight
    10   10   1.322623097372511E+010   1.749331857703253E+020   1.322623097372511E+010
  </DiscreteSampler_grid>
