  0.00000557279092832  0.00000569603982781  0.00000583233518769  0.00000598309923838
  0.00000614833839485  0.00000631896325990  0.00000649654043369  0.00000668069671901
  0.00000687738985323  0.00000707803776426  0.00000728314612039  0.00000750887252719
  0.00000774539566641  0.00000799077238154  0.00000825995578350  0.00000854494656570
  0.00000884099388418  0.00000914761876691  0.00000946817237336  0.00000983777505879
  0.00001021703219511  0.00001060052511781  0.00001100277489755  0.00001141600757805
  0.00001183695853856  0.00001226228542204  0.00001271298066918  0.00001320674109012
  0.00001373553924862  0.00001430051962591  0.00001492102598361  0.00001557050641745
  0.00001621746787232  0.00001687048019727  0.00001754750036901  0.00001823832724441
  0.00001896526505671  0.00001973608055400  0.00002054017197241  0.00002136307748625
  0.00002221509265934  0.00002310346971341  0.00002402146030674  0.00002497634055499
  0.00002601039153034  0.00002712565258303  0.00002827981737798  0.00002950380996502
  0.00003085613732741  0.00003231003323882  0.00003380950844551  0.00003536938165778
  0.00003700285996731  0.00003868350192624  0.00004045279685064  0.00004230029416063
  0.00004423560316907  0.00004631185942117  0.00004852833128699  0.00005080676443422
  0.00005323593977306  0.00005579701029869  0.00005854613373338  0.00006160219013747
  0.00006491207641586  0.00006841456328724  0.00007209835998697  0.00007616754435881
  0.00008052417301548  0.00008540410876944  0.00009061586051247  0.00009631099015935
  0.00010256282167563  0.00010950520005216  0.00011703639350279  0.00012574889260221
  0.00013593438930347  0.00014785053201299  0.00016096373780635  0.00017488057997062
  0.00019067677477390  0.00020911435742944  0.00023204528875446  0.00025965105472116
  0.00029301268214792  0.00033144953877475  0.00037458761907019  0.00042861612060545
  0.00051091805953568  0.00064193457316494  0.00083259251396738  0.00116564224627069
  0.00184563153951948  0.00462056437880497  0.22947438060699621  1.00000000000000000
  0.00000503471501227  0.00000572499865331  0.00000622040486882  0.00000672876665549
  0.00000726582441184  0.00000783115478448  0.00000842622944759  0.00000905009682574
  0.00000972569791940  0.00001043003980471  0.00001115883860985  0.00001191577293078
  0.00001271080687979  0.00001354358322784  0.00001439727686733  0.00001528928308317
  0.00001619353911258  0.00001714247319854  0.00001815814288122  0.00001923736137894
  0.00002041481193557  0.00002161860631076  0.00002283231240833  0.00002406361705244
  0.00002535281224323  0.00002673767258013  0.00002820493495559  0.00002972866289147
  0.00003128028061594  0.00003285078721473  0.00003449050319264  0.00003622699484726
  0.00003806101788433  0.00004002003585908  0.00004203769497599  0.00004413254932419
  0.00004626939614991  0.00004849985382680  0.00005073574701267  0.00005315340556456
  0.00005555170562496  0.00005805882610741  0.00006060624571331  0.00006325488085245
  0.00006598621635583  0.00006880446704802  0.00007176595098595  0.00007487991107066
  0.00007814301958524  0.00008159941547542  0.00008531500062764  0.00008914327976227
  0.00009314884688179  0.00009740050765537  0.00010185909874456  0.00010668329513383
  0.00011195747285462  0.00011752782579098  0.00012365143407198  0.00012997014133199
  0.00013664005961345  0.00014389694515226  0.00015167118704762  0.00016003501240924
  0.00016927935978985  0.00017873611321063  0.00018900467776488  0.00020022453065207
  0.00021224242860460  0.00022559379005887  0.00024045677258635  0.00025629631525281
  0.00027292757272526  0.00029064035742986  0.00031002400745687  0.00033165851770451
  0.00035439120821421  0.00038078857090806  0.00041142692110702  0.00044891857968470
  0.00049246233062947  0.00054756343858937  0.00061441893898250  0.00068696157728690
  0.00076423927883281  0.00085146280155653  0.00096654900230173  0.00112751196672796
  0.00134711889165145  0.00162821816827777  0.00208002929292642  0.00290958656970218
  0.00464434646429763  0.04017049011629456  0.19836399156443216  1.00000000000000000
  0.00000474609939518  0.00000583864990218  0.00000650452019203  0.00000712412753898
  0.00000771404382858  0.00000832015485414  0.00000892611124238  0.00000956523388984
  0.00001019863292613  0.00001081078814887  0.00001136757729182  0.00001188147029705
  0.00001237663102331  0.00001286032228903  0.00001337596112010  0.00001391049696722
  0.00001452744327829  0.00001514339893886  0.00001575163027860  0.00001633219176670
  0.00001693793694553  0.00001757927268028  0.00001825987858520  0.00001892552047588
  0.00001958340407871  0.00002021926101882  0.00002087167346607  0.00002151794904266
  0.00002218849944299  0.00002288246351735  0.00002357447780702  0.00002429925409560
  0.00002504250903891  0.00002585929692294  0.00002668424651870  0.00002748120206033
  0.00002828396460381  0.00002914739137957  0.00003009254625305  0.00003110949395813
  0.00003210456352958  0.00003307638885474  0.00003408138547870  0.00003515857615062
  0.00003628593908123  0.00003744183801652  0.00003863029037633  0.00003986300637417
  0.00004113955462781  0.00004245251744102  0.00004380412927369  0.00004519249748207
  0.00004665530990024  0.00004827130365197  0.00004992293434612  0.00005167168054437
  0.00005351845555112  0.00005542940019310  0.00005739382194909  0.00005942940240307
  0.00006158391802288  0.00006390013049953  0.00006635320159064  0.00006892138113946
  0.00007160863436842  0.00007448793134653  0.00007761331127063  0.00008096804544111
  0.00008460847761264  0.00008850370747203  0.00009267806613055  0.00009725500684329
  0.00010235001295085  0.00010793125450037  0.00011402986972305  0.00012080491644090
  0.00012872372255953  0.00013805819997473  0.00014872600582977  0.00016069821903570
  0.00017453276250010  0.00019116889364594  0.00021123066696203  0.00023537802718196
  0.00026625475230232  0.00030614065691746  0.00035749794243792  0.00042828870722814
  0.00052590926955374  0.00067123065973548  0.00092218018765880  0.00138906083002455
  0.00235574228724807  0.00590827353348533  0.16302344866521493  1.00000000000000000
 -0.00230321044323712  0.00953644110509330  0.01892733622009950  0.02885813480596849
  0.03901122345238840  0.04996078798370164  0.06125212718295537  0.07177813307296153
  0.08208973081510813  0.09261774555155391  0.10353485210639168  0.11426691013367681
  0.12461674843464571  0.13480000259523067  0.14500182992447569  0.15495289474245022
  0.16441930415454423  0.17441430673202890  0.18510921604097538  0.19651969116511811
  0.20760888497580363  0.21856832782824795  0.22939684396123586  0.24045326852950977
  0.25149246325914321  0.26230749134172127  0.27232636531477139  0.28215737787626000
  0.29224756416103770  0.30321297496601823  0.31461651079070574  0.32583946714922563
  0.33680362261485003  0.34778346046271064  0.35886696759113274  0.37017841683199387
  0.38144983272708199  0.39260458408127530  0.40342972074575412  0.41388106593832269
  0.42405400546611660  0.43421630737701927  0.44483784804973869  0.45594697983835764
  0.46734430143348682  0.47834649417690611  0.48856117959332113  0.49847340964948267
  0.50844632310904614  0.51872971364201981  0.52920121916761276  0.53960589261933056
  0.55058834322344341  0.56169976305636571  0.57271408486429254  0.58352889172278444
  0.59417531178364769  0.60484223943612880  0.61557293445499939  0.62641901958813340
  0.63744233397504235  0.64870728175057923  0.65986923046915913  0.67071242289253419
  0.68134768702491766  0.69204150002266662  0.70282610902526244  0.71362836603638069
  0.72451112211052038  0.73550092729831751  0.74643647509269218  0.75704943992072793
  0.76742999825404368  0.77782292972749789  0.78826515073048697  0.79839105674606237
  0.80815135529821025  0.81777745783322253  0.82772367557643689  0.83822144728491943
  0.84887061669817199  0.85912176040745547  0.86903413888436920  0.87880330862495248
  0.88874049534416022  0.89857633144573013  0.90798730715652642  0.91756457773986255
  0.92796903858720781  0.93861925236931165  0.94879995655069094  0.95862461436996893
  0.96914893699386240  0.97993202591468953  0.99021960669464115  1.00000000000000000
 -0.00003943418263421  0.00026449361082332  0.00106289903782493  0.00160439120416510
  0.00208019232925773  0.00254446869787244  0.00299286482571455  0.00342984745516196
  0.00386250417348971  0.00428860360106795  0.00470033973556173  0.00509578662088835
  0.00548311180283415  0.00587009770139833  0.00625752606592284  0.00663966571824464
  0.00700841613502693  0.00737123001760974  0.00774840233899638  0.00814057542653908
  0.00854939303082914  0.00897292429235273  0.00938357032769681  0.00976267973476596
  0.01012385885780728  0.01051062990091436  0.01091386690932734  0.01131653535157925
  0.01170210349660091  0.01206672136995887  0.01245215037409919  0.01281778025218980
  0.01318927509580149  0.01356409073945334  0.01391155233469249  0.01430189317403973
  0.01468574398695235  0.01504745811533066  0.01545178929613248  0.01586943214741304
  0.01634661549975657  0.01680049814782635  0.01718272996592013  0.01758633911174146
  0.01801821283142549  0.01843774992313886  0.01884400225408884  0.01928259324783863
  0.01987718326136442  0.02040790693712583  0.02087962118885797  0.02132934238620317
  0.02179211829543498  0.02228420742042825  0.02281430685033185  0.02337929350307262
  0.02398580983530220  0.02463355747050015  0.02528516108638698  0.02593666876145768
  0.02660865557289258  0.02733141764236986  0.02824618222503978  0.02923995011633633
  0.03010142099986811  0.03096572035079735  0.03179709771483397  0.03281372723786282
  0.03325647444108796  0.03371016203585372  0.03420376978677128  0.03471425325659261
  0.03528251533491373  0.03629701903924706  0.03764415264058136  0.03890544641541507
  0.04000202288342453  0.04130994006744070  0.04314996853560670  0.04595652914939155
  0.04793036758196177  0.04966985909526810  0.05188164389277472  0.05474741784795120
  0.05783859743320912  0.06010163267038989  0.06163139797945179  0.06336824522454054
  0.06564490502996492  0.06925021801168098  0.07307971886671663  0.07574419417108549
  0.08301534162675425  0.09266428463698810  0.60780406015706412  1.00000000000000000
 -0.00312367286075108  0.01193791555808348  0.02463937015114967  0.03760239422855494
  0.04975500514333851  0.06110655544172297  0.07272032364827398  0.08474359655703839
  0.09705640417049954  0.10943898358837897  0.12197521668481452  0.13475969141232269
  0.14725483056167626  0.15915835565108280  0.17072036436553059  0.18211083914393142
  0.19317103571208882  0.20458780490639120  0.21604483792045745  0.22797972588713949
  0.23986488360156444  0.25164206644936560  0.26306857073574080  0.27412735928776338
  0.28487829615048627  0.29525597343569399  0.30551206040925788  0.31622689172277935
  0.32683160376901643  0.33693655845407899  0.34636465260213561  0.35549000344898662
  0.36445655480107508  0.37360695474085359  0.38289399480859515  0.39241132359820141
  0.40176229625119331  0.41072621986552510  0.41941089629407452  0.42805586815330898
  0.43699546723820970  0.44612813349136177  0.45552677487935006  0.46452411113105663
  0.47327994292788822  0.48163055682019557  0.49009656078233838  0.49854197621304325
  0.50723490848680253  0.51605001682933627  0.52482395527065318  0.53347558018522201
  0.54222203417496084  0.55125669478922812  0.56042046758161901  0.56918221077645004
  0.57773946497720718  0.58640030411297128  0.59579848964105420  0.60558470900328254
  0.61545558823074686  0.62495213813395722  0.63441755672491207  0.64403565534465856
  0.65390996066156115  0.66353307260986316  0.67332233944252906  0.68323892082801085
  0.69393863904037145  0.70502818156267155  0.71618151546801023  0.72707631895069591
  0.73788478253256584  0.74835016385970143  0.75880072911551733  0.76957750216442000
  0.78073453494172163  0.79168762792396985  0.80247808516103858  0.81382277059669816
  0.82563666359240540  0.83694980012478182  0.84836119305517343  0.85966646129566326
  0.87157196457217456  0.88338661256928974  0.89578839919818054  0.90726378803309493
  0.91859230401411252  0.92924172981808095  0.93955461649935879  0.95078511972576907
  0.96240799295527912  0.97478878555492843  0.98744919437159806  1.00000000000000000
 -0.00013426146963774  0.00064667082594298  0.00154863352886746  0.00217389883956987
  0.00275108176062236  0.00328261722777884  0.00379109477398217  0.00427544894105917
  0.00473467920897564  0.00518296215974211  0.00561600426221270  0.00603411096799896
  0.00644123044059111  0.00684668386344957  0.00724520451835675  0.00764258597661514
  0.00804970271346935  0.00844027111205925  0.00882027376281050  0.00918550299520216
  0.00953443674265793  0.00988637437137046  0.01024626643280838  0.01061731768572540
  0.01100255365993858  0.01140753982928971  0.01180870161634350  0.01214880087449864
  0.01244417156224569  0.01271592488152744  0.01295961264950111  0.01321826666759009
  0.01350036838691701  0.01381060991584270  0.01415955597015527  0.01451375093447951
  0.01487820668503645  0.01524208223125539  0.01568010216109269  0.01604277010989476
  0.01630680506489179  0.01653722454002282  0.01678973093450796  0.01708222255885279
  0.01736549438932986  0.01756552621673766  0.01784404827202140  0.01823099857550370
  0.01861932515297091  0.01895058530477780  0.01924134672551089  0.01952717829680358
  0.01985890836315855  0.02015440130169015  0.02043674805085615  0.02072321993715579
  0.02100893686596378  0.02133496981970649  0.02170668219413928  0.02209125679341963
  0.02246473310891903  0.02291882135314626  0.02339633757016358  0.02396060610230659
  0.02471497480654953  0.02563642969222788  0.02664750260785324  0.02754820368570416
  0.02830532808305250  0.02876086020626938  0.02921639232948627  0.02961534669896440
  0.02998953841856994  0.03033650941394876  0.03064468991606885  0.03111172701659039
  0.03194203045468310  0.03286645563571671  0.03377523884184963  0.03452530595172867
  0.03528877786120831  0.03608321391861939  0.03659417326011442  0.03807029980468760
  0.04232106298114329  0.04438357906214044  0.04621387293573798  0.04794526400628950
  0.05157476782184520  0.05537046411177802  0.05650450692760933  0.05780150628287899
  0.05933585240856640  0.06057830717958258  0.44407325538472175  1.00000000000000000
 -0.00234214517641095  0.00887810833130271  0.01900063650163710  0.02914672261790415
  0.03994120151541491  0.05156390222887310  0.06333417967983576  0.07484262274172386
  0.08603921250337616  0.09727581941443859  0.10867375076849192  0.12049359016334232
  0.13278805863142326  0.14474863290942316  0.15631190718584065  0.16766507287260887
  0.17976616810825835  0.19151003709270056  0.20243145908754959  0.21318646998217702
  0.22430775652656548  0.23594975511795652  0.24755554696542006  0.25852154664893695
  0.26935446054195566  0.28003713253904217  0.29102510814409382  0.30236858021972252
  0.31352265021136710  0.32346065065972701  0.33297455387612118  0.34238065071990065
  0.35158811304073162  0.36040332736358471  0.36915631808443944  0.37786342765412734
  0.38680675815626686  0.39555166371914452  0.40442005120329355  0.41386199677576307
  0.42388091571534880  0.43394741010837579  0.44351076945138623  0.45296877001668662
  0.46253456259808851  0.47299961344487346  0.48329019802857270  0.49367195329664038
  0.50388678002731890  0.51397526628105517  0.52395510993512684  0.53402526971635289
  0.54411721699250770  0.55436945346785305  0.56436004443958554  0.57399981232004560
  0.58334256694627895  0.59228871242091341  0.60114396892470301  0.61014182322349619
  0.61916272277911943  0.62810917913675535  0.63717495556565062  0.64681871693382320
  0.65710192342801244  0.66750031941967525  0.67755755761400582  0.68729014248232900
  0.69722944021341782  0.70744842663238583  0.71792788470231172  0.72854523586846354
  0.73900390531674165  0.74966898155220174  0.76075571003087883  0.77225770014942285
  0.78368709038229745  0.79523493376313270  0.80686978771460571  0.81852155480431243
  0.83005720954086593  0.84173570547060061  0.85339326665446880  0.86460342734145013
  0.87560495062906984  0.88647063920178859  0.89809799119737754  0.91022904234659019
  0.92190122902401939  0.93302794775118658  0.94400987808910353  0.95499901120570396
  0.96600511600617056  0.97644988024950363  0.98812835801335530  1.00000000000000000
  0.03346249322464670  0.10450178939907630  0.13325728918648419  0.15943369125718701
  0.18517263297233574  0.21162449832005553  0.23557559803128827  0.25743225574074430
  0.27818342623625208  0.29839692516440186  0.31748546522564053  0.33516993723818139
  0.35289114369784658  0.37051642875895385  0.38747834112810670  0.40481578595031620
  0.42186238035006113  0.43742849237276771  0.45247558283946748  0.46728690790981930
  0.48192202309159293  0.49613020206690095  0.50968993463136891  0.52257938805815451
  0.53510464686154491  0.54757821368815673  0.55978304215744834  0.57139488290716334
  0.58250244486804581  0.59358872904125570  0.60489692255282768  0.61633373408325165
  0.62730747350012483  0.63768903780888608  0.64777347683894204  0.65764335030093035
  0.66742744788124508  0.67695924773653138  0.68638982696924655  0.69530881629379859
  0.70413621871257770  0.71269641941002659  0.72101012189683178  0.72897420915103450
  0.73660527440773993  0.74413923740305721  0.75161051831712955  0.75887594859167740
  0.76584916359456046  0.77260419181205808  0.77937488551408529  0.78632537535667946
  0.79320439982758018  0.79975351667643546  0.80614582565390847  0.81262440685651183
  0.81911121831588873  0.82543109491094857  0.83156299084241059  0.83759465931584365
  0.84362874063481896  0.84960771528653634  0.85549271825095907  0.86115600472850862
  0.86659532855018162  0.87189394227656425  0.87709005156183617  0.88227175728453866
  0.88745513324934999  0.89258977127009631  0.89762627146189955  0.90249955268856141
  0.90724657991275559  0.91192603700027930  0.91650308236196942  0.92106347029009172
  0.92554751644718847  0.92991688159831898  0.93420024983077077  0.93833871009453329
  0.94227860248093842  0.94610510160713901  0.94990520616097540  0.95361785289692491
  0.95724077182462541  0.96083648149431222  0.96444318413168195  0.96806954291726599
  0.97169765137840625  0.97522757686262906  0.97858731596607296  0.98189800750014533
  0.98521645140452596  0.98895867593864695  0.99375528334597107  1.00000000000000000
 -0.01582990265126632  0.07066886753609590  0.09678123732457022  0.11302419358005369
  0.12577883695984451  0.13647499609318844  0.14613154938626166  0.15505701461862578
  0.16334970901419710  0.17099500493602540  0.17817340888476577  0.18493879679343256
  0.19117607152204066  0.19717356373295816  0.20306908897082124  0.20878758514432150
  0.21434060088990517  0.21966767778319429  0.22488317122530030  0.23000480030551404
  0.23507073989207292  0.24025914929812375  0.24537260568267069  0.25058710286774422
  0.25583905098089155  0.26127650862501051  0.26668220571367751  0.27192343019703230
  0.27714880777047501  0.28222451182923591  0.28736395938309373  0.29251147422695567
  0.29768741642835761  0.30279137862124461  0.30791405613001388  0.31308549371512628
  0.31826668591243162  0.32348154547875418  0.32872711112545028  0.33392713404075003
  0.33907835896527527  0.34429788592546484  0.34958744968315930  0.35499000169181938
  0.36047970657128242  0.36613382957956492  0.37200054785534020  0.37778834973847547
  0.38342110230763365  0.38896551592122214  0.39425162926655294  0.39943435648817838
  0.40462136992399045  0.40989466129661023  0.41533197411805134  0.42087988604318000
  0.42658601958397652  0.43247365894572082  0.43843951611693543  0.44440722312474179
  0.45015344553748360  0.45579880668947892  0.46163157575773001  0.46771320023563429
  0.47412517461108206  0.48067258097858417  0.48741412051674382  0.49450819078385039
  0.50177763281909560  0.50908375518594740  0.51639339605631729  0.52375264901271690
  0.53126226662884246  0.53887939562910436  0.54657848046332280  0.55437056988456213
  0.56245796985686491  0.57084358125655665  0.57912445644865596  0.58816499325939153
  0.59733967015344314  0.60680675292728381  0.61644993706720796  0.62633872244398614
  0.63671472804504614  0.64729698714609918  0.65865181809198647  0.67123255893818257
  0.68511293346246827  0.70087484299833758  0.71843696222539466  0.73783762950236809
  0.76003995951201908  0.78835602697179408  0.83370169825238261  1.00000000000000000
   2.6384693637627084E-002  -1.0000000000000000     
 F F F F F F F F F F F F F F F F F F F F F F F F F F F F F F F F F F F F F F F F F F F F F F F F F F F F F F F F F F F F F F F F F F F F F F F F F F F F F F F F F F F F F F F F F F F F F F F F F F F F F F F F F F F F F F F F F F F F F F F F F F F F F F F F
  <DiscreteSampler_grid>
  grouped_processes
  1 # 1 for a reference and 2 for a running grid.
  10 # Attribute 'min_bin_probing_points' of the grid.
  1 # Attribute 'grid_mode' of the grid. 1=='default',2=='initialization'
  0.0000000000000000 # Attribute 'small_contrib_threshold' of the grid.
  0.5000000000000000 # Attribute 'damping_power' of the grid.
 # binID   n_entries weight   weight_sqr   abs_weight
    13   10   6.977007128515400E+004   1.799565662594105E+010   6.977007128515400E+004
    14   10   6.977007128515400E+004   1.799565662594105E+010   6.977007128515400E+004
    16   10   6.977007128515400E+004   1.799565662594105E+010   6.977007128515400E+004
    17   10   6.977007128515400E+004   1.799565662594105E+010   6.977007128515400E+004
    22   10   6.977007128515397E+004   1.799565662594104E+010   6.977007128515397E+004
    23   10   6.977007128515400E+004   1.799565662594105E+010   6.977007128515400E+004
    25   10   6.977007128515400E+004   1.799565662594105E+010   6.977007128515400E+004
    26   10   6.977007128515400E+004   1.799565662594105E+010   6.977007128515400E+004
    31   10   6.977007128515400E+004   1.799565662594105E+010   6.977007128515400E+004
    32   10   6.977007128515402E+004   1.799565662594105E+010   6.977007128515402E+004
    34   10   6.977007128515400E+004   1.799565662594105E+010   6.977007128515400E+004
    35   10   6.977007128515400E+004   1.799565662594105E+010   6.977007128515400E+004
    40   10   6.977007128515397E+004   1.799565662594105E+010   6.977007128515397E+004
    41   10   6.977007128515400E+004   1.799565662594105E+010   6.977007128515400E+004
    43   10   6.977007128515397E+004   1.799565662594104E+010   6.977007128515397E+004
    44   10   6.977007128515400E+004   1.799565662594105E+010   6.977007128515400E+004
    49   10   6.977007128515397E+004   1.799565662594105E+010   6.977007128515397E+004
    50   10   6.977007128515400E+004   1.799565662594105E+010   6.977007128515400E+004
    52   10   6.977007128515400E+004   1.799565662594105E+010   6.977007128515400E+004
    53   10   6.977007128515400E+004   1.799565662594105E+010   6.977007128515400E+004
    58   10   6.977007128515397E+004   1.799565662594104E+010   6.977007128515397E+004
    59   10   6.977007128515397E+004   1.799565662594105E+010   6.977007128515397E+004
    61   10   6.977007128515400E+004   1.799565662594105E+010   6.977007128515400E+004
    62   10   6.977007128515397E+004   1.799565662594104E+010   6.977007128515397E+004
  </DiscreteSampler_grid>
