 -0.00248588379656321  0.00956543251203915  0.01974343562511626  0.03026903562152643
  0.04081999156065711  0.05136514939795269  0.06191125494338731  0.07245680080149967
  0.08299345042272462  0.09353273046006860  0.10406106573382916  0.11459684289841514
  0.12512707858127456  0.13566889385924635  0.14620362358391389  0.15674359713236435
  0.16727642489344011  0.17781904224785741  0.18836346759154446  0.19891281891943108
  0.20946294085791675  0.22000847266358828  0.23054559710280359  0.24107136273697133
  0.25159161878742886  0.26212314235403433  0.27266014505203201  0.28320687760070218
  0.29374973370412960  0.30430090242654778  0.31484822136150581  0.32539642080187359
  0.33593452316147132  0.34647125132861772  0.35701138451414316  0.36755408747640833
  0.37810290495469606  0.38864367428424457  0.39919103858242611  0.40973497604245296
  0.42027711287922354  0.43081215023072222  0.44134474085132197  0.45188449542355402
  0.46243201747217161  0.47297344817229497  0.48351087571628804  0.49404894516377351
  0.50459146254631282  0.51513671510192061  0.52568124493619306  0.53623069001841861
  0.54678133858030720  0.55732828585991223  0.56786611829741040  0.57839851663955899
  0.58893329406828976  0.59946927944573192  0.60999762509256927  0.62052770121576750
  0.63106203120887450  0.64160726572211624  0.65215110627712503  0.66269382469116089
  0.67323483792365280  0.68377108634870420  0.69431461403705652  0.70485730939912428
  0.71539144954622047  0.72592594817657563  0.73646122659393842  0.74700902726115592
  0.75755391345130718  0.76809828173171335  0.77864276083339057  0.78918709547004773
  0.79973663835800279  0.81028024815200650  0.82082661525827882  0.83136858595436625
  0.84191597118754435  0.85245394988717882  0.86298973384501776  0.87351858634985069
  0.88405180080737411  0.89458906764978230  0.90513241331868188  0.91567141775559524
  0.92621460098540787  0.93676169296288680  0.94730648747425450  0.95785584091315013
  0.96838356655094926  0.97892688726242261  0.98946031844668259  1.00000000000000000
 -0.00253390310428494  0.00945397268841871  0.01959745872583884  0.03010185058919000
  0.04064147938569886  0.05118733638173635  0.06173134588701770  0.07227761599588163
  0.08281979812675942  0.09336067693658757  0.10390138071010568  0.11444482494850458
  0.12497987430585690  0.13551394960386759  0.14605153125822379  0.15660113519366251
  0.16715341171745030  0.17770111997524113  0.18824517268165497  0.19878108424415242
  0.20932024003494698  0.21985937807889960  0.23040128934975554  0.24094252672120511
  0.25148779389033832  0.26203057397785257  0.27257351048153589  0.28311608730864690
  0.29366633301162659  0.30421649141272283  0.31475530619221798  0.32529329891491188
  0.33582716613040980  0.34637435058072741  0.35692057482847345  0.36747302051599756
  0.37801852660122098  0.38856127623531728  0.39910241051849399  0.40964660325521318
  0.42018982352290074  0.43073324883860020  0.44127342020841226  0.45181666070575738
  0.46235521893775572  0.47289587190532861  0.48343730658625345  0.49398312375098274
  0.50453185440389192  0.51508178686296835  0.52563443405392418  0.53617329723978957
  0.54670982492571696  0.55724510118529702  0.56779400211518061  0.57834556709012785
  0.58889363961185204  0.59944261111557529  0.60998610764976158  0.62053146700030004
  0.63107798048151742  0.64162849431101132  0.65217504911739466  0.66270864922735873
  0.67324028786296330  0.68376991803225495  0.69430715452602332  0.70484517962609927
  0.71538170430984782  0.72591558873093265  0.73645292719234345  0.74699818251762939
  0.75754243167626112  0.76807963448605654  0.77861764339928341  0.78915071764533129
  0.79968907451372417  0.81022827020523158  0.82077690498618405  0.83132337671286083
  0.84186838454549917  0.85241127404689565  0.86295320876152748  0.87349516014052098
  0.88403526463937276  0.89457970407447562  0.90512108304397343  0.91567155494321784
  0.92621311407582740  0.93675409963515377  0.94729623813769981  0.95783386050877384
  0.96837709375879788  0.97891611168833237  0.98946105120057570  1.00000000000000000
   2.5653814352343574E-008  -1.0000000000000000     
 F F F F F F F F
  <DiscreteSampler_grid>
  grouped_processes
  1 # 1 for a reference and 2 for a running grid.
  10 # Attribute 'min_bin_probing_points' of the grid.
  1 # Attribute 'grid_mode' of the grid. 1=='default',2=='initialization'
  0.0000000000000000 # Attribute 'small_contrib_threshold' of the grid.
  0.5000000000000000 # Attribute 'damping_power' of the grid.
 # binID   n_entries weight   weight_sqr   abs_weight
    10   10   1.322623097372511E+010   1.749331857703254E+020   1.322623097372511E+010
  </DiscreteSampler_grid>
