  0.00000596475213773  0.00000741047819474  0.00000770369803853  0.00000801304937032
  0.00000838670797963  0.00000878330510256  0.00000895909348635  0.00000922562677103
  0.00000947746738241  0.00000968171459553  0.00000978040452056  0.00000988298111171
  0.00000998816456487  0.00001011986404752  0.00001029764757520  0.00001051042187841
  0.00001061166971209  0.00001071291754577  0.00001100437102097  0.00001138196178060
  0.00001175849300851  0.00001206978916995  0.00001238108533140  0.00001275994925785
  0.00001328826534946  0.00001380920389295  0.00001427760833870  0.00001468531070012
  0.00001530599578044  0.00001613387756116  0.00001689301870682  0.00001762585926444
  0.00001812856878121  0.00001850149633404  0.00001893399052009  0.00001952919675296
  0.00002010027245020  0.00002068759557702  0.00002120335837858  0.00002167382628425
  0.00002267644468923  0.00002397478594840  0.00002539901279462  0.00002679128139697
  0.00002823061919218  0.00002978887754285  0.00003148162527107  0.00003330136219651
  0.00003519480521608  0.00003713068408341  0.00003893991173199  0.00004114076934219
  0.00004361334730014  0.00004619387594950  0.00004896793320984  0.00005219123856350
  0.00005521252243729  0.00005864037850932  0.00006204103595044  0.00006555070338348
  0.00006956056968347  0.00007532903081492  0.00008121611887180  0.00008778914110509
  0.00009432671608915  0.00010128526994494  0.00010867095465621  0.00011513173993114
  0.00012084253709708  0.00012659049753328  0.00013253253598212  0.00013919188271753
  0.00014705589949283  0.00015622348037352  0.00016666615544322  0.00017872677964420
  0.00019280089618345  0.00020834987325285  0.00022293588793837  0.00023727598047306
  0.00025476603080397  0.00027713919561503  0.00030460318393389  0.00034023210742353
  0.00039370141525775  0.00046694336946166  0.00056218006650015  0.00066202350225697
  0.00079839604097103  0.00101131564982857  0.00130861571652230  0.00170864070669964
  0.00280430194272108  0.00599800821940157  0.20852953830268478  1.00000000000000000
  0.00000240351823742  0.00000302606469278  0.00000306613276005  0.00000310283094709
  0.00000314009210300  0.00000317114602806  0.00000319220629177  0.00000320812097096
  0.00000327538126433  0.00000339394317021  0.00000350196959372  0.00000359610293779
  0.00000368734948956  0.00000376817009431  0.00000384224088027  0.00000391721070566
  0.00000399836473934  0.00000407941921201  0.00000416720424949  0.00000425481193549
  0.00000434313038456  0.00000443472097006  0.00000457773919381  0.00000472075741756
  0.00000493616906673  0.00000523892888512  0.00000554168870351  0.00000604261575588
  0.00000707871427946  0.00000811481280304  0.00000881709009357  0.00000909892534098
  0.00000944934269280  0.00000995871026067  0.00001033997568445  0.00001070089064036
  0.00001098050174551  0.00001127653143561  0.00001156056777244  0.00001184603797893
  0.00001217539492175  0.00001251284543233  0.00001284245410133  0.00001316972502949
  0.00001351927904346  0.00001378030795830  0.00001413717624969  0.00001443993470421
  0.00001493899385956  0.00001562794374494  0.00001644157037233  0.00001735515268933
  0.00001825986590003  0.00001939321993067  0.00002060543973957  0.00002165341532306
  0.00002275023807340  0.00002383466707163  0.00002502462192158  0.00002656163651320
  0.00002831859723520  0.00003040826758582  0.00003248775476108  0.00003440175542437
  0.00003591599555318  0.00003792776696620  0.00004017200927230  0.00004283660291448
  0.00004623101956906  0.00005000102683984  0.00005417610847405  0.00005854034526867
  0.00006350189172993  0.00006894272194923  0.00007500034141650  0.00008335357571492
  0.00009804639453317  0.00011846189180802  0.00013770749779953  0.00015648221245075
  0.00018146737018051  0.00021065640459923  0.00024318187892933  0.00028158686360529
  0.00032850424155020  0.00038620757112149  0.00046319615768480  0.00057008322231111
  0.00070787608577698  0.00092094826073410  0.00127440338016886  0.00176715669117199
  0.00278348175086463  0.00737102998455225  0.19566061652244057  1.00000000000000000
  0.00000002120204876  0.00000004071005123  0.00000005240777708  0.00000006552450451
  0.00000007926814433  0.00000009016502288  0.00000009704769440  0.00000010372407186
  0.00000011109209308  0.00000012368516046  0.00000013927596384  0.00000015522996377
  0.00000017153471147  0.00000019175303877  0.00000021515042656  0.00000024325671862
  0.00000027518547124  0.00000030491428715  0.00000033509492082  0.00000036732199307
  0.00000040182244028  0.00000043813846415  0.00000047491729080  0.00000051500096940
  0.00000055736310965  0.00000060301101321  0.00000065339589860  0.00000070766748360
  0.00000077144459828  0.00000084519397824  0.00000092357637833  0.00000099765812811
  0.00000107103313911  0.00000114173160227  0.00000121785997734  0.00000129880884166
  0.00000140496214247  0.00000152800827916  0.00000165132491023  0.00000179534851614
  0.00000193984742277  0.00000208568803526  0.00000224424570514  0.00000242313342227
  0.00000262334574012  0.00000280809740428  0.00000296276661315  0.00000310592819793
  0.00000325565304786  0.00000341640714240  0.00000359010565599  0.00000378136765016
  0.00000394444691330  0.00000413659599105  0.00000433048610323  0.00000455681903265
  0.00000489731675056  0.00000547278918801  0.00000626584598450  0.00000705884316866
  0.00000784619499696  0.00000864788433643  0.00000946144162790  0.00001039053041602
  0.00001139874287514  0.00001231905708239  0.00001311731333915  0.00001389266938625
  0.00001473599137256  0.00001568875605041  0.00001680685804555  0.00001834134006764
  0.00002029276048788  0.00002243527858390  0.00002523873924756  0.00002888431093951
  0.00003460156908876  0.00004020210248229  0.00004576189619924  0.00005171183157542
  0.00006120083538737  0.00007723889641961  0.00009912371909671  0.00012040441819738
  0.00014413717597735  0.00016642127466582  0.00019281617587826  0.00022706864115073
  0.00027950381211365  0.00038756961361974  0.00055233805337475  0.00079338659577851
  0.00124678611058449  0.00207482702089057  0.06029426020547630  1.00000000000000000
 -0.00163533024870259  0.00738481901780256  0.01743800364260378  0.02785375329332146
  0.03891123044697158  0.04846824322271545  0.05694064741415601  0.06922575846087470
  0.07897406842742727  0.08731445012586198  0.09456771631624135  0.10023888091494144
  0.10830036433149536  0.11881842243081528  0.13063136260630531  0.14169885093371265
  0.15120871224284721  0.16028579710495355  0.16926649956289316  0.17882174993736069
  0.18917874842493726  0.20094979014852821  0.21143827379334709  0.22147985296399544
  0.23211144740537512  0.24362177441430805  0.25707185057667103  0.27365144668205188
  0.28817928655508118  0.30127645597718483  0.31492862191995658  0.33032303195693846
  0.34167935975569991  0.35139771605945119  0.36052032722879879  0.36812487576029546
  0.37527763017145199  0.38372146687262193  0.39294816105579139  0.40191105644371977
  0.41043472731641861  0.41922728501037071  0.42808410825090770  0.43656838706019868
  0.44402060662107712  0.45052500699496539  0.45888872866872071  0.47087886559575654
  0.48312659499608929  0.49402415856359749  0.50427624433468732  0.51662602057055129
  0.52726696558175334  0.53786601227731801  0.54962019470780898  0.56279707003483459
  0.57614624780464341  0.58959741545215449  0.60384709135293357  0.61674453260135598
  0.62933260977448802  0.64313127117023694  0.65823008670495864  0.67213137142700696
  0.68372675146802142  0.69277060875516794  0.69977367903621146  0.70600468797777760
  0.71272756026288664  0.71983514123892567  0.72686396974085221  0.73424887910393555
  0.74395665046335890  0.75256540744020128  0.76279313185327369  0.77262172677895902
  0.78330776403332858  0.79390860440034905  0.80478872888300201  0.81652760932586732
  0.82797799732931843  0.84220914334621000  0.85578748009694339  0.86915531160298276
  0.88272704404999014  0.89613525226728796  0.90762217757153640  0.91780402567258146
  0.92914548090019144  0.94027608951189934  0.95083847098792962  0.96031834705363062
  0.96957384995801921  0.97870405369698887  0.98866308750829490  1.00000000000000000
 -0.00010931119281251  0.00011437843540566  0.00050169208721637  0.00077000842697857
  0.00096262690293346  0.00115641044376222  0.00135995294754855  0.00157255086746926
  0.00181063375902619  0.00207657864767045  0.00237736782866842  0.00268602620248871
  0.00299826471255967  0.00331448450138928  0.00363715049676919  0.00397045787494147
  0.00428290609556905  0.00457566214598555  0.00485224809184920  0.00513989413779022
  0.00541734345332101  0.00569411912290105  0.00596535664982930  0.00616535375527710
  0.00636565300152450  0.00656620439104322  0.00675636830545558  0.00696181902430976
  0.00726145129150330  0.00758171466561083  0.00797774546473988  0.00838201694257958
  0.00874533726161789  0.00908163130166773  0.00941414020197361  0.00975916281982455
  0.01012109016701354  0.01048127869344177  0.01075637194948171  0.01095381855913671
  0.01118592855734918  0.01149553060887395  0.01178005421739635  0.01201799525767503
  0.01222016669121196  0.01242386514928230  0.01270416050085505  0.01309014621904305
  0.01355979131049126  0.01405866315996184  0.01447317323662524  0.01485663914246706
  0.01523014479086430  0.01563009597910537  0.01605084980770384  0.01669125908093501
  0.01736723829159260  0.01807216133048289  0.01881806492577181  0.01938336970579889
  0.01994490342354702  0.02051716540264787  0.02139718714900360  0.02283168838929769
  0.02413970552994799  0.02506098013338737  0.02610355790504306  0.02759678347680702
  0.02883365098288549  0.02978458955495546  0.03055530780368911  0.03113901860960624
  0.03168972833728739  0.03233451103504171  0.03358257352653293  0.03571311928304065
  0.03677181575313011  0.03773724592904129  0.03879080282407289  0.04015723560491451
  0.04162937567641189  0.04323708116582397  0.04580530110287701  0.04842003687403957
  0.05154815717868182  0.05739522000124810  0.06637431711766840  0.08689415360202678
  0.09646090870501843  0.10278917793054543  0.11131254434835132  0.12119241339430420
  0.13777446624823075  0.16033686082179363  0.26563690342138763  1.00000000000000000
 -0.00319331427593255  0.01377875627635097  0.02817139285366307  0.04160815499834247
  0.05509344723751970  0.06727205666829059  0.07921939028279887  0.08866843683885486
  0.09777449478589083  0.10662749765323998  0.11823215925594373  0.12779004432184682
  0.13819031568604270  0.14742286757772485  0.15662117638815001  0.16539101137194914
  0.17390434590985562  0.18340430506464656  0.19289861262009222  0.20392528942165536
  0.21441522949954800  0.22514604434175819  0.23732948834031567  0.24865135806121830
  0.26093523571832172  0.27169694635156533  0.28074981389258413  0.28905580182448365
  0.29648862100853096  0.30347671909900770  0.31171478978749978  0.32142539296723210
  0.33161228566815160  0.34094841349960636  0.35049711704253711  0.36049506216557892
  0.37138040102396891  0.38284847517483600  0.39407402962095162  0.40635710027184418
  0.42061023892107385  0.43718473084050596  0.44899702950293185  0.46068751678238745
  0.47140610010217943  0.48012288982498036  0.48554540438136812  0.49011981662436904
  0.49542272019997108  0.50046453402027957  0.50567737984678551  0.51127993165108077
  0.51764150112421192  0.52547705629976549  0.53236628431340061  0.54024062217915936
  0.55206672602141238  0.56553231333538490  0.57815599316621757  0.59097462528906275
  0.60382557473350984  0.61812532216309257  0.63353315447231273  0.64926455431892149
  0.66565371946889940  0.67819624407446910  0.68738682202459411  0.69685087607963381
  0.70680835249544338  0.71817329437574229  0.72882798784345648  0.73892331189812011
  0.74872562980689261  0.76167581017987140  0.77675525938097234  0.78722091737358424
  0.79611481724393773  0.80470594833316378  0.81337538751284244  0.82378040013362630
  0.83653212356712481  0.84721318803136014  0.85585306381476900  0.86377245597926389
  0.87158299680888507  0.88071058575173355  0.89283355203083825  0.90477640533739034
  0.91865798565356283  0.93322929156917112  0.94554832918961107  0.95688921862464726
  0.96848735274075359  0.97943462935718995  0.98951312874286446  1.00000000000000000
 -0.00003381804507814  0.00000100480893820  0.00003582766295455  0.00007065051697090
  0.00011170967767508  0.00016300499848383  0.00021430031929257  0.00026603881443412
  0.00032903708476224  0.00039203535509035  0.00045230807271091  0.00050672842423986
  0.00055968458262085  0.00060131707326125  0.00064295042082630  0.00068458550546561
  0.00072562476197859  0.00076616920606714  0.00080607436535160  0.00084572380507844
  0.00088950855440665  0.00093354338128442  0.00097505517226266  0.00102671094067070
  0.00109457796329338  0.00116999049211431  0.00125559142822212  0.00134043769103035
  0.00142412447552571  0.00150999586351992  0.00160058338209757  0.00169218485023367
  0.00178614023654893  0.00187887950905894  0.00196880878768372  0.00206176604418317
  0.00216587436077858  0.00227052022224725  0.00237927490634016  0.00249019442025376
  0.00263036943041897  0.00278214451628073  0.00295543932745001  0.00316602519228601
  0.00336482158478729  0.00355231682564295  0.00373895077602394  0.00392495656239803
  0.00411003615817270  0.00430789770699445  0.00451993470147274  0.00475467451742210
  0.00496371150749369  0.00518484460966191  0.00540814664668673  0.00562750648858880
  0.00588086248202570  0.00614792803010181  0.00635530070647671  0.00654819838643881
  0.00674211423835309  0.00694746816830752  0.00718037412789867  0.00745382822773044
  0.00767110950511424  0.00795868719217744  0.00827253470045030  0.00862086382168004
  0.00901106241131461  0.00941095535049361  0.00984788662185840  0.01018796487857174
  0.01054457051200106  0.01091046955191087  0.01137772604774892  0.01208390187779943
  0.01265201272203609  0.01323470000802960  0.01400957533040745  0.01480666191898647
  0.01556785296402557  0.01619747012690807  0.01682806170957054  0.01723276834133495
  0.01757410599487241  0.01791308435624350  0.01842113592173429  0.01942731645578870
  0.02094004353566869  0.02736961285722848  0.02868115843858353  0.02959420628656314
  0.03082208491319298  0.03292181349676639  0.18072216813372149  1.00000000000000000
 -0.00439370068894168  0.01742503206681269  0.03286448654143902  0.04548999653726291
  0.05469898003678642  0.06288238672468859  0.07128395440894135  0.07979964163854880
  0.09299347075366801  0.10389287588235603  0.11317082811523582  0.12217864804016235
  0.13182104102815681  0.14235412528097019  0.15387331582393504  0.16712895149631296
  0.18218151538506677  0.19811495048890745  0.21213419847006307  0.22451308795382693
  0.23548538717912737  0.24586454903520882  0.25602464510002482  0.26704497946722333
  0.27978508029047033  0.29120541973172043  0.30134716613849999  0.31174644845496913
  0.32052207623629259  0.33025287610931359  0.34144530787937166  0.35377099192567579
  0.36593026897436670  0.37563807850916259  0.38581806848855393  0.39654962320314030
  0.40818362305525058  0.42168631054273364  0.43669578783142199  0.45140196211020417
  0.46543812202730372  0.47972954628467174  0.49270429173735697  0.50286375634598124
  0.51230038547367462  0.52124999349327572  0.53118268465784513  0.54403531825081330
  0.55862482379628697  0.57002343554871326  0.57961790565177240  0.58601141053685435
  0.59255337476921210  0.59960564874771960  0.60702047426174388  0.61538545852361259
  0.62459768542520111  0.63563146172452634  0.64665785588047331  0.65942872276111464
  0.67178835946908744  0.68142546958282879  0.68944349438597430  0.69733416840934914
  0.70710306490237695  0.71793744095234380  0.72716842811938565  0.73562398133224016
  0.74411145174026749  0.75349971559264883  0.76210639966931459  0.77014661394572070
  0.77825565430974963  0.78761624252463158  0.79847993390867211  0.80877243950457922
  0.81851498631569419  0.82896496192490543  0.83915511816936428  0.84925363367171347
  0.85853505066264635  0.86780379135179553  0.87706322880900023  0.88731404384704360
  0.89598063677724693  0.90421207948361915  0.91237487459243460  0.91986953212722455
  0.92857531772213497  0.93785761853174843  0.94583132322949293  0.95406302425735046
  0.96529129852714124  0.97828983814723758  0.98934146805856682  1.00000000000000000
  0.25370785918461769  0.25871373517014429  0.26702370691565075  0.29543706075568238
  0.31076788286426238  0.31750328921742388  0.32460462227960385  0.34098065152388068
  0.35348787961638062  0.36180017814010046  0.36744973661103097  0.37223515319099970
  0.37694632175025750  0.38163731081164998  0.39019800242816249  0.40094542830486035
  0.41288231981631440  0.42617204664586000  0.43582152723770556  0.45148173882755538
  0.46451566949225703  0.47942448034844926  0.49789549854419796  0.51219424274476544
  0.52061189366469818  0.52875935380476269  0.53677891157178348  0.54714643386035999
  0.55989308849311037  0.57205356912219840  0.58279378692647810  0.59014636925749209
  0.59788931611420437  0.60416306320784885  0.61232556018675577  0.62095675853051835
  0.62985680776459885  0.63993358191789773  0.64648148021706187  0.65337574248803609
  0.66059369832059134  0.67016942406023006  0.68121774845513960  0.68894015227131888
  0.69510159525013326  0.69981606166492960  0.70455671877943538  0.70917398803023490
  0.71326665550192525  0.71861337137130044  0.72371487729841488  0.72877886287563154
  0.73364508021487840  0.73881883558690964  0.74486085725146345  0.75302004133054912
  0.76273557351282917  0.76759529538824622  0.77142570721195691  0.77644888545853541
  0.78139001410152442  0.78629030468429628  0.79120602752489588  0.79640944151559889
  0.80183146053101029  0.80610028496902386  0.81010740894170119  0.81391960509468442
  0.81884793927619215  0.82491061162872603  0.83158921139159070  0.83855455220820052
  0.84511616429613901  0.85085339704616325  0.85613526529995387  0.86164013134776052
  0.86739139863116299  0.87440290279150179  0.88142395408861052  0.88870479007727987
  0.89477276067520761  0.90007640674306599  0.90526654422391484  0.91096340530531372
  0.91715387728135189  0.92404518899027654  0.93073906313711274  0.93755805480433951
  0.94415161416046300  0.95105781011693713  0.95777971672254281  0.96449713430092210
  0.97200701209542661  0.98028208976888187  0.98882603926308077  1.00000000000000000
 -0.01730318457347104  0.09134687572160059  0.11824206495060044  0.14187532161238095
  0.16111146429867071  0.17690836666385559  0.19002517669840371  0.19938225170676785
  0.20684390623939250  0.21440508197843411  0.22394351697553755  0.23250523596739772
  0.24046348120024602  0.24693404407442229  0.25236057511996784  0.25867489920370856
  0.26515834908053870  0.27221971580094129  0.28191359030321822  0.29043752966705566
  0.29958980427982784  0.30854734318830429  0.31632595372823280  0.32237912401230029
  0.32741381343387060  0.33205987244499469  0.33635596793022965  0.34110077824611729
  0.34631406171043039  0.35042260441067025  0.35506186554141911  0.36010167833681789
  0.36642017429202306  0.37381458762285880  0.38223108364795366  0.39099079333151665
  0.39803988851522859  0.40303506609972517  0.40724442437026875  0.41141349884134870
  0.41531658306881147  0.41947951135956119  0.42413162629399787  0.42923983284977574
  0.43486522806676953  0.44024830493980177  0.44589389753954545  0.45117211508540062
  0.45550275906493226  0.45951564813407342  0.46358364724036971  0.46774331100549305
  0.47262058135104906  0.47753072097820815  0.48346055363997947  0.49031740200340868
  0.49844528122602277  0.50843962972821533  0.51972036692018664  0.52967867375553401
  0.53675359101981368  0.54264981540267754  0.54806988273881763  0.55411934570141508
  0.56192040720727776  0.57112463960537463  0.57968385587512594  0.58656924713593761
  0.59329988052208793  0.59947783565231794  0.60666227333384792  0.61514327465560248
  0.62437220503163582  0.63422117463927297  0.64243847576302782  0.64913408507039772
  0.65509166141439135  0.66120389360124476  0.66779567932127071  0.67468166870862023
  0.68225775867151384  0.68925471714557829  0.69838202598055987  0.70803371456753472
  0.71730136544373446  0.72738666683844211  0.73721052432980727  0.74984921280641348
  0.76281774955114623  0.77993511589677167  0.79755963873435820  0.81495150561698837
  0.83307853715379676  0.85852187107733346  0.89428344704875984  1.00000000000000000
   6.5077426037561106E-004  -1.0000000000000000     
 F F F F F F F F F F F F F F F F F F F F F F F F F F F F F F F F F F F F F F F F F F F F F F F F F F F F F F F F F F F F F F F F F F F F F F F F F F F F F F F F F F F F F F F F F F F F F F F F F F F F F F F F F F F F F F F F F F F F F F F F F F F F F F F F
  <DiscreteSampler_grid>
  grouped_processes
  1 # 1 for a reference and 2 for a running grid.
  10 # Attribute 'min_bin_probing_points' of the grid.
  1 # Attribute 'grid_mode' of the grid. 1=='default',2=='initialization'
  0.0000000000000000 # Attribute 'small_contrib_threshold' of the grid.
  0.5000000000000000 # Attribute 'damping_power' of the grid.
 # binID   n_entries weight   weight_sqr   abs_weight
    10   10   6.846284179361496E+002   4.386077365942079E+006   6.846284179361496E+002
    16   10   8.088225316839390E+002   5.807155005655399E+006   8.088225316839390E+002
    22   10   8.088225316839387E+002   5.807155005655398E+006   8.088225316839387E+002
    28   10   6.846284179361494E+002   4.386077365942074E+006   6.846284179361494E+002
  </DiscreteSampler_grid>
