 -0.00220939796026098  0.00968229948395276  0.01988379560508986  0.03041488974590390
  0.04096317295161479  0.05151049987095160  0.06205632502418451  0.07259819862766197
  0.08313275032267488  0.09366989942126476  0.10420662049353824  0.11473776918752374
  0.12527027034881841  0.13580531423055112  0.14635243097900041  0.15689799668776599
  0.16744428366074310  0.17798878407231319  0.18853359030295025  0.19907517656040144
  0.20961464075325348  0.22015330135731140  0.23068872974618992  0.24123004253736754
  0.25177123148112873  0.26232039573562249  0.27286946740426382  0.28341587368741633
  0.29395642272964412  0.30449603834967826  0.31503867355139792  0.32557630095329698
  0.33611398407437099  0.34665085243778626  0.35719527711176713  0.36773841140722280
  0.37827844193737276  0.38882025525240466  0.39936154874092128  0.40990833015361744
  0.42045804284615740  0.43099561841531925  0.44152884871702547  0.45205671635925926
  0.46259535883364017  0.47312947991589493  0.48365983352605257  0.49419319160734626
  0.50472932591083064  0.51527337603333356  0.52581650976758088  0.53636612975820130
  0.54690117701353902  0.55743655213849463  0.56796564279188799  0.57850868026212487
  0.58904184937800597  0.59958038412566250  0.61011676631228773  0.62066377743057632
  0.63120863841654695  0.64175758008989159  0.65229178014622902  0.66283010810816778
  0.67335038187167773  0.68388573120694374  0.69441243959657106  0.70495590992471269
  0.71549751858454169  0.72604005911676761  0.73657877185871690  0.74711910649165247
  0.75766462006699387  0.76821223447216958  0.77875189020979285  0.78929436037443856
  0.79982223405058961  0.81035125503457905  0.82088044667427817  0.83141963480346448
  0.84196483160854085  0.85250855267350800  0.86305854845978125  0.87360886465464804
  0.88415162691081706  0.89469548514733688  0.90522644630568339  0.91574709848361113
  0.92626101233096569  0.93678291124855251  0.94732165560118664  0.95786563277391812
  0.96839877219644210  0.97893463828891691  0.98946116308243115  1.00000000000000000
 -0.00236219820576569  0.00964660526578289  0.01982766386178357  0.03034861210589980
  0.04088719531567429  0.05142453031502784  0.06196723420170569  0.07251153978015334
  0.08305246999532914  0.09358721043083196  0.10412072069029368  0.11465338534371648
  0.12518905145956777  0.13573034489579699  0.14627382485504761  0.15681904122195237
  0.16736264288871311  0.17790803991311013  0.18845344092858940  0.19899934162021116
  0.20954572366991131  0.22008590829922217  0.23062729381316904  0.24116839256288611
  0.25171679361652921  0.26226412380420888  0.27280797962382503  0.28334233457130076
  0.29387689616335388  0.30441692596322550  0.31496263874739927  0.32550473931637874
  0.33604681108635170  0.34658848985732793  0.35713495249764365  0.36768095477638207
  0.37822982687576073  0.38877511789691777  0.39932128490412333  0.40986094408764989
  0.42040363093813687  0.43093824364038874  0.44147335848826319  0.45200854653588929
  0.46254957339746489  0.47309483535722041  0.48362931594743508  0.49415652425176931
  0.50468306542710972  0.51521842949039931  0.52575858549899612  0.53630270212831277
  0.54684689649131224  0.55738847165868566  0.56792685345490301  0.57845861996931913
  0.58899762900656405  0.59953627000744458  0.61007843839091658  0.62061885461941579
  0.63116257606801118  0.64171158135892270  0.65225988133350810  0.66280874464622797
  0.67335588202247210  0.68390354072752113  0.69444338475567158  0.70498025152962207
  0.71551284607465226  0.72605121229450253  0.73658976738126303  0.74712895724214778
  0.75766488887463168  0.76820152989836799  0.77873839614743257  0.78928059403717121
  0.79982105324392838  0.81036510667563122  0.82090473412253251  0.83144894134313563
  0.84198709256588766  0.85252651581827577  0.86306689621433907  0.87361589406215545
  0.88415693657278160  0.89469420304717107  0.90523035890001624  0.91577630597780046
  0.92631893639679908  0.93686221736211261  0.94739066550584139  0.95793332531461728
  0.96843775505200391  0.97896769365393510  0.98947965694465179  1.00000000000000000
   2.5644386885642858E-008  -1.0000000000000000     
 F F F F F F F F
  <DiscreteSampler_grid>
  grouped_processes
  1 # 1 for a reference and 2 for a running grid.
  10 # Attribute 'min_bin_probing_points' of the grid.
  1 # Attribute 'grid_mode' of the grid. 1=='default',2=='initialization'
  0.0000000000000000 # Attribute 'small_contrib_threshold' of the grid.
  0.5000000000000000 # Attribute 'damping_power' of the grid.
 # binID   n_entries weight   weight_sqr   abs_weight
    10   10   1.322623097372511E+010   1.749331857703255E+020   1.322623097372511E+010
  </DiscreteSampler_grid>
