 -0.00234271496841390  0.00960038351040773  0.01977615672944006  0.03030242045157649
  0.04084799211202069  0.05139247783323124  0.06193591217281860  0.07248043483186192
  0.08302438733286777  0.09356742157648651  0.10411262818218670  0.11465771983289505
  0.12520303765197771  0.13574740917509465  0.14629303668163965  0.15683418786614295
  0.16737782848470498  0.17791580651906105  0.18845207225100302  0.19898561514347143
  0.20952583126333538  0.22006785440212664  0.23061260472291867  0.24115344478762760
  0.25169870951218154  0.26224360915404221  0.27278861206992916  0.28333260031529711
  0.29387392206622526  0.30441922137768923  0.31495865264380196  0.32549745038213834
  0.33603558297160546  0.34658184929175284  0.35713331562845524  0.36768499070131883
  0.37822902575372519  0.38876820415224173  0.39930628445255656  0.40984313120081939
  0.42038150209133229  0.43091258960548090  0.44145150819399964  0.45198349091125273
  0.46251853160053485  0.47305325112056112  0.48358267695940849  0.49410569555859957
  0.50462779093442367  0.51515870042637157  0.52569679518343959  0.53623249604076917
  0.54677469823126312  0.55731229086246037  0.56785111634263519  0.57838569465063028
  0.58892071489407571  0.59944898429965499  0.60998237568531510  0.62051991016249453
  0.63106807149188526  0.64161562706075248  0.65216567681432991  0.66271277014567787
  0.67325145776654993  0.68378959793288208  0.69432096849064651  0.70486213386228336
  0.71539466641739158  0.72592977352519972  0.73646141898318551  0.74699953707055544
  0.75753992022039240  0.76807600290773481  0.77861395216183105  0.78915508051761851
  0.79970069032517610  0.81024749403555896  0.82079578847977774  0.83134400635038030
  0.84189024009100599  0.85243537192535157  0.86297799191306179  0.87351686407148599
  0.88405640383702278  0.89459333759580995  0.90513953411371273  0.91567096216240162
  0.92620698644370114  0.93673936493845722  0.94728379572180155  0.95783044501275560
  0.96837546482886594  0.97892009089511645  0.98946043705538267  1.00000000000000000
 -0.00248466512977566  0.00963161610878296  0.01982730376135074  0.03035713592324163
  0.04090251753577018  0.05144409750413442  0.06198309542195651  0.07252578175661209
  0.08306027855413263  0.09358491476018319  0.10410784684866536  0.11464032409808363
  0.12518639743641211  0.13573008938540884  0.14627232699118367  0.15681105688909702
  0.16735507319864418  0.17789869549961584  0.18844712725791482  0.19899344755067996
  0.20953708769706314  0.22008081927591347  0.23062253269295932  0.24116798290414196
  0.25170819378072479  0.26225435157285304  0.27280080206040097  0.28335124092799324
  0.29389480261174294  0.30443762617821829  0.31497653338205217  0.32551354850237468
  0.33604166750498354  0.34657455665593034  0.35711673937797689  0.36766454621152522
  0.37820594878717462  0.38874069869239325  0.39927773740612238  0.40981532435512424
  0.42035988732849083  0.43090184909249252  0.44144892178118117  0.45198953900524458
  0.46253738464325034  0.47307813120553538  0.48362124945491713  0.49416047144109720
  0.50470741532308483  0.51525778433082359  0.52581055903626406  0.53636322997869534
  0.54691262537251639  0.55745719178087916  0.56799860025943849  0.57853059769254356
  0.58906708036646738  0.59960642668997799  0.61015128740890789  0.62069412486789377
  0.63123777144575788  0.64178772558954400  0.65233091324465786  0.66287153085021433
  0.67340657327270625  0.68394155945240664  0.69445346155923238  0.70496003199272528
  0.71547100202420988  0.72600940971136441  0.73655083812325028  0.74709202070993597
  0.75762473158827659  0.76815889432290307  0.77869301023456627  0.78922848040024851
  0.79976029723041475  0.81029168272404284  0.82082239153807202  0.83136079408660879
  0.84190302764501257  0.85244720959189901  0.86299296380368729  0.87353732926671535
  0.88408463681048088  0.89462863204108067  0.90517132470508832  0.91571183980080517
  0.92624936041993022  0.93678633916065779  0.94731171552614091  0.95783636637150471
  0.96836601108617792  0.97890911507631573  0.98945608432486587  1.00000000000000000
   2.5656817708239456E-008  -1.0000000000000000     
 F F F F F F F F
  <DiscreteSampler_grid>
  grouped_processes
  1 # 1 for a reference and 2 for a running grid.
  10 # Attribute 'min_bin_probing_points' of the grid.
  1 # Attribute 'grid_mode' of the grid. 1=='default',2=='initialization'
  0.0000000000000000 # Attribute 'small_contrib_threshold' of the grid.
  0.5000000000000000 # Attribute 'damping_power' of the grid.
 # binID   n_entries weight   weight_sqr   abs_weight
    10   10   1.322623097372512E+010   1.749331857703258E+020   1.322623097372512E+010
  </DiscreteSampler_grid>
