  0.00000043285704921  0.00000051146609878  0.00000057511292597  0.00000064409867083
  0.00000071385614183  0.00000079188100236  0.00000086692309546  0.00000094707420252
  0.00000103871944357  0.00000114336862866  0.00000126147217174  0.00000138846035307
  0.00000152449604200  0.00000167669643910  0.00000184086706834  0.00000201742641071
  0.00000220040254111  0.00000240229039693  0.00000264163040991  0.00000290108522971
  0.00000317611382034  0.00000349817162830  0.00000388457436251  0.00000432668456154
  0.00000482869899964  0.00000536572367378  0.00000591672459823  0.00000651817349824
  0.00000719635672823  0.00000802750784689  0.00000904974764716  0.00001018358674863
  0.00001137169483575  0.00001266118115135  0.00001412988616868  0.00001591892695206
  0.00001811494879945  0.00002073927168147  0.00002343725486985  0.00002614854278164
  0.00002898100554262  0.00003216101581646  0.00003570275093778  0.00003984334444158
  0.00004515131520998  0.00005131281642337  0.00005747327269014  0.00006430220774832
  0.00007190384270163  0.00008221043036441  0.00009521640284235  0.00010937339630258
  0.00012350791875156  0.00013817441697726  0.00015394938302810  0.00017180035976738
  0.00019262853263869  0.00021726206624367  0.00024548297218460  0.00027709647820570
  0.00031136551188338  0.00034686295497668  0.00038452544781232  0.00042928834203946
  0.00048830394122407  0.00055848900346502  0.00063071934578805  0.00070077234622759
  0.00078396033007225  0.00088136899583297  0.00099851231836560  0.00113825207472496
  0.00129084118063186  0.00145071814234847  0.00163038223376389  0.00182590316187514
  0.00206074284782713  0.00230197274891050  0.00255567064513548  0.00283435043413265
  0.00313031387957953  0.00342921981747398  0.00377882172075758  0.00418211326400146
  0.00459594151868633  0.00512810569648346  0.00577215743283092  0.00644940509573066
  0.00723113094069195  0.00854156073457354  0.01020837003876157  0.01225422925889447
  0.01621274997628126  0.02681677466892828  0.09079770783453950  1.00000000000000000
  0.00000538131775404  0.00000563393276878  0.00000586907880699  0.00000614834803806
  0.00000646626427416  0.00000681795604233  0.00000721759068733  0.00000767262233027
  0.00000818175699785  0.00000879314859118  0.00000946888020519  0.00001008114971077
  0.00001060069030423  0.00001112068891486  0.00001164386459275  0.00001219446622847
  0.00001284429841905  0.00001355159684430  0.00001425644742659  0.00001499067957583
  0.00001583279979380  0.00001669025615673  0.00001770107809146  0.00001881471893920
  0.00002007839767899  0.00002146640237431  0.00002282178002518  0.00002418939236184
  0.00002578000801402  0.00002741650859596  0.00002895716708201  0.00003039634986259
  0.00003179025119384  0.00003320877060517  0.00003471539714442  0.00003634038496724
  0.00003805027728058  0.00003963246370101  0.00004125886869539  0.00004296172676606
  0.00004458058303320  0.00004672322348308  0.00004892375329710  0.00005128610970237
  0.00005385481158287  0.00005659752786465  0.00005943012808983  0.00006232495713584
  0.00006537363234618  0.00006842809243359  0.00007189243658140  0.00007568161166551
  0.00007975997441296  0.00008420899692939  0.00008887046040065  0.00009430700718305
  0.00009986812749095  0.00010563653702043  0.00011157300256075  0.00011805644876978
  0.00012508318820116  0.00013238181971892  0.00013991630901060  0.00014786832954975
  0.00015641715302239  0.00016559296475103  0.00017579745393373  0.00018678014101532
  0.00019847844524688  0.00021047016025612  0.00022422167629726  0.00024023244334787
  0.00026054600148712  0.00028539530409775  0.00031320740013229  0.00034645608603667
  0.00038580794347876  0.00043077188126748  0.00048237305387221  0.00054169359913543
  0.00060907784999297  0.00068805971528314  0.00078628101555991  0.00091349125630936
  0.00106711572986407  0.00123751589363950  0.00142578282472762  0.00166121969600144
  0.00196997686716071  0.00241340573663068  0.00316560330608305  0.00428752393775133
  0.00602113889847223  0.00905248774493440  0.01656092413315254  1.00000000000000000
  0.00000032294646754  0.00000051989423366  0.00000068277508488  0.00000086727948431
  0.00000111993753122  0.00000143869386335  0.00000181243022427  0.00000226620033319
  0.00000282565911045  0.00000350342619493  0.00000446954538149  0.00000562576891477
  0.00000689129898796  0.00000839623057838  0.00001023644229692  0.00001242005577217
  0.00001492900096926  0.00001801894062499  0.00002167697881451  0.00002589574114519
  0.00003075365505998  0.00003627208785816  0.00004224720557189  0.00004892048407173
  0.00005675946237996  0.00006577733805245  0.00007566171809709  0.00008684805116254
  0.00010007763081302  0.00011568716499896  0.00013271243120159  0.00015153004532691
  0.00017161172510742  0.00019329874156104  0.00021717038711509  0.00024582512315427
  0.00027882472815256  0.00031523803959735  0.00035157362352216  0.00038624865212083
  0.00042061043496328  0.00045510727288327  0.00049179909201347  0.00053406409268962
  0.00057867852092296  0.00062691097590912  0.00067866038873593  0.00073399470699709
  0.00079198364290142  0.00085274483375201  0.00091550739485628  0.00098806884993890
  0.00106518317269237  0.00114842905746869  0.00123638101658122  0.00133468934869114
  0.00144949974532072  0.00157143951895962  0.00170137761817262  0.00182964940883938
  0.00196780635746667  0.00210446176405863  0.00224499398884709  0.00239812158447056
  0.00254923510948464  0.00272448327511507  0.00293565470628416  0.00318195956711747
  0.00346815119771776  0.00380110827814308  0.00412935526422391  0.00451929327796699
  0.00490593117541136  0.00531682426347673  0.00579094059566120  0.00636819096188983
  0.00704192669700103  0.00770267341764617  0.00834266244659024  0.00897578358446866
  0.00971598752223829  0.01046951430594770  0.01125269207019479  0.01212644379833542
  0.01286454417415416  0.01352050989103088  0.01424886892050455  0.01555839211532624
  0.01715966730253320  0.01806959467053830  0.01871976533023674  0.02512836898266883
  0.03326821386863086  0.05055784139114980  0.07193335648110664  1.00000000000000000
 -0.00170527190960263  0.00629405238747625  0.01447634707334015  0.02405752219035716
  0.03492299735748807  0.04602696648963934  0.05725421402674182  0.06964479519419174
  0.08187667006430419  0.09389894186174441  0.10512820667691394  0.11644773687035759
  0.12805578353061023  0.13997424485544063  0.15160361942030001  0.16337149759628616
  0.17529994777102531  0.18774008052996249  0.20025900094852286  0.21273169706578535
  0.22508312489299218  0.23692532032328117  0.24797417305668829  0.25824150175977373
  0.26803509985166685  0.27808647129393183  0.28861828274499673  0.30075238621947203
  0.31307019182239609  0.32536894210854961  0.33654594713953295  0.34876942048315779
  0.36154160374307193  0.37491886580302147  0.38723895733646430  0.39943649882649623
  0.41106913226865494  0.42164758857779183  0.43215904514883552  0.44322016074676818
  0.45447901927776807  0.46557605545407921  0.47627714853064124  0.48664433205625729
  0.49682274328727566  0.50760254317699527  0.51701415946984142  0.52601410895952760
  0.53514924556681898  0.54563148238548198  0.55747170868571083  0.56903766407643785
  0.57951009914518958  0.58958826006874565  0.59948475502522414  0.60878708947967031
  0.61779009522413186  0.62719926730284958  0.63714694852486087  0.64716005159059575
  0.65738606848057923  0.66776652103185841  0.67841187027193972  0.68879233118345840
  0.69880293425087781  0.70894864443702965  0.71892413889973261  0.72868718808970490
  0.73813678464096533  0.74769219730919523  0.75708568370054719  0.76679669450159760
  0.77635684465830945  0.78545065091311417  0.79462510396260422  0.80390415360747847
  0.81430812266876329  0.82391765237006442  0.83322027755107486  0.84255111888909706
  0.85266138136945124  0.86375334196460818  0.87454055170607403  0.88413933239726294
  0.89397896527209719  0.90413770589591735  0.91468939423973505  0.92544027363683801
  0.93569947769629225  0.94544568240841675  0.95448014498920297  0.96301241214338729
  0.97168722549347275  0.98072855031793937  0.99015478551131964  1.00000000000000000
 -0.00222266569854597  0.00914504046525152  0.01884147106566993  0.02895571847386374
  0.03899842338859182  0.04950472982439008  0.06080088174802534  0.07219685299636205
  0.08348495672533590  0.09479313100813590  0.10607524128646399  0.11708512014156248
  0.12781885013562408  0.13854187059356740  0.14948218348397288  0.16067203710187739
  0.17197439347571139  0.18316162831720281  0.19412966620811958  0.20509174533057825
  0.21631104625431269  0.22770752279094977  0.23930290417618197  0.25093968824007667
  0.26150779305022742  0.27040552372259058  0.27873672539244893  0.28707313373411325
  0.29612124852008603  0.30740320054356068  0.31869165702255647  0.32847852683957957
  0.33793290083488936  0.34604301543484767  0.35610279090483477  0.36646525930716917
  0.37791735299599288  0.38846308790379641  0.39919328298488599  0.40936920369702667
  0.41934156345773038  0.42866239623732144  0.43836985352694130  0.44887369458743376
  0.46012142797244138  0.47375776596434543  0.48664605765992208  0.49782632415695688
  0.50755548803568218  0.51678462925252167  0.52602701775234872  0.53675706747512708
  0.54819286630098740  0.56063092921890689  0.57168487266777268  0.58314041949637563
  0.59493559549820441  0.60633433736737530  0.61621676140227211  0.62587794794181284
  0.63629163232329122  0.64668110493293818  0.65593029164050098  0.66437904224054134
  0.67322807829625619  0.68350887106793567  0.69493419497836140  0.70699693828958377
  0.71937916000096125  0.73180720525816778  0.74440201792649363  0.75690385187284492
  0.76951652274120008  0.78070531955128009  0.79140327063296045  0.80119241776486405
  0.81183371252926073  0.82162362910766984  0.83198680122567792  0.84206614965986770
  0.85305076840612193  0.86458269518533915  0.87649769067400751  0.88672020386399453
  0.89639886952132497  0.90604187468602837  0.91606107131398773  0.92685821581768280
  0.93736703097693219  0.94765467103985479  0.95718200592712055  0.96562957564686736
  0.97407153021680326  0.98275787561083294  0.99162418509122763  1.00000000000000000
 -0.00133313643467153  0.00899988504366107  0.01844069899195090  0.02797281367525397
  0.03830189604229241  0.04885838051499438  0.06029797085589567  0.07210718370313049
  0.08425370150864608  0.09462370754581260  0.10490544162462725  0.11443334674326391
  0.12258537099510677  0.13032910228065347  0.13824999533261606  0.14787371260383766
  0.16074093834188452  0.17373198652713098  0.18483113195333484  0.19404073130767907
  0.20278106679276625  0.21155086654009589  0.22243311628024481  0.23213447944556409
  0.24172453697596247  0.25152657435888021  0.26281681187424277  0.27335739863592101
  0.28348300691494110  0.29372717184778274  0.30450521423989108  0.31653363485794472
  0.32914143195350681  0.34067411567657496  0.35148936939976122  0.36239151136766617
  0.37365530458539492  0.38497018121293014  0.39576482352234221  0.40627352864080013
  0.41668023548721000  0.42721891755318642  0.43735991205219255  0.44737720751643284
  0.45749487214062401  0.46775823341334977  0.47828379535922394  0.48861390521906967
  0.49838510766269056  0.50820933091104725  0.51789795722754550  0.52844313647317187
  0.53908018810839153  0.55058882336750459  0.56155780818150880  0.57294703098559907
  0.58445694587704866  0.59700187284141015  0.60881442402905539  0.62031573084000968
  0.63147370284951621  0.64234131510053216  0.65308599124229005  0.66332129876934331
  0.67370082167701029  0.68406841915598782  0.69554186712452470  0.70749756949434750
  0.71917276019002407  0.73033614240206968  0.74187455733077523  0.75289139953577477
  0.76295953685766027  0.77235978672874239  0.78167381789367463  0.79076950892785913
  0.79983137733894871  0.81006721221944877  0.82078476917136167  0.83256587276434801
  0.84274321057586365  0.85253131033792351  0.86290686933213201  0.87358003523084926
  0.88506080028280276  0.89813680807265517  0.91251848601825958  0.92488466322343188
  0.93595995813820843  0.94654552172667794  0.95740705361623624  0.96748853162905046
  0.97643955425522444  0.98459347234901984  0.99235841058641983  1.00000000000000000
 -0.00253588223632314  0.00972877449016888  0.01982246291622312  0.03076826899780331
  0.04145742618165263  0.05175953880278144  0.06169341524965007  0.07151632024201172
  0.08224550301317490  0.09311676879973868  0.10290497184623347  0.11201336602822770
  0.12101753740731258  0.13185699262693890  0.14383612967087717  0.15494619319600814
  0.16490084470374203  0.17435479806633333  0.18394674382169821  0.19351879190062665
  0.20284907583381867  0.21213104367617666  0.22152896338296005  0.23120321195672286
  0.24133487746254995  0.25182612556864564  0.26206657198308125  0.27198667414624850
  0.28212496839833390  0.29265289337466371  0.30348776064805300  0.31388729507118590
  0.32429192102988452  0.33475178025885727  0.34544698545754571  0.35580997479447157
  0.36558922650532372  0.37464873908105484  0.38405220765358661  0.39353406282859421
  0.40372113032721307  0.41383906690327865  0.42445090673935632  0.43566244824650818
  0.44722520784631176  0.45929402949492765  0.47184304364696023  0.48371052018542121
  0.49454987859702776  0.50509736514297032  0.51586716359979490  0.52715040200731367
  0.53848410675833991  0.54936845274829493  0.55905008783327614  0.56801487747024215
  0.57745099417100287  0.58712069442742232  0.59883364572911524  0.61025721844524250
  0.62049686681224492  0.63002280527071275  0.63925721089761955  0.64904405192699910
  0.65935904596748940  0.67049643291977468  0.68090560167609337  0.69133309121417730
  0.70022467812091127  0.70914290985588357  0.71829516633007739  0.72832954771153513
  0.73970075028562421  0.75082227040540295  0.76065568144161144  0.77058188681109874
  0.78172601511124828  0.79416674169529655  0.80777148867461201  0.81982915037431325
  0.83107015599604439  0.84153682130432650  0.85206184277929942  0.86248256938332335
  0.87314227048829007  0.88489013056930921  0.89657175632540287  0.90831560052732951
  0.92030773898256357  0.93246102699240185  0.94362217087307088  0.95377892318030311
  0.96429635440704387  0.97532603976866294  0.98771109959100811  1.00000000000000000
 -0.00173077689057443  0.01154278733085416  0.02351287839695775  0.03512345580458547
  0.04465295353344415  0.05281270752940275  0.06088802311663517  0.07004805802078608
  0.07982056796466190  0.09002514460618609  0.10051896754343718  0.11074939527225164
  0.11977234730883694  0.12814815944066996  0.13627261164511437  0.14494012420098509
  0.15423805203863081  0.16422920556792303  0.17489319092190819  0.18625958706656578
  0.19843215111877238  0.21023065655251430  0.21994300041596893  0.22981443012804492
  0.23914688576482160  0.24939478481765007  0.25998534897896630  0.27144979062697205
  0.28386549835592523  0.29548152198206934  0.30517051934072681  0.31450527433731873
  0.32374673126359022  0.33373605622927544  0.34394371839699672  0.35423345965078662
  0.36421938995618891  0.37424008286223898  0.38482986401140157  0.39564527393574667
  0.40586549663381555  0.41584085233980816  0.42654564963571534  0.43793692011860763
  0.44892599444351733  0.45910532923969283  0.46874603055560204  0.47853901652134928
  0.48789995834701694  0.49718909260002270  0.50677732968600409  0.51736887895999106
  0.52813605079361559  0.53903679400803117  0.54997824668252415  0.56056957776043559
  0.57041114083319400  0.58048110276294396  0.59187063468590462  0.60389501803946355
  0.61494280477914165  0.62550491016058163  0.63501736132896236  0.64439913526172754
  0.65357193353424847  0.66342316882360419  0.67437601832754679  0.68595469627836847
  0.69720980313821768  0.70801512922511722  0.71854123611557918  0.72904576099668383
  0.74019129030484299  0.75198098016412329  0.76440127503473487  0.77644402526720269
  0.78803361680094242  0.79944809291720242  0.81072500848869644  0.82210934335728880
  0.83343479192320857  0.84445108513556866  0.85544567556887774  0.86676862255147924
  0.87817855284262114  0.89033676375379112  0.90266354470466503  0.91492169808968105
  0.92662692714711814  0.93806356016057835  0.94915285876725608  0.95976349917962434
  0.97010246164452318  0.98018894943507162  0.99001711207366938  1.00000000000000000
  0.10209304857494049  0.21158718318392333  0.29020454565603526  0.29713074422375430
  0.30485455730342809  0.31433861021812742  0.32381290901954629  0.33286700982421924
  0.33950926710981655  0.34606834881596460  0.35267410734565202  0.35949271537851724
  0.36732113734492772  0.37563939539782704  0.38078349253567217  0.38581568862639376
  0.39063808553010965  0.39593335172221944  0.40168067365850635  0.40784772982868034
  0.41386711069966181  0.41892924746186383  0.42399899472259972  0.42883309472140690
  0.43397993765046800  0.44006208136121194  0.44656681209368426  0.45307713637722014
  0.45970463949191148  0.46632311840065549  0.47278835161363691  0.47966124348860134
  0.48650485605274330  0.49321664519362712  0.50006867884387129  0.50768766519141650
  0.51637178865326727  0.52544576699193857  0.53427455118323808  0.54257378057057248
  0.55094936244405546  0.55970484124118447  0.56910612602858102  0.57885584434032278
  0.58795496700339323  0.59685121240240446  0.60531032523927886  0.61329162712037510
  0.62135070224660149  0.62988296994658355  0.63872533609903748  0.64774442685993283
  0.65682832779918732  0.66588994854678474  0.67508683994700136  0.68509254236495398
  0.69442338683835547  0.70276893893602377  0.71089577121106506  0.71864916208646212
  0.72735086658976333  0.73565961135493685  0.74364134347846989  0.75229937484926035
  0.76074837753570068  0.76870957909665194  0.77615396840140305  0.78325754269682624
  0.79065614053169175  0.79732585527485111  0.80400136492481999  0.81059653928529141
  0.81740618348879623  0.82446714080838701  0.83166203161912455  0.83861925085833477
  0.84555519690932279  0.85248734955735272  0.85975278350206996  0.86700919452141734
  0.87429037039845692  0.88136599805078975  0.88814017144813140  0.89494273113117495
  0.90201424312335809  0.90937865203943069  0.91700764655547362  0.92469144677869697
  0.93226480010927748  0.93984782359232877  0.94772334992635598  0.95611646441011811
  0.96505889795541044  0.97465444406588386  0.98564122516013830  1.00000000000000000
 -0.02019038886533819  0.13523217494146711  0.18438721488311763  0.21532094970738505
  0.23836135776341341  0.25740836693288999  0.27529538996560299  0.29281798048518193
  0.30679682876414971  0.31957033870951546  0.33260961336052070  0.34600115989703339
  0.35823709980565072  0.36968133761337113  0.38045937080695086  0.39089089805925847
  0.40160705172902267  0.41204740403578088  0.42225073161495907  0.43207367412080933
  0.44151233684153962  0.45074709283413056  0.45945348987834167  0.46727706139526848
  0.47540256715021223  0.48358873016293574  0.49156136724790750  0.49929111508276719
  0.50632743315133755  0.51290863692042188  0.51908968368946273  0.52503499089944039
  0.53087736351803050  0.53682367828798028  0.54318749916907283  0.54965999767652041
  0.55554972214890075  0.56112979648085148  0.56679251339002201  0.57265741685722416
  0.57843027030533301  0.58449175075017923  0.59003653659656752  0.59538505955035337
  0.60049317106346356  0.60537451104343665  0.61026550650497358  0.61508108503974013
  0.61990995383443370  0.62476044159299282  0.62956964565477758  0.63462621576005085
  0.63986998157470143  0.64509536602659689  0.65050759460446683  0.65589408451479803
  0.66097876338421213  0.66583627619598840  0.67090511403006547  0.67567828613951408
  0.68091206881870558  0.68621847865792240  0.69162029588767560  0.69699166658454470
  0.70240252654845214  0.70786810667109490  0.71332503842389250  0.71890714492304031
  0.72425264609519580  0.72935043065289062  0.73473796808765479  0.74027874578483244
  0.74611781860562820  0.75187586478093749  0.75726187278814772  0.76233482456960588
  0.76741499797307522  0.77289022052808620  0.77879379480463429  0.78517890160951731
  0.79191417041321088  0.79898957061482567  0.80648675945258097  0.81378243121096827
  0.82099225715766355  0.82858712466066964  0.83632433448600874  0.84458600955725871
  0.85350966982198684  0.86324045275412420  0.87371730974420203  0.88458232914590518
  0.89673951695657095  0.91283923968445246  0.94011103072442370  1.00000000000000000
   3.1599129724239841E-005  -1.0000000000000000     
 F F F F F F F F F F F F F F F F F F F F F F F F F F F F F F F F F F F F F F F F F F F F F F F F F F F F F F F F F F F F F F F F F F F F F F F F F F F F F F F F F F F F F F F F F F F F F F F F F F F F F F F F F F F F F F F F F F F F F F F F F F F F F F F F
  <DiscreteSampler_grid>
  grouped_processes
  1 # 1 for a reference and 2 for a running grid.
  10 # Attribute 'min_bin_probing_points' of the grid.
  1 # Attribute 'grid_mode' of the grid. 1=='default',2=='initialization'
  0.0000000000000000 # Attribute 'small_contrib_threshold' of the grid.
  0.5000000000000000 # Attribute 'damping_power' of the grid.
 # binID   n_entries weight   weight_sqr   abs_weight
    10   10   1.047169799461505E+003   5.797068841579287E+006   1.047169799461505E+003
    11   10   1.047169799461502E+003   5.797068841579245E+006   1.047169799461502E+003
  </DiscreteSampler_grid>
