 -0.00249373214017547  0.00958848707592266  0.01976811225222901  0.03029168576155467
  0.04083231380443849  0.05137330685020688  0.06191368735846450  0.07246131277131497
  0.08300824910181359  0.09355278048412541  0.10409996464861566  0.11463786295920311
  0.12517917617286606  0.13572006255333130  0.14627117280548663  0.15682075191024744
  0.16737079304649913  0.17791769715090769  0.18846714026843139  0.19900643228537954
  0.20953972264300524  0.22007030179968595  0.23060868403446685  0.24115320607938789
  0.25169874287794775  0.26223829445682073  0.27277193415858603  0.28330677248497121
  0.29384841698436970  0.30438756785807836  0.31492624323510293  0.32546264485652465
  0.33600888535733892  0.34655605319188459  0.35710199375566415  0.36764082332575099
  0.37816875148977241  0.38869818055245231  0.39922797712997937  0.40975857696142082
  0.42029418583740430  0.43082187496124907  0.44135467772877818  0.45187814711318852
  0.46241791812251026  0.47296254807610133  0.48350595174736649  0.49405306650761543
  0.50457968917528584  0.51510675768548342  0.52562443313844631  0.53616097786645334
  0.54670355493529443  0.55725067746270618  0.56779534414920363  0.57833760631014464
  0.58887754731718578  0.59942134510936274  0.60996664296534819  0.62051182253710457
  0.63105772302681629  0.64159098944627835  0.65212874669867815  0.66266525497760265
  0.67321569448249619  0.68376027428141872  0.69430474457157720  0.70485097070074709
  0.71539928974648459  0.72594126348135135  0.73647742422225426  0.74701336126872675
  0.75754940948530614  0.76808359660305181  0.77862369850216284  0.78916263342200810
  0.79970785709795644  0.81025191890789372  0.82080394262804668  0.83135566169243069
  0.84190427674521062  0.85244675199059050  0.86298947845706220  0.87352390201962959
  0.88406590406162955  0.89459758740630180  0.90513510253122498  0.91566555028391505
  0.92620675109898154  0.93674336664346347  0.94728564465085408  0.95782383436603769
  0.96837100002186915  0.97891167719567762  0.98945673491607888  1.00000000000000000
 -0.00231817962448933  0.00954839763533753  0.01971250234301178  0.03023226210873277
  0.04077501052786421  0.05131201123105622  0.06185664522702156  0.07239842028853809
  0.08294506484086789  0.09348812401470148  0.10402849647188675  0.11456986999284899
  0.12511204204258569  0.13566231108661367  0.14621022298856998  0.15675471031302146
  0.16729671555473924  0.17783500549557221  0.18836644110743267  0.19889708717659080
  0.20943406848929197  0.21998493640686742  0.23052445246753520  0.24106457748462151
  0.25159794317612172  0.26213948519558872  0.27267470554004436  0.28321375770852469
  0.29375105706601856  0.30429069511747669  0.31482385933253543  0.32536259860292138
  0.33589600041935969  0.34643683142550624  0.35697610686384346  0.36751839111044704
  0.37805955602025720  0.38858751442154627  0.39912344903468705  0.40965511456447706
  0.42020393457277672  0.43075195014272027  0.44130549959986198  0.45185960117489704
  0.46240861151140278  0.47295305751472239  0.48349016761847802  0.49402598798128444
  0.50456673797925178  0.51511237152200418  0.52566195692522810  0.53619903548634229
  0.54672365004979517  0.55724993993875493  0.56778732171605240  0.57833147880031632
  0.58887872370750050  0.59941119695882616  0.60994989594908056  0.62047481937311688
  0.63101559383257710  0.64155528068436807  0.65210273499168259  0.66264086991397053
  0.67317693587906635  0.68371776264252848  0.69425435720020690  0.70478977789013131
  0.71532495959248743  0.72587210171864569  0.73642307338030077  0.74697217421111162
  0.75752133198532867  0.76807263842552131  0.77861860153117102  0.78916421512534340
  0.79970799548956450  0.81025764896511521  0.82079856227326853  0.83133652261831370
  0.84187625358422757  0.85242672371403005  0.86296705402728924  0.87350874947651092
  0.88403136857989184  0.89456748501605898  0.90509071104096794  0.91563169118784371
  0.92617191536453614  0.93672158403165084  0.94726564782511158  0.95781049238004912
  0.96835324527115729  0.97890073494030738  0.98944921087008264  1.00000000000000000
   2.5519780686208594E-008  -1.0000000000000000     
 F F F F F F F F
  <DiscreteSampler_grid>
  grouped_processes
  1 # 1 for a reference and 2 for a running grid.
  10 # Attribute 'min_bin_probing_points' of the grid.
  1 # Attribute 'grid_mode' of the grid. 1=='default',2=='initialization'
  0.0000000000000000 # Attribute 'small_contrib_threshold' of the grid.
  0.5000000000000000 # Attribute 'damping_power' of the grid.
 # binID   n_entries weight   weight_sqr   abs_weight
    10   10   1.322623097372511E+010   1.749331857703254E+020   1.322623097372511E+010
  </DiscreteSampler_grid>
