  0.00000465669437137  0.00000478853726942  0.00000490535922861  0.00000502274315727
  0.00000516157820079  0.00000532723550165  0.00000552894239710  0.00000573069439174
  0.00000587808226976  0.00000602697234713  0.00000617247080774  0.00000632057750020
  0.00000649194299209  0.00000667070989978  0.00000684662279177  0.00000701019822769
  0.00000718652137353  0.00000741589359959  0.00000765598463830  0.00000790416296150
  0.00000817792957213  0.00000844764652524  0.00000871736975410  0.00000899315987463
  0.00000925388188785  0.00000952286324641  0.00000981735756650  0.00001012905921584
  0.00001042288839186  0.00001079079486020  0.00001120595706563  0.00001166495323323
  0.00001217250387713  0.00001266745956562  0.00001315331248044  0.00001364825854927
  0.00001417168415419  0.00001472003513968  0.00001522533257800  0.00001566804146676
  0.00001608380931008  0.00001650105703065  0.00001693708704078  0.00001741678183617
  0.00001798048559523  0.00001859536609734  0.00001922506222839  0.00001989807755152
  0.00002057604136891  0.00002121857564681  0.00002184498033013  0.00002251178244061
  0.00002323509367646  0.00002399243044698  0.00002480032614703  0.00002571994550236
  0.00002679024151410  0.00002785011672146  0.00002890993270948  0.00003003352474197
  0.00003130101617144  0.00003249849073988  0.00003374860229948  0.00003512787510962
  0.00003675435673572  0.00003857661108184  0.00004061779444832  0.00004280713625138
  0.00004508115788357  0.00004741458615116  0.00004973334140232  0.00005205038776941
  0.00005462546080372  0.00005756710482597  0.00006054501373755  0.00006391433926070
  0.00006813645934500  0.00007295782101061  0.00007858172926897  0.00008497835147857
  0.00009265351793850  0.00010220360796417  0.00011302336631752  0.00012542297004520
  0.00014107915200703  0.00016184269029992  0.00018796447848707  0.00021947572502797
  0.00025969160619907  0.00032541584299967  0.00043186287009694  0.00062537481139133
  0.00109102941340679  0.00228864559887819  0.08813649969947593  1.00000000000000000
  0.00003134330063112  0.00003273999058679  0.00003473577773654  0.00003711330495437
  0.00003899480596686  0.00004035458306591  0.00004135157558298  0.00004234102131863
  0.00004326467671743  0.00004425182045821  0.00004525440704116  0.00004622622402340
  0.00004714649392618  0.00004809438201220  0.00004913487230168  0.00005025163401315
  0.00005130161227712  0.00005240794108775  0.00005369082332563  0.00005506411785484
  0.00005626797647689  0.00005734654681414  0.00005839808701657  0.00005946803184452
  0.00006081714479219  0.00006319972478138  0.00006566803562450  0.00006817678406277
  0.00007052294387409  0.00007266649228490  0.00007465641433383  0.00007644021302003
  0.00007819710620963  0.00008007934991096  0.00008216668955060  0.00008436843770948
  0.00008674032268345  0.00008903452954621  0.00009151825315111  0.00009403590416423
  0.00009649683773650  0.00009885081969393  0.00010110574937289  0.00010356860717063
  0.00010598492507508  0.00010910379039839  0.00011231249907127  0.00011550542050238
  0.00011871351806259  0.00012214250306210  0.00012603126066155  0.00013033252841011
  0.00013480904648594  0.00013943806282097  0.00014427745310506  0.00014936212263451
  0.00015458777486791  0.00015991131874286  0.00016631855376022  0.00017426415281636
  0.00018282461006512  0.00019172378574716  0.00020348147208150  0.00021502780909913
  0.00022674565592236  0.00023927531453337  0.00025303496895404  0.00026777397258782
  0.00028291701728072  0.00029883075437121  0.00031524329514855  0.00033306793071037
  0.00035190596893492  0.00037116183731381  0.00039405976406690  0.00041959469883496
  0.00045179494844513  0.00049153399311916  0.00053765076343800  0.00059075768037499
  0.00065189011341235  0.00072825297548195  0.00080678331603439  0.00089990456616378
  0.00101511237439947  0.00116933481738659  0.00135985469830445  0.00162724611890155
  0.00198105013638855  0.00244752783830540  0.00312843570424983  0.00441731199788386
  0.00716601629777282  0.01100423160972845  0.13748752469138914  1.00000000000000000
 -0.00000236907378976  0.00009215143356451  0.00038517474541521  0.00087360291414004
  0.00159602477018585  0.00278112605773273  0.00439756128506943  0.00651516592629434
  0.00874932962737127  0.01107378882192423  0.01314168135497833  0.01533624431287695
  0.01795264328423931  0.02095605865724223  0.02412638223484729  0.02712370113431625
  0.03018333604862174  0.03320756432825363  0.03631450752765917  0.03985281901943519
  0.04373305308707923  0.04758195247212427  0.05178665272149183  0.05653371420466227
  0.06156352069562154  0.06680080690313436  0.07233770144641632  0.07840322880703751
  0.08481238171547716  0.09069742473731573  0.09672697407581460  0.10268361039687174
  0.10845784788423968  0.11409615430822831  0.11976994117685594  0.12577257896644115
  0.13275080679702367  0.14123986100950026  0.15080692172795754  0.16002811085995056
  0.16863440862296092  0.17724777732552208  0.18661152700645006  0.19700533345331481
  0.20734632585839033  0.21998746905865721  0.23095696194829243  0.24205641347049625
  0.25348621916761716  0.26448072480636270  0.27492095067309186  0.28530270769381538
  0.29696774736185616  0.31034721299712925  0.32516470153383797  0.34029074503028672
  0.35540964297467015  0.36912527751906032  0.38139271827208082  0.39429391939591063
  0.40714117515107556  0.41964870641629831  0.43246363043407943  0.44560257003602410
  0.45883101719068381  0.47217592676707465  0.48550866404057053  0.49837137744934595
  0.51142144434478942  0.52428935393102671  0.53749486627541765  0.55069101319671110
  0.56504855549319899  0.58166079884642186  0.59868783337194764  0.61671197811885559
  0.63460801553077950  0.65162788885906076  0.66807662422424885  0.68553825617392672
  0.70340990089242406  0.72247680058743269  0.74205388592899757  0.76366766575080602
  0.78497111113832430  0.80541815693952334  0.82534824588617339  0.84448632348574915
  0.86362936143435942  0.88269331777251980  0.90207651978107328  0.92174457715303115
  0.94131523919991689  0.96138285277994784  0.98085756774154975  1.00000000000000000
 -0.00361539454318618  0.01273360977059640  0.02429957301268469  0.03426025483885200
  0.04445289727397531  0.05593853712132783  0.06669665719766471  0.07633482221733828
  0.08636871993060462  0.09551315599931105  0.10411730340893455  0.11240731931891286
  0.12189131019714379  0.13358000017932598  0.14411055244394996  0.15374504994787941
  0.16336788411068962  0.17219752799555194  0.18158759788611373  0.19092526685519995
  0.20000755835676290  0.20978534537145158  0.22020274019922098  0.22907106961097912
  0.23712305657984861  0.24517852087367914  0.25463395631670666  0.26536700733746887
  0.27459085534162742  0.28308940227403190  0.29155578414796796  0.29963206168015233
  0.30706237929294694  0.31473524975620015  0.32300118762672364  0.33133053064026224
  0.34062542282960856  0.35146721121724323  0.36326743300003433  0.37632375137271312
  0.38796132169586489  0.39903016604339614  0.40997116653306076  0.42115807147399076
  0.43257113608517839  0.44388214376496093  0.45495194537326017  0.46610705890712334
  0.47794455544288927  0.48944209174557396  0.50094946043539224  0.51321657685180944
  0.52464267246603158  0.53592438066221904  0.54663392209718542  0.55700406372950895
  0.56754349861201203  0.57846446629567971  0.58923848370008580  0.60001587752466545
  0.61079892951955095  0.62120009063347570  0.63239860015767113  0.64519614595481167
  0.65861287872831153  0.67208412034855358  0.68573540318282145  0.69769599994138509
  0.70808080379569993  0.71753792643066272  0.72745424349628396  0.73852351603351440
  0.74948281064580335  0.76016253064556905  0.77087975456878455  0.78325470933699559
  0.79480873390890017  0.80433582606649645  0.81317365148117859  0.82086773617365527
  0.82802178858065356  0.83594952275307310  0.84446169142298599  0.85374685187423027
  0.86329517855448257  0.87311944218348703  0.88324448855574045  0.89381098754479105
  0.90453686111267573  0.91611047407827839  0.92994991078891809  0.94389158957586095
  0.95676723864670621  0.96957755901103859  0.98310003297686399  1.00000000000000000
  0.00079300386425706  0.01454023992402668  0.02660347148942225  0.04087261185584843
  0.05807921305279397  0.07805313997772198  0.09858180889459599  0.11716621907538008
  0.13370382927835764  0.14860132947209659  0.16280329047199055  0.18009277953617678
  0.19789053983634081  0.21383303384008417  0.22717178093799920  0.24010625838258357
  0.25066586655770962  0.26112612728502455  0.27209870119960733  0.28576215599591842
  0.30035441125442741  0.31694903462788154  0.33347464516151287  0.34958085229923347
  0.36511836042576568  0.38055770268048239  0.39431092674445972  0.40544193982083493
  0.41676040933120062  0.42851270857019247  0.43942181586322482  0.44937541459166425
  0.45920819040790756  0.47101602944895710  0.48271719655828799  0.49386459740813987
  0.50371722963101084  0.51261106175850102  0.52166228361968059  0.53106330500050958
  0.54122374236092352  0.55184942299754247  0.56285646905764108  0.57412284092325128
  0.58521047382896885  0.59601419829712121  0.60666677753461995  0.61677213668462805
  0.62711790733179029  0.63758035899506560  0.64790570332134045  0.65760628331840509
  0.66590344453195760  0.67426533901904162  0.68275855691917153  0.69234624922499022
  0.70199710780599234  0.71119605049198453  0.71986208492754533  0.72842684314864414
  0.73737875710616552  0.74593534305907971  0.75499797531788349  0.76426982597646553
  0.77399701698250856  0.78375321376312190  0.79222709790193557  0.79964570623856235
  0.80738697691733496  0.81582198574469911  0.82543152279319232  0.83683322954307404
  0.84565511284326011  0.85362406567644777  0.86140616752310584  0.86905847906330425
  0.87704615582616763  0.88541998390138310  0.89392848845079109  0.90211866838342358
  0.90994157365665984  0.91807161848931673  0.92611871864887951  0.93208192140640911
  0.93822046637075696  0.94423527392751960  0.95119137190188507  0.95761655022925563
  0.96396708574798118  0.97045907816129406  0.97628106834480122  0.98150289695587034
  0.98665302759062568  0.99142701921815335  0.99574091554297772  1.00000000000000000
 -0.00265546593886390  0.01038164349382017  0.02201365413393878  0.03234913645186737
  0.04134763951881025  0.04979837885407036  0.05866287196336503  0.06835198114961143
  0.07734092432715944  0.08604976104825167  0.09461197700406601  0.10387419887771196
  0.11224851221072665  0.12092786364151320  0.12962829087596997  0.13852067247522595
  0.14744211834375501  0.15657116793546716  0.16680786645748200  0.17878902543694675
  0.19122011554364526  0.20308044901173822  0.21373222133809261  0.22429010766653160
  0.23575043367743123  0.24897103906574491  0.26207636649844157  0.27447764873453628
  0.28769008090445292  0.30051589994747596  0.31259235892403120  0.32217672448159240
  0.33148116507838732  0.34081046879434107  0.35028719920486673  0.35962453125110755
  0.36869174342474509  0.37830366684364691  0.38918169990882379  0.40055029257818997
  0.41235916301443354  0.42535290053679359  0.43881462356617446  0.45101251162147232
  0.46116905854887880  0.47067129075178732  0.48009716354336701  0.49017430799310524
  0.50065390843260826  0.51126786133433633  0.52126938183099636  0.53140531980484029
  0.54108889042432085  0.55023844106136865  0.55903008153819223  0.56683182410944233
  0.57452443317731505  0.58261037570724683  0.58983689174626786  0.59822068220212887
  0.60659344691659789  0.61581339377561028  0.62631121185315830  0.63954919411195454
  0.64994388139469284  0.65933646201628704  0.66816952553433784  0.67736808416126482
  0.68743944499792498  0.69644360491960056  0.70514068052267742  0.71414566478747987
  0.72434203244283479  0.73372053436056606  0.74169328047680438  0.74923105237071030
  0.75685599676724857  0.76482645259394466  0.77395933479398793  0.78326819894091582
  0.79337556442586976  0.80477295736580312  0.81654641153710827  0.82924991442381024
  0.84302848701844679  0.85751191621624057  0.87267577259748952  0.88655433903110559
  0.89983613020632491  0.91299823798066926  0.92537034649441430  0.93875878274362168
  0.95257138487920101  0.96694648000589400  0.98275269673464360  1.00000000000000000
 -0.00286938590123848  0.05071910309650232  0.09463758129023442  0.12958840026105839
  0.15175924252707859  0.17393132069957351  0.19462159998919973  0.21644553374979339
  0.23657057330164416  0.25567569672268226  0.27601567392831572  0.29557847566949647
  0.31232375640989890  0.32791957974784902  0.34178289161625108  0.35577403301563593
  0.36989110822395649  0.38362110472746047  0.39729640116789972  0.40917847165843690
  0.42011739857671498  0.43131258649799881  0.44290867981786486  0.45405472505059818
  0.46428034513410255  0.47421771266547214  0.48335894537436236  0.49140879396305309
  0.49881454361945587  0.50671532395475849  0.51523950285855746  0.52362104543105059
  0.53147252999477634  0.53934976080807806  0.54923317110128844  0.56016433574340663
  0.57001295885445447  0.57959489538778830  0.58903393638495727  0.59931566881754206
  0.60975232597948026  0.61947093614856019  0.62930454674476799  0.63711371574678644
  0.64418686729193930  0.65154008470546454  0.65846193056597402  0.66588046585550775
  0.67488563339238883  0.68315875967028428  0.69175480246663790  0.70048755916328753
  0.70925480322573720  0.71823156328532467  0.72725134319328089  0.73719027011671601
  0.74714738305392714  0.75507039370272866  0.76081694545222955  0.76603766515023808
  0.77092610002224049  0.77529610685394923  0.77942543084639782  0.78382985574806885
  0.78813726850772925  0.79293619539772786  0.79800876632953543  0.80335465225627856
  0.80921676067397119  0.81498740997246921  0.82236096881079146  0.82884890520227028
  0.83547149776452023  0.84238602409709507  0.84943750191909051  0.85644555578376880
  0.86358502194479925  0.87116712258628071  0.87913531351849494  0.88739690370262125
  0.89610905663629070  0.90377299176866743  0.91097398444340283  0.91671991134771824
  0.92216685948158594  0.92749804907580846  0.93287345357298834  0.93879194674215027
  0.94470854418504102  0.95023016673518557  0.95601791880232889  0.96287839100665018
  0.97030544670349284  0.97875526542590896  0.98867926487447677  1.00000000000000000
 -0.00259701350056610  0.00995366664171395  0.02059985668549375  0.03157609549662664
  0.04390522879592561  0.05654263796703344  0.06839081070073739  0.07915643433412405
  0.08922162695360682  0.09905948402676923  0.10847462832689631  0.11790496905177386
  0.12804075387107483  0.13893345140077581  0.15022752873815182  0.16083117137405226
  0.16981276507075108  0.17811384846967626  0.18707065637646125  0.19857874137756229
  0.20952836347380638  0.21899079647562689  0.22856995110129202  0.23960640872279995
  0.25163772132257445  0.26373970690388759  0.27560305711011812  0.28705875244984080
  0.29982412163419925  0.31141513082533989  0.32320312437584459  0.33391600148795492
  0.34468363421591330  0.35520439657748587  0.36561620785301890  0.37621934941844964
  0.38672223587585136  0.39857227671695677  0.41071375948885136  0.42114502360542755
  0.43048154372476816  0.43995049245717316  0.45049120416740651  0.46140501500242015
  0.47212858213950692  0.48245748904533459  0.49542285704480377  0.50588944619586618
  0.51542496434447194  0.52458619950846175  0.53375235822778777  0.54371692856782228
  0.55445876258983096  0.56532334001247508  0.57417194608025957  0.58360230033745464
  0.59207271114053706  0.60047171489917905  0.61008647912998637  0.62015155717599257
  0.63104787085488945  0.64196483697060513  0.65357979455536397  0.66607224226497130
  0.67896756257314028  0.69184208066614328  0.70420204031267564  0.71545923516632304
  0.72502304005685470  0.73485476791802751  0.74447194238569503  0.75387921132990643
  0.76675174246049427  0.78039845407457542  0.79448781792792100  0.80706022169446923
  0.81944616924955915  0.83036173910474920  0.84021070757330651  0.85005729714678457
  0.85989309872992747  0.87073077429205104  0.88208519577904254  0.89318316535645992
  0.90412487334771030  0.91612073268818439  0.93108443770544103  0.94173907470113338
  0.94958358323497338  0.95794866955018898  0.96627105541079950  0.97439941008224618
  0.98156902744344643  0.98811686551899780  0.99416661428044095  1.00000000000000000
  0.09987249625470014  0.11360471884946619  0.12650574275710236  0.13811465836287481
  0.14737069387435259  0.16568631033224726  0.17899902846906190  0.18976733753365238
  0.19884038283797306  0.20641611006469668  0.21255962241649046  0.21779047652935535
  0.22356103122333565  0.22922630076692799  0.23504240027576892  0.24077024551581561
  0.24718473738143043  0.25392661034210595  0.26001650726013481  0.26599380094901132
  0.27263395572262028  0.28082277569767672  0.28844462462172521  0.29565636742250362
  0.30274138456573507  0.30941423796618234  0.31499104247285670  0.32100869849663555
  0.32706270193215869  0.33376673993046174  0.34111817204697914  0.34831670400675718
  0.35463936627882209  0.36127007216713536  0.36806748637222131  0.37638952699520078
  0.38561060893729199  0.39437548865833338  0.40333794514399074  0.41198935580378071
  0.42192794853158205  0.43213875889700998  0.44134634862236766  0.45022884261466406
  0.45916961011713220  0.46825295884623913  0.47875155770901656  0.48857313059756735
  0.49777596666311974  0.50682301745300717  0.51626677113462804  0.52627684542602793
  0.53683437462819694  0.54748425509306797  0.55815667030973726  0.56698882894026992
  0.57445822964830440  0.58182813990840065  0.58939474330506580  0.59724954583140877
  0.60482773170188542  0.61269747155020804  0.62047649742739908  0.63084853935996676
  0.64058280441086735  0.65114889124343422  0.66218821664199656  0.67427494452954495
  0.68753862506492025  0.70045183133554512  0.71178889796062161  0.72116629638274932
  0.72946704380775584  0.73776323294994894  0.74596751062333622  0.75443800909226255
  0.76409325655904869  0.77345814337010188  0.78283041011623944  0.79132638001658606
  0.79959267364054232  0.80911369603801364  0.81759898253555696  0.82650255789811589
  0.83608053712378738  0.84689163937337930  0.85797491331209907  0.86837264188746632
  0.87908179046892776  0.89097547954525547  0.90479658646566219  0.91980140178559200
  0.93552447016706985  0.95162323540952920  0.97283134526159554  1.00000000000000000
 -0.01034232965288671  0.05541252305618446  0.07964701532193857  0.09499566840141921
  0.10832306399524042  0.12051036170197113  0.13124875585298920  0.14131002918383584
  0.15057900872292723  0.15872733488687130  0.16613871897938040  0.17318095061907443
  0.17970758893810582  0.18640120774085225  0.19331540173179321  0.20065881825569196
  0.20846332742318427  0.21571612523166098  0.22359041549516254  0.23163838672498643
  0.23940018161904209  0.24686356812227486  0.25358264699489891  0.25985505248414253
  0.26552893688144930  0.27111354239713192  0.27655947311856932  0.28189721822944974
  0.28745613838054773  0.29260814607040447  0.29714533250657937  0.30169125312808354
  0.30690643988346789  0.31215493941937200  0.31715752463835206  0.32201213858225780
  0.32771140458363385  0.33326336582664212  0.33944705048306723  0.34552086171990004
  0.35150027978764559  0.35755328353456722  0.36372064496514611  0.37041526236821515
  0.37734878076494255  0.38449872982207578  0.39161466953106305  0.39800309088185842
  0.40379576538819417  0.40943333691162115  0.41518918926610793  0.42053955454328529
  0.42548382178154409  0.43050859833924332  0.43582766713191667  0.44159308846202666
  0.44733283458096695  0.45308490296043680  0.45880288536755315  0.46457281990333688
  0.47051260314838667  0.47668747578467513  0.48349328294643246  0.49057682228902594
  0.49766307280434058  0.50410055639407914  0.51038554341533493  0.51727853549702818
  0.52482606288348999  0.53247954992109803  0.53979450349052605  0.54766063195906378
  0.55550447076155651  0.56140272424368731  0.56979997650807424  0.57833136801384455
  0.58857454620058380  0.59920407982797375  0.61059015172230002  0.62243622189562464
  0.63420850376228255  0.64566016073899191  0.65613238192231527  0.66871523790593901
  0.68282126279905686  0.69743865702270125  0.71106562023935393  0.72313676613653743
  0.73691699387745235  0.75063234075632801  0.76340264942527214  0.78153897946096529
  0.80731930818070063  0.83486357837789915  0.87491174430665575  1.00000000000000000
   1.1728736304104251E-003  -1.0000000000000000     
 F F F F F F F F F F F F F F F F F F F F F F F F F F F F F F F F F F F F F F F F F F F F F F F F F F F F F F F F F F F F F F F F F F F F F F F F F F F F F F F F F F F F F F F F F F F F F F F F F F F F F F F F F F F F F F F F F F F F F F F F F F F F F F F F
  <DiscreteSampler_grid>
  grouped_processes
  1 # 1 for a reference and 2 for a running grid.
  10 # Attribute 'min_bin_probing_points' of the grid.
  1 # Attribute 'grid_mode' of the grid. 1=='default',2=='initialization'
  0.0000000000000000 # Attribute 'small_contrib_threshold' of the grid.
  0.5000000000000000 # Attribute 'damping_power' of the grid.
 # binID   n_entries weight   weight_sqr   abs_weight
    13   10   4.351976778478950E+000   9.298051637304897E+001   4.351976778478950E+000
    14   10   4.351976778478949E+000   9.298051637304897E+001   4.351976778478949E+000
    16   10   4.351976778478949E+000   9.298051637304891E+001   4.351976778478949E+000
    17   10   4.351976778478949E+000   9.298051637304894E+001   4.351976778478949E+000
    22   10   4.351976778478951E+000   9.298051637304899E+001   4.351976778478951E+000
    23   10   4.351976778478949E+000   9.298051637304897E+001   4.351976778478949E+000
    25   10   4.351976778478948E+000   9.298051637304889E+001   4.351976778478948E+000
    26   10   4.351976778478949E+000   9.298051637304894E+001   4.351976778478949E+000
    31   10   4.351976778478951E+000   9.298051637304900E+001   4.351976778478951E+000
    32   10   4.351976778478951E+000   9.298051637304900E+001   4.351976778478951E+000
    34   10   4.351976778478949E+000   9.298051637304893E+001   4.351976778478949E+000
    35   10   4.351976778478949E+000   9.298051637304894E+001   4.351976778478949E+000
    40   10   4.351976778478951E+000   9.298051637304900E+001   4.351976778478951E+000
    41   10   4.351976778478951E+000   9.298051637304900E+001   4.351976778478951E+000
    43   10   4.351976778478949E+000   9.298051637304896E+001   4.351976778478949E+000
    44   10   4.351976778478951E+000   9.298051637304900E+001   4.351976778478951E+000
    49   10   4.351976778478951E+000   9.298051637304900E+001   4.351976778478951E+000
    50   10   4.351976778478951E+000   9.298051637304899E+001   4.351976778478951E+000
    52   10   4.351976778478951E+000   9.298051637304900E+001   4.351976778478951E+000
    53   10   4.351976778478951E+000   9.298051637304899E+001   4.351976778478951E+000
    58   10   4.351976778478951E+000   9.298051637304901E+001   4.351976778478951E+000
    59   10   4.351976778478951E+000   9.298051637304900E+001   4.351976778478951E+000
    61   10   4.351976778478951E+000   9.298051637304900E+001   4.351976778478951E+000
    62   10   4.351976778478951E+000   9.298051637304900E+001   4.351976778478951E+000
  </DiscreteSampler_grid>
