 -0.00243557647166000  0.00954959398207701  0.01971643632576682  0.03023273859953397
  0.04077533637989411  0.05131816835113671  0.06185779881167831  0.07238552853015136
  0.08290569685566705  0.09343337210624340  0.10397543592104992  0.11452016186372198
  0.12506607896252184  0.13560829831651564  0.14615734273496972  0.15669895569733164
  0.16724061729209802  0.17777800387155351  0.18832165216097621  0.19885939057625798
  0.20940151684384417  0.21994019295268305  0.23048573366114200  0.24103083193186378
  0.25157858763389623  0.26211797978595325  0.27265713413350140  0.28319864305990727
  0.29375093493961124  0.30430420816701564  0.31485121610010286  0.32539570261233064
  0.33593826635638857  0.34648194446524416  0.35702625432568758  0.36757159187225547
  0.37812251747065756  0.38867014717155385  0.39921475712778653  0.40975324215469505
  0.42029735086108089  0.43082455794837315  0.44135522509350456  0.45188592685292173
  0.46242933420657251  0.47297013458756154  0.48350904711679149  0.49405514704177178
  0.50460517236893587  0.51515091063490714  0.52569563490750737  0.53623268321470619
  0.54677508654883034  0.55731950585782453  0.56786665754776733  0.57840405270814244
  0.58893638753673894  0.59946697722792708  0.60999253598985326  0.62051561330079419
  0.63104478638586714  0.64158387927336458  0.65212729218540300  0.66267260428947372
  0.67321721367340004  0.68376372113391271  0.69430398821431327  0.70485043540859782
  0.71539577249648090  0.72594489020485953  0.73649042210522497  0.74703157919112795
  0.75756625296168623  0.76810232330767125  0.77864412155402418  0.78918999651957311
  0.79973717799995891  0.81028462237895105  0.82082891986140138  0.83137349332732302
  0.84191662981454241  0.85245717484920069  0.86299478758813186  0.87352685595860213
  0.88407008982876634  0.89461164147323746  0.90516056757497998  0.91570864337508062
  0.92625790118938489  0.93680677382838407  0.94735534138485666  0.95791476689485411
  0.96843636222610907  0.97896710910256135  0.98947855296644405  1.00000000000000000
 -0.00243082048886335  0.00949473553419623  0.01965322361920238  0.03017076518287376
  0.04071882404891586  0.05126406083503974  0.06180924187717989  0.07235361619697621
  0.08290009950202404  0.09343670417693151  0.10397926419272360  0.11452193359922276
  0.12507709961515162  0.13562402504533022  0.14616977901449099  0.15671445952309143
  0.16726751152738795  0.17780315747424907  0.18833845437404473  0.19886929446883428
  0.20941788319312701  0.21996765216343256  0.23050887465572503  0.24104862231655499
  0.25158704940916671  0.26213853919518604  0.27268349046203372  0.28322689350235158
  0.29376704553785493  0.30430978455661800  0.31484804416605228  0.32538306779879839
  0.33592378109260462  0.34646232202021970  0.35699764903392767  0.36753088751270002
  0.37807071033182438  0.38861591737607631  0.39916331935998833  0.40970571779212306
  0.42025246564461266  0.43079886407513168  0.44135195143516659  0.45190361882428037
  0.46244736322530061  0.47298651360910504  0.48352836744206040  0.49406245934221327
  0.50460198819923618  0.51513975408552171  0.52569296231603724  0.53624539148735617
  0.54679279110292611  0.55734041090882125  0.56788663320483157  0.57843660159956278
  0.58897988567487469  0.59952397569273297  0.61006462593015476  0.62059385962001867
  0.63111698391814053  0.64163643661320513  0.65216714834550604  0.66270332689551059
  0.67324706450817329  0.68379061028457178  0.69433577419745363  0.70487865186103282
  0.71541788355860003  0.72594407128142613  0.73647321676792310  0.74701140826919343
  0.75755534926921153  0.76809859425285421  0.77864006636568273  0.78918739153426865
  0.79972681952414748  0.81026976623680991  0.82081360805013248  0.83136650584236538
  0.84191553182139600  0.85246499004542620  0.86300837527648011  0.87355496096242846
  0.88409553269293728  0.89464262258820404  0.90518831146900458  0.91573015187567020
  0.92627201048910057  0.93681430072854865  0.94736586799529687  0.95791705346537115
  0.96844536322613806  0.97896843594460170  0.98948337746779447  1.00000000000000000
   2.5641125564894301E-008  -1.0000000000000000     
 F F F F F F F F
  <DiscreteSampler_grid>
  grouped_processes
  1 # 1 for a reference and 2 for a running grid.
  10 # Attribute 'min_bin_probing_points' of the grid.
  1 # Attribute 'grid_mode' of the grid. 1=='default',2=='initialization'
  0.0000000000000000 # Attribute 'small_contrib_threshold' of the grid.
  0.5000000000000000 # Attribute 'damping_power' of the grid.
 # binID   n_entries weight   weight_sqr   abs_weight
    10   10   1.322623097372511E+010   1.749331857703256E+020   1.322623097372511E+010
  </DiscreteSampler_grid>
