  0.00000485896934793  0.00000500871188880  0.00000520438524557  0.00000545994834700
  0.00000575488293415  0.00000606341096781  0.00000635898418317  0.00000666224237613
  0.00000700570668451  0.00000734869294182  0.00000765870304711  0.00000794705994018
  0.00000821388145100  0.00000850992185504  0.00000884388972598  0.00000919574754341
  0.00000959878158415  0.00000999487732965  0.00001040771767062  0.00001087170380923
  0.00001140219585924  0.00001196366968010  0.00001251849653617  0.00001304806052976
  0.00001359909487901  0.00001420437630388  0.00001483466250742  0.00001546351216085
  0.00001610502648405  0.00001677508057613  0.00001749955886412  0.00001828125795248
  0.00001912134055811  0.00002003297537830  0.00002087829501524  0.00002159747235760
  0.00002238295081499  0.00002326897677774  0.00002423445777630  0.00002542790474719
  0.00002669684172720  0.00002791269771029  0.00002909129793408  0.00003028786673735
  0.00003148640651710  0.00003257798739047  0.00003397728066821  0.00003546633405854
  0.00003718899908995  0.00003912843123461  0.00004113926688322  0.00004316590245164
  0.00004524824018916  0.00004755675620901  0.00005001246121229  0.00005286392645953
  0.00005604467952524  0.00005949805424520  0.00006322774547145  0.00006735733647667
  0.00007216266103734  0.00007783864595758  0.00008422992282640  0.00009114142713098
  0.00009912353617432  0.00010664182972133  0.00011482979636871  0.00012158399639480
  0.00012781203515098  0.00013375569741185  0.00014032683581647  0.00014812759434641
  0.00015677987184819  0.00016619017856321  0.00017594106869856  0.00018575636165365
  0.00020109482726990  0.00022013347985449  0.00024250675015697  0.00026897775978704
  0.00030016457956625  0.00033834072805817  0.00038577878259807  0.00044161789597689
  0.00050273858375529  0.00057575589997424  0.00064864947499795  0.00075320853542043
  0.00094522591213638  0.00134160778247231  0.00190328330418595  0.00264284413872383
  0.00376187142902995  0.00728134511076812  0.20379302425964538  1.00000000000000000
  0.00000493159123893  0.00000526421051936  0.00000577531947418  0.00000621362219598
  0.00000665011854241  0.00000710789849993  0.00000762203252285  0.00000820669391572
  0.00000881380537176  0.00000935071120921  0.00000980701729245  0.00001024783908354
  0.00001065500512084  0.00001103835789711  0.00001144258016531  0.00001187352719247
  0.00001229642952355  0.00001277899888259  0.00001327538327870  0.00001377597139259
  0.00001419874800859  0.00001475539316619  0.00001547170180922  0.00001624500085738
  0.00001707044285658  0.00001808132019731  0.00001897530639898  0.00001998901013980
  0.00002108534607809  0.00002216699675562  0.00002334847830454  0.00002463634667303
  0.00002603789761708  0.00002748248150457  0.00002888287763536  0.00003034432589976
  0.00003189809382564  0.00003337175344764  0.00003533607834050  0.00003740621123477
  0.00003976917729229  0.00004237163502361  0.00004506614084150  0.00004786337779868
  0.00005075785177728  0.00005326246065945  0.00005579438262959  0.00005841336838516
  0.00006098003158274  0.00006389743767147  0.00006703236271999  0.00007016368428165
  0.00007360352741747  0.00007713942530746  0.00008100176883989  0.00008537929407302
  0.00008989127848418  0.00009476402520439  0.00010024859108259  0.00010590866767039
  0.00011192671764120  0.00011778711276193  0.00012318032533372  0.00013111276011586
  0.00013899315580040  0.00014719909641631  0.00015590159713729  0.00016516245292602
  0.00017532100611276  0.00018597373512645  0.00019799548635604  0.00021042183209067
  0.00022522853669384  0.00024249231757476  0.00026230944404535  0.00028576354158558
  0.00031379450186051  0.00034462335507840  0.00037708416301439  0.00041222022169251
  0.00045147783169730  0.00049921884576173  0.00055647626242349  0.00062738993619133
  0.00071288922507244  0.00081827883670787  0.00094961666515112  0.00107652248476289
  0.00123427299480966  0.00150600220583129  0.00203856903602887  0.00295687573814290
  0.00539396850389308  0.01474981327249250  0.10595156834400185  1.00000000000000000
  0.00001616312634274  0.00001694803082709  0.00001747237560097  0.00001798794338052
  0.00001848329878799  0.00001899129474500  0.00001954403609182  0.00002009336888362
  0.00002055538636503  0.00002118444748026  0.00002196185218257  0.00002281316900223
  0.00002362886637876  0.00002434342112169  0.00002491191258046  0.00002544636169653
  0.00002601523010067  0.00002655947878445  0.00002713837823967  0.00002779654568773
  0.00002852162890266  0.00002932080431488  0.00003021984494558  0.00003119106957584
  0.00003213451235387  0.00003300099435572  0.00003380399593333  0.00003471109088123
  0.00003578066519461  0.00003690730434557  0.00003812356077129  0.00003935343718304
  0.00004082687783497  0.00004244153134022  0.00004414547924532  0.00004588807901835
  0.00004756611632528  0.00004925841814866  0.00005096112925327  0.00005267489322908
  0.00005468888108127  0.00005679831717831  0.00005860648544800  0.00006048691289096
  0.00006243990379146  0.00006473749384806  0.00006697332352689  0.00006887532536495
  0.00007067510252095  0.00007246320752494  0.00007439579682564  0.00007674659161697
  0.00007879360766182  0.00008065937452663  0.00008257749023371  0.00008479683689314
  0.00008748438663018  0.00009062061639440  0.00009407482535682  0.00009785322681324
  0.00010285082958889  0.00010732168914396  0.00011192972369422  0.00011680096688903
  0.00012190985352176  0.00012768994385697  0.00013467759445227  0.00014177739382781
  0.00014962992785026  0.00015784392230229  0.00016657831112742  0.00017580109184922
  0.00018634621150876  0.00019855981098722  0.00021247766620645  0.00022815776340467
  0.00024670121430220  0.00026943007114019  0.00029509896311426  0.00032726895512606
  0.00036450182063806  0.00040472275782666  0.00044971755901780  0.00050245029639135
  0.00056094051194488  0.00064228111404567  0.00073889818401720  0.00087439389320870
  0.00106424179533641  0.00132674288732836  0.00166600997270349  0.00223670349202576
  0.00317366815495651  0.00477627700048749  0.00956586487885610  1.00000000000000000
 -0.00188836017290801  0.00921938503526065  0.01875905737509233  0.02793208400956275
  0.03706211737379622  0.04698244277455037  0.05743227812878944  0.06755949562571417
  0.07721569812546057  0.08633551645514578  0.09510165106541420  0.10397944015167455
  0.11255711408910676  0.12051452282585534  0.12922801580792648  0.13769445273725528
  0.14756344441480465  0.15752707750947445  0.16856671704163328  0.18087302352490139
  0.19372030656602016  0.20559653329358310  0.21716843753349846  0.22874115757400335
  0.24100642819047655  0.25324286181914862  0.26233657713300079  0.27103776814806241
  0.27860379664437723  0.28573436590086726  0.29285023367808249  0.30134559093866281
  0.31085004079925233  0.32280467493662429  0.33368479067900475  0.34407417361607612
  0.35493992117589546  0.36766924925266159  0.38117204490718515  0.39383586612690985
  0.40658710677676374  0.42035723127979274  0.43518174837872858  0.44865831788060201
  0.46182553954261313  0.47522877536882485  0.48885885395627787  0.50161237821188775
  0.51442958838837682  0.52687132339031217  0.53920800814835201  0.55140376358570076
  0.56387167568004581  0.57670776444404603  0.58851648159603709  0.59931871986868723
  0.61058885080197023  0.62350449244752271  0.63547952562993770  0.64660508485166834
  0.65749919863630613  0.66966545183281534  0.68136855581784928  0.69175592383457873
  0.70115316727373656  0.71088070400050640  0.72172849987975407  0.73388506704712597
  0.74734843974218457  0.76257967103574609  0.77699722890307077  0.79016992158998334
  0.80185204926366904  0.81280954475824763  0.82367189205698677  0.83407059529009486
  0.84247724426244808  0.84985275232834256  0.85708152172080243  0.86437877882185887
  0.87142102344724115  0.87832905892321289  0.88480112154267188  0.89149740921884646
  0.89997260095304410  0.91093222840030874  0.92016304828129714  0.92787009771096540
  0.93487838610081764  0.94181982467704939  0.94894176258842933  0.95622811030108301
  0.96561630639526763  0.97574282661878287  0.98682786537769296  1.00000000000000000
 -0.00238175938882632  0.00895405073732906  0.01984188787852062  0.03032509484145170
  0.04205381403763583  0.05387541868975127  0.06498336240793244  0.07548884978857774
  0.08563946686955293  0.09626270145572824  0.10689432175424092  0.11825142913852407
  0.12985645718642819  0.14082701854388160  0.15255787062073639  0.16554075778381039
  0.17803130539911780  0.18970774666186843  0.20014508550290602  0.21046440093020347
  0.22151255605157436  0.23198007020605368  0.24271380125267106  0.25413404674652790
  0.26573093575358897  0.27698926554216913  0.28814376204255288  0.29989134090542324
  0.31282897886238337  0.32655167969344262  0.33949871571388618  0.35201104774891379
  0.36311869642056582  0.37435367397153724  0.38571345831781872  0.39635780416365712
  0.40586039170026977  0.41475015951389338  0.42449480602430839  0.43500877715738234
  0.44578171465315863  0.45685993698102939  0.46725660278141068  0.47721432962349691
  0.48624184146191490  0.49615453837629625  0.50674652804392051  0.51767290833809776
  0.52774195981948024  0.53765874911923139  0.54801470664537599  0.55884529090693358
  0.56894304080088876  0.57822608234360728  0.58767592678594860  0.59682981678595848
  0.60531037784554198  0.61364601300780608  0.62186459630561441  0.63076795907322525
  0.64019600971096513  0.65013966641021148  0.66188690544109330  0.67353893755345084
  0.68475949094911526  0.69539871805390618  0.70754580371086684  0.71707452476502742
  0.72731496232979942  0.73522928172324986  0.74511374872806035  0.75463667119198952
  0.76312050733283343  0.77089575775365393  0.77863094408800704  0.78633514856125131
  0.79542509890283442  0.80489813436852120  0.81454806291081150  0.82488293305553240
  0.83628699674431850  0.84782810975087974  0.86041876279492502  0.87357424078076529
  0.88500522726240649  0.89513931419358761  0.90467885796983505  0.91322253755759208
  0.92205265368589606  0.93088735852117999  0.94228769691048819  0.95323893363549150
  0.96401117681300874  0.97472421334747106  0.98653050004210330  1.00000000000000000
 -0.00187114931181514  0.00734093539804664  0.01471498690035824  0.02107144656548063
  0.02696422991691317  0.03286389802003778  0.03859867419900874  0.04310262002344974
  0.04745429833890932  0.05198246648275968  0.05717685010711690  0.06233435256294699
  0.06705197548751897  0.07114078346445851  0.07510736736372405  0.07932753777513041
  0.08280689426157276  0.08657505039223838  0.09060426488420593  0.09495676229278009
  0.09992697320536917  0.10566125825224333  0.11039455444551402  0.11528565878986484
  0.11958500094675191  0.12349350633869866  0.12724850401996970  0.13107100174567501
  0.13504266113543803  0.13912283675507120  0.14378454854776865  0.14838410820294370
  0.15263154980236129  0.15678640632784119  0.16072505258148617  0.16441024132047968
  0.16854515720722674  0.17307397572654595  0.17819789518234966  0.18400605794459091
  0.19029086432830838  0.19738288721030872  0.20448712095189522  0.21143692307915751
  0.21841570794959120  0.22559897775653817  0.23339723149076574  0.24220570726068291
  0.25127610466896816  0.26000933306162510  0.26840072396576664  0.27648579933666201
  0.28499146989304003  0.29403476026578440  0.30332928174599638  0.31266727949761847
  0.32203885743097882  0.33215902851261669  0.34285057582565553  0.35327914382608405
  0.36272074018334211  0.37293454062934156  0.38433137231787162  0.39631725475102003
  0.40794333539356525  0.42087524391322489  0.43560363043659101  0.45073791415736530
  0.46662160551991078  0.48291881725276170  0.49899281398594131  0.51607884522530190
  0.53353799447089878  0.55144864424234563  0.56876642503183317  0.58479209155055345
  0.59974361483481509  0.61366162789790490  0.62763486375459310  0.64252829671802825
  0.65787977138537246  0.67313960751387303  0.68973884329708368  0.70864186806016505
  0.72839875987635383  0.75038173491301263  0.77290660462012961  0.79345696004728461
  0.81349416906631644  0.83786359075963179  0.86634087557080908  0.89620708330889398
  0.92416476387403956  0.94902819256776560  0.97397889290155337  1.00000000000000000
 -0.00264650077948222  0.01119977087372783  0.02256493080057456  0.03405465572566311
  0.04475870047397461  0.05524015467108046  0.06590188320016727  0.07662349162848300
  0.08776958319544129  0.09862275308141367  0.11048825638183186  0.12223939479229992
  0.13320803519675439  0.14388667478514239  0.15377164113217087  0.16237525374950548
  0.17061745677550916  0.17880154717233576  0.18746731034940084  0.19879535202683898
  0.21036853443167197  0.22219075723975512  0.23462427510922018  0.24621069466852807
  0.25761980289945047  0.26870106732098142  0.28144780607000325  0.29316802507765188
  0.30549219973154679  0.31728303436408156  0.32839525237383149  0.33916932193247706
  0.34938051358039662  0.36077207556925028  0.37146617711381319  0.38097151816740088
  0.38960592138152633  0.39876454951164914  0.41058385884566190  0.42310950466059810
  0.43421279335202873  0.44502405497591391  0.45593276983712178  0.46662973593835610
  0.47751479331078261  0.48931070303086183  0.50188628134346758  0.51231411645432967
  0.52253695576164993  0.53337893044913509  0.54529194112928214  0.55716257857810569
  0.56985396439691682  0.58306857957943448  0.59421684570543210  0.60494702841706549
  0.61481624761398268  0.62552516884546483  0.63585677579942346  0.64583864557836090
  0.65615552172951852  0.66627762626546638  0.67762666342650324  0.68822844093422297
  0.69939815509274517  0.70908327786499004  0.71568821270745986  0.72284381233684214
  0.73067087331950920  0.73868877275237543  0.74707600723701217  0.75518457710536446
  0.76174086021348153  0.76797195007126529  0.77563485797367848  0.78598589354361159
  0.79577865638081613  0.80412240741093932  0.81227475655995540  0.82020914274932133
  0.82854210964475561  0.83756407673086297  0.84765274321594863  0.85899364880468088
  0.87122482109353405  0.88207505679025722  0.89238230475199887  0.90505072695748690
  0.91834014135002606  0.93078726820573598  0.94330771536385916  0.95642575072402425
  0.96770798816049819  0.97813129717562064  0.98893718487693849  1.00000000000000000
 -0.00425959789992230  0.01451992373880249  0.02675218137303726  0.03669470454588064
  0.04621547043588813  0.05631664097267838  0.06752171145681496  0.07924724595024453
  0.09093566734903860  0.10316542814337701  0.11532937349357596  0.12744126569982173
  0.13939137578546068  0.15065900714274397  0.16200281840026773  0.17380863618004522
  0.18486958619112071  0.19512748612536976  0.20486911540884778  0.21432668472024741
  0.22468038799183090  0.23474753395756801  0.24507488185850088  0.25489740305304492
  0.26340518777152799  0.27294226347037553  0.28280270241584066  0.29268813487228912
  0.30243402837609562  0.31247106841633104  0.32353132263852635  0.33505025577615338
  0.34643576430693540  0.35756931008178006  0.36785324672044101  0.37791066822663183
  0.38822646596200827  0.39787574185276087  0.40648921927160669  0.41496938137540695
  0.42271179404465226  0.43142834649594175  0.44068304571334838  0.45166237464207737
  0.46237730315302195  0.47301502733530287  0.48355143390293981  0.49421749077817184
  0.50504332140657682  0.51622274829645853  0.53011018061923509  0.54383731955163228
  0.55512272810863839  0.56460031978708092  0.57395465871700002  0.58394108963997771
  0.59382856937711614  0.60396954694491112  0.61435815936287119  0.62481730491998722
  0.63531349584922514  0.64460107697479074  0.65199509663067889  0.65925273177723331
  0.66725030571940158  0.67491683137684233  0.68271306419345579  0.68969958724832914
  0.69694496244138604  0.70461806830387941  0.71398989921796141  0.72504786203088967
  0.73652907519756838  0.74820203273798636  0.75960306638014352  0.77022399781710826
  0.78100921706781490  0.79215923439066216  0.80446295021236303  0.81418261031632710
  0.82353452126807936  0.83254833182581822  0.84208444982796626  0.85330247150118343
  0.86405935378306242  0.87465671861257466  0.88600909121531157  0.89852806266816010
  0.91148157826737630  0.92522031919924641  0.93906028133637520  0.95231677605295728
  0.96522458375022269  0.97668784841870160  0.98857370725577498  1.00000000000000000
  0.08340893586360833  0.12146901194826809  0.16360570026186610  0.18571064981492133
  0.20490327237296987  0.22108792001008237  0.23834806474710521  0.25774995274499890
  0.27903175629281912  0.29831325259246949  0.31596224457582855  0.33198810312111354
  0.34912841722398763  0.36596576550975130  0.38127004295430511  0.39589852494363026
  0.41130219942289836  0.42598359690376392  0.44047199766306727  0.45717024535502643
  0.47279423321531650  0.48587124781472890  0.49827032044940744  0.51218019848816287
  0.52505847246773896  0.53694325887313799  0.54869707906851162  0.56075962714877992
  0.57302681125336030  0.58512564440483950  0.59621279452782250  0.60568530169057888
  0.61560982886630888  0.62651383698789098  0.63962082366337225  0.65151975266958817
  0.66201344710133603  0.67196041642147730  0.68200107737252069  0.69189344681767206
  0.70172644031858278  0.71110393546566308  0.72035053182943698  0.72927048292927044
  0.73824356238898536  0.74780517144303060  0.75768946011310856  0.76782256562961182
  0.77735134125234773  0.78598652013054393  0.79404868129289130  0.80157707991786042
  0.80854416448973654  0.81528142349788568  0.82170046854770618  0.82821415530969578
  0.83429472686369188  0.84013818514153638  0.84570075460086480  0.85118569303421721
  0.85614030855205459  0.86130874459221474  0.86650299865651703  0.87190714375347289
  0.87734565899189410  0.88266933235157197  0.88791452854806030  0.89289248450830927
  0.89767113217785954  0.90231102168212818  0.90649797515142994  0.91049020448243700
  0.91461580394210695  0.91897639862739333  0.92323598816703856  0.92734557771560810
  0.93144442075372746  0.93550748934915207  0.93945527456935884  0.94326950726034231
  0.94724625203288804  0.95109752383864943  0.95489396142517169  0.95883173684368717
  0.96211941975057380  0.96551729613456438  0.96871934457799536  0.97195019939895078
  0.97510006695209772  0.97807180325966070  0.98116108567865523  0.98429850637549110
  0.98772838387094186  0.99148244770315541  0.99556374579228379  1.00000000000000000
 -0.00906049026437649  0.05215450231470269  0.08185792442063887  0.10290471354521047
  0.11612618847334709  0.12662095259307315  0.13590624621613065  0.14545307009310468
  0.15494008718178295  0.16406295641932303  0.17262177974091042  0.18065426212604177
  0.18816344925080347  0.19496228604999610  0.20127013117881137  0.20729698786094894
  0.21315083259575163  0.21869919860706355  0.22414904706803204  0.22943309102355672
  0.23418193857631253  0.23889996060748153  0.24369041272603242  0.24864123350845749
  0.25452708725459827  0.26114051684514489  0.26800368323930002  0.27577078442885761
  0.28275858060290093  0.28931515045412315  0.29516981410737053  0.30040356993893319
  0.30563390984724320  0.31101767726927970  0.31651744554506794  0.32239960237199233
  0.32865581249167103  0.33556877995453682  0.34248392199084576  0.34878270281842200
  0.35454645267121759  0.36004028930801468  0.36588356590057397  0.37227544270385171
  0.37831709491489091  0.38408866194604757  0.38962115562799071  0.39538273694618886
  0.40166449655753345  0.40820863094758375  0.41509371511751247  0.42287260690697498
  0.43110660814971286  0.43926995331488122  0.44475541033197802  0.45051099902726371
  0.45576660069518526  0.46085094199467475  0.46614433529880839  0.47181897927712341
  0.47745948066751570  0.48338811473721771  0.48925115780517581  0.49462402420273671
  0.50071396415575486  0.50891852303795004  0.51658434974055256  0.52393121315681634
  0.53116004007930195  0.53847367933116419  0.54819296675041884  0.55678885375233333
  0.56491325599506104  0.57257576906403285  0.58012660284729245  0.58877842663087276
  0.59800435133570495  0.60910114497234313  0.61987003753158987  0.62962553690059353
  0.63862738492330529  0.64949736763304777  0.66050317301340000  0.67081393798561073
  0.67967879290691602  0.68873114385998169  0.69884553703044561  0.71204103193688006
  0.72606827476553493  0.74201302760093379  0.75970672159084252  0.77983297883676939
  0.80105153060174428  0.82522785277448751  0.86746403998145050  1.00000000000000000
  0.94863790515275481       -1.0000000000000000     
 F F F F F F F F F F F F F F F F F F F F F F F F F F F F F F F F F F F F F F F F F F F F F F F F F F F F F F F F F F F F F F F F F F F F F F F F F F F F F F F F F F F F F F F F F F F F F F F F F F F F F F F F F F F F F F F F F F F F F F F F F F F F F F F F
  <DiscreteSampler_grid>
  grouped_processes
  1 # 1 for a reference and 2 for a running grid.
  10 # Attribute 'min_bin_probing_points' of the grid.
  1 # Attribute 'grid_mode' of the grid. 1=='default',2=='initialization'
  0.0000000000000000 # Attribute 'small_contrib_threshold' of the grid.
  0.5000000000000000 # Attribute 'damping_power' of the grid.
 # binID   n_entries weight   weight_sqr   abs_weight
    13   10   4.494353909249638E+003   1.180996564687571E+008   4.494353909249638E+003
    14   10   4.494353909249639E+003   1.180996564687571E+008   4.494353909249639E+003
    16   10   4.494353909249640E+003   1.180996564687571E+008   4.494353909249640E+003
    17   10   4.494353909249641E+003   1.180996564687572E+008   4.494353909249641E+003
    22   10   4.494353909249638E+003   1.180996564687570E+008   4.494353909249638E+003
    23   10   4.494353909249637E+003   1.180996564687570E+008   4.494353909249637E+003
    25   10   4.494353909249638E+003   1.180996564687570E+008   4.494353909249638E+003
    26   10   4.494353909249638E+003   1.180996564687571E+008   4.494353909249638E+003
    31   10   4.494353909249636E+003   1.180996564687570E+008   4.494353909249636E+003
    32   10   4.494353909249638E+003   1.180996564687571E+008   4.494353909249638E+003
    34   10   4.494353909249636E+003   1.180996564687569E+008   4.494353909249636E+003
    35   10   4.494353909249638E+003   1.180996564687571E+008   4.494353909249638E+003
  </DiscreteSampler_grid>
