  0.00000469742492882  0.00000485777710595  0.00000505207884439  0.00000527981894473
  0.00000552049563033  0.00000576539013227  0.00000600850959622  0.00000626063936115
  0.00000652729340739  0.00000680929432700  0.00000711227714654  0.00000743310333497
  0.00000775126979516  0.00000805853934408  0.00000840514431242  0.00000877239913343
  0.00000914856778736  0.00000955186929059  0.00000996625330304  0.00001038325778232
  0.00001081263743414  0.00001127596609601  0.00001178057734894  0.00001226051308944
  0.00001277171752887  0.00001330466837889  0.00001385546595604  0.00001444381438163
  0.00001507676841152  0.00001572661991778  0.00001637823618624  0.00001705133588963
  0.00001776947912002  0.00001848820108338  0.00001925150606172  0.00002009433671150
  0.00002097336507189  0.00002188759621496  0.00002286121243107  0.00002385578385269
  0.00002488531007151  0.00002597354192109  0.00002712193352759  0.00002830021603172
  0.00002951872315055  0.00003084949962439  0.00003222221040737  0.00003369269646358
  0.00003526720329691  0.00003690242551524  0.00003863079801898  0.00004047626641401
  0.00004244110682176  0.00004448988042151  0.00004671123725721  0.00004914676298238
  0.00005156816762597  0.00005427170258755  0.00005707572730561  0.00006011547908703
  0.00006346343181525  0.00006698850792972  0.00007076545547760  0.00007478036097318
  0.00007904577873942  0.00008369930688738  0.00008881550817945  0.00009438525043423
  0.00010050941584567  0.00010723198927759  0.00011473055827505  0.00012307614813267
  0.00013187755351802  0.00014107679506774  0.00015068946123615  0.00016132095901371
  0.00017349295400924  0.00018708609253503  0.00020231388556242  0.00022055012670795
  0.00024207409546566  0.00026779320282011  0.00029784254451423  0.00033407973886387
  0.00037690421308599  0.00043250915748707  0.00050352444653097  0.00059830904769597
  0.00072319581812128  0.00089572026194579  0.00115336426906931  0.00152372419385865
  0.00229872080920705  0.00365566306515448  0.00825138015761919  1.00000000000000000
  0.00000460677768863  0.00000478805926378  0.00000504018885471  0.00000526353094542
  0.00000552149304363  0.00000579415240695  0.00000606565289399  0.00000635779039439
  0.00000667574354346  0.00000700201023517  0.00000733246832176  0.00000767625051478
  0.00000801334362144  0.00000835911383023  0.00000871556792948  0.00000908686719766
  0.00000947799948900  0.00000988563142012  0.00001030858586100  0.00001073445121105
  0.00001118719248118  0.00001164725434188  0.00001210473028355  0.00001258043335807
  0.00001309155484278  0.00001363095062817  0.00001419155305376  0.00001480898222956
  0.00001544978413608  0.00001610427537244  0.00001675120567501  0.00001747716174231
  0.00001822045849271  0.00001900891686429  0.00001988430359563  0.00002083762857698
  0.00002180148197859  0.00002284491095990  0.00002394542264790  0.00002507642560802
  0.00002626320108940  0.00002750380078736  0.00002878852941777  0.00003012529707987
  0.00003151253855708  0.00003293862171889  0.00003444703278319  0.00003611434258227
  0.00003776534089917  0.00003961938417411  0.00004162915433336  0.00004383364115921
  0.00004624936692183  0.00004886953320191  0.00005169735206833  0.00005472069644535
  0.00005782742264667  0.00006116233002978  0.00006470734695540  0.00006829688296595
  0.00007257288158190  0.00007704110000670  0.00008206089276452  0.00008740893743647
  0.00009296571057000  0.00009890482282670  0.00010525930820416  0.00011234232882016
  0.00011996551526633  0.00012826293985227  0.00013748238788289  0.00014757494675823
  0.00015890523525585  0.00017142333786492  0.00018555542142245  0.00020163039034340
  0.00022049535704114  0.00024176949723925  0.00026518196575970  0.00029055748309637
  0.00032066809684953  0.00035461304006695  0.00039475905464171  0.00044577503560652
  0.00050942803056782  0.00058714160696013  0.00068959098024806  0.00083072461213050
  0.00101658104231498  0.00127242467540030  0.00169316491458667  0.00244203209327308
  0.00374345548762367  0.00802878478200899  0.20539476923294317  1.00000000000000000
  0.00000743790111499  0.00000787412242588  0.00000827164990472  0.00000875662739634
  0.00000934178775323  0.00000989826313992  0.00001043320579548  0.00001099433776620
  0.00001156313289844  0.00001218414514979  0.00001279615660199  0.00001339026768993
  0.00001396450959281  0.00001454320491966  0.00001513661255828  0.00001577234376144
  0.00001649230240554  0.00001724368421690  0.00001798138876756  0.00001874641038521
  0.00001954924934682  0.00002041858188610  0.00002131968388108  0.00002227277216596
  0.00002325155768010  0.00002424740869917  0.00002526443846507  0.00002630452728959
  0.00002733720209673  0.00002841252389398  0.00002945626726128  0.00003054040784756
  0.00003174601748214  0.00003298957427944  0.00003434294407644  0.00003582419417805
  0.00003739929248427  0.00003907333018973  0.00004102518845113  0.00004304257522661
  0.00004509226856039  0.00004716180900151  0.00004926744692805  0.00005144886714857
  0.00005372705382285  0.00005610684941213  0.00005861574571401  0.00006124361862085
  0.00006391309239021  0.00006658094475386  0.00006928053584240  0.00007199984125338
  0.00007490068647981  0.00007790606855721  0.00008104076428404  0.00008433476276664
  0.00008779961134700  0.00009143969364744  0.00009527550853893  0.00009935182047727
  0.00010391231192968  0.00010895320577333  0.00011443206982746  0.00012044814622422
  0.00012708740208027  0.00013431002628166  0.00014226006970464  0.00015135513431366
  0.00016101801606898  0.00017165495723878  0.00018348792180426  0.00019639242249469
  0.00021100300781688  0.00022841267853106  0.00024738480682797  0.00026944551836756
  0.00029539635818049  0.00032523102866153  0.00036060524298411  0.00040444059632757
  0.00045644083525622  0.00051825360775141  0.00059369852800348  0.00068773042675710
  0.00081088654202443  0.00097317372982122  0.00117708315324193  0.00143763987964790
  0.00185546933530826  0.00245796305423050  0.00329842800593480  0.00461112480661827
  0.00774924571621470  0.01620746116970338  0.50178599120854528  1.00000000000000000
 -0.00257495383932133  0.00925552012248540  0.01919704229117737  0.02819656058294147
  0.03697700586658328  0.04557789720236547  0.05402782134769855  0.06259647300460379
  0.07114617621732465  0.07984605533003622  0.08883065664623963  0.09814623297437353
  0.10771374691459544  0.11702006399522649  0.12607512656110481  0.13468480462746601
  0.14316615994675519  0.15172100848006928  0.16100344296644636  0.17089724767375261
  0.18124388542135506  0.19136288204750082  0.20133298307960462  0.21148708651396042
  0.22217041718444755  0.23337361580999735  0.24446295812262772  0.25534920250903070
  0.26606536201579345  0.27685565496333964  0.28762241716517295  0.29820563761577218
  0.30871518518765145  0.31969684993509073  0.33109476520491621  0.34296612309317043
  0.35524663999685724  0.36788167419109835  0.38040260839641998  0.39306616399589522
  0.40589255562224863  0.41889145893801355  0.43177439817614827  0.44489827569424045
  0.45787015520446933  0.47068034925825641  0.48359588335862147  0.49700833064524336
  0.51008179816988231  0.52237072725040379  0.53454350940994155  0.54681888839709680
  0.55973234780539394  0.57305552216739952  0.58692452425331787  0.60092810289507737
  0.61445372583756386  0.62755876145119793  0.64049004282384403  0.65278938601428449
  0.66423222050587338  0.67502624302101621  0.68575774540501588  0.69720754186830147
  0.70922811166702560  0.72133775911323850  0.73334861815447816  0.74496535343329695
  0.75645317592177763  0.76763884771813939  0.77896022915815988  0.78984705290724133
  0.80016529043321194  0.81010872686692670  0.81974147843191947  0.82923376240795044
  0.83852269314256933  0.84777057743652495  0.85684473547906437  0.86578947041696530
  0.87452548054065993  0.88308946093683605  0.89161785437552366  0.90012566123541382
  0.90865757553258464  0.91683572027053284  0.92467633980485608  0.93251559939380668
  0.94051177406280295  0.94878206089007766  0.95707456079984388  0.96525017411054048
  0.97338099645714726  0.98195605572552858  0.99073798668989921  1.00000000000000000
 -0.00272552742363039  0.00987643186309280  0.02053548525533070  0.03128154937742280
  0.04228767401757060  0.05371245221973225  0.06502466945185148  0.07664138148713996
  0.08752309573519200  0.09788722345708040  0.10805522938119218  0.11814998925970262
  0.12811320784618951  0.13830392157315180  0.14868288039516728  0.15960209745486661
  0.16940636972199269  0.17879682185994453  0.18815917698034712  0.19820703030481868
  0.20851713908584046  0.21896041940997751  0.22919975090790184  0.23938057034906829
  0.24968221593238316  0.26042824645688600  0.27122992566169368  0.28151183244924743
  0.29155346037163904  0.30119346163607191  0.31078056533403264  0.32024339939562019
  0.32965440726211165  0.33961541388034755  0.35017745517096505  0.36074596310741880
  0.37122955876046171  0.38178899018157786  0.39258178556365547  0.40334410241419622
  0.41388503562405504  0.42426241378108548  0.43449844412137423  0.44481280496170300
  0.45536362166177174  0.46625476496480694  0.47750622665329234  0.48864934479970945
  0.49961633485285445  0.51033208750254044  0.52074306195414000  0.53103168492920672
  0.54131797844263319  0.55211698549091204  0.56307452687142989  0.57371834033273494
  0.58405907439182914  0.59452238030485594  0.60532739255974355  0.61648662748620475
  0.62771889256269098  0.63925588435670944  0.65093697925413607  0.66252079580257128
  0.67401006034954580  0.68518926890363507  0.69671237668698571  0.70784390745601611
  0.71847172109782176  0.72884240842572667  0.73887558957840871  0.74879368829353088
  0.75872967508255040  0.76871977333204367  0.77882110786449998  0.78910853142925419
  0.79943120752657548  0.80958036697331193  0.81952986607502187  0.82955602064466583
  0.84000379993962992  0.85052520929930686  0.86109039874196325  0.87170717145415921
  0.88229495092724342  0.89276804429662104  0.90346541063895069  0.91450827215195807
  0.92561918614932948  0.93663410417334425  0.94753030917670122  0.95799938334539814
  0.96856612453680080  0.97905558970131823  0.98962290718785806  1.00000000000000000
 -0.00235485224569574  0.00901907482518073  0.01854294426566076  0.02816873646128193
  0.03783457820201178  0.04678102493624199  0.05500836898274315  0.06276745627566573
  0.07038051209936629  0.07837345030170262  0.08684371504763450  0.09554523219496727
  0.10449537384631674  0.11358798243535231  0.12280125395526834  0.13191172270086438
  0.14107492636115349  0.15083412923735393  0.16131333740878670  0.17192195203105037
  0.18308126799200095  0.19368196263072532  0.20431684545574547  0.21454929777536111
  0.22476880546701333  0.23494738080985558  0.24527069833523388  0.25605109845339619
  0.26712901998439315  0.27855073992351892  0.29032767944402471  0.30261458274469738
  0.31516927597504135  0.32765328313659031  0.33973299929046685  0.35156649326150485
  0.36370094805987507  0.37608952049714822  0.38893852141952318  0.40204621882344477
  0.41545468398886165  0.42909905218733418  0.44279091215052019  0.45623170280453407
  0.46918893429712599  0.48168006081505910  0.49394848995192175  0.50642551466030716
  0.51896583441225419  0.53175561496979096  0.54452940845561559  0.55632304825199208
  0.56811068141683108  0.57977383993605358  0.59158168038123893  0.60346590884552487
  0.61552406470296017  0.62762084148180830  0.63996537679838372  0.65225934788976248
  0.66386758894414966  0.67528086499005291  0.68686645274343883  0.69876495013632911
  0.71041502849810045  0.72191110347822163  0.73316279671337703  0.74440603518166015
  0.75554352621273946  0.76672173359022655  0.77772234685739683  0.78802453182428189
  0.79816058664635636  0.80857019269776986  0.81923971247351390  0.82971693255558676
  0.83963561770828710  0.84939280070681888  0.85915996081360357  0.86845734822244169
  0.87727119472531501  0.88562417548014261  0.89397286847058977  0.90217879159171011
  0.91025276183735671  0.91814191356793862  0.92623168043749649  0.93448449150980251
  0.94270641479794215  0.95092605081574588  0.95882829776082323  0.96678840195599669
  0.97472667428627979  0.98280659141125681  0.99148040710327456  1.00000000000000000
 -0.00263848388002634  0.01032610739252125  0.02126190150739488  0.03234699715629754
  0.04322347492325093  0.05444456796458039  0.06546754224399016  0.07630358695042055
  0.08705500879338378  0.09787025699435375  0.10863949404063571  0.11958937207566617
  0.13108113564274854  0.14268800097967013  0.15391068432266872  0.16460034454983907
  0.17542722989913606  0.18628790068752360  0.19701462703387532  0.20725758505545397
  0.21724724086038424  0.22725517259311737  0.23749859158864370  0.24813899446361060
  0.25893764077568554  0.26985115441816626  0.28091068775640943  0.29176119402332701
  0.30207553663102638  0.31206545001754410  0.32213821852668689  0.33222731723498389
  0.34228610936116216  0.35242026271503196  0.36268514197633245  0.37290516386708533
  0.38295482596659230  0.39323425108212823  0.40378365814284051  0.41413883208492930
  0.42368881139934461  0.43272564145603976  0.44184729704818121  0.45126370738935562
  0.46082834062796318  0.47045636787413730  0.47991649051721269  0.49017716523828869
  0.50045198341318775  0.51122909727731614  0.52178628111924896  0.53228850574662034
  0.54288338959854165  0.55335516435235099  0.56400477703430907  0.57460769891041652
  0.58541340933398611  0.59644366877432198  0.60748624163504517  0.61842097404263618
  0.62912784542909916  0.63977710659602938  0.65086166188704753  0.66196596580183487
  0.67298682989701897  0.68373554477369491  0.69415959568044838  0.70456897091675497
  0.71484643720831254  0.72519485061191302  0.73540537364732184  0.74559862061350313
  0.75595965651817909  0.76635571283804538  0.77704401732811268  0.78734104857999399
  0.79725115197777219  0.80714658709459819  0.81727157512334281  0.82716217813495962
  0.83692659620500542  0.84683748620161547  0.85735395355268618  0.86806613772250252
  0.87880902868527999  0.88955832343198071  0.90046565514721799  0.91167044068329939
  0.92284449480985853  0.93373005909830709  0.94463355490294076  0.95575948514525733
  0.96700612404331843  0.97815237254386900  0.98896369003072504  1.00000000000000000
 -0.00234776671979243  0.00880104947316025  0.01817466324782251  0.02845835932317777
  0.03867066034505116  0.04884990142585592  0.05912271358698476  0.07010468036178327
  0.08164830196019496  0.09262076460065970  0.10301985399437900  0.11316305695238048
  0.12332948199758068  0.13371525209331697  0.14415787676862099  0.15449612647445066
  0.16487970062659024  0.17565214949687069  0.18652124653667343  0.19676798421962938
  0.20684084106508854  0.21684146809149088  0.22695095019240019  0.23710930797145657
  0.24757176638168676  0.25844898205883138  0.26945059702114976  0.28046813783771019
  0.29093302047312347  0.30103127647035166  0.31061837061188524  0.32074662878011867
  0.33095393872545942  0.34202884970154501  0.35303612689878117  0.36421995590458778
  0.37520584689000280  0.38578212313180227  0.39612807306373232  0.40595694580036717
  0.41556609487138096  0.42494291353755720  0.43424564748278971  0.44365904869758582
  0.45316634196763750  0.46299067792987209  0.47281472059646262  0.48244058256531164
  0.49232104385438541  0.50252921375343607  0.51349819885006809  0.52446090630692399
  0.53552683526351708  0.54664336136896330  0.55785577842016543  0.56879171094007663
  0.57974868990292072  0.59104768499245519  0.60244197113559350  0.61351737466090805
  0.62440901960669037  0.63519310161691578  0.64603924110681921  0.65660106995557910
  0.66747913114742241  0.67838674230101348  0.68921939140401456  0.69983966097168260
  0.71048454737749933  0.72096362172252104  0.73125140917450326  0.74165955856361809
  0.75254033906025253  0.76383442361234188  0.77492841430228521  0.78586436218185274
  0.79701593388035163  0.80847852424494726  0.82007220612962872  0.83152061310951331
  0.84274400970983132  0.85394403602864788  0.86487932288892733  0.87534799478950798
  0.88557517491000726  0.89551132118456445  0.90541740801000559  0.91530415976067392
  0.92536969900263955  0.93577293821142493  0.94630558550541521  0.95707720254167483
  0.96768848301383092  0.97823750709855484  0.98903184747388706  1.00000000000000000
  0.04042519454876924  0.05447911904715322  0.06711590034276949  0.07978589839848435
  0.09215711194050473  0.10442789838888555  0.11623577167424090  0.12789717175340201
  0.13961116628075901  0.15089619764069961  0.16201545158047323  0.17375647910018838
  0.18657637979743874  0.19972742801532356  0.21347429112522079  0.22712334798136113
  0.24043317965528002  0.25385436353657292  0.26766595920851882  0.28195581655778457
  0.29563193203844446  0.30884462693221004  0.32261793490042751  0.33669804458131103
  0.35058412800379557  0.36394787860937927  0.37681859672657625  0.38945439546438199
  0.40218589737871219  0.41476081483700006  0.42749842437722840  0.43982724277659196
  0.45192104764270691  0.46360683808510245  0.47528163328100437  0.48754639840204816
  0.49995860201318376  0.51181868261957775  0.52348246950367716  0.53528847411651725
  0.54713924817445148  0.55868292940100917  0.56989037784238294  0.58068616818761676
  0.59105143753554612  0.60105267632757320  0.61077823957861177  0.62046662350149273
  0.63035796635067221  0.64058372626114213  0.65101985809733409  0.66132205911415765
  0.67123426282599219  0.68079121560613109  0.69023962084547730  0.69983917484345559
  0.70949428009315862  0.71900642894514588  0.72826576493956063  0.73734114044078714
  0.74615775486307401  0.75452779700259376  0.76273610187980589  0.77084459511066816
  0.77903289006555876  0.78715747058712826  0.79514047243440700  0.80316860529273304
  0.81092829991430815  0.81842822715487185  0.82590099392056304  0.83336321154908444
  0.84092159450332427  0.84847101754992749  0.85587790720769186  0.86318897352516433
  0.87044848553175902  0.87754927146870743  0.88459643642020802  0.89157830784978798
  0.89830726966446117  0.90483646575989762  0.91129837240042544  0.91770855971314358
  0.92405063398990051  0.93029535384627238  0.93634483341809593  0.94251556382643065
  0.94855840225627308  0.95475239982177595  0.96115829170559908  0.96784444409764370
  0.97483474312637530  0.98206901439863148  0.99043837797906509  1.00000000000000000
 -0.01828611982000397  0.10601270949888561  0.14283962518408788  0.16499555338346472
  0.18252709247976023  0.19725111243680277  0.21049404943172198  0.22260982510027072
  0.23358937291531084  0.24383635681145771  0.25356932431715401  0.26302464501238243
  0.27222972728774208  0.28133078153388852  0.29022981399548436  0.29865828497796160
  0.30647620839318079  0.31384462605772928  0.32104089074904502  0.32816471455216323
  0.33507984548562958  0.34167423799778085  0.34806996141487356  0.35447944120915870
  0.36100234943443066  0.36755544609834534  0.37399581299965395  0.38028107303736941
  0.38653821844812924  0.39267969035486638  0.39888688679561057  0.40513710301507566
  0.41154587220802852  0.41795311831574733  0.42414765074675487  0.43016373457227303
  0.43609527439761137  0.44192130703748983  0.44770239637104625  0.45348121028305383
  0.45916929922814659  0.46469670347874376  0.47005740439584659  0.47549334611264349
  0.48084324007900731  0.48626609832972018  0.49177680426735931  0.49719499565119263
  0.50258760281074122  0.50795793810353740  0.51326554160375004  0.51865408539432833
  0.52420249008929243  0.52990959316022590  0.53569867419716166  0.54161631415086997
  0.54771433434607697  0.55400322099623911  0.56018787993697161  0.56631664008844795
  0.57237858749294390  0.57833204936352645  0.58431808792018425  0.59035784376583478
  0.59638876928253826  0.60254955573569569  0.60879213319832903  0.61497714927450242
  0.62119867108411686  0.62738074598689053  0.63378608094151279  0.64020032238990965
  0.64671193067885679  0.65353574105641321  0.66056934989208782  0.66778509484335924
  0.67518287174128799  0.68264050981734981  0.69008147679410325  0.69789233676732210
  0.70599616069184501  0.71412571928206037  0.72218534345122198  0.73026793813943092
  0.73886150461488920  0.74782429537370543  0.75729336076410469  0.76714450483497976
  0.77808658795742081  0.79041153500107397  0.80351499601292431  0.81851509451029514
  0.83589514111834551  0.85711784902710120  0.89209960787773090  1.00000000000000000
  0.12411055720452711       -1.0000000000000000     
 F F F F F F F F F F F F F F F F F F F F F F F F F F F F F F F F F F F F F F F F F F F F F F F F F F F F F F F F F F F F F F F F F F F F F F F F F F F F F F F F F F F F F F F F F F F F F F F F F F F F F F F F F F F F F F F F F F F F F F F F F F F F F F F F
  <DiscreteSampler_grid>
  grouped_processes
  1 # 1 for a reference and 2 for a running grid.
  10 # Attribute 'min_bin_probing_points' of the grid.
  1 # Attribute 'grid_mode' of the grid. 1=='default',2=='initialization'
  0.0000000000000000 # Attribute 'small_contrib_threshold' of the grid.
  0.5000000000000000 # Attribute 'damping_power' of the grid.
 # binID   n_entries weight   weight_sqr   abs_weight
    10   10   1.939033603124110E+005   1.778819058888646E+011   1.939033603124110E+005
    16   10   1.939033603124109E+005   1.778819058888643E+011   1.939033603124109E+005
    22   10   1.939033603124110E+005   1.778819058888645E+011   1.939033603124110E+005
    28   10   1.939033603124108E+005   1.778819058888643E+011   1.939033603124108E+005
    34   10   1.939033603124109E+005   1.778819058888644E+011   1.939033603124109E+005
    40   10   1.939033603124108E+005   1.778819058888643E+011   1.939033603124108E+005
  </DiscreteSampler_grid>
