  0.00000470307763649  0.00000531982209869  0.00000580293335556  0.00000619655899939
  0.00000639737529210  0.00000659913453917  0.00000678516647543  0.00000699817291210
  0.00000722300630946  0.00000745371798661  0.00000767353048913  0.00000789330151447
  0.00000812385460188  0.00000836480377723  0.00000861525053321  0.00000886295494459
  0.00000912726055065  0.00000940096525002  0.00000966240689631  0.00000997902739752
  0.00001032852928656  0.00001068779593545  0.00001104593941076  0.00001139066084319
  0.00001172672863366  0.00001205448971914  0.00001240925392562  0.00001275893871869
  0.00001308481324982  0.00001343090450464  0.00001376865374473  0.00001414772685710
  0.00001454635778590  0.00001494693320991  0.00001536040427827  0.00001580435686806
  0.00001627449846920  0.00001674867242329  0.00001739509705567  0.00001799313653355
  0.00001858926207089  0.00001919731588281  0.00001989290650635  0.00002062042348813
  0.00002137358383258  0.00002221386949137  0.00002316011631174  0.00002416765343095
  0.00002524593121362  0.00002634217375006  0.00002744972121377  0.00002854011129633
  0.00002964347224004  0.00003082959828297  0.00003213466206456  0.00003347518320640
  0.00003465307238559  0.00003594033415182  0.00003723555671597  0.00003871518498747
  0.00004012797908191  0.00004138479627057  0.00004250747830434  0.00004370135331600
  0.00004506961768320  0.00004669774550287  0.00004849682300476  0.00005018597244513
  0.00005221783423861  0.00005470930848251  0.00005740785381416  0.00006027063634435
  0.00006348935175385  0.00006708704606832  0.00007119295095019  0.00007579090661135
  0.00008038620125097  0.00008530050460856  0.00009057650240370  0.00009628757592240
  0.00010226666304169  0.00010840300271208  0.00011543761331171  0.00012322980134812
  0.00013256363276645  0.00014384528160991  0.00015753850418167  0.00017305719727576
  0.00019175594533953  0.00021522497791398  0.00024380788477489  0.00029105238029695
  0.00038201264259134  0.00068962700363012  0.12863514303647094  1.00000000000000000
  0.00000713628816873  0.00001834362152382  0.00002367188825045  0.00002819199657841
  0.00003131278484400  0.00003450617263754  0.00003803619287261  0.00004112105857211
  0.00004485805353299  0.00004873610598780  0.00005312576843748  0.00005850103308847
  0.00006445422814616  0.00006884519930373  0.00007351256334630  0.00007845040748955
  0.00008315050621892  0.00008818940735345  0.00009250937004938  0.00009708547262529
  0.00010158067757349  0.00010678350277277  0.00011318137749126  0.00012051294076327
  0.00012742612140165  0.00013405803681496  0.00014086882763269  0.00014712851694396
  0.00015309633958735  0.00015870349531507  0.00016435941647416  0.00017001691344786
  0.00017586898739139  0.00018224775424706  0.00018881481041557  0.00019569540460039
  0.00020286989812040  0.00021047678946142  0.00021865764406093  0.00022748920684896
  0.00023831456003805  0.00025110438483360  0.00026511658945829  0.00027954063169489
  0.00029265026344238  0.00030514442728759  0.00031669317908744  0.00032811405158539
  0.00034043636885066  0.00035301531069529  0.00036677798207140  0.00038224244290481
  0.00039907658523983  0.00041650056337596  0.00043446941856744  0.00045327250512558
  0.00047277680037171  0.00049090953481417  0.00050837036627695  0.00052651042056683
  0.00054610953409356  0.00056669543125939  0.00058613103799338  0.00061150444888748
  0.00063718518047684  0.00066418235466892  0.00069287141964839  0.00072312525344484
  0.00075493602047842  0.00078581580121379  0.00081746808091949  0.00085055578107122
  0.00088605784368761  0.00092761889006493  0.00097299843350678  0.00102199516165598
  0.00107707132506479  0.00114605423381501  0.00122928331307196  0.00132510422597555
  0.00143201681348301  0.00155172590699139  0.00169509687208192  0.00186555434445249
  0.00205379479564826  0.00226812443037014  0.00254557601875626  0.00286071088026241
  0.00323033284746606  0.00371726559865521  0.00432932094087815  0.00499642962670329
  0.00621326251293952  0.00918994217819566  0.01408685745171162  1.00000000000000000
 -0.00002399247387671  0.00063013375325023  0.00239732283080688  0.00506640233190776
  0.00814037685638566  0.01127234545533760  0.01503095482510855  0.01908943469027484
  0.02288094178223680  0.02611590326179731  0.02920291496591779  0.03279548486860911
  0.03703882458516021  0.04173914904631011  0.04775030735509887  0.05331584261226090
  0.05804930626025146  0.06286197637821007  0.06796069775739373  0.07338495649820932
  0.07915399920289781  0.08458501849048369  0.09029369908826075  0.09649300199098787
  0.10363336503683161  0.11121524380556637  0.11908792889014083  0.12703113872576013
  0.13500714087917526  0.14311846863008415  0.15091283302425201  0.15872469774133691
  0.16678266150022109  0.17532577783734504  0.18424279705740557  0.19320134716078222
  0.20249707766865385  0.21188466798849334  0.22125982420012724  0.23137266858920236
  0.24209944210094220  0.25319583309599059  0.26407243787068868  0.27533580844706967
  0.28652581903955932  0.29848364097114283  0.31090982745065038  0.32302445023978471
  0.33387675428642438  0.34638539472190788  0.35976491548196526  0.37317088312123209
  0.38629423943883201  0.39911657812853429  0.41153974217542444  0.42437159619633136
  0.43648846392112306  0.44804384736015451  0.45894623933464640  0.47223400290579515
  0.48585875181697202  0.49947322768573449  0.51360453913639958  0.52843868794880333
  0.54319435989914244  0.55636982992710537  0.56869372713119859  0.58159364420991100
  0.59591942588758406  0.61208670052437675  0.62746067151810125  0.64301715898177370
  0.65813574021910426  0.67321685435885581  0.68883936328431694  0.70419625907505778
  0.72025264863214278  0.73634366587329469  0.75154206231975118  0.76542641313054693
  0.77968134000022082  0.79415116513796202  0.80813661866992936  0.82220758566192043
  0.83663336400062427  0.85201091316599509  0.86916731265100955  0.88585847440288024
  0.90177784637909819  0.91683781098533512  0.93072390528348869  0.94448563752710579
  0.95852581925667424  0.97248459559097289  0.98620992586909073  1.00000000000000000
 -0.00178166132731988  0.00752214644876374  0.01509621694625859  0.02360789426523026
  0.03186840749264130  0.04110427753673568  0.05048651922266733  0.05901312566281199
  0.06791707201674289  0.07708715295910112  0.08608942815405327  0.09533518091419883
  0.10560215888854663  0.11616819278097106  0.12705436511600332  0.13818889223189881
  0.14890749104027895  0.15974551911326237  0.17148040501979669  0.18257135931348201
  0.19382330061891404  0.20478256367004663  0.21552578851956863  0.22779448350524792
  0.24323470107737494  0.25540672802288766  0.26524855589005769  0.27458582198090570
  0.28304722011907457  0.29148953784412623  0.30040375385494583  0.30985807371801616
  0.32069104335016252  0.33148137831388064  0.34273753238493154  0.35382200933082258
  0.36420907443779355  0.37650831926320560  0.38912382103198873  0.40193840022209859
  0.41408584159605755  0.42489598645723797  0.43454655126756964  0.44340999300729461
  0.45203282936139394  0.46248221556361074  0.47298809132738301  0.48283669143285812
  0.49193563376418292  0.50102569761731053  0.51067790313595118  0.52071404264848731
  0.53104081062565545  0.54216245484242753  0.55532544704151554  0.56847636901186815
  0.58011301456073772  0.59091901797391833  0.60150805282157394  0.61180999697154492
  0.62169076868306461  0.63158871645255132  0.64229654276926940  0.65359850464466496
  0.66503578995666324  0.67679387173029404  0.68906485905871795  0.70233227716878766
  0.71452829587946742  0.72667759674790755  0.73923719515498953  0.75128712737258130
  0.76214353643727673  0.77252450847441256  0.78234969555247424  0.79112607971025362
  0.79949999346956535  0.80821122941510026  0.81751779230528621  0.82656944812119437
  0.83578398112070584  0.84589779249724695  0.85570277412271800  0.86658778232165712
  0.88006994346505252  0.89371896718700428  0.90332219951249104  0.91126848142946737
  0.91895051955306795  0.92766570750143595  0.93879220881293313  0.95189985695846158
  0.96508749966570839  0.97739457969769783  0.98889315686603096  1.00000000000000000
 -0.00358706651319164  0.01795301310243376  0.03564793041906482  0.05198196928110857
  0.06877144662291763  0.08237380131392345  0.09606359040651385  0.10599613830602449
  0.11615629642836477  0.12618679099221472  0.13668817448347989  0.14844925769202633
  0.16034905441916619  0.17129208953132385  0.18199364608099464  0.19244237822472865
  0.20258732487356787  0.21189767694644585  0.22050339499802327  0.22921079003392725
  0.23834313843926386  0.24765900875149810  0.25655741974816110  0.26471732929279601
  0.27269103633800690  0.28055526632139244  0.28950721134399926  0.29806304049119831
  0.30745343292114158  0.31804575337065000  0.32883489460404408  0.33878628190977694
  0.34888118672775154  0.35979647692468031  0.37144857062035447  0.38287323244297305
  0.39355326338446528  0.40492624539042460  0.41511292134492145  0.42443157473648829
  0.43334530040315211  0.44203289001777840  0.45005141888492411  0.45746150788006718
  0.46506039416605593  0.47364986193992348  0.48337254757859355  0.49228276138963623
  0.50050306489061547  0.50914365159837949  0.51793893475664921  0.52686542123913971
  0.53704558066390151  0.54837812114000739  0.55911786787363571  0.56914240011490291
  0.57895612501217653  0.58910781938096379  0.59997502449140716  0.61007295678240492
  0.61934523846167611  0.62793562826330629  0.63676763061149610  0.64556736661261516
  0.65492235302905399  0.66570818930371067  0.67553770221421072  0.68499133372921683
  0.69407449058608772  0.70212891953354506  0.70911394345023349  0.71675059426298693
  0.72511633470661530  0.73412805174282691  0.74234572396217169  0.75001643954339170
  0.75823396031170887  0.76570841901295839  0.77489256279561824  0.78386530487280637
  0.79218369804061106  0.80061400619442691  0.80977774408542713  0.82114134020578800
  0.83374644346310312  0.84590098534202429  0.85669379247396360  0.86638965451295624
  0.87737210692443202  0.88934093862148300  0.90261905632730910  0.91650617198031614
  0.93024192340197009  0.94636172508960692  0.96962020980777475  1.00000000000000000
 -0.00218247937368828  0.01022492388730232  0.02122306083296622  0.03066248391449548
  0.03907501617091437  0.04689778093118343  0.05467571662415029  0.06396211585252420
  0.07457574847053546  0.08569267108916490  0.09648250351756621  0.10680871930853743
  0.11726651075264635  0.12716014735846673  0.13650032963196154  0.14541864897620801
  0.15298014908796451  0.16061978584173722  0.16912431736758171  0.17768489115846184
  0.18671661240070031  0.19801423134247842  0.21005588225943567  0.22089890788903183
  0.23155906964840564  0.24242595433310457  0.25362569301326510  0.26459641775800941
  0.27519755812971480  0.28578059315898657  0.29670982821404129  0.30848037994515703
  0.32087811027449648  0.33289735276000743  0.34441436163860212  0.35550152009209968
  0.36567240166424658  0.37636943619635493  0.38834043104908250  0.40084837099558229
  0.41317515355658757  0.42427384114249106  0.43475198445732743  0.44461247423273575
  0.45554460050210777  0.46742413728973869  0.47892419151763649  0.48944691167803250
  0.49918554022902217  0.50867917662193918  0.51776215393827218  0.52600461859800729
  0.53517236528624157  0.54635186810648040  0.55879751834783642  0.57094998492111426
  0.58213624278270759  0.59294222628256088  0.60396492228977539  0.61526629576864367
  0.62717463867798728  0.63833244922147936  0.64819981503372393  0.65754185044679525
  0.66620407441773433  0.67548215007639023  0.68639704936867707  0.69749222906990049
  0.70857467093280313  0.71879810043023817  0.72950838855357247  0.74095526542144863
  0.75261749008910150  0.76253319556524091  0.77277466395290306  0.78314062292032416
  0.79351166673901197  0.80365199710179835  0.81521926023897662  0.82782337912136472
  0.84034408673270888  0.85256102331477934  0.86491719938689504  0.87812195877366894
  0.89107032220241755  0.90205353425128798  0.91156948971509111  0.92049990256403924
  0.93025371701503867  0.94134345241922690  0.95080300879327984  0.95935751637795730
  0.96942929629036534  0.98006638685617742  0.99050568216911017  1.00000000000000000
 -0.00586089536234753  0.02665248059969011  0.04660568068550626  0.06564749969873690
  0.08111244064995048  0.09652221288258116  0.11088736865408272  0.12569058769270255
  0.13963817228387265  0.15182700588716538  0.16435792677553065  0.17680530883166684
  0.18798277277638703  0.19802140569336832  0.20780246319455020  0.21583865080923137
  0.22290980801143545  0.22952876777419437  0.23633575729937112  0.24408501183199940
  0.25193636872979441  0.26011692357899874  0.26837480140866654  0.27626665106607728
  0.28363468968220512  0.29081532902949148  0.29863162015220696  0.30746417342856602
  0.31865497178258018  0.33001207427035162  0.34062941342630976  0.34997127431922853
  0.35808733579272262  0.36551867138710270  0.37234866546376022  0.37914969927589126
  0.38647943865437256  0.39432061678962149  0.40112431592217801  0.40770872824980336
  0.41516506979285539  0.42406860094908450  0.43203921396697248  0.43940193959219748
  0.44685572425914216  0.45472198413506815  0.46302016077430913  0.47109683707973415
  0.48030687006145045  0.48961226789032808  0.49857455929460093  0.50688621333189166
  0.51446528562340155  0.52214955614563174  0.52972743825060786  0.53757599708071535
  0.54524588248209027  0.55210836001162866  0.55890650833677746  0.56642406606367823
  0.57476884030839004  0.58291581278642679  0.59220210163684273  0.60236623937905143
  0.61252486533182260  0.62122624826637018  0.62979747517654583  0.63830464119992192
  0.64598203565902690  0.65487815737907640  0.66378415410276037  0.67311648584959094
  0.68354137351335154  0.69509533958310987  0.70877294472133900  0.72150060135817051
  0.73376178369017642  0.74676922295937398  0.75912918958417885  0.77049127768865999
  0.78270970349326285  0.79514154279453864  0.80842650046004982  0.82174132279883594
  0.83465170676692890  0.84848683806825598  0.86299542249181216  0.87606576402875846
  0.89095220570240141  0.90671189848887412  0.92408519792056254  0.94031721700504034
  0.95375911747944542  0.96636185337846936  0.97822980778661628  1.00000000000000000
 -0.00338305398443755  0.01162074025807316  0.02307936388491780  0.03492229070147428
  0.04464860897423351  0.05441126276990856  0.06097140278833523  0.06703030592809625
  0.07360147100647171  0.08169814066766151  0.09001174588928137  0.09795570564291795
  0.10637047657616649  0.11516054839765223  0.12376626170771338  0.13369183120511613
  0.14551438858603036  0.15580025744911496  0.16464587694476185  0.17323198105855139
  0.18233774727738603  0.19223056914522466  0.20212282342584154  0.21298073791972236
  0.22467688025840210  0.23684202488792153  0.24828336729411454  0.25889454798303324
  0.26952112314593629  0.28106064095492689  0.29256709513094947  0.30329283943380997
  0.31343433592114400  0.32349118120396170  0.33352630757530605  0.34268610322260212
  0.35226902426035184  0.36244318899431649  0.37271306192288595  0.38254234841878720
  0.39158795599875784  0.39974996934297491  0.40791048166596372  0.41654517669419705
  0.42671372718642048  0.43933209177638249  0.45252033087567012  0.46479283929003790
  0.47705630180349451  0.48894068518617534  0.50105162945957749  0.51411174369564050
  0.52718732201547314  0.53973240706681913  0.55098042895331578  0.56126516787427227
  0.57153511244014743  0.58151329121023332  0.59145567708925118  0.60158014363124823
  0.61272777865844741  0.62456803324361831  0.63550216129660431  0.64606611410226378
  0.65669970835246871  0.66767676182196345  0.67907529288770974  0.69032700253520285
  0.70005680010798543  0.70968294177954128  0.71792493665358714  0.72593013606419965
  0.73378150618494820  0.74209601596126062  0.75107251544925546  0.76066623475641348
  0.77163874013098854  0.78306089313119320  0.79373987303889559  0.80613842075983533
  0.82149199496037417  0.83834065127484414  0.85474381692582957  0.86609901165417413
  0.87803469916421750  0.89018806961451635  0.90225334501196808  0.91391775650039508
  0.92630583753008300  0.93850120649578073  0.94927355877339381  0.95869371217468913
  0.96899523834373946  0.97964745896154182  0.99003497733633339  1.00000000000000000
  0.16737982650992922  0.54373389808352435  0.62997465755960380  0.67408743085817602
  0.70742734879155333  0.72592291505020712  0.73881535912677165  0.74899492311302907
  0.75676878893456245  0.76218495889085369  0.76556616160015067  0.76817645791398637
  0.77040564761516306  0.77252636039691502  0.77508133987968486  0.77796927260947568
  0.78093422425252768  0.78370363652222474  0.78580176791319045  0.78828072586966325
  0.79080385979319923  0.79334478374513306  0.79594199300490687  0.79843291561370133
  0.80057533345860765  0.80232190867567510  0.80407050694714055  0.80593322223548891
  0.80787410797318071  0.80998874206756932  0.81234550648526360  0.81479217057669506
  0.81706728180224164  0.81901291919062880  0.82080117482204640  0.82246268790120691
  0.82425350473857251  0.82597229085226131  0.82779846855820338  0.82974567885639172
  0.83172238316348446  0.83356691407210237  0.83517180275071878  0.83669075557645434
  0.83820878358840911  0.83982306070517021  0.84161074188555107  0.84354331039241015
  0.84541468989648216  0.84711602111999118  0.84902645288334566  0.85096345855765221
  0.85269933645580953  0.85458181149431200  0.85651616977693557  0.85843330873692214
  0.86045054769831786  0.86240447381788621  0.86420937649091534  0.86593754362254660
  0.86769203859791477  0.86952457152698559  0.87144942978062478  0.87346666735862977
  0.87559149522126800  0.87794732021392841  0.88047009922926611  0.88310135536840295
  0.88568439587278447  0.88819528384488766  0.89073773670092327  0.89316933301823742
  0.89560841255010504  0.89806661910046792  0.90050176350315314  0.90301752595310436
  0.90566703604585674  0.90841448975242511  0.91123445682495086  0.91396177035188930
  0.91664095809234614  0.91936043164554082  0.92230880613317601  0.92535458879307686
  0.92858510308493936  0.93217934774676869  0.93561160039018021  0.93965196497654468
  0.94387213301972117  0.94830245015386516  0.95318556592111436  0.95842595546163745
  0.96452586944638741  0.97103426218071742  0.98093510765310199  1.00000000000000000
 -0.02564253930040664  0.12576484662493204  0.16214626753706560  0.18575523350572093
  0.20363793194924909  0.22073064509770290  0.23322479767616919  0.24374815272744865
  0.25258758022485406  0.26112601174955602  0.27015540614814654  0.27905613463875278
  0.28778838236488180  0.29616142660938427  0.30343917973386592  0.30952356486745075
  0.31554461107654297  0.32130018605128219  0.32824026486918495  0.33548597572529670
  0.34280705923599109  0.34916313438887780  0.35443644096696136  0.35911874165023983
  0.36405588327916893  0.36938854608366495  0.37583360986587672  0.38205569366610692
  0.38836089844569416  0.39367457153252727  0.39878271231550783  0.40299088938401401
  0.40776069091866107  0.41260704646949647  0.41787897517384220  0.42329594929173520
  0.42838546636338920  0.43346778597026153  0.43920559134803250  0.44562964316906761
  0.45136061700567714  0.45624415660944928  0.46111693084365102  0.46644745570934593
  0.47184454414366522  0.47722074486026023  0.48292871024209993  0.48943431187234476
  0.49672191357173501  0.50412223212066587  0.51145710463301486  0.51835687738769887
  0.52489445934761647  0.53166953867522571  0.53769491322742080  0.54361920176274758
  0.54858312361691175  0.55377529962879479  0.55918185134509679  0.56492726294457862
  0.57052903919936870  0.57596206019030705  0.58154340937081261  0.58764742513052537
  0.59431714632897115  0.60080105598489641  0.60685218524079909  0.61174677400879340
  0.61709465760667281  0.62283023760983236  0.62930617481032203  0.63648938413058975
  0.64337291799382379  0.64910416125280346  0.65496336913733388  0.66183194074111806
  0.66904378823573973  0.67641291276410387  0.68374911469655197  0.69181546621538903
  0.70144709706408426  0.71247000582492659  0.72284752193063317  0.73074944214670923
  0.73835267500678825  0.74691667816182095  0.75671969687851059  0.76649842188020034
  0.77560891371499519  0.78552665894096152  0.79908786558224565  0.81632142102007643
  0.83405678728084554  0.85137932454741805  0.87921904170949750  1.00000000000000000
   3.2256391907213885E-006  -1.0000000000000000     
 F F F F F F F F F F F F F F F F F F F F F F F F F F F F F F F F F F F F F F F F F F F F F F F F F F F F F F F F F F F F F F F F F F F F F F F F F F F F F F F F F F F F F F F F F F F F F F F F F F F F F F F F F F F F F F F F F F F F F F F F F F F F F F F F
  <DiscreteSampler_grid>
  grouped_processes
  1 # 1 for a reference and 2 for a running grid.
  10 # Attribute 'min_bin_probing_points' of the grid.
  1 # Attribute 'grid_mode' of the grid. 1=='default',2=='initialization'
  0.0000000000000000 # Attribute 'small_contrib_threshold' of the grid.
  0.5000000000000000 # Attribute 'damping_power' of the grid.
 # binID   n_entries weight   weight_sqr   abs_weight
    10   10   2.401589789892260E+000   3.031510560133846E+001   2.401589789892260E+000
    16   10   2.401589789892260E+000   3.031510560133845E+001   2.401589789892260E+000
  </DiscreteSampler_grid>
