  0.00000044362223755  0.00000047358837398  0.00000050766353804  0.00000053769225638
  0.00000057738269441  0.00000061547436413  0.00000065580012912  0.00000069751650890
  0.00000074060811713  0.00000078603148022  0.00000083442619901  0.00000088394804937
  0.00000093524705946  0.00000098817673053  0.00000104462881759  0.00000110411133150
  0.00000116872474100  0.00000123910351549  0.00000131392884181  0.00000139097921827
  0.00000147402702274  0.00000156399098042  0.00000165954180595  0.00000176225276115
  0.00000187266803477  0.00000199051847834  0.00000212208825986  0.00000226266557177
  0.00000241781175485  0.00000259564472918  0.00000279124843468  0.00000299782543139
  0.00000320021312180  0.00000339473704844  0.00000360114698493  0.00000384261865520
  0.00000411604783845  0.00000443318080407  0.00000476499255514  0.00000516523343030
  0.00000561854574748  0.00000607182635357  0.00000652876402562  0.00000699073016374
  0.00000749695706734  0.00000806664234118  0.00000866602976454  0.00000929377121139
  0.00000998518058809  0.00001082578638272  0.00001186516272382  0.00001293903003123
  0.00001399904899225  0.00001503737788094  0.00001610492343258  0.00001715859626483
  0.00001822296135356  0.00001932988609903  0.00002047016523309  0.00002165304989878
  0.00002293593719858  0.00002474119861174  0.00002681617234904  0.00002917405478782
  0.00003185150980745  0.00003458406227167  0.00003767832836103  0.00004073141778203
  0.00004378986535154  0.00004761489653151  0.00005206059834921  0.00005761974392081
  0.00006394604069261  0.00007171976941202  0.00008045646113557  0.00009104386547787
  0.00010298747934876  0.00011632798289700  0.00013323470982026  0.00015321946942273
  0.00017755947581415  0.00020565043291514  0.00023609921730273  0.00027630877532943
  0.00032285302598425  0.00039868223301554  0.00050518319925840  0.00065541903865624
  0.00084306563881699  0.00109996997321173  0.00148425916181925  0.00211948757835129
  0.00322308290896078  0.00767501052664616  0.11124567517413707  1.00000000000000000
  0.00000500556992964  0.00000590180656042  0.00000670923885537  0.00000756191277123
  0.00000847455565486  0.00000932937043276  0.00001013439214840  0.00001112023070342
  0.00001230837019254  0.00001349752919856  0.00001475774645007  0.00001620641171405
  0.00001785909434673  0.00001976349742090  0.00002203200493587  0.00002428403752359
  0.00002620064523741  0.00002792800785187  0.00002963527069264  0.00003149922875509
  0.00003361323355238  0.00003579787027923  0.00003828995860474  0.00004106340020082
  0.00004363929396764  0.00004614623806322  0.00004929422419173  0.00005272357369003
  0.00005598367761985  0.00006080698501504  0.00006606140174842  0.00007165888152957
  0.00007773747165810  0.00008464927211560  0.00009242185997426  0.00009856953157030
  0.00010502394032069  0.00011109558592748  0.00011579217944776  0.00012051454133110
  0.00012521278770027  0.00013051276906968  0.00013602289924401  0.00014245036835170
  0.00015036235244081  0.00015868539575827  0.00016576675061156  0.00017307728751796
  0.00018074394715811  0.00018922338606081  0.00019987986209612  0.00021143667622065
  0.00022571260391833  0.00023985582833872  0.00025411174058359  0.00027030799721549
  0.00028711636847329  0.00030435359177236  0.00032212907941728  0.00034156742815512
  0.00036363910262203  0.00038705460701569  0.00041072757448901  0.00043406185777399
  0.00045921212647472  0.00048641941223817  0.00051586726084986  0.00054919813168494
  0.00058537402763521  0.00062651163222105  0.00067083012829433  0.00071914071341040
  0.00077260171456682  0.00083091952244726  0.00089095498128761  0.00095581384348230
  0.00102678995189778  0.00110447632808567  0.00119368022799119  0.00129823997082099
  0.00141916132834448  0.00155589176485735  0.00171960895228089  0.00192692844242735
  0.00218920670051816  0.00251109631720408  0.00291610410007935  0.00339297865360467
  0.00402368127320800  0.00490051291988675  0.00602778593832379  0.00788677470057897
  0.01111294605925331  0.01690945908011754  0.24489171909726817  1.00000000000000000
  0.00000026743695258  0.00000038031281868  0.00000042880616903  0.00000047338167844
  0.00000051645035052  0.00000055901307187  0.00000068046969743  0.00000079204806206
  0.00000087409753703  0.00000095650304860  0.00000104816808984  0.00000111491862829
  0.00000119447507468  0.00000127509890588  0.00000137044370447  0.00000146959782509
  0.00000157647715616  0.00000168870066635  0.00000180572432228  0.00000192673584326
  0.00000205867134946  0.00000222563872965  0.00000241553299209  0.00000264232748947
  0.00000282983401509  0.00000299904509283  0.00000317562944732  0.00000336400459155
  0.00000356350788216  0.00000378538930441  0.00000404405573241  0.00000433189335383
  0.00000460643858832  0.00000489481411259  0.00000520225788466  0.00000553603598896
  0.00000592100474550  0.00000632988740843  0.00000677363843642  0.00000727393313733
  0.00000778185541473  0.00000832954839543  0.00000892302551250  0.00000951888306787
  0.00001023139011478  0.00001093092367008  0.00001164683451394  0.00001240863091252
  0.00001324733819417  0.00001420910271718  0.00001531274610962  0.00001651366850128
  0.00001784043797539  0.00001935293311835  0.00002116278548322  0.00002319516623874
  0.00002537472498426  0.00002795472554775  0.00003084198550289  0.00003396463176202
  0.00003733783010797  0.00004116694362654  0.00004553731641922  0.00005057357030186
  0.00005698764598638  0.00006410587438667  0.00007170428103601  0.00008057164433464
  0.00009048177717968  0.00010249320168956  0.00011659365003017  0.00013425919943606
  0.00015485209495135  0.00017713072829314  0.00020043415485089  0.00022423465665840
  0.00025189544032383  0.00028535497920795  0.00031974040888413  0.00035783260625839
  0.00040481224719551  0.00046098871100697  0.00052206819758702  0.00060024862181758
  0.00069908641775014  0.00082350443016871  0.00098581010918880  0.00124247860849420
  0.00160442112219087  0.00222654979649401  0.00333783563311539  0.00502929984143937
  0.00913041092791907  0.01306359326007453  0.10415985126189511  1.00000000000000000
 -0.00251419125566755  0.00918559172043339  0.01856409485846504  0.02824540777148051
  0.03852395617237789  0.04965379382581950  0.06108839871850439  0.07260854081853250
  0.08377232997319260  0.09408615735684644  0.10377089797865183  0.11298357999974851
  0.12212892464610225  0.13186286358335020  0.14166414354564777  0.15167935817401101
  0.16142767134038513  0.17157160998635501  0.18284198756553824  0.19541553441288800
  0.20892057945522011  0.22076524352264734  0.23207017828242385  0.24276769977974619
  0.25351542042932029  0.26431794380632628  0.27515337084124974  0.28618841221763713
  0.29776951131917134  0.30921188237847735  0.32025944952907665  0.33045300576684861
  0.34149114293480048  0.35344924956548301  0.36589433701189644  0.37860126642325959
  0.39059001798871706  0.40250900465592560  0.41456024171036815  0.42625400205138725
  0.43746079271405430  0.44810688446089425  0.45863894392603782  0.46986428015165060
  0.48071741125892697  0.49060922767747622  0.50014559223045807  0.50957843498976818
  0.51861256389820409  0.52665887012565049  0.53473956572221792  0.54370449178892288
  0.55484025072065057  0.56597612045390333  0.57825536554077450  0.59081481760352716
  0.60317222809534421  0.61550576040764282  0.62763303648935687  0.63930125091146328
  0.65124162689960097  0.66356121516087552  0.67594409500685670  0.68840657557313922
  0.70109669963275156  0.71258134641994619  0.72297851510693301  0.73309404130677014
  0.74286653503949884  0.75326967969718239  0.76359131974254502  0.77328543847360343
  0.78284898565366146  0.79299620323033904  0.80425820938108972  0.81574738460524598
  0.82603257904200900  0.83633110272284805  0.84584297998783209  0.85520687315883259
  0.86445077523968250  0.87376804329381730  0.88300810700764298  0.89199905868055995
  0.90179606602136675  0.91114389435995358  0.92011368033730490  0.92859435120435319
  0.93814171012618619  0.94629153538347444  0.95483115266260721  0.96299447415004946
  0.97095793317466561  0.98120551652559285  0.99049083281544270  1.00000000000000000
 -0.00229790223239153  0.01041150457149858  0.02104050187555383  0.03277034685478625
  0.04373178002476119  0.05374181198360487  0.06416486604431562  0.07519581298578133
  0.08676160565585607  0.09814464798407209  0.10860282533645484  0.11826208484198387
  0.12770804975717304  0.13803501921272221  0.14855668218774823  0.16004547065498217
  0.17169378584762551  0.18291384941532354  0.19400039429648996  0.20437564061399729
  0.21554518116703514  0.22610212378928313  0.23751179958134450  0.24795313321221399
  0.25729025506234732  0.26687071463596934  0.27621446977366104  0.28642117549471613
  0.29782462228833007  0.30888358128196330  0.31959515046873599  0.33055238195883180
  0.34198155152519244  0.35247878823620915  0.36311707510411728  0.37305302029543835
  0.38356216771967988  0.39477082811964742  0.40469501048522738  0.41404908339335877
  0.42391805670175597  0.43428969117999411  0.44384757565977007  0.45207885181049612
  0.46139651910522717  0.47244048473999978  0.48469431126288365  0.49724839000728149
  0.50999268312256307  0.52304589076865460  0.53544352437687270  0.54694015490294767
  0.55825133068474275  0.56916450267866114  0.58111610396107682  0.59352806810372605
  0.60638909191886092  0.61790696747849050  0.62907288036905407  0.64001091218697959
  0.65108521826672316  0.66149757124478037  0.67139102120363991  0.68056419674494362
  0.68977152635496297  0.69882617422758997  0.70842457520518864  0.71787054943519379
  0.72726995330423994  0.73634633646889580  0.74553170733843599  0.75511521602645348
  0.76529292022972417  0.77568878279423314  0.78565755626824596  0.79565010060066388
  0.80637687531930857  0.81776968222801705  0.82939094252712897  0.83967075958376547
  0.84872219403359839  0.85768367555510816  0.86774410757871245  0.87876542959131476
  0.88896874093743294  0.89965824189978916  0.91101277012534199  0.92122779058105908
  0.92985919282029350  0.93915399884556872  0.94910377571762050  0.95902548592814307
  0.96826318123628541  0.97710453150596421  0.98828807637840044  1.00000000000000000
 -0.00202257648800701  0.00822429719711665  0.01708449516705912  0.02777475027408336
  0.03879650811408544  0.04797860376152710  0.05458107313652186  0.06012189065340900
  0.06486431903475101  0.06985847020041755  0.07511108707473692  0.08069709201724601
  0.08683034027861213  0.09251521689764342  0.09807625526976618  0.10360615606618290
  0.10932221824364943  0.11560579009225268  0.12169548722205455  0.12662603532123690
  0.13094416042794760  0.13500872374577641  0.13905319985093170  0.14337392642592042
  0.14852434862711228  0.15480658626481036  0.16109027265806902  0.16783265719811430
  0.17523516030582023  0.18288006268317217  0.18976961892420977  0.19583558746817678
  0.20155669906432025  0.20734156488502245  0.21358484739538661  0.22028124764814722
  0.22723628758080117  0.23403670171111374  0.24038532403289331  0.24690567215710699
  0.25395883740278646  0.26227986452836249  0.27081605655045832  0.27882185497511941
  0.28613936517782579  0.29352046620964872  0.30087490341424078  0.30850684481507573
  0.31661310728400993  0.32520914512774562  0.33428197043534325  0.34340292141909623
  0.35265445806530116  0.36196609622856413  0.37142509918850647  0.38082983568031648
  0.39032719188680975  0.40040493306138231  0.41073386799897310  0.42167419366584896
  0.43322315455253524  0.44455590186689881  0.45593453518114196  0.46733607791047882
  0.47912569834576307  0.49120204640989140  0.50386120161390291  0.51693656371371843
  0.53035356780559340  0.54373577540803875  0.55750964509605805  0.57172682418950749
  0.58686746135140022  0.60172416610731572  0.61753702629281082  0.63320646220855148
  0.64873719849975575  0.66455384892520708  0.68018147974221621  0.69518351074513873
  0.71061205196214672  0.72773167076565426  0.74586251450385699  0.76249722446937340
  0.77911315034701156  0.79767338467512516  0.81821034178794250  0.83664625086291144
  0.85061596301600295  0.86521989610594008  0.88006286543658796  0.89419765541548080
  0.91146861821087310  0.93192624970538629  0.96109007552758563  1.00000000000000000
 -0.00245127255236198  0.00936791976510437  0.01936278654832996  0.03015093854462473
  0.04165280789212816  0.05289830722775806  0.06396071696809197  0.07569942620705906
  0.08844487406163232  0.10177696063418457  0.11359794681045739  0.12476050670976074
  0.13522663932600454  0.14613926008374784  0.15711511952920776  0.16858456461923216
  0.17947935397781811  0.19119770636091643  0.20285050077493461  0.21378598108917407
  0.22402944311410444  0.23463033711136869  0.24612173986888503  0.25779833463850405
  0.26842022885034050  0.27832929144929558  0.28803466202014777  0.29940561014502315
  0.31259356702951746  0.32485050488716471  0.33563386605088474  0.34569123679894759
  0.35540302556969261  0.36456903059531054  0.37499983055544867  0.38492969036598695
  0.39520913496726123  0.40579934945180401  0.41542196825056860  0.42489123527608208
  0.43444645394874531  0.44514143951748741  0.45615589540276008  0.46738403614062229
  0.47895892863404782  0.49063517050235012  0.50078676013771639  0.51026513285379438
  0.52027267953931955  0.53103730027461771  0.54238645893323012  0.55276251051698222
  0.56359685485519728  0.57365137817376255  0.58313099092940801  0.59140792391685959
  0.59997488556919909  0.60901063654539322  0.61897377552591759  0.62952059890752388
  0.64019179909969204  0.65079832177459840  0.66157646056815644  0.67232994939780999
  0.68316210544502809  0.69404573030213967  0.70476762630641432  0.71554805490929896
  0.72624642888279112  0.73766377716791265  0.74872424927309622  0.75881153316222372
  0.76862975338694861  0.77860921295919971  0.78819574027702566  0.79792251511444168
  0.80800349305586550  0.81848764880342528  0.82852241374251789  0.83857717917207919
  0.84938721440155229  0.86110435391873219  0.87281866119112883  0.88360398794496131
  0.89356291140392730  0.90329171713612477  0.91249838670825167  0.92197104370623972
  0.93172424144050980  0.94174945062559612  0.95166089085171179  0.96144768132556446
  0.97152744264053847  0.98130087638507002  0.99041279939831761  1.00000000000000000
 -0.00282199461789185  0.01157339682606963  0.02293748697124648  0.03396964208809839
  0.04440434062675899  0.05364265667095357  0.06313297848379548  0.07340727607108828
  0.08418772052497847  0.09501058371159189  0.10613326597570386  0.11799072825348918
  0.12949163116212381  0.14073035889585203  0.15121787856699090  0.16141292609542029
  0.17115352081402979  0.17988286233989176  0.18794868014546626  0.19587704015847679
  0.20425931761281174  0.21354695075075034  0.22304867143934679  0.23320303861962435
  0.24381588151908404  0.25441041078419535  0.26488972412988609  0.27529114301314750
  0.28622050034479202  0.29644772246467788  0.30671634306165924  0.31712997514537428
  0.32800189596102358  0.33980454516612280  0.35208400563494663  0.36438548102796370
  0.37661112280134229  0.38829283700392991  0.39886355779027555  0.40807933330932511
  0.41684439756333153  0.42607012334150457  0.43641211617797948  0.44734637562670243
  0.45777485884807273  0.46805182472350199  0.47838335461865544  0.48887245769379106
  0.49922864312432402  0.50869038645874654  0.51777941431851859  0.52725677586114961
  0.53706033213956295  0.54637410224354976  0.55564806721229631  0.56630254206004838
  0.57841443223256683  0.58985121464943102  0.60075654551065227  0.61172401426619627
  0.62370782393429425  0.63729079824961865  0.65209356101648419  0.66634916230482544
  0.67880828525629855  0.69057143985849112  0.70072702982205659  0.71027908654275618
  0.71899411074120234  0.72794037840541348  0.73748469619472479  0.74795672503428046
  0.75783643330861028  0.76677692343420722  0.77648375449573193  0.78685463117580634
  0.79908469377735258  0.81070016478549256  0.82394035129879528  0.83626320557557454
  0.84864950812148154  0.86083005509971433  0.87218431434585664  0.88264381492254129
  0.89261477060394478  0.90300250347820987  0.91435706707591879  0.92538788038280406
  0.93510224106517992  0.94435644714518274  0.95385527570828577  0.96329089682796165
  0.97262797722342564  0.98134599034398329  0.98917290929651835  1.00000000000000000
  0.15653275215556162  0.20245287480983018  0.22437087536432770  0.23510764405233603
  0.24581974612183904  0.25476756564496300  0.26223930092367126  0.26991091440413506
  0.27823505079992245  0.28757662047465915  0.29658047450310643  0.30655155953663671
  0.31608979993533826  0.32565630660408734  0.33532126664268702  0.34380226439823725
  0.35168596154939896  0.35921860944420470  0.36690079876959147  0.37493256144711806
  0.38300289829501588  0.39043290341276343  0.39702666305897255  0.40331371440586278
  0.40944831904974599  0.41638493887122646  0.42360469862448719  0.43093670121295374
  0.43818101993893005  0.44536573994262951  0.45293584572997891  0.46108261063280920
  0.46991977090308723  0.47822830246328535  0.48604461503131968  0.49395300934181485
  0.50184506646325200  0.51067733500715751  0.51994876421268466  0.52950315650328950
  0.53801704488841606  0.54653553826823631  0.55461886365361091  0.56288119933054115
  0.57105020075116464  0.57975231495476698  0.58887989249785289  0.59848318773658715
  0.60791940124861954  0.61689410546974788  0.62587664851756064  0.63518579706126643
  0.64472576598613407  0.65415320417604983  0.66371180101793958  0.67364526937854707
  0.68358029368724382  0.69309530808731390  0.70246446234993021  0.71174750497020767
  0.72079046824833160  0.72992704306743184  0.73918405196039894  0.74855237022231436
  0.75782926417144936  0.76716384849282715  0.77644650542593663  0.78555599683070543
  0.79456538783818287  0.80360334359512620  0.81261603216669676  0.82168201798767249
  0.83115719885571115  0.84044258542151140  0.84944416702428871  0.85739621949398581
  0.86506328350627448  0.87258986450597187  0.88014887307571676  0.88795256073138273
  0.89581403003870008  0.90406536681755156  0.91185261081655311  0.91932018234206869
  0.92679210982832338  0.93423089203612608  0.94100522373790652  0.94730075929504076
  0.95337522084032666  0.95905677510592413  0.96464933769770211  0.97036173764610756
  0.97636636588964743  0.98325597747470184  0.99113345167748479  1.00000000000000000
 -0.00967058865586947  0.05782466024438782  0.08280978575235091  0.09850128210546387
  0.11025466636224185  0.12027990394656984  0.13024049150991526  0.14004230287719871
  0.14932549043047758  0.15774595862332344  0.16587293751658932  0.17345583178198815
  0.18070362402810106  0.18762672920649795  0.19434358164121351  0.20102894265710719
  0.20750211259660500  0.21328815290124462  0.21903051301715804  0.22499204839192724
  0.23134453948398484  0.23794414569625985  0.24416461593620389  0.25020783487917481
  0.25613496838517946  0.26175441308382469  0.26733136647391359  0.27317348708014821
  0.27918648376745631  0.28492674401825080  0.29101221410655886  0.29659038699405099
  0.30239996126140256  0.30825949194057761  0.31454848684444930  0.32101239469244602
  0.32740377433978535  0.33342553762116589  0.33876101890216659  0.34385745783206778
  0.34933638729324240  0.35485175674560127  0.36065938448032442  0.36659005858540111
  0.37236533047626397  0.37794433504958108  0.38345456814524176  0.38911241545509651
  0.39514674819228879  0.40112721314511879  0.40704768515006712  0.41300234068300884
  0.41905430352468487  0.42543924057487542  0.43136829167807889  0.43725695519117058
  0.44312408599489150  0.44849150471537397  0.45437308142549515  0.46079673026207513
  0.46767638810002032  0.47485447358131372  0.48224891372555745  0.49012607913177592
  0.49848676386379148  0.50690268285361784  0.51551652986494356  0.52397322635502996
  0.53233833368069372  0.54106377040566500  0.54822475388209180  0.55473351625704093
  0.56135937818716841  0.56860519771049556  0.57612042689690690  0.58371735805924263
  0.59175803616451372  0.59928163144166535  0.60668708789678139  0.61473234308026181
  0.62365414227568816  0.63351308128196571  0.64439116086651504  0.65638151526787114
  0.66886743326242615  0.68030771320653483  0.69081453028224604  0.70102026987205457
  0.71307210970204438  0.72881056355081053  0.74717248745659470  0.76809933670482233
  0.79445045532418457  0.82788454442260340  0.87277833118141346  1.00000000000000000
   1.1359229305278789E-002  -1.0000000000000000     
 F F F F F F F F F F F F F F F F F F F F F F F F F F F F F F F F F F F F F F F F F F F F F F F F F F F F F F F F F F F F F F F F F F F F F F F F F F F F F F F F F F F F F F F F F F F F F F F F F F F F F F F F F F F F F F F F F F F F F F F F F F F F F F F F
  <DiscreteSampler_grid>
  grouped_processes
  1 # 1 for a reference and 2 for a running grid.
  10 # Attribute 'min_bin_probing_points' of the grid.
  1 # Attribute 'grid_mode' of the grid. 1=='default',2=='initialization'
  0.0000000000000000 # Attribute 'small_contrib_threshold' of the grid.
  0.5000000000000000 # Attribute 'damping_power' of the grid.
 # binID   n_entries weight   weight_sqr   abs_weight
    13   10   9.500003879652213E+004   5.815436548732754E+010   9.500003879652213E+004
    14   10   9.500003879652471E+004   5.815436548733140E+010   9.500003879652471E+004
    16   10   9.465651988213198E+004   5.775965841756730E+010   9.465651988213198E+004
    17   10   9.465651988213451E+004   5.775965841757111E+010   9.465651988213451E+004
  </DiscreteSampler_grid>
