 -0.00250808087896808  0.00970057842595157  0.01992624939854271  0.03044045985259219
  0.04098000899622477  0.05152151343151412  0.06206999608895645  0.07261855909009676
  0.08316156286754008  0.09370266482984728  0.10423938994382147  0.11477974047951300
  0.12532195029001714  0.13586357344565270  0.14640617674768086  0.15694252899038200
  0.16747617915344248  0.17800175718076044  0.18853178803218756  0.19907112678039321
  0.20961500727995092  0.22015829350915256  0.23069989002425639  0.24124642671766552
  0.25179060746141790  0.26233159003592676  0.27286790039249631  0.28340761856946139
  0.29394454316192042  0.30447979461468394  0.31500786632633682  0.32552852514565800
  0.33605367388810281  0.34658711064324921  0.35713017220857129  0.36767114346514057
  0.37820996232253867  0.38875430743660827  0.39930054555618583  0.40984092318773924
  0.42037711173000547  0.43091194436889974  0.44145323885493809  0.45199451878682523
  0.46252969170959840  0.47306368352673289  0.48359766466620235  0.49413856490012070
  0.50468222200063217  0.51522995755166023  0.52577631005435022  0.53631450459680430
  0.54685144184092327  0.55739055082798195  0.56793423131629983  0.57847525138617906
  0.58901029226297696  0.59954775977034624  0.61008228044497526  0.62061932202085690
  0.63115728207086386  0.64169995464731988  0.65224233507993956  0.66278078630723380
  0.67331086670782403  0.68383916552187507  0.69436979994034520  0.70490994729247680
  0.71545209128445175  0.72599446568871484  0.73653613088481196  0.74708072673207582
  0.75762460716180935  0.76817032850566191  0.77871222075149116  0.78925410517197736
  0.79978727429219454  0.81032512209987251  0.82086299219511993  0.83141004773418137
  0.84195176750667389  0.85249473201190218  0.86303144270860388  0.87357553923325648
  0.88411473206755031  0.89465366560395609  0.90518866946448417  0.91572788809884453
  0.92626329411907904  0.93679401277124708  0.94732109279031584  0.95785300335889390
  0.96838794067087275  0.97892602781974569  0.98946288627096712  1.00000000000000000
 -0.00251133618465654  0.00961843884416820  0.01981823483050956  0.03034068987144287
  0.04088315047802171  0.05142287085078188  0.06196329958246144  0.07250268930644758
  0.08304640636233419  0.09358855098661384  0.10412693519623252  0.11466269271883194
  0.12519742258086020  0.13574044653443348  0.14627742220436937  0.15681533059523886
  0.16734454223974785  0.17788264596202200  0.18841768334576969  0.19895484619506351
  0.20948993294700313  0.22003136590966910  0.23057543685531226  0.24111202332335738
  0.25165039981226883  0.26219189785410701  0.27273639150720530  0.28327895219337540
  0.29382008245365099  0.30436181748929397  0.31490396080218924  0.32544124311844685
  0.33598481646931211  0.34652795060001351  0.35707733664610303  0.36762269335398740
  0.37816971195339250  0.38870758608413014  0.39924795083953657  0.40978632690258610
  0.42032958705083584  0.43087300243118110  0.44141349436945354  0.45195691385243997
  0.46249601607388974  0.47303441995258599  0.48356888116718000  0.49410013025746025
  0.50463443687064979  0.51516877639190806  0.52570003359973561  0.53623407492440522
  0.54677116090172773  0.55731609358773804  0.56786252427306172  0.57840879193368544
  0.58895556949683603  0.59949500237449116  0.61003385788375541  0.62056689026478340
  0.63110350045473795  0.64163197426350782  0.65216826022109142  0.66270561992859656
  0.67324347126882433  0.68377648784731593  0.69430933653701454  0.70484657658820471
  0.71538518995201206  0.72592399611722680  0.73646251893215053  0.74700300208216863
  0.75753746351852824  0.76807302907279718  0.77860961198647249  0.78914948447695377
  0.79969064929307265  0.81023428335816805  0.82077410795230865  0.83131433156133749
  0.84185481726821909  0.85239732747877950  0.86293749472331227  0.87347127803833102
  0.88400683106001388  0.89454843326176836  0.90509364779480805  0.91563994397323756
  0.92618392120375037  0.93672792080208456  0.94727495542737450  0.95781860285540188
  0.96836429360017540  0.97891234732705557  0.98945807224655014  1.00000000000000000
   2.5523567910050298E-008  -1.0000000000000000     
 F F F F F F F F
  <DiscreteSampler_grid>
  grouped_processes
  1 # 1 for a reference and 2 for a running grid.
  10 # Attribute 'min_bin_probing_points' of the grid.
  1 # Attribute 'grid_mode' of the grid. 1=='default',2=='initialization'
  0.0000000000000000 # Attribute 'small_contrib_threshold' of the grid.
  0.5000000000000000 # Attribute 'damping_power' of the grid.
 # binID   n_entries weight   weight_sqr   abs_weight
    10   10   1.322623097372511E+010   1.749331857703254E+020   1.322623097372511E+010
  </DiscreteSampler_grid>
