 -0.00234169861551751  0.00960362163638829  0.01978520927003092  0.03031186696634428
  0.04085802260463279  0.05140514046719093  0.06194619845225906  0.07248624149480068
  0.08302509764880063  0.09356623885827672  0.10410880099590716  0.11464809983670733
  0.12518868036125547  0.13573384429104934  0.14628318414950053  0.15683003700026824
  0.16737031203077424  0.17791110303140564  0.18845554816584117  0.19900001694696781
  0.20954280561979385  0.22008101339059427  0.23062087629051742  0.24115821811207083
  0.25169932161970260  0.26224207434007701  0.27278185736281879  0.28332404138493866
  0.29386421578577770  0.30441067909165437  0.31495496592041905  0.32550452171295341
  0.33604657334452553  0.34658891522990437  0.35712804779108626  0.36766309682147930
  0.37819514653431113  0.38872458048789010  0.39926457960717687  0.40980903076356717
  0.42035998488292792  0.43090638955640537  0.44144602206315248  0.45198534307845034
  0.46253113332576745  0.47307322695567189  0.48360724774943831  0.49413544817150795
  0.50466924136755731  0.51520886773225461  0.52574682023413211  0.53628371594848645
  0.54681666706554655  0.55735526337651886  0.56789935633462274  0.57844614960247309
  0.58898929724607063  0.59952796084959392  0.61007003950385197  0.62061201552755541
  0.63114651978825298  0.64168160547066289  0.65221842600065805  0.66276621704025207
  0.67330519521287546  0.68384708463542565  0.69438338515705289  0.70492476099471746
  0.71546522922922151  0.72601330447721746  0.73655678551982073  0.74709997617795887
  0.75763931405109786  0.76818493896788687  0.77872556018126649  0.78926944973605262
  0.79981309806616085  0.81035869453487197  0.82089854763117098  0.83143058191611441
  0.84196543405813085  0.85249468757065727  0.86303207144036220  0.87356966544003956
  0.88411548129931694  0.89465374692316457  0.90519119194375586  0.91571954238291087
  0.92625768308452638  0.93679434192501121  0.94734012425371938  0.95787959588795757
  0.96842281478126779  0.97895729714793867  0.98948466790133016  1.00000000000000000
 -0.00244360931494229  0.00959747329022383  0.01978430899324338  0.03030466251837917
  0.04084173750335868  0.05137894254882121  0.06191395559936197  0.07245316629948378
  0.08299398628128292  0.09353799877478433  0.10408049332985442  0.11462144570106257
  0.12516689466835629  0.13570905135890227  0.14625312785165467  0.15679075838782125
  0.16733200988009267  0.17786868751561613  0.18840725274672401  0.19894259047730070
  0.20948283514244029  0.22001956817307175  0.23055413027635963  0.24108608902987255
  0.25162580042048632  0.26217222483076846  0.27271868247351094  0.28326628212019234
  0.29381036423945284  0.30435691551853772  0.31489213412912898  0.32543321311471762
  0.33597297236896739  0.34651794213955417  0.35705699803135921  0.36759654199818548
  0.37814251405346322  0.38869264069711529  0.39923440715259351  0.40977182854987793
  0.42031060595813979  0.43085715418812265  0.44139428299140310  0.45192961399458836
  0.46246526306268149  0.47301487255633490  0.48356377476468226  0.49411111724240675
  0.50465881937263724  0.51520377776565573  0.52574933196101314  0.53629327613424471
  0.54683711884513697  0.55737108212387143  0.56790635799774947  0.57844672618936244
  0.58899628874943177  0.59954360744133572  0.61009082054518537  0.62063725566362793
  0.63117388412447484  0.64170983107975821  0.65224556489565733  0.66277623286284038
  0.67330155039176676  0.68382546336890415  0.69436042366110817  0.70490129289084702
  0.71543632125927858  0.72597274925389932  0.73650615881397807  0.74703997376835196
  0.75757701290629165  0.76811640777403067  0.77865795721768427  0.78920114393040341
  0.79974441173566291  0.81028860288577220  0.82083088241759161  0.83137111834683119
  0.84191358965525664  0.85245710528252683  0.86300332942588176  0.87355177249909333
  0.88408762052209711  0.89462278535257878  0.90515840272230041  0.91570680862752751
  0.92625677414769236  0.93679867640831771  0.94733517325623096  0.95786435333543840
  0.96840114710170944  0.97893858871027384  0.98947208165504297  1.00000000000000000
   2.5518816282795501E-008  -1.0000000000000000     
 F F F F F F F F
  <DiscreteSampler_grid>
  grouped_processes
  1 # 1 for a reference and 2 for a running grid.
  10 # Attribute 'min_bin_probing_points' of the grid.
  1 # Attribute 'grid_mode' of the grid. 1=='default',2=='initialization'
  0.0000000000000000 # Attribute 'small_contrib_threshold' of the grid.
  0.5000000000000000 # Attribute 'damping_power' of the grid.
 # binID   n_entries weight   weight_sqr   abs_weight
    10   10   1.322623097372511E+010   1.749331857703254E+020   1.322623097372511E+010
  </DiscreteSampler_grid>
