 -0.00251220049861022  0.00954813318126693  0.01972928333621708  0.03024914712890442
  0.04079256076057981  0.05132596730932449  0.06185928197803717  0.07239344574765375
  0.08293540509169969  0.09347678820641257  0.10402791107188816  0.11456265215086224
  0.12509471118782997  0.13562488205725684  0.14616981745308949  0.15671418456884273
  0.16725030517729422  0.17778794743402354  0.18833039377763724  0.19888156675269092
  0.20942785888250673  0.21997623628423618  0.23051817410038888  0.24105847781482850
  0.25159027656020944  0.26212813603073604  0.27267089261105065  0.28321517993640122
  0.29375800596455004  0.30429933830290912  0.31483982168688618  0.32538141589448100
  0.33591961517416019  0.34645725008509576  0.35699494182021091  0.36753030767533479
  0.37807168466791363  0.38861395039667729  0.39916562742438777  0.40971274848657724
  0.42025938856520950  0.43080382875912393  0.44135114704514272  0.45189874846287098
  0.46244098619676199  0.47298748046012629  0.48351632775318032  0.49405371762031436
  0.50458184666192984  0.51512789451745045  0.52567002336431645  0.53621342012216655
  0.54675650991659619  0.55729869009268052  0.56784135362245469  0.57837663553453178
  0.58891189265496779  0.59945244114433471  0.61000025476937625  0.62055217342553681
  0.63109832139382971  0.64164361621835520  0.65218399392147952  0.66272736123319220
  0.67326485753290122  0.68380041655469526  0.69433153922624835  0.70486155218518454
  0.71539394340514717  0.72593464531324792  0.73647977551065291  0.74702157706525463
  0.75755945986336537  0.76809329088463807  0.77862852237225022  0.78916205141391649
  0.79970214680417562  0.81024335775695122  0.82079061549348364  0.83132827775765739
  0.84187130954562395  0.85241340063795534  0.86295934298242805  0.87350328020969004
  0.88404816245701889  0.89459949963798224  0.90514853742849066  0.91569287122237086
  0.92623110108693507  0.93676765563903697  0.94730763574793864  0.95785296655778174
  0.96839872664745863  0.97894913743765888  0.98947730706453363  1.00000000000000000
 -0.00254176287690729  0.00951742330152489  0.01968305822980305  0.03019137894682342
  0.04073464842202616  0.05128202827927694  0.06182914202754837  0.07237452767316283
  0.08292328078386299  0.09347521469332791  0.10402059170049266  0.11455235954919715
  0.12508457043976859  0.13561944927319136  0.14616325396279142  0.15669586073284467
  0.16723197059941031  0.17777282587262416  0.18832358324104634  0.19887482930464162
  0.20942383574031592  0.21997263176230467  0.23052086775111186  0.24106991161478239
  0.25160818804668134  0.26214607863662642  0.27267435421909930  0.28321521448641324
  0.29375918978678911  0.30430328162187065  0.31484517485751262  0.32538607012267379
  0.33593674289168718  0.34648258472282700  0.35702066730068405  0.36755200852033615
  0.37807907230232185  0.38861072124551982  0.39914957533479384  0.40969147997938016
  0.42022963929305374  0.43075914281824051  0.44128837687702749  0.45182176629931980
  0.46235959375535712  0.47289837321367922  0.48343506601730984  0.49397139406813784
  0.50451647880079920  0.51506207745383459  0.52561093959658756  0.53615705854715257
  0.54670648572297331  0.55724862083201654  0.56778839582062801  0.57832778989144795
  0.58887558833853304  0.59942147863382689  0.60996822182883192  0.62051120111029945
  0.63105694038810622  0.64160024514198577  0.65214113182567612  0.66268163287968085
  0.67321538978192519  0.68375128276755659  0.69428909082932566  0.70483771749333424
  0.71538690810630134  0.72592984904214486  0.73646838343227494  0.74700606247639922
  0.75754145771010106  0.76807349331959363  0.77860915384697349  0.78915172153286939
  0.79969395363808915  0.81023251305841026  0.82077209015143848  0.83131903575915744
  0.84186907140061840  0.85241810020064768  0.86295901434500466  0.87350168816452067
  0.88404404564684169  0.89457542083971731  0.90510581552960534  0.91563109819497990
  0.92617405335306358  0.93671854280150546  0.94726939740958238  0.95781545125418055
  0.96835915911885417  0.97890318858229619  0.98945145674332879  1.00000000000000000
   2.5659191141532482E-008  -1.0000000000000000     
 F F F F F F F F
  <DiscreteSampler_grid>
  grouped_processes
  1 # 1 for a reference and 2 for a running grid.
  10 # Attribute 'min_bin_probing_points' of the grid.
  1 # Attribute 'grid_mode' of the grid. 1=='default',2=='initialization'
  0.0000000000000000 # Attribute 'small_contrib_threshold' of the grid.
  0.5000000000000000 # Attribute 'damping_power' of the grid.
 # binID   n_entries weight   weight_sqr   abs_weight
    10   10   1.322623097372511E+010   1.749331857703254E+020   1.322623097372511E+010
  </DiscreteSampler_grid>
