 -0.00252939248606071  0.00950330672463066  0.01966765709253802  0.03018700342945666
  0.04073558390138615  0.05128470516331231  0.06183687180659710  0.07238829427329380
  0.08294196519917542  0.09348978100747364  0.10403403493168593  0.11457562034153491
  0.12512384278306729  0.13567537517664885  0.14622771274246132  0.15677116133586250
  0.16731163124793214  0.17784353241987830  0.18836657774796786  0.19888530184371786
  0.20940932173392515  0.21994213276060531  0.23047640931833321  0.24101711931057471
  0.25154873101730973  0.26208413810782488  0.27261630589679059  0.28316096729906021
  0.29369788286926657  0.30423469223205052  0.31477726263367856  0.32533020580675087
  0.33587167471019164  0.34641078759336702  0.35695246018417326  0.36749028140581441
  0.37802442967497896  0.38854918618556861  0.39908558409306810  0.40962749434130197
  0.42017464645246450  0.43072016714508327  0.44126467652502127  0.45179965561793967
  0.46234161602500318  0.47287853346156195  0.48342213958185570  0.49395882859271684
  0.50450198731027718  0.51504586017210663  0.52558941012787253  0.53613391964626467
  0.54667232939322796  0.55721585370038718  0.56775756414135259  0.57830810345642925
  0.58886012331476667  0.59941216677837394  0.60996485728010397  0.62051575529590541
  0.63106302792025792  0.64160422494004687  0.65214251838030701  0.66268493685953089
  0.67322942661416951  0.68377493252089971  0.69431711152794817  0.70485847828681780
  0.71540476929766461  0.72594893190087839  0.73649873537132815  0.74703971083740739
  0.75758484768945256  0.76813216536806883  0.77867345347883821  0.78921531687461455
  0.79975581914747040  0.81030817287760715  0.82085588764031303  0.83140377046828795
  0.84194516250284390  0.85249135704243328  0.86303092167575191  0.87356829688510529
  0.88409776935350315  0.89462693237146040  0.90516185783490466  0.91570427123568765
  0.92624996602351417  0.93680095624838255  0.94734464385859329  0.95789541027906289
  0.96842888475849209  0.97896678350542410  0.98948645123369783  1.00000000000000000
 -0.00246761107822415  0.00951002823150754  0.01967422414173891  0.03018334822196359
  0.04072600441569033  0.05126866785938159  0.06181565929758826  0.07235523967420891
  0.08288997883449584  0.09342077151009376  0.10396474118615040  0.11451133946777652
  0.12505792845469202  0.13559592802012166  0.14613528098145642  0.15667873880130523
  0.16722537414947022  0.17776824633248642  0.18830175344603953  0.19883773449237591
  0.20937122733889593  0.21991565176532121  0.23045538437905144  0.24100142559961665
  0.25154637638595134  0.26209786545470681  0.27264348275041222  0.28318989833621999
  0.29373845755740757  0.30428394927590086  0.31482953309806211  0.32536689706863137
  0.33591448737693186  0.34645697294765959  0.35700157108899599  0.36753454004226294
  0.37806729662433947  0.38860416120348845  0.39915211967859715  0.40970175917482204
  0.42024633405635847  0.43079069902945594  0.44133697178776543  0.45188429001234848
  0.46242995238206203  0.47297269496950034  0.48351684176499121  0.49406211948300927
  0.50459510107052941  0.51512392785718741  0.52564864941097844  0.53618959075203865
  0.54673856507115570  0.55729272753930648  0.56783633337490902  0.57837826278051552
  0.58891624435894463  0.59945742868026264  0.60999454124559160  0.62053358397518898
  0.63108052655391866  0.64162494750913113  0.65217057880247131  0.66271469523796245
  0.67326128739611957  0.68380944988715542  0.69434968037560896  0.70489351498550867
  0.71542897560716978  0.72596626617750792  0.73650317088689454  0.74704605621917075
  0.75759145300721475  0.76813175497703001  0.77865986670245846  0.78918938415570206
  0.79971884800242921  0.81025955336626565  0.82079324480801841  0.83132447752020766
  0.84185923423030740  0.85239840634727337  0.86294339801132836  0.87347936258752301
  0.88402010858365621  0.89456550530659440  0.90511790053016405  0.91567116110015057
  0.92622466742954312  0.93677074676407046  0.94731429444469939  0.95785438500251008
  0.96839448776466386  0.97892575009883576  0.98946151743559063  1.00000000000000000
   2.5506836522913529E-008  -1.0000000000000000     
 F F F F F F F F
  <DiscreteSampler_grid>
  grouped_processes
  1 # 1 for a reference and 2 for a running grid.
  10 # Attribute 'min_bin_probing_points' of the grid.
  1 # Attribute 'grid_mode' of the grid. 1=='default',2=='initialization'
  0.0000000000000000 # Attribute 'small_contrib_threshold' of the grid.
  0.5000000000000000 # Attribute 'damping_power' of the grid.
 # binID   n_entries weight   weight_sqr   abs_weight
    10   10   1.322623097372511E+010   1.749331857703255E+020   1.322623097372511E+010
  </DiscreteSampler_grid>
