  0.00000471728636590  0.00000542886695400  0.00000592054543858  0.00000636499723134
  0.00000679898403749  0.00000726742536749  0.00000776111357293  0.00000828865200505
  0.00000879797864719  0.00000926773279272  0.00000974344250766  0.00001025422499051
  0.00001072809731946  0.00001119940849859  0.00001167754369484  0.00001221199196636
  0.00001293180648612  0.00001382527856418  0.00001479595209080  0.00001582620708571
  0.00001689813436117  0.00001800156169949  0.00001910832498757  0.00002029501446615
  0.00002156044855294  0.00002290553971352  0.00002436304427104  0.00002582501866994
  0.00002711638906109  0.00002832158707949  0.00002961696759270  0.00003110650892428
  0.00003279315829078  0.00003437888662708  0.00003612613656559  0.00003765552093241
  0.00003963815825060  0.00004171456745777  0.00004392898651770  0.00004630361050988
  0.00004892342912533  0.00005144470909643  0.00005432846750947  0.00005732440317953
  0.00006050794965139  0.00006381701781286  0.00006727544954055  0.00007114868492076
  0.00007530455887778  0.00007941085495807  0.00008372720844592  0.00008815337943928
  0.00009191470876959  0.00009631050326597  0.00010129251355261  0.00010688488636132
  0.00011316703248236  0.00011949459562823  0.00012585643654276  0.00013250552107453
  0.00013941634114408  0.00014682021516325  0.00015426991448351  0.00016177367272623
  0.00017111018701850  0.00018128070361703  0.00019145501806925  0.00020173009846941
  0.00021284910121342  0.00022639590304556  0.00024316795620766  0.00026281936520483
  0.00028483470642979  0.00031025512581195  0.00033765482641497  0.00036607696657676
  0.00039843210138433  0.00043660436621965  0.00048054078567120  0.00052623104909171
  0.00058806782688536  0.00066421531605441  0.00076266226393860  0.00086704006461989
  0.00098047377631987  0.00110277889882292  0.00125039441781635  0.00145439494368123
  0.00178800613231605  0.00224613787946646  0.00277348781816707  0.00336966796015101
  0.00412510559569577  0.00633765637388511  0.61041906459170125  1.00000000000000000
  0.00000671045420876  0.00000806284490114  0.00000874630541172  0.00000951188159601
  0.00001033610249063  0.00001126476666185  0.00001225454612982  0.00001333158696439
  0.00001453905653862  0.00001584616400823  0.00001720572233438  0.00001860056281070
  0.00002008856868617  0.00002165249100363  0.00002329255960255  0.00002499506492288
  0.00002675870071145  0.00002874008878213  0.00003099877495349  0.00003331066678821
  0.00003557758800386  0.00003796085947177  0.00004056063758194  0.00004356035767135
  0.00004666386376148  0.00004980248923391  0.00005305503723806  0.00005641834812031
  0.00005970914246037  0.00006313892604696  0.00006631237607294  0.00006972419193201
  0.00007352409086314  0.00007774991904922  0.00008232482558479  0.00008699620762731
  0.00009199360786803  0.00009704547068224  0.00010237643305878  0.00010797293088730
  0.00011384378709995  0.00012007797591923  0.00012660063251815  0.00013329266303549
  0.00014037695352997  0.00014809217187596  0.00015660224255784  0.00016504513004715
  0.00017301453711313  0.00018062344297848  0.00018835408939533  0.00019663682743835
  0.00020546478225880  0.00021503069694059  0.00022522611198076  0.00023595634974562
  0.00024746382754246  0.00026032935936007  0.00027367064436918  0.00028708643825538
  0.00030049486801225  0.00031357333183098  0.00032747956958650  0.00034267376256796
  0.00035900504110015  0.00037557666481952  0.00039324315398048  0.00041287541483165
  0.00043251394240967  0.00045211467939074  0.00047785004490002  0.00050577262915946
  0.00053876029133552  0.00057670653254476  0.00061120072447353  0.00064869646465306
  0.00069058376893478  0.00072995654498958  0.00077285966595993  0.00082066228649680
  0.00088706747431694  0.00096988967173313  0.00106247659159033  0.00115599835876208
  0.00125316550664689  0.00137225688956962  0.00154073003576447  0.00187755305426594
  0.00231520842889953  0.00284408267196970  0.00341137794928594  0.00401988929038803
  0.00515017492956171  0.00902780754539366  0.13937240108491827  1.00000000000000000
  0.00000476470691012  0.00000492390854046  0.00000495708330095  0.00000498980499044
  0.00000502246064629  0.00000506009148615  0.00000511375108787  0.00000517416909931
  0.00000527502516577  0.00000541972822111  0.00000558924032618  0.00000577574416658
  0.00000598145135982  0.00000621125415099  0.00000647760196690  0.00000674372577736
  0.00000700577734905  0.00000720869210222  0.00000741622880396  0.00000763350139143
  0.00000786605115264  0.00000812215772078  0.00000839534699611  0.00000866746839377
  0.00000892764929861  0.00000919631206988  0.00000950097462385  0.00000983596366228
  0.00001020280394588  0.00001060856579993  0.00001099681668552  0.00001135941430451
  0.00001174456515111  0.00001215836500046  0.00001262066674848  0.00001324743152181
  0.00001390350819279  0.00001460665989938  0.00001535619868838  0.00001614185887827
  0.00001692739115036  0.00001776897999696  0.00001863639671918  0.00001951869052726
  0.00002051456586006  0.00002169732594341  0.00002312588497817  0.00002466021588476
  0.00002629647501416  0.00002793923422954  0.00002934465037567  0.00003067361214340
  0.00003197267486459  0.00003331904100021  0.00003475633659660  0.00003624705621595
  0.00003773418011823  0.00003946537966438  0.00004158405075880  0.00004395314454916
  0.00004680991397118  0.00005014321876985  0.00005366466626450  0.00005722242768826
  0.00006084332345238  0.00006466230405599  0.00006857475493628  0.00007301308055022
  0.00007767647514295  0.00008272079908456  0.00008841114373590  0.00009506617389770
  0.00010299491827020  0.00011251375823232  0.00012229713051582  0.00013379277319926
  0.00014609089592861  0.00015994706566088  0.00017517146661674  0.00019251836933634
  0.00021427232187578  0.00024414497700567  0.00028289897041952  0.00032467913515795
  0.00038171281263238  0.00045190005193021  0.00055183719778577  0.00068553818803972
  0.00085164985742737  0.00115912590603767  0.00170908654348470  0.00266219918982483
  0.00458143209897378  0.00937158485570393  0.04706585826362698  1.00000000000000000
 -0.00154486497049869  0.00700500005195543  0.01305435958230501  0.01848821686346466
  0.02349784782631830  0.02893679658705492  0.03424212234138783  0.03923341228075476
  0.04436954722546137  0.04971840843180592  0.05498403363258685  0.05994894853020694
  0.06511936726248858  0.07025098565614631  0.07509087565163318  0.07950745852430895
  0.08371228429682480  0.08795272059462902  0.09236825492244802  0.09718659649932401
  0.10233110385944057  0.10770155612550412  0.11350851791619883  0.11942281684732214
  0.12620646528367682  0.13184077517688331  0.13779145723079819  0.14378455881260441
  0.14982774340193325  0.15608774448093304  0.16236462739847587  0.16827111668063888
  0.17387110161884425  0.17950551549178972  0.18508834487803885  0.19077867028883794
  0.19695237549517566  0.20316808714790074  0.20974011061565667  0.21658763163578859
  0.22299775638493316  0.22961752333459617  0.23620277971794318  0.24292624029067481
  0.25046563365508651  0.25851903129239950  0.26676966627609677  0.27503791473975575
  0.28311819304084657  0.29201474286635326  0.30171725807760469  0.31085499684169904
  0.31926247478518310  0.32760152143059523  0.33610603718299792  0.34463943135923686
  0.35344522190152322  0.36317977132042001  0.37427151276492426  0.38653247259293289
  0.39906178658750313  0.41148513517554242  0.42346576269402442  0.43464774765679054
  0.44551399432686939  0.45709724821078768  0.47022324586673414  0.48459511394932037
  0.49944929799955035  0.51520170675038068  0.53118920336730546  0.54599989468035348
  0.55967309672486842  0.57389054923392402  0.58673944408339318  0.59949302056482512
  0.61466546272426303  0.63068963848606230  0.64670528763398427  0.66608414778434732
  0.68590601228403336  0.70551400815615894  0.72503570341483559  0.74654028164812936
  0.76660517135317185  0.78717464444645613  0.80902993376659527  0.83172421460121426
  0.85364213794673738  0.86894967849719773  0.88511492945956338  0.90306800736253945
  0.92705352539662289  0.95163794513503197  0.97522329469104796  1.00000000000000000
 -0.00310869797863742  0.01001311313427238  0.02061784407632848  0.03079265486230943
  0.04088921083747873  0.05134194130652826  0.06133623656392938  0.07119450441390690
  0.07987745332148218  0.09041955022161954  0.10183827487871308  0.11539836392086210
  0.12938391772005584  0.14267023618975122  0.15503444034431019  0.16642096678249479
  0.17669486841430926  0.18573734640952619  0.19451234968059550  0.20325478832377322
  0.21200310710001874  0.22131641787566048  0.23136343452081781  0.24315656845049594
  0.25590173941624839  0.26743172215410216  0.27826340359821783  0.28932144139911181
  0.30123150588820707  0.31355341516796453  0.32551833589348939  0.33743887097950565
  0.34849670431638324  0.35877169544907556  0.36864830053581571  0.37813301007773947
  0.38760814132608162  0.39722510650541909  0.40803813727179283  0.41908596770106887
  0.42867248881653164  0.43812246101723812  0.44824302531829358  0.45958070008537200
  0.47097912750129228  0.48131187524832181  0.49111117039578167  0.50002774333218425
  0.50753613583883461  0.51564329094285521  0.52541312215471769  0.53482826418246754
  0.54397946033659683  0.55310453003205118  0.56352860082769451  0.57700673217672804
  0.58728154881117289  0.59572185944528000  0.60372999826264429  0.61217494137693584
  0.62156245187250969  0.63188307734652971  0.64251005397535654  0.65277954618075840
  0.66244723093314473  0.67198408967972934  0.68206399482959212  0.69334001423172753
  0.70538041968435627  0.71772487275194408  0.73101740302914064  0.74237114329061304
  0.75223424985474019  0.76199291858797280  0.77168087317489586  0.78335903210084412
  0.79337440383151470  0.80278173084173188  0.81213149932349149  0.82178985380435199
  0.83120566355490288  0.84063734105915977  0.84969557821463459  0.85954737513277857
  0.86946130847954484  0.88011359886452367  0.89160878845307401  0.90363791024325946
  0.91534484151302065  0.92605374789622652  0.93656344178173501  0.94739915467766289
  0.95946306934314662  0.97284003872888214  0.98628510331028374  1.00000000000000000
 -0.00358704638608347  0.01226612900605007  0.02463639994269866  0.03537386347912039
  0.04704591194987159  0.05888117477677900  0.06941423618396955  0.07871450912152669
  0.08843718571084937  0.10055373497767044  0.11114891278616305  0.12089769132491700
  0.13014054592444316  0.14112519840414411  0.15187265034761616  0.16388589865946482
  0.17705894817883727  0.19023530082855808  0.20166218254472704  0.21216754501761559
  0.22354800954248491  0.23473183360135974  0.24556931024993064  0.25568259742478333
  0.26524840760759572  0.27484910427314002  0.28449675151337905  0.29429284383923099
  0.30418670838196138  0.31398433468254655  0.32396437446465004  0.33438122539978954
  0.34535340999127773  0.35716945408451278  0.36939868030505590  0.37955351063542436
  0.38799383710924512  0.39559933027296962  0.40424926688962814  0.41367516851628383
  0.42352952416213091  0.43241249935885967  0.44114990750567706  0.45064066648736095
  0.46118363753066294  0.47197336773415488  0.48209434578330124  0.49116462021904511
  0.49940109131608468  0.50796577141174515  0.51821771235332248  0.53057910505908212
  0.54178167615425854  0.55277274074017746  0.56342171763113025  0.57323064847320870
  0.58208504563288765  0.59053183409913557  0.59997563253337527  0.61134979814590606
  0.62267573833026912  0.63401693493795375  0.64545145906082357  0.65808712141560233
  0.67124727772062676  0.68405720412512072  0.69570270840358506  0.70783065129293177
  0.72073008041550235  0.73320017120004666  0.74291489109739073  0.75195357569177379
  0.76119134040802383  0.77104838937871756  0.78043409452120605  0.79007524733043633
  0.80130491899876455  0.81417611327713846  0.82508181009224146  0.83459191916607101
  0.84438385187473819  0.85369453254680083  0.86300423105903390  0.87244870416797893
  0.88280083585263358  0.89535110472849277  0.90547426367716088  0.91445608990300886
  0.92411692178576188  0.93436617943261124  0.94403795795782719  0.95133152126839626
  0.95956251765366385  0.97057845048313751  0.98485846050091130  1.00000000000000000
 -0.00020854987494835  0.00040737499867674  0.00139563267386581  0.00200732747209563
  0.00256542685810039  0.00308482322662313  0.00355277987623255  0.00398924421633415
  0.00440860046423143  0.00480993257500380  0.00518130107489264  0.00552822275906938
  0.00588937780115835  0.00620290694971704  0.00648279626538732  0.00676621263607511
  0.00703016249993274  0.00726395238771985  0.00749987265117110  0.00773432373095330
  0.00804126106300795  0.00833649439841480  0.00861801668755829  0.00885456934350568
  0.00913125728350089  0.00944265016862637  0.00976302182615469  0.01021134194744540
  0.01077938442210345  0.01132957727962426  0.01184116906630116  0.01229988283645937
  0.01278129625032375  0.01323884649477652  0.01360892296924938  0.01398996396087757
  0.01436128863211549  0.01470458914091928  0.01515095200912985  0.01555505218666091
  0.01592672565210561  0.01631127041960480  0.01664780680552260  0.01700932947703072
  0.01739606666664978  0.01780770799910945  0.01839704281144910  0.01921107599945658
  0.01990310903927045  0.02062227178169223  0.02121708641996515  0.02178656104419602
  0.02218024419260468  0.02251092383046493  0.02283888635090177  0.02316850988077710
  0.02354125906202078  0.02408823045802176  0.02465163498145291  0.02531840476559200
  0.02584471688012656  0.02626684950614509  0.02668410921412534  0.02722243267319070
  0.02784605383821534  0.02843367553159520  0.02948695905759289  0.03073886642308197
  0.03243884798930081  0.03441907761353157  0.03642533585898647  0.03851465556175193
  0.04017982881230658  0.04113695171638845  0.04198361830349048  0.04302627595249799
  0.04355327945939479  0.04398111776368113  0.04431039419287712  0.04458293493272130
  0.04485547567256548  0.04512286496894338  0.04538547577497482  0.04564808658100626
  0.04591580128976795  0.04625101464852974  0.04658622800729153  0.04698397604838032
  0.04754200708451579  0.04830405121569635  0.04983764055347258  0.05196695073379901
  0.05876295738444876  0.08656461846036519  0.09802582668435325  1.00000000000000000
 -0.00263404884033913  0.01054331230618692  0.02280074206225885  0.03650863391025545
  0.05026845300671628  0.06284391610224750  0.07522373153590328  0.08848729112756683
  0.10374143625067800  0.11904902703452770  0.13390725840243645  0.14785063991608333
  0.16069439958603624  0.17147550081979634  0.18145443578994006  0.19179385781953498
  0.20271000972393990  0.21284763678880159  0.22306761400918579  0.23428865812964467
  0.24705696782576661  0.25979949356730953  0.27233532126939591  0.28390981626512829
  0.29468062982407905  0.30530220290547455  0.31591947256867670  0.32559813087287581
  0.33565979875012414  0.34500993943497760  0.35398645027174475  0.36310510267992097
  0.37162050692931980  0.38093475306957369  0.39137999262724893  0.40347151819646382
  0.41611529374957090  0.42722687723244407  0.43643024305575823  0.44576787365695736
  0.45504980085353969  0.46530487565356737  0.47435140264138370  0.48288158450461705
  0.49141077107961917  0.49973555410775078  0.50722159634146824  0.51434681233749302
  0.52082797359414046  0.52742818643722844  0.53505532955301160  0.54276851834284823
  0.54957150027618129  0.55647897301212346  0.56300789218971503  0.57011130432850832
  0.57751642974718631  0.58576605479472421  0.59420331086884348  0.60272833376750412
  0.61293718133607222  0.62358297445721134  0.63453453965354323  0.64532180971818509
  0.65366245823417413  0.66140367376002274  0.67011868624846460  0.68149666704235456
  0.69557906446579243  0.70934970694256194  0.72170978962574539  0.73384390720495463
  0.74687031416896144  0.75917650223603861  0.76932617982962503  0.77888307432591952
  0.78682763947285450  0.79668810513768362  0.80574867293822328  0.81488332855131740
  0.82387321976975780  0.83321050659237883  0.84253757856666678  0.85223867078630744
  0.86161011839257362  0.87401259585499502  0.88446702967315438  0.89506436758237085
  0.90557561353628158  0.91781196611639659  0.93007660514697443  0.94212486841039067
  0.95409221454249871  0.96798887265989730  0.98391870837970408  1.00000000000000000
  0.11189791556369452  0.12565982217454078  0.13821778550201541  0.15178603649232603
  0.16637062286960291  0.18524379183677175  0.20194356697256480  0.21696498055175881
  0.23262672089826403  0.24852557648328583  0.26458492510071935  0.27792238326965807
  0.29036067467605470  0.30374719801541977  0.31774814845710531  0.33048292630997306
  0.34482218976529960  0.36055897123216374  0.37555999450961264  0.38815759328300015
  0.39968753930201839  0.41065220327292357  0.42152043013414497  0.43248050940032290
  0.44386361832408322  0.45559840047117711  0.46747240935144679  0.47833051002656707
  0.48828166794892791  0.49826100186712269  0.50829827021811103  0.51918570323899893
  0.53048129247139497  0.54254384381132892  0.55474223832100089  0.56602595817009926
  0.57657989855740521  0.58648335212074765  0.59603608010361675  0.60589032862249337
  0.61688459593146228  0.62773923813378973  0.63834063159093690  0.64873617371429804
  0.65899738573399480  0.66888390654042174  0.67863226368396423  0.68794009765785769
  0.69668897349548764  0.70539064808742546  0.71451893146043555  0.72364512087374422
  0.73257729314707964  0.74103350494499853  0.74893429477460582  0.75591269955005624
  0.76269109170281701  0.76991387541925382  0.77665771298125552  0.78310970222575060
  0.78990603489092126  0.79718127408988704  0.80447714344012866  0.81172156196245904
  0.81986602153119048  0.82808371713225049  0.83541507214650335  0.84210231764362975
  0.84839856575817707  0.85459997936808940  0.86085984313475794  0.86726784184969841
  0.87408128926427175  0.88049075582951886  0.88724986716867471  0.89398949892779223
  0.90018045780069245  0.90548120808130883  0.91044841490578721  0.91533714195931692
  0.92034611952849910  0.92551118477395478  0.93060429057552652  0.93561070751816000
  0.94077470309298394  0.94618233534986795  0.95140923872184757  0.95603640881466889
  0.96021006204702297  0.96465887206582257  0.96940549671792742  0.97426288521275772
  0.97970184839520413  0.98601186421693721  0.99262326645443899  1.00000000000000000
 -0.01009125067317632  0.06057133672909558  0.08514911279552131  0.10227272764285650
  0.11656469817317497  0.12823856440232034  0.13893985017772451  0.14897317637569171
  0.15736297762795795  0.16467477122456692  0.17134266240093624  0.17731127634036489
  0.18349569105388708  0.18941386666624541  0.19579058515747003  0.20232294766703932
  0.20893753474438587  0.21586203191877099  0.22242413198784561  0.22912011075429969
  0.23530979616865744  0.24136322188609077  0.24702312748729541  0.25265747354852103
  0.25801884988248264  0.26321489596476505  0.26792088878701581  0.27232821752410147
  0.27709639701970890  0.28209835697218560  0.28727425767092868  0.29286252317351380
  0.29862814994262554  0.30408813273106949  0.30931261129847021  0.31454853683229622
  0.31972143563240218  0.32455231040627358  0.32939559365509369  0.33405427847657870
  0.33869272743259005  0.34347964896770505  0.34810963756662155  0.35280883125584739
  0.35783673557067525  0.36301531095598633  0.36809363974092324  0.37335400781330075
  0.37922243270508532  0.38589313735959352  0.39263197523693616  0.39932350762485014
  0.40575420752103308  0.41195972784655233  0.41823736678070245  0.42471528837962025
  0.43125490545289080  0.43763413485343372  0.44377420271478157  0.44968752049269339
  0.45587126414522960  0.46264451399588052  0.46967806733845829  0.47666153783209281
  0.48344623046399393  0.49015250785041248  0.49699616069511510  0.50424487997877365
  0.51241754738071721  0.52053183245607693  0.52939140604198620  0.53861929136097209
  0.54825145271986642  0.55803949642389750  0.56697710787508671  0.57554155723504485
  0.58365436803795578  0.59126719672100148  0.59933258472615658  0.60708729591679023
  0.61445488782729296  0.62404152206460073  0.63614776306089849  0.64929187497835994
  0.66352143525457175  0.67716102418220248  0.69055779462765776  0.70395244239376265
  0.71919848179696544  0.73804249348613138  0.75980801295015765  0.78244120094193703
  0.80344523137734836  0.82777432789740746  0.87005044777109675  1.00000000000000000
  0.66964722091200179       -1.0000000000000000     
 F F F F F F F F F F F F F F F F F F F F F F F F F F F F F F F F F F F F F F F F F F F F F F F F F F F F F F F F F F F F F F F F F F F F F F F F F F F F F F F F F F F F F F F F F F F F F F F F F F F F F F F F F F F F F F F F F F F F F F F F F F F F F F F F
  <DiscreteSampler_grid>
  grouped_processes
  1 # 1 for a reference and 2 for a running grid.
  10 # Attribute 'min_bin_probing_points' of the grid.
  1 # Attribute 'grid_mode' of the grid. 1=='default',2=='initialization'
  0.0000000000000000 # Attribute 'small_contrib_threshold' of the grid.
  0.5000000000000000 # Attribute 'damping_power' of the grid.
 # binID   n_entries weight   weight_sqr   abs_weight
    13   10   1.146634360633331E+003   3.274338872813774E+006   1.146634360633331E+003
    14   10   1.146634360633330E+003   3.274338872813768E+006   1.146634360633330E+003
    16   10   1.146634360633331E+003   3.274338872813774E+006   1.146634360633331E+003
    17   10   1.146634360633330E+003   3.274338872813767E+006   1.146634360633330E+003
    22   10   1.146634360633331E+003   3.274338872813774E+006   1.146634360633331E+003
    23   10   1.146634360633330E+003   3.274338872813766E+006   1.146634360633330E+003
    25   10   1.146634360633331E+003   3.274338872813773E+006   1.146634360633331E+003
    26   10   1.146634360633330E+003   3.274338872813769E+006   1.146634360633330E+003
    31   10   1.146634360633331E+003   3.274338872813774E+006   1.146634360633331E+003
    32   10   1.146634360633330E+003   3.274338872813767E+006   1.146634360633330E+003
    34   10   1.146634360633331E+003   3.274338872813773E+006   1.146634360633331E+003
    35   10   1.146634360633330E+003   3.274338872813767E+006   1.146634360633330E+003
    40   10   1.146634360633331E+003   3.274338872813772E+006   1.146634360633331E+003
    41   10   1.146634360633330E+003   3.274338872813764E+006   1.146634360633330E+003
    43   10   1.146634360633331E+003   3.274338872813771E+006   1.146634360633331E+003
    44   10   1.146634360633330E+003   3.274338872813767E+006   1.146634360633330E+003
    49   10   1.146634360633331E+003   3.274338872813772E+006   1.146634360633331E+003
    50   10   1.146634360633330E+003   3.274338872813768E+006   1.146634360633330E+003
    52   10   1.146634360633331E+003   3.274338872813777E+006   1.146634360633331E+003
    53   10   1.146634360633330E+003   3.274338872813768E+006   1.146634360633330E+003
    58   10   1.146634360633331E+003   3.274338872813773E+006   1.146634360633331E+003
    59   10   1.146634360633330E+003   3.274338872813765E+006   1.146634360633330E+003
    61   10   1.146634360633331E+003   3.274338872813774E+006   1.146634360633331E+003
    62   10   1.146634360633330E+003   3.274338872813769E+006   1.146634360633330E+003
  </DiscreteSampler_grid>
