  0.00000478557162757  0.00000503084312233  0.00000531821666966  0.00000574729454286
  0.00000622161332029  0.00000662652776133  0.00000706907023882  0.00000755697903536
  0.00000811307016437  0.00000880215538408  0.00000947415479170  0.00001015442120478
  0.00001089275327979  0.00001172654245036  0.00001261054515115  0.00001348153123179
  0.00001440249887632  0.00001543464234441  0.00001662095337835  0.00001789782251459
  0.00001920634155621  0.00002059025926055  0.00002208643831545  0.00002378430786751
  0.00002561230231968  0.00002765885588680  0.00002977286763869  0.00003201692868148
  0.00003460002718254  0.00003752545129300  0.00004056984775400  0.00004374945330855
  0.00004701736769008  0.00005061305569146  0.00005466901789968  0.00005929201097803
  0.00006452822861882  0.00007027495435330  0.00007627466214213  0.00008245656930342
  0.00008916071318851  0.00009675770710354  0.00010468929970704  0.00011340107346010
  0.00012271404382105  0.00013301445356015  0.00014433771592804  0.00015660037110842
  0.00016966719759223  0.00018394416775246  0.00019887240825422  0.00021477713845968
  0.00023228808488517  0.00025032623991351  0.00027129105426480  0.00029331960384870
  0.00031772834906647  0.00034504384816889  0.00037329706984588  0.00040420622658779
  0.00043721930180693  0.00047341585614911  0.00051431143963326  0.00056162473094723
  0.00061472793367324  0.00066893273524188  0.00072777204796912  0.00078360658451088
  0.00084510079625273  0.00091235735949673  0.00098923811685101  0.00107805119512945
  0.00117708897543690  0.00128464884108010  0.00140004150725691  0.00152855364422380
  0.00167468126362469  0.00182866166131706  0.00198173595134628  0.00214307141911034
  0.00232116144466695  0.00252481135328596  0.00276551637544482  0.00306855708343942
  0.00348922679690615  0.00409694205045556  0.00477528343388478  0.00570347030168378
  0.00680427673929957  0.00792100654609923  0.00896845688455238  0.01015561264649288
  0.01203548608138296  0.01915907860106698  0.48028941970716543  1.00000000000000000
  0.00000634677019928  0.00000701231908644  0.00000748562093525  0.00000788080690770
  0.00000822378578940  0.00000853330750633  0.00000885290608934  0.00000918424915529
  0.00000954970639007  0.00000995162270974  0.00001037081350504  0.00001083108575416
  0.00001131760154272  0.00001178848775325  0.00001223978290010  0.00001268705031009
  0.00001319842807119  0.00001369027848235  0.00001422368110755  0.00001477303419275
  0.00001534731549275  0.00001594829500057  0.00001656845848028  0.00001723016556702
  0.00001789163773345  0.00001852578200496  0.00001917209119417  0.00001984467559179
  0.00002055097836947  0.00002129478572947  0.00002208878806142  0.00002294058964524
  0.00002382412494955  0.00002471504988768  0.00002565475206740  0.00002663519468432
  0.00002768862103187  0.00002870506686216  0.00002984428533084  0.00003110074165596
  0.00003238212990781  0.00003374160767718  0.00003528450875148  0.00003688672890293
  0.00003859405560971  0.00004041226940476  0.00004228304113616  0.00004414963712779
  0.00004606411709602  0.00004806721215308  0.00005010143517860  0.00005233814749887
  0.00005483026492791  0.00005742871046971  0.00006017741037274  0.00006315864118167
  0.00006643041778712  0.00006985754093035  0.00007362287649045  0.00007746049345192
  0.00008183543978488  0.00008673392706683  0.00009164672300989  0.00009739340434291
  0.00010332598073049  0.00011071555823304  0.00011903659156878  0.00012850833850561
  0.00013848348785661  0.00014881586509228  0.00015995704809112  0.00017237707721628
  0.00018655948237922  0.00020131196771035  0.00021784954116098  0.00023800657135049
  0.00026257139334356  0.00029223377990727  0.00032595163080516  0.00036489047203744
  0.00040947445404912  0.00046207173268352  0.00052499494571488  0.00060379611572064
  0.00070061410610775  0.00081248687585349  0.00094383862744958  0.00110576359584580
  0.00132766131906550  0.00164341846578309  0.00207850662690834  0.00282538900538576
  0.00445778380209677  0.00827375784161265  0.15098972708625150  1.00000000000000000
  0.00000268293100257  0.00000853950958104  0.00001043146728381  0.00001204912935564
  0.00001350891136865  0.00001502336823491  0.00001680821960944  0.00001874014197523
  0.00002050408200979  0.00002209130580174  0.00002373430955201  0.00002552031243701
  0.00002736647649854  0.00002923300065697  0.00003117561798070  0.00003321932347937
  0.00003542539633245  0.00003777365768558  0.00004040400044682  0.00004319344687617
  0.00004609485442052  0.00004912374942490  0.00005249464278012  0.00005614613045475
  0.00006003857680917  0.00006399233470516  0.00006797101310241  0.00007215971998601
  0.00007665582321057  0.00008139893854760  0.00008673172151063  0.00009195092362915
  0.00009785640179276  0.00010379352225104  0.00011047841571857  0.00011741726272934
  0.00012503330176039  0.00013309528853172  0.00014162903998211  0.00015078565256806
  0.00016054253780768  0.00017095713957226  0.00018217068372074  0.00019388149484983
  0.00020697354479473  0.00022092565717637  0.00023661519869641  0.00025288775572324
  0.00027003128820282  0.00028883252729369  0.00030934948195155  0.00033070246208431
  0.00035352061785666  0.00037748368344129  0.00040253015730841  0.00042877526488874
  0.00045683143257028  0.00048848595442646  0.00052581450731790  0.00056834008399030
  0.00061203670655875  0.00065244887057710  0.00069460060870742  0.00073855303494023
  0.00078925292568496  0.00084292462698796  0.00090644343285340  0.00097928235712864
  0.00105643848156840  0.00113142334952934  0.00120089215636783  0.00127308272000143
  0.00135565340232344  0.00144830103440509  0.00155467753165573  0.00167491891352369
  0.00178802496461586  0.00189444547103359  0.00199888792184261  0.00212055354246932
  0.00227754476299199  0.00247028891230352  0.00269687670589804  0.00295952721879973
  0.00329938336771068  0.00367738523241486  0.00405797658685550  0.00439317655517221
  0.00469906110885107  0.00501880176315314  0.00536869397524471  0.00588462253179637
  0.00724570041099046  0.01098030128646937  0.53454600155003451  1.00000000000000000
 -0.00267493996033705  0.01081088063457734  0.02185983259556801  0.03332507803981967
  0.04358023835949233  0.05347680900950868  0.06303261462931668  0.07393206551155504
  0.08491695174684069  0.09572813189366171  0.10658468034031410  0.11735711763084110
  0.12771307115153305  0.13824293188700973  0.14920894055716644  0.16144294405980808
  0.17374556040988476  0.18572892477054367  0.19643936611828733  0.20593736247851208
  0.21510493714425866  0.22428467916568967  0.23362140020384622  0.24350173515533166
  0.25376319457934715  0.26448805804588243  0.27561240826882866  0.28701916534353461
  0.29834053646712339  0.30903144707226249  0.32029705376369411  0.33173657914943572
  0.34338121880120043  0.35425433068181239  0.36466269571609478  0.37497257757593377
  0.38548362648371981  0.39636588034732434  0.40731120579094426  0.41805209575082170
  0.42965797207336348  0.44192278178041000  0.45411814308161519  0.46570800684575425
  0.47667774573795851  0.48777665955958499  0.49895657867403093  0.51089009734361346
  0.52233859146410688  0.53376757960335408  0.54438665835516020  0.55493678135729818
  0.56485583112283699  0.57521302754606485  0.58553542755930266  0.59637313382637758
  0.60756887211352739  0.61959808498335966  0.63140420482107884  0.64278970314412698
  0.65398764862642500  0.66499678853714106  0.67532272429822415  0.68533227384897644
  0.69598402152301697  0.70709493316171745  0.71823935365242453  0.72889223274432824
  0.73958694385950741  0.74994232300027797  0.75959674121931575  0.76875102530289052
  0.77778938447461898  0.78698670244178148  0.79647593313391885  0.80667385423535642
  0.81708592884906173  0.82757416633569536  0.83817046814298679  0.84851244932078507
  0.85916696725720543  0.86891483975377737  0.87863253198367852  0.88811368213105102
  0.89737947599041334  0.90659007892357746  0.91597441956005077  0.92589057732957403
  0.93556034457598625  0.94489690184738373  0.95410093573435373  0.96301897699942984
  0.97203608746994619  0.98133006450767457  0.99072094656053478  1.00000000000000000
 -0.00224221206240110  0.00974660769316302  0.02026473494004712  0.03001152442805099
  0.04042787032094489  0.05064397926998143  0.06165478372255623  0.07214529858463713
  0.08216453807622602  0.09226301904482342  0.10296610839455637  0.11433333192864766
  0.12592123507507363  0.13642479994338608  0.14646830697331475  0.15615468118002968
  0.16587201683158212  0.17577530073757561  0.18539023299577734  0.19687731660692862
  0.20830075094372000  0.21938871190779602  0.22961192827542845  0.23971768378466959
  0.24937676031589801  0.25942601077115124  0.26960037483294413  0.28055972361640380
  0.29133273820188132  0.30293586832643565  0.31456570730583161  0.32604147622235197
  0.33712566011285344  0.34782854195916713  0.35889614602194353  0.36973117020492507
  0.37999716678211259  0.39004572022385647  0.39996991103064078  0.40959738286056868
  0.41940112819559572  0.42927824442519041  0.43981965327469330  0.45063753718597915
  0.46135114340107602  0.47188047899743985  0.48202287868244104  0.49210468382343875
  0.50272677671548160  0.51379290746239348  0.52436239758103020  0.53417956795421040
  0.54388036330928213  0.55400635880991400  0.56423841849404710  0.57404773525002684
  0.58397753624583615  0.59359271299459371  0.60371145661857351  0.61380514529372909
  0.62451251378132455  0.63529626835193054  0.64605608281436788  0.65691710497351097
  0.66814456233540997  0.67960068370609639  0.69131910214770032  0.70298440543208485
  0.71431973685974770  0.72584949483783368  0.73639758886746531  0.74613168878691705
  0.75582431695938346  0.76614591172632862  0.77702321303545840  0.78730476301663388
  0.79810520138326502  0.80971488248149992  0.82107063850714590  0.83245940441807620
  0.84399680362791152  0.85609318154380032  0.86830173970317426  0.87973706534040441
  0.89097232568785245  0.90149075958421665  0.91141881573478944  0.92198485948730469
  0.93159382842743488  0.94035778887172283  0.94933048786976371  0.95870010745283329
  0.97010068991981235  0.98053573078258405  0.99029774372813750  1.00000000000000000
 -0.00237495114214427  0.00946635470013090  0.02016660002420534  0.03107409929493335
  0.04208298336363285  0.05310142337448150  0.06392514445740970  0.07492481638882913
  0.08543784131057416  0.09577478971297637  0.10564558836604555  0.11554484707118394
  0.12593029112085616  0.13717073129221574  0.14882270172615533  0.16049488784513480
  0.17151888806556731  0.18280338360555251  0.19426803208107876  0.20588265499587077
  0.21719485607416794  0.22882506015760065  0.24094521736225832  0.25314322927441130
  0.26474133355307555  0.27489003233952769  0.28457798498142833  0.29427151944029922
  0.30496251011459619  0.31547740876911651  0.32571846832960211  0.33622678284785312
  0.34732622729233742  0.35943410010601234  0.37164992433435262  0.38301356696778849
  0.39412336905974921  0.40489129669293561  0.41616375148747026  0.42754204299592868
  0.43886717552279741  0.45016402846810905  0.46127183363403829  0.47181287874501793
  0.48190917389240850  0.49186249372194740  0.50171357456602428  0.51193875306992209
  0.52206987735703403  0.53318707499590678  0.54362136209163092  0.55410519694792215
  0.56480943466705846  0.57533468503301555  0.58662769571518325  0.59710240529679026
  0.60785337983006127  0.61770537400679282  0.62716219514873717  0.63681387146031365
  0.64656976504640284  0.65612032785781249  0.66554805151441987  0.67497513105140994
  0.68503121488074004  0.69529591352401876  0.70561890642061786  0.71637201671142803
  0.72728576364289144  0.73783589797918192  0.74743090916268629  0.75696775591121879
  0.76669985037275790  0.77714279458205326  0.78692556759095977  0.79650153179173255
  0.80611531985830043  0.81614426434823706  0.82696767723895481  0.83751017583484555
  0.84766057230531822  0.85799593150954534  0.86776474793941216  0.87719427541447248
  0.88659944349024611  0.89657108922650108  0.90764548826817903  0.91848703953217614
  0.92894284897303125  0.93908415854357108  0.94916301149399485  0.95892195676565029
  0.96846086648537510  0.97832247015898088  0.98892685611333830  1.00000000000000000
 -0.00008381708179868  0.00013641881611344  0.00045947516791414  0.00085894589289592
  0.00108086221059178  0.00129104658514206  0.00149230725187269  0.00169384008331482
  0.00190049291039382  0.00211035389473414  0.00232275543243817  0.00252539112498990
  0.00272468855958596  0.00292568053160513  0.00312589602551790  0.00332542907402418
  0.00352099821835854  0.00371897727612964  0.00391994058665870  0.00412344150504163
  0.00433222800047512  0.00456226486620264  0.00480215586796069  0.00504562595381315
  0.00528910225476738  0.00553758506956334  0.00578624657958122  0.00603847933164517
  0.00630195403245092  0.00658087149409851  0.00686964885823050  0.00715744042705383
  0.00743909213242161  0.00772599970909200  0.00802807366812751  0.00835170888983984
  0.00866684685687586  0.00893118138001190  0.00916704945913018  0.00939626074749681
  0.00961528019101114  0.00985936090014903  0.01012586326714364  0.01038275604445722
  0.01066612007948420  0.01088341852611533  0.01104036068133996  0.01120275762470295
  0.01137548739382075  0.01154629000333422  0.01171023999575129  0.01187418998816836
  0.01218124520816432  0.01250857499422692  0.01297228871110788  0.01362352535012709
  0.01426207334268488  0.01470122001522582  0.01508852827004619  0.01546426121582284
  0.01583099607214394  0.01624755695266982  0.01676269608418043  0.01734394163012794
  0.01780783531707816  0.01819413439051035  0.01854201986421943  0.01889595674549537
  0.01931028013076567  0.01966916414144571  0.02005400899347761  0.02085850223147085
  0.02186211652433383  0.02269403131620701  0.02337049224865850  0.02380747873404578
  0.02412611737449674  0.02446487663931239  0.02505657669063386  0.02555208291424069
  0.02599743444380364  0.02640994306344039  0.02669847363924461  0.02720780517225590
  0.02779862270693412  0.02842287354099053  0.02947627755637786  0.03169223694272449
  0.03576362738557706  0.03850256846483272  0.04050244683222078  0.05254681280801908
  0.06932167275963624  0.10427488423578901  0.11496805944456021  1.00000000000000000
 -0.00216569400956244  0.00771343821389630  0.01653268282360958  0.02518288457083162
  0.03397728262891032  0.04316655623934212  0.05264141752252233  0.06231356356421180
  0.07231071976421560  0.08249595528213248  0.09248520401157197  0.10219536948375262
  0.11191779999847920  0.12190225959459704  0.13220748419750106  0.14272105573872410
  0.15337004634943383  0.16413252584318125  0.17478780490942414  0.18517558132816414
  0.19536025364819493  0.20556564358482168  0.21623126259912087  0.22744275545930631
  0.23879924105812952  0.25024491970379698  0.26213986590151628  0.27433549510013316
  0.28621693763239092  0.29724504340409447  0.30804881915471555  0.31912288481467510
  0.33084441820346350  0.34235285096243551  0.35393085971656368  0.36597751548752544
  0.37846870533599697  0.39039086053602640  0.40212316047542573  0.41359369347157010
  0.42420459836478919  0.43401118227271118  0.44398424256767044  0.45497945250795502
  0.46658376243428873  0.47765156636438971  0.48850678269166081  0.49915668712257216
  0.51028446704608332  0.52170462585962296  0.53274317777584113  0.54308212627749586
  0.55222698323135899  0.56181142594955857  0.57295697304312443  0.58416853922595069
  0.59533068642240838  0.60705066673173913  0.61978906101249631  0.63219529693988963
  0.64425005440763738  0.65623396495500286  0.66805477769648891  0.67977136795272963
  0.69163252779195161  0.70355911337076449  0.71504288114029269  0.72579769200269395
  0.73620659520854426  0.74638975128777052  0.75623704189206320  0.76636094769225394
  0.77724776296727094  0.78848509279572288  0.79904827762002928  0.80920578835632162
  0.81970493426797575  0.83043567192897594  0.84086399952896651  0.85106402157233574
  0.86137524117480313  0.87187572268423208  0.88170420016628159  0.89101973314503913
  0.90027501881854277  0.90939249778074749  0.91839503206134121  0.92722534539538737
  0.93577357878137135  0.94408597708385400  0.95235959810356663  0.96093628731123149
  0.97012804960573706  0.98003156830254068  0.98981399431511852  1.00000000000000000
  0.03937678515324700  0.06283979449335100  0.07863058413203251  0.08738084356121904
  0.10268524447932972  0.11934471418213156  0.13025308929600632  0.13979808553741474
  0.14954930518758150  0.15983455500890487  0.17000576132789030  0.17934718416511944
  0.18810779990958998  0.19683795386326725  0.20535417650822707  0.21445444310486000
  0.22439478906969310  0.23578795136657010  0.24749066873294728  0.25973212587564282
  0.27218770429994438  0.28447061266041890  0.29632280024767144  0.30794219158609509
  0.31938899279553756  0.33036952022329252  0.33999991255139511  0.34900126085505673
  0.35835435513481845  0.36798483248798053  0.37774744250314057  0.38716408799961172
  0.39654574007528420  0.40640553447570399  0.41675633997338629  0.42683122813410873
  0.43682120015451043  0.44679996155792168  0.45654074686388696  0.46580671756397635
  0.47474620927356403  0.48438350130242697  0.49397847747682466  0.50342470138811946
  0.51287160221234374  0.52221424538940908  0.53172623449748446  0.54107225648870572
  0.55000291053695849  0.55850199154750479  0.56713982214994685  0.57628396353668088
  0.58580792061376663  0.59548932553719047  0.60495844847941682  0.61452132619279265
  0.62421911202969327  0.63385331913618637  0.64326580107998921  0.65248912935181091
  0.66129063950076883  0.66961683905000191  0.67775151206750883  0.68581817669365486
  0.69371961606857591  0.70164283745170941  0.70971448022070727  0.71772041876109904
  0.72561056429749693  0.73330915768002758  0.74113452653901180  0.74936919960630166
  0.75825334905203345  0.76707374218828017  0.77588851083601862  0.78473752283539366
  0.79370500450243742  0.80259777441783298  0.81074341585004961  0.81886439349680140
  0.82737707159353213  0.83642913356687165  0.84560882198342813  0.85468222284088791
  0.86414536152859511  0.87410402317845159  0.88429053308513028  0.89447490444447086
  0.90462337161419870  0.91489552256557305  0.92522398114978777  0.93598093215298206
  0.94783578852379702  0.96117592944355068  0.97775965728075465  1.00000000000000000
 -0.02040152353699198  0.12726643669377938  0.17367447610071471  0.20540555077632247
  0.23442873736964320  0.25735868534404399  0.27673742786202493  0.29463510006593480
  0.31096695751684511  0.32563766053787219  0.33947964180434542  0.35263305475412199
  0.36515801213128640  0.37738973349201976  0.38984114003618309  0.40153685916293952
  0.41215556482172039  0.42176185246096215  0.43061725061831463  0.43931992378386897
  0.44789191110683590  0.45650707576781729  0.46527300569105967  0.47427143192262688
  0.48325615992658261  0.49210604012561426  0.50040693569956041  0.50805355967698518
  0.51534471339967536  0.52246820941369410  0.52961010818922993  0.53672375494259128
  0.54346608135306473  0.54975067345058937  0.55606911037803497  0.56253715839518548
  0.56882546115704369  0.57466486699146713  0.58019388266769378  0.58619938829133855
  0.59265270433400996  0.59928663390112846  0.60567648748242209  0.61162172077665045
  0.61728785367481098  0.62290642565669796  0.62830699239072785  0.63353915186501042
  0.63869180007635384  0.64382211994103933  0.64922808244943353  0.65490078867452539
  0.66057280330219426  0.66595753917475353  0.67119190451935085  0.67641241060877533
  0.68158874256168855  0.68699383379919765  0.69243220026157859  0.69785816000444945
  0.70335884773005508  0.70869631514561182  0.71405010439345085  0.71949186483298133
  0.72492837856129544  0.73016285772644007  0.73497213498444658  0.73976353245137327
  0.74465478935622686  0.74963439977390489  0.75490251366349415  0.76017211941870799
  0.76511869806442023  0.76999613552243873  0.77503830875920021  0.78022261702304319
  0.78568792894661699  0.79135590376917686  0.79686848800090038  0.80234974097829204
  0.80789551942025295  0.81396854675772257  0.82076345291063801  0.82779820877845822
  0.83471520816463762  0.84128676578592154  0.84805860114803810  0.85500524178426074
  0.86335801339616502  0.87191446253342175  0.88129095673053037  0.89199988938310382
  0.90430713569817889  0.91956612835449236  0.94359237931014484  1.00000000000000000
   3.4742312186250703E-004  -1.0000000000000000     
 F F F F F F F F F F F F F F F F F F F F F F F F F F F F F F F F F F F F F F F F F F F F F F F F F F F F F F F F F F F F F F F F F F F F F F F F F F F F F F F F F F F F F F F F F F F F F F F F F F F F F F F F F F F F F F F F F F F F F F F F F F F F F F F F
  <DiscreteSampler_grid>
  grouped_processes
  1 # 1 for a reference and 2 for a running grid.
  10 # Attribute 'min_bin_probing_points' of the grid.
  1 # Attribute 'grid_mode' of the grid. 1=='default',2=='initialization'
  0.0000000000000000 # Attribute 'small_contrib_threshold' of the grid.
  0.5000000000000000 # Attribute 'damping_power' of the grid.
 # binID   n_entries weight   weight_sqr   abs_weight
    31   10   2.359707199523534E+002   1.212898785279614E+005   2.359707199523534E+002
    32   10   2.359707199523533E+002   1.212898785279615E+005   2.359707199523533E+002
    40   10   1.443559195314938E+002   6.557775802545532E+004   1.443559195314938E+002
    41   10   1.443559195314937E+002   6.557775802545536E+004   1.443559195314937E+002
    55   10   2.359707199523534E+002   1.212898785279614E+005   2.359707199523534E+002
    56   10   2.359707199523533E+002   1.212898785279615E+005   2.359707199523533E+002
    64   10   1.443559195314939E+002   6.557775802545533E+004   1.443559195314939E+002
    65   10   1.443559195314937E+002   6.557775802545532E+004   1.443559195314937E+002
  </DiscreteSampler_grid>
