 -0.00244181508295496  0.00959235151667212  0.01976080095075559  0.03026544531649421
  0.04079414504798708  0.05132998846161774  0.06187030109321598  0.07241402159729837
  0.08295811093853099  0.09350369181416857  0.10405138382449274  0.11459910121246741
  0.12514047905082804  0.13567253121548178  0.14620470253868448  0.15673994853495793
  0.16727843218302599  0.17780831049847126  0.18833952449808161  0.19887561756435651
  0.20941640260579322  0.21995775374415491  0.23049284849881696  0.24102925463397049
  0.25156477129493782  0.26210739387021775  0.27265304737562412  0.28319707597244703
  0.29374094794915656  0.30428130254551744  0.31482303994347893  0.32535412830911026
  0.33588332478201138  0.34641638444616785  0.35696032092453578  0.36751085065561290
  0.37805996065514869  0.38860936500638898  0.39915892253996144  0.40970500640948754
  0.42025065774901049  0.43079638724286140  0.44134503080884896  0.45188933192468794
  0.46243385728743169  0.47297833671195255  0.48352069458419666  0.49406302612312925
  0.50460988455858546  0.51514490509917954  0.52568028544175471  0.53621412717699046
  0.54676159002466174  0.55730177971747574  0.56784009727567553  0.57838356420912196
  0.58891732132506014  0.59945321796176376  0.60998773505271775  0.62053491445137932
  0.63107925159747424  0.64162548629452487  0.65217360533102664  0.66271987830210644
  0.67325947884594461  0.68379501511202212  0.69432744992226003  0.70485320320286182
  0.71538604541955741  0.72592666634582370  0.73646723262634628  0.74700496523032978
  0.75754141711126910  0.76808922449117045  0.77863803202200466  0.78918591914681002
  0.79972916589851750  0.81027314875009449  0.82081369177176633  0.83135978271208810
  0.84189596022306268  0.85243351482680385  0.86296993115826393  0.87351606989083419
  0.88406422173929622  0.89461490055342019  0.90515605011235090  0.91568897529329796
  0.92622246478509462  0.93676482836056374  0.94731157360020024  0.95784684248865537
  0.96837652781484074  0.97891066132355165  0.98945297391788034  1.00000000000000000
 -0.00240124077523660  0.00950998413382663  0.01966766214831006  0.03018673570656388
  0.04072846951433684  0.05126108747957804  0.06179860646234254  0.07234177406267429
  0.08288842082140990  0.09343194443498960  0.10397321396873051  0.11451941331040176
  0.12506829308967060  0.13561295967098333  0.14615722987724367  0.15669629247625677
  0.16723456168046313  0.17777360648434334  0.18831435968700344  0.19885263700713438
  0.20939146897975286  0.21992759493179287  0.23046945707246622  0.24100404130796846
  0.25154030010196027  0.26207769460345698  0.27261626955283780  0.28315863401690428
  0.29370388197099428  0.30424830277390980  0.31478524368597571  0.32532042712853987
  0.33586357218815716  0.34641371096612972  0.35696422458337979  0.36750893344176211
  0.37805418396270113  0.38859660807224938  0.39914007006198882  0.40968221033194663
  0.42021673755146843  0.43075352558373609  0.44129128297770481  0.45183918276033974
  0.46238213706107695  0.47292288051272807  0.48345991945673722  0.49400254467701571
  0.50454973046229601  0.51509705242830728  0.52564067433728079  0.53617877858170671
  0.54671910188814565  0.55725979262139569  0.56780275260965241  0.57834002699852782
  0.58888261019731269  0.59942644797795253  0.60997046583831183  0.62051263645660681
  0.63105563722661595  0.64160711513600699  0.65215519297708624  0.66270065491166019
  0.67324401923598376  0.68379119934929333  0.69433858173791219  0.70487853331663164
  0.71541878501822109  0.72596172448732321  0.73651383393950820  0.74706481524440216
  0.75761487618849666  0.76814979449036336  0.77867845374547584  0.78919987041624640
  0.79972756694956160  0.81025727566774941  0.82079263264067048  0.83133584994879950
  0.84187761350693524  0.85241831165715998  0.86295326944047190  0.87348874705421065
  0.88402368388613495  0.89456530938218126  0.90511018443143598  0.91565485042274997
  0.92619812225604625  0.93674424308902315  0.94729006367534208  0.95783351328008715
  0.96836984269742943  0.97891195451187607  0.98945282572117532  1.00000000000000000
   2.5524562920200154E-008  -1.0000000000000000     
 F F F F F F F F
  <DiscreteSampler_grid>
  grouped_processes
  1 # 1 for a reference and 2 for a running grid.
  10 # Attribute 'min_bin_probing_points' of the grid.
  1 # Attribute 'grid_mode' of the grid. 1=='default',2=='initialization'
  0.0000000000000000 # Attribute 'small_contrib_threshold' of the grid.
  0.5000000000000000 # Attribute 'damping_power' of the grid.
 # binID   n_entries weight   weight_sqr   abs_weight
    10   10   1.322623097372511E+010   1.749331857703255E+020   1.322623097372511E+010
  </DiscreteSampler_grid>
