  0.00000495402111742  0.00000517778138025  0.00000533176256180  0.00000548336702035
  0.00000563811602647  0.00000580047715356  0.00000597185838214  0.00000615442934510
  0.00000635353904437  0.00000656457053317  0.00000678884964219  0.00000700948710012
  0.00000723601591920  0.00000746500909226  0.00000769430018661  0.00000792830396024
  0.00000817092100896  0.00000842880295788  0.00000869526826133  0.00000896789406900
  0.00000925631450417  0.00000956892098990  0.00000990034043792  0.00001023181293030
  0.00001055768209680  0.00001089102368122  0.00001124983424194  0.00001165206830827
  0.00001204927351044  0.00001247031042233  0.00001290402996076  0.00001334662567778
  0.00001379846239570  0.00001425887497301  0.00001474261127078  0.00001525504700472
  0.00001578652428232  0.00001634269142000  0.00001694397271273  0.00001759174240602
  0.00001825914227892  0.00001894697782806  0.00001965906593465  0.00002041765758723
  0.00002119148618970  0.00002203169784004  0.00002293408355351  0.00002392316849487
  0.00002493594374156  0.00002596095113856  0.00002705625884165  0.00002820510489799
  0.00002945189238966  0.00003087849292031  0.00003234149609985  0.00003382268507161
  0.00003536726675658  0.00003702080232089  0.00003879280077330  0.00004063677983447
  0.00004257716658478  0.00004465584976337  0.00004690504903588  0.00004934775406116
  0.00005196980201211  0.00005487393659995  0.00005806731722898  0.00006148883490957
  0.00006519278476767  0.00006915362671441  0.00007350111300702  0.00007840865707837
  0.00008401649088372  0.00009029533202723  0.00009725017318070  0.00010490967573856
  0.00011357059651801  0.00012341399449798  0.00013439324264021  0.00014618888437192
  0.00015932140531103  0.00017487625043799  0.00019417717765405  0.00021812690055906
  0.00024711626200453  0.00028438599881809  0.00033181264572799  0.00039521755103069
  0.00048466810021910  0.00062189008875052  0.00084754167071907  0.00128865745093813
  0.00243258223199534  0.00637479414838610  0.68604159210770277  1.00000000000000000
  0.00000531748101829  0.00000550168169704  0.00000561532988431  0.00000572364332755
  0.00000584104371899  0.00000597643197273  0.00000612584445719  0.00000628340465733
  0.00000645333925505  0.00000661714000253  0.00000680543931632  0.00000700737871033
  0.00000721124883101  0.00000743285040653  0.00000769152141435  0.00000798290905855
  0.00000829938580235  0.00000860321339727  0.00000889870649736  0.00000919484143989
  0.00000951116086192  0.00000987037676018  0.00001025888346600  0.00001068739045139
  0.00001115290338824  0.00001166362739247  0.00001221139456492  0.00001276070239454
  0.00001330459298049  0.00001387446772057  0.00001444229424842  0.00001505749839657
  0.00001568636897605  0.00001633802897110  0.00001701581278168  0.00001773132268542
  0.00001847542799572  0.00001926723789644  0.00002014866755788  0.00002106771061635
  0.00002201248626896  0.00002298694516689  0.00002405122794511  0.00002509969298076
  0.00002625101960631  0.00002745095110579  0.00002868702772402  0.00003000373769542
  0.00003142090732399  0.00003293713586032  0.00003452100194399  0.00003621071643826
  0.00003798309858942  0.00003985537461989  0.00004186259165325  0.00004397295531214
  0.00004620160508008  0.00004856180901848  0.00005101687201576  0.00005355719312492
  0.00005618650831508  0.00005887188633049  0.00006183609659085  0.00006509749411228
  0.00006865303124983  0.00007252412207166  0.00007665663902965  0.00008099975470605
  0.00008570289552507  0.00009083862020628  0.00009660568261129  0.00010317869590324
  0.00011012889600339  0.00011796473360226  0.00012679636130945  0.00013724485663653
  0.00014834473061576  0.00016033210701822  0.00017380615901368  0.00018857239126124
  0.00020511729054432  0.00022407102514469  0.00024541526164098  0.00027084795114009
  0.00030453601716247  0.00035018333049930  0.00040777966252882  0.00047845367213142
  0.00057709156570758  0.00071487995877321  0.00095337229143552  0.00136605448742719
  0.00236764195682792  0.00546653385442514  0.12328590184254513  1.00000000000000000
  0.00000511402609977  0.00000606456559687  0.00000672432169158  0.00000734125591418
  0.00000795592610035  0.00000860659868327  0.00000930184201573  0.00001001788924253
  0.00001070683492975  0.00001136797004808  0.00001204461449327  0.00001278765511827
  0.00001360781500063  0.00001440794914114  0.00001516623119061  0.00001589591851474
  0.00001663355123836  0.00001739108510333  0.00001814585034405  0.00001889973043350
  0.00001968119446542  0.00002050113629384  0.00002135532389895  0.00002226426542926
  0.00002323588208405  0.00002425860713693  0.00002526290220217  0.00002629649155211
  0.00002737111551010  0.00002845290941141  0.00002950513811310  0.00003071947525961
  0.00003175650740430  0.00003280624806935  0.00003391941700081  0.00003505281514252
  0.00003618416845094  0.00003760669614773  0.00003905212507234  0.00004056332352270
  0.00004207632793048  0.00004360263289533  0.00004524085084520  0.00004699392467725
  0.00004881370955054  0.00005069896460865  0.00005265282656116  0.00005477184330550
  0.00005698635154260  0.00005924764981014  0.00006162524393829  0.00006406943764780
  0.00006661292898459  0.00006936730171014  0.00007240201480236  0.00007561870474140
  0.00007885116906684  0.00008219250764181  0.00008585685248390  0.00008959324360147
  0.00009366652726332  0.00009801717774569  0.00010271057571519  0.00010778775006475
  0.00011351796525026  0.00011995863128836  0.00012704394858012  0.00013522613058944
  0.00014385028097755  0.00015414639929280  0.00016567249555546  0.00017879617685154
  0.00019394022905201  0.00021032932028958  0.00022935003519853  0.00025035686412232
  0.00027456061354224  0.00030317928205612  0.00033720828323836  0.00037825612651807
  0.00042692186509461  0.00048569658856071  0.00055653022299795  0.00064382912276238
  0.00075669484324787  0.00092013404126157  0.00114795731162835  0.00144699923290998
  0.00185770473606300  0.00248755723678637  0.00354236109113229  0.00510518477229575
  0.00792629846577457  0.05043405123957799  0.16208215125196992  1.00000000000000000
 -0.00206333582477326  0.00781691164822594  0.01619996890126845  0.02432855905124907
  0.03220753270555076  0.03987359423968162  0.04734941050690388  0.05464988195655058
  0.06180527408430730  0.06882165208855795  0.07568567205708872  0.08237090494232793
  0.08915157273317061  0.09654230207596859  0.10478862073924154  0.11335922578356049
  0.12155152665348350  0.12960087295298003  0.13789886082707534  0.14692889863861322
  0.15701105053634656  0.16752428031990446  0.17823575434865441  0.18935076782388099
  0.20074680132114514  0.21260907865823864  0.22451330371727099  0.23617661406379198
  0.24738072991614513  0.25880609395470089  0.27024142815172020  0.28152358324611304
  0.29296778874505230  0.30477364617718333  0.31656652513127098  0.32843179144566825
  0.34096594673517072  0.35391018627998866  0.36681618034183788  0.38001672270387721
  0.39348075475106786  0.40660623527951129  0.41984706862969828  0.43337204977051563
  0.44723437162241358  0.46153801128168609  0.47641342347944854  0.49026216206965784
  0.50421193442841428  0.51809179567638175  0.53247271276898822  0.54663440609516489
  0.56078446472557342  0.57537013618411104  0.58993642006401958  0.60368580979241793
  0.61658910321706650  0.62935148792510631  0.64203703850683580  0.65443820379244499
  0.66680697036237713  0.67904319293625992  0.69102258561827501  0.70255577978006356
  0.71446878245311707  0.72653023487662016  0.73855761952574150  0.74990370117566318
  0.76058970917823010  0.77120699136663806  0.78185736297602315  0.79250338979637180
  0.80309340375932048  0.81329635847173676  0.82333979201155028  0.83312059542488115
  0.84300665537010611  0.85278396226403630  0.86242117642835303  0.87174722765429913
  0.88097668704681953  0.89002027221956459  0.89871278900302276  0.90725491526110080
  0.91600981697946782  0.92434065697241241  0.93220612690127680  0.93953075926303953
  0.94664116797984199  0.95394109567288887  0.96086889955552490  0.96765644827269859
  0.97477014985521904  0.98214777670219544  0.99007822492284792  1.00000000000000000
 -0.00240775095006621  0.00960894947330085  0.01906992818527584  0.02899933178450936
  0.03868039405816183  0.04886347149856789  0.05881068144508064  0.06891525717952954
  0.07928342375074937  0.09024799630171457  0.10114826829834593  0.11226600902994560
  0.12322471177623485  0.13368252699007940  0.14425318599101547  0.15516314065937645
  0.16662678088087601  0.17845940622554723  0.19030633685881401  0.20172394574186236
  0.21249692045384969  0.22339717434622050  0.23476534946933911  0.24605547750497045
  0.25673915663489333  0.26691823878094517  0.27768625646756467  0.28854988366258638
  0.29919681347694405  0.31005954783159562  0.32140036696761681  0.33291420285098117
  0.34425550530957100  0.35493083501524753  0.36509847660221290  0.37538041112228987
  0.38591663176821928  0.39676610636404808  0.40788555268824978  0.41934560040152824
  0.43091916984875223  0.44189448978794166  0.45234276246413446  0.46265303587066176
  0.47308378761436076  0.48363311247716406  0.49442777496728885  0.50536135853884845
  0.51605881856344282  0.52651722242144861  0.53720081518567342  0.54817173197104019
  0.55899068669373109  0.56957820442067952  0.58026088790969532  0.59132616337173427
  0.60243544055689890  0.61326764216997454  0.62369941660131589  0.63376802160229306
  0.64372763187515880  0.65398017251605634  0.66469445195360222  0.67561053513370839
  0.68614415094299164  0.69632794007948728  0.70626716389291111  0.71622792800858215
  0.72609950818404834  0.73619319591121657  0.74638692846671006  0.75701989535969949
  0.76755046825384399  0.77799380223899761  0.78827216775356346  0.79837487772425464
  0.80862151159727391  0.81898220162605162  0.82949695364444909  0.84018458074015312
  0.85077157639628853  0.86104345854150310  0.87114256355527131  0.88147615921833689
  0.89187978629934506  0.90228823517567425  0.91253744155478234  0.92284698771623974
  0.93324508230579684  0.94352830724940395  0.95374070970407687  0.96316310274389660
  0.97196122858116818  0.98121706724249391  0.98936654163480509  1.00000000000000000
 -0.00220929952105600  0.00891857470625239  0.01894133413125579  0.02947493726345820
  0.04062799561431684  0.05175889849004908  0.06261271815768565  0.07279184671862567
  0.08216230993556840  0.09248770601104378  0.10218577978628850  0.11204005230572237
  0.12270846224489072  0.13395534585984664  0.14529667815088729  0.15638444231361834
  0.16726725883243262  0.17798929029201574  0.18898310992809231  0.19947882897579780
  0.21031785588741136  0.22073254537298020  0.23103594006607769  0.24136670750100464
  0.25199107744351484  0.26315192280703997  0.27436316132146205  0.28543186615444921
  0.29580156098603905  0.30593418364068065  0.31607194483787160  0.32603904137199580
  0.33601364365970443  0.34607907955598366  0.35704684276494703  0.36790905025491116
  0.37875578547402783  0.38886082026008850  0.39886615697448885  0.40914101796007518
  0.41974159278155893  0.43045045155256412  0.44156667148500039  0.45335527831082750
  0.46543046501202179  0.47690095639401914  0.48772506131922777  0.49824228108066787
  0.50892386792975808  0.51916499308400899  0.52948891608338045  0.54023886455455905
  0.55174313874385172  0.56362979262515189  0.57524803126760282  0.58670043038822217
  0.59801086181826335  0.60927989192693310  0.62029603975565217  0.63091458213331408
  0.64136012584960256  0.65192070421642445  0.66278502569427356  0.67372877315726731
  0.68441229482997146  0.69457540684499941  0.70450546965457472  0.71431534669988883
  0.72438150432171489  0.73437030023459604  0.74407342197215043  0.75361095912829135
  0.76317114765845295  0.77310004690294887  0.78355516778837975  0.79399299067017026
  0.80434790955183588  0.81468455330800416  0.82511557888634668  0.83536509231241785
  0.84517015409663221  0.85476854690855297  0.86464576102631685  0.87455229780174926
  0.88453666681233389  0.89439873264158520  0.90380773107105672  0.91377740523602158
  0.92398512314912873  0.93483277872479942  0.94528015525880216  0.95584554338260896
  0.96652783744419757  0.97780020202773266  0.98880791881089736  1.00000000000000000
 -0.00001654339059157  0.00006638151088347  0.00081671028835507  0.00127444003703347
  0.00167775574063506  0.00207001136041098  0.00245100844412491  0.00281687342874302
  0.00317254418132885  0.00352430318542652  0.00385521552756955  0.00418325231811628
  0.00450765101937463  0.00481861431651018  0.00512177312877712  0.00542064483953145
  0.00571266786297496  0.00601458730939867  0.00630394101620042  0.00658261698383783
  0.00684394409270231  0.00710099420426652  0.00736037418771081  0.00762177367943644
  0.00788831751193187  0.00815268807328744  0.00841742621973933  0.00868997025668189
  0.00897643746021407  0.00928196791073334  0.00961349425081924  0.00998042519947445
  0.01032376522724747  0.01059658854392703  0.01082909530017151  0.01105239412709627
  0.01126872335715221  0.01147107475778405  0.01165610148516964  0.01185515244360768
  0.01207659412961637  0.01234536069943199  0.01262587670872311  0.01291162924095507
  0.01325400004548400  0.01366946485524192  0.01413995097646705  0.01463322567019386
  0.01514398683602971  0.01554018272706122  0.01583505508536968  0.01611828852423645
  0.01642618343771156  0.01671647468365176  0.01709632950007832  0.01755515672164148
  0.01793382993701792  0.01825760484946102  0.01859522486356181  0.01894494874247415
  0.01926173830621163  0.01961087031490579  0.02005034195961167  0.02056955918780468
  0.02113838429611337  0.02159344933085924  0.02197205485264818  0.02235484625526312
  0.02285518897359830  0.02380390411568780  0.02458101741856985  0.02534002990318659
  0.02633140905314053  0.02726023811181149  0.02813864126597417  0.02912311036490233
  0.03016378857922779  0.03126242111823587  0.03256523810434963  0.03400736994444979
  0.03604097180120015  0.03796236946774393  0.04019415621454048  0.04286327273800533
  0.04584052702611389  0.04975312084400971  0.05308641190430998  0.05522856493667962
  0.05615964026733763  0.05711241315028033  0.05784824772062419  0.05879218960534854
  0.06529412249586945  0.07962124936599196  0.08538297887051249  1.00000000000000000
 -0.00275958064775059  0.01115558695971257  0.02217738323373190  0.03369751974444993
  0.04423963091769594  0.05524166735412377  0.06511695786319190  0.07446493275296803
  0.08357515449891600  0.09286270564439709  0.10245065537498071  0.11209268702516727
  0.12167063662911226  0.13127154824004728  0.14094704847769879  0.15044107537415136
  0.15970320665369489  0.16903910617019263  0.17826549677609907  0.18774794467196440
  0.19763402319257090  0.20850719479902299  0.21964443794764391  0.23053685890983622
  0.24106943560684360  0.25132880352644227  0.26182552174320461  0.27271138985304888
  0.28439851802001936  0.29623674416842072  0.30807078407128197  0.31957692483239047
  0.33087161618677385  0.34231658593102526  0.35336099067105842  0.36400347832204805
  0.37456493068907482  0.38522701288373734  0.39630361095370076  0.40753714387414797
  0.41891950907591341  0.43054533263717676  0.44108215479352186  0.45137456816927846
  0.46128764867091510  0.47207471442853743  0.48331258049154530  0.49465082868109977
  0.50640368264697444  0.51826158156641611  0.53054232817831637  0.54278739725651670
  0.55475411195131763  0.56620065427800104  0.57723189628728389  0.58799401291408804
  0.59875874721215450  0.60990824700255775  0.62134470094805216  0.63256912304398794
  0.64345258117078186  0.65430524784150357  0.66523550950864552  0.67604952655948192
  0.68689467572690477  0.69791906960408401  0.70861544461012971  0.71866006006378358
  0.72852012275823208  0.73869312499972550  0.74912836236314373  0.75948614207425358
  0.76973701045321774  0.78008076097332557  0.79040213520302682  0.80053618219002909
  0.81068437116939995  0.82065550941995635  0.83048115369937292  0.84039114182714147
  0.85023295807346311  0.86016961755513188  0.86986600490865673  0.87908261844786673
  0.88825184508081978  0.89759921428382916  0.90748394361728424  0.91764602552658503
  0.92716726382361370  0.93595461235497279  0.94491567073969152  0.95401970811926129
  0.96416418564418516  0.97458329816030687  0.98649747491266104  1.00000000000000000
  0.03281436321772413  0.05950379320531501  0.07988705805577256  0.10381775875941217
  0.12773926239261371  0.14905525872454312  0.16709361376161597  0.18267117752928502
  0.19668091854067141  0.21025518822271266  0.22407662149106222  0.23756419053582686
  0.25044069518976009  0.26319499902194993  0.27626935839699146  0.28947795780927393
  0.30350781625056811  0.31739420944224406  0.33128459638854241  0.34683420566516882
  0.36151039618064879  0.37494159770754831  0.38815643647165810  0.40152080605605167
  0.41417050958606338  0.42666405628475523  0.43938761584904490  0.45185272312346453
  0.46364297087910311  0.47482328791990175  0.48587765118203313  0.49698842452425507
  0.50779940461292916  0.51817917579165840  0.52855956094644907  0.53919184615321658
  0.55014583139729445  0.56129934000720116  0.57250661577843398  0.58349871584206336
  0.59433798717641961  0.60491014831543133  0.61501854167063941  0.62482133385877636
  0.63425179177928648  0.64334835655435052  0.65195936054143744  0.66029138776397378
  0.66872531002645696  0.67731065078020602  0.68555641016018631  0.69342200066544457
  0.70122172032331664  0.70911986521447234  0.71704626160882601  0.72485515607447315
  0.73244277801508695  0.74000630106456700  0.74760120894001825  0.75510951424003092
  0.76250811329629731  0.76990820852594333  0.77712887231719363  0.78436340079657108
  0.79162277557377259  0.79895793133201398  0.80636770982808481  0.81375816609524521
  0.82097551564251192  0.82821421234045567  0.83545277884534386  0.84257555523268468
  0.84959006854168206  0.85635724056023921  0.86294420150781026  0.86950534437465909
  0.87607916930670204  0.88256253027942100  0.88895225583107829  0.89530486781384222
  0.90157289254365602  0.90774176059327316  0.91366893776002001  0.91972387011386836
  0.92599388296264551  0.93220644047410639  0.93832646725829638  0.94427453887230073
  0.95006908146772284  0.95580193357359089  0.96155423778387072  0.96740406447878535
  0.97343518311314314  0.97988615455860995  0.98840719439032265  1.00000000000000000
 -0.02530918745219317  0.12042865404167781  0.15527229408858653  0.17620059170594968
  0.19308831044198910  0.20806193594871938  0.22130170556223741  0.23341598926184051
  0.24424319806815686  0.25459598535783950  0.26416677962577473  0.27361624442126692
  0.28268718631910439  0.29132503696439671  0.29967216663232127  0.30776395603287338
  0.31576325010885742  0.32353211250952102  0.33113976957340907  0.33860310596226600
  0.34577588399983084  0.35258164966132088  0.35896484645042953  0.36511442029672347
  0.37117144600715951  0.37699118285810057  0.38257485419659271  0.38824402522020229
  0.39410303871524038  0.40003354439531058  0.40597496386564186  0.41194730088685916
  0.41781440470536380  0.42366040457807047  0.42938480070296159  0.43491136876502862
  0.44031064862948366  0.44571565099648597  0.45133568525225143  0.45710632364945719
  0.46284888697131560  0.46842597021548210  0.47383894009825367  0.47904063344886655
  0.48410146285196670  0.48912873317818545  0.49423029747866382  0.49941153948091954
  0.50469207441289088  0.51005936145171094  0.51540738991342194  0.52078220300654643
  0.52631205000418257  0.53189544339187322  0.53730082044985805  0.54262770901632973
  0.54786741782458281  0.55323445788779169  0.55882330185921314  0.56430588321318287
  0.56969007797013316  0.57517173959123036  0.58064041028533131  0.58606947453994851
  0.59171700116387871  0.59740369886504185  0.60333309478100661  0.60940544672058516
  0.61561780434301927  0.62185959058358964  0.62824579193842844  0.63477728750287588
  0.64139480703842888  0.64794960764917631  0.65431962703261803  0.66063272896717340
  0.66714586032495782  0.67390892502881927  0.68103101013351597  0.68861108684941230
  0.69641702620735202  0.70439534500524370  0.71312934556065743  0.72144449814183165
  0.72924379804596284  0.73728868765044209  0.74575583544104762  0.75488164770264121
  0.76492525866088601  0.77619168732269728  0.78936439667810154  0.80362197864783480
  0.82069584587106625  0.84289229768757024  0.87949336615941309  1.00000000000000000
  0.14102795706060439       -1.0000000000000000     
 F F F F F F F F F F F F F F F F F F F F F F F F F F F F F F F F F F F F F F F F F F F F F F F F F F F F F F F F F F F F F F F F F F F F F F F F F F F F F F F F F F F F F F F F F F F F F F F F F F F F F F F F F F F F F F F F F F F F F F F F F F F F F F F F
  <DiscreteSampler_grid>
  grouped_processes
  1 # 1 for a reference and 2 for a running grid.
  10 # Attribute 'min_bin_probing_points' of the grid.
  1 # Attribute 'grid_mode' of the grid. 1=='default',2=='initialization'
  0.0000000000000000 # Attribute 'small_contrib_threshold' of the grid.
  0.5000000000000000 # Attribute 'damping_power' of the grid.
 # binID   n_entries weight   weight_sqr   abs_weight
    10   10   8.893667384799360E+004   4.386651597792468E+010   8.893667384799360E+004
    16   10   8.893667384799357E+004   4.386651597792467E+010   8.893667384799357E+004
    22   10   8.893667384799360E+004   4.386651597792468E+010   8.893667384799360E+004
    28   10   8.893667384799363E+004   4.386651597792471E+010   8.893667384799363E+004
    34   10   8.893667384799356E+004   4.386651597792464E+010   8.893667384799356E+004
    40   10   8.893667384799357E+004   4.386651597792464E+010   8.893667384799357E+004
    46   10   8.893667384799363E+004   4.386651597792471E+010   8.893667384799363E+004
    52   10   8.893667384799357E+004   4.386651597792467E+010   8.893667384799357E+004
    58   10   8.893667384799359E+004   4.386651597792467E+010   8.893667384799359E+004
    64   10   8.893667384799362E+004   4.386651597792470E+010   8.893667384799362E+004
    70   10   8.893667384799359E+004   4.386651597792467E+010   8.893667384799359E+004
    76   10   8.893667384799359E+004   4.386651597792467E+010   8.893667384799359E+004
  </DiscreteSampler_grid>
