 -0.00252210081399456  0.00960024056620496  0.01980047341387691  0.03032596933193593
  0.04086626534373904  0.05140265383801616  0.06194831058611207  0.07249496386516066
  0.08304142050586967  0.09358601520846915  0.10413549852655381  0.11466754010679810
  0.12519195712707110  0.13571364804775690  0.14624195056540487  0.15678232455039359
  0.16731663956009091  0.17786319444694940  0.18839879211669339  0.19894002890441589
  0.20947189931883498  0.22001358108109093  0.23055298388298764  0.24109460463148955
  0.25163014348976775  0.26217181235309162  0.27271161608585115  0.28324947140983470
  0.29377977271530259  0.30431253427664640  0.31485310177156256  0.32540037542409234
  0.33594832255877805  0.34649028684291955  0.35702133394513735  0.36755638306196498
  0.37809147249261654  0.38862946489618910  0.39916456602133693  0.40970462144972947
  0.42024796915820883  0.43079612440016518  0.44133468739258158  0.45187160051329822
  0.46240853588438696  0.47294873208955185  0.48349403138579494  0.49403686948366082
  0.50458218904114260  0.51513032706442086  0.52567198567165330  0.53621877959253217
  0.54676079312572778  0.55731065974147109  0.56786145089896978  0.57840398073861687
  0.58893912034675799  0.59946067995509700  0.60999118977245992  0.62052418347184890
  0.63106369233470394  0.64159618777603777  0.65213235276193071  0.66267550455423929
  0.67322106650589941  0.68376924881350376  0.69430521960360825  0.70484507537957253
  0.71537762865284971  0.72592340665363853  0.73645852422275049  0.74699858908489225
  0.75753159351028265  0.76807984478122948  0.77862313649234560  0.78916682400342886
  0.79970844852908129  0.81025600549054633  0.82080865967874550  0.83135968730819365
  0.84190473097166596  0.85244929246471246  0.86299200574766921  0.87353399472550475
  0.88407558171810985  0.89462117672426611  0.90516353116419646  0.91569352736332077
  0.92621679447050709  0.93675019562653206  0.94729253465456453  0.95783799741698095
  0.96838108767733344  0.97892524242060963  0.98946460494180544  1.00000000000000000
 -0.00249143153335237  0.00951571712861998  0.01967422133348160  0.03018864118937046
  0.04072938175847852  0.05127587826364143  0.06182345066531087  0.07236705313463453
  0.08289880064117003  0.09343459998880452  0.10397122678091331  0.11451996566616485
  0.12506721742151336  0.13561202369596342  0.14615627172612145  0.15670209313522010
  0.16725290692508873  0.17780173042356190  0.18834596205437476  0.19889148925607947
  0.20943292878931591  0.21997535945999266  0.23051385391468684  0.24105428158106174
  0.25159676175279300  0.26213720860837192  0.27267928827659599  0.28322232619846965
  0.29376712296422369  0.30431415204779105  0.31485121311270348  0.32538694750995573
  0.33592330994184078  0.34647004659733438  0.35702180376533243  0.36757524043955991
  0.37812684920268941  0.38867939434125054  0.39922229041905849  0.40976506761172588
  0.42030668743529892  0.43085692372089207  0.44140046903193697  0.45194550844118503
  0.46247983056640563  0.47302284362379549  0.48356125056450644  0.49411044079436012
  0.50465112265908352  0.51519550194526464  0.52574220428461893  0.53628380164217371
  0.54682562265037271  0.55736254397545548  0.56791007338570609  0.57844275891737240
  0.58896102447619547  0.59947485876529627  0.60999859128294187  0.62054033682808896
  0.63108817491236480  0.64163055929185420  0.65216707209995051  0.66269752530427561
  0.67323028544787122  0.68376964865797984  0.69431104421507484  0.70485366789115689
  0.71539240430799589  0.72593761380149890  0.73648355552341571  0.74703286312460904
  0.75757981925648310  0.76812319955636110  0.77866320116486865  0.78920040202219344
  0.79974206760824651  0.81028818647090783  0.82083150690975260  0.83137357863153749
  0.84191208870842427  0.85244557933364773  0.86298538909031908  0.87352795784445392
  0.88407563477858830  0.89461854212434477  0.90515349469206008  0.91569131464500975
  0.92622653131730259  0.93676500366288273  0.94730631188612546  0.95784801253572871
  0.96839098779469213  0.97892674422107240  0.98946500143947314  1.00000000000000000
   2.5516038610131994E-008  -1.0000000000000000     
 F F F F F F F F
  <DiscreteSampler_grid>
  grouped_processes
  1 # 1 for a reference and 2 for a running grid.
  10 # Attribute 'min_bin_probing_points' of the grid.
  1 # Attribute 'grid_mode' of the grid. 1=='default',2=='initialization'
  0.0000000000000000 # Attribute 'small_contrib_threshold' of the grid.
  0.5000000000000000 # Attribute 'damping_power' of the grid.
 # binID   n_entries weight   weight_sqr   abs_weight
    10   10   1.322623097372511E+010   1.749331857703254E+020   1.322623097372511E+010
  </DiscreteSampler_grid>
