  0.00000464221878089  0.00000485713648027  0.00000509071080055  0.00000532286166951
  0.00000557511516125  0.00000582552214037  0.00000608083086037  0.00000634977396511
  0.00000663379116716  0.00000693233778099  0.00000724497603614  0.00000757364222608
  0.00000792092017908  0.00000829002635608  0.00000866798693428  0.00000905407739381
  0.00000944810942562  0.00000985543112559  0.00001028766170869  0.00001072088634651
  0.00001116628228281  0.00001162395450313  0.00001210108326265  0.00001260975115984
  0.00001315220245561  0.00001372031924029  0.00001431686109388  0.00001495354953608
  0.00001561958815821  0.00001630251911427  0.00001701572655999  0.00001775260538308
  0.00001849325032503  0.00001925864868211  0.00002006219341891  0.00002090094560033
  0.00002181352184174  0.00002279426436118  0.00002383469934604  0.00002491286893084
  0.00002598351141666  0.00002714929830095  0.00002837800406276  0.00002969712008844
  0.00003108180811534  0.00003248957188658  0.00003397614297149  0.00003558647973932
  0.00003733703968838  0.00003915145275766  0.00004106403434885  0.00004302611413682
  0.00004509732219223  0.00004733408619981  0.00004977250102651  0.00005238952433528
  0.00005518237839167  0.00005810827512232  0.00006120795314147  0.00006464388646406
  0.00006833853813556  0.00007217967424427  0.00007628289294495  0.00008071992004704
  0.00008562171055687  0.00009097527885814  0.00009673588980859  0.00010283751244797
  0.00010937678061969  0.00011628254940600  0.00012361879470892  0.00013188333304057
  0.00014113205236469  0.00015192713519995  0.00016437118805939  0.00017819930380352
  0.00019327770908427  0.00020980839421545  0.00022875280006144  0.00025215845258079
  0.00028156346631921  0.00031694989179919  0.00035936774881196  0.00041072753029950
  0.00047546644926497  0.00055716293360705  0.00066643080346189  0.00081281659969457
  0.00101404898463464  0.00128219041828689  0.00167545069736934  0.00234273557766262
  0.00350695536162382  0.00587151823575183  0.55040572130865284  1.00000000000000000
  0.00000555405145858  0.00000583533205655  0.00000603429013116  0.00000620885016243
  0.00000636641409077  0.00000652060351443  0.00000666494536636  0.00000681189729014
  0.00000696356619120  0.00000712078200885  0.00000730202188615  0.00000751538097547
  0.00000773474466023  0.00000795764684999  0.00000818634106992  0.00000843046378986
  0.00000869225621778  0.00000895697528067  0.00000924883662008  0.00000957412474964
  0.00000994102571927  0.00001032661217063  0.00001074645713535  0.00001120622575046
  0.00001169534876835  0.00001220808180437  0.00001276847847727  0.00001338050380333
  0.00001399976218414  0.00001467926442706  0.00001542214398748  0.00001619967908008
  0.00001708228754622  0.00001801392109618  0.00001903324773538  0.00002012946628143
  0.00002127614200841  0.00002248106078684  0.00002373206546511  0.00002504935594501
  0.00002644016102429  0.00002792656311027  0.00002953095276654  0.00003125676483828
  0.00003307741434023  0.00003493622602954  0.00003684061057083  0.00003885844460687
  0.00004107450314839  0.00004351120736937  0.00004609265181471  0.00004885020910295
  0.00005177363233546  0.00005482661964997  0.00005804186547439  0.00006137514032756
  0.00006483333177474  0.00006829582880185  0.00007205642849079  0.00007616398381138
  0.00008073820098328  0.00008575055991435  0.00009105203947881  0.00009666511708689
  0.00010277581034605  0.00010967201248335  0.00011735298891457  0.00012586210284711
  0.00013515721647600  0.00014531017088138  0.00015688796210656  0.00016993219487392
  0.00018461825963238  0.00020083346411663  0.00021908407784223  0.00024009367795840
  0.00026395357354833  0.00029065891573611  0.00032095400830256  0.00035596137482023
  0.00039709773995064  0.00044630571833059  0.00050732787430070  0.00058484219976265
  0.00067924817236393  0.00079928804412749  0.00095342750925610  0.00114745652035838
  0.00140385726437759  0.00178332912040390  0.00239709369041025  0.00345780804887341
  0.00589260156999370  0.01746813263950335  0.40977814334444507  1.00000000000000000
  0.00000477230013375  0.00000495018287150  0.00000522476688092  0.00000547327706967
  0.00000570653075332  0.00000594218065866  0.00000619179077271  0.00000646772861405
  0.00000675465795924  0.00000705509717419  0.00000736845694727  0.00000769746509384
  0.00000804118070570  0.00000840728126851  0.00000878363960592  0.00000918154264491
  0.00000962705847440  0.00001011116948849  0.00001060819014768  0.00001111304951366
  0.00001163966564618  0.00001217656934478  0.00001275288600695  0.00001335185654916
  0.00001396143514042  0.00001460040555811  0.00001528410228600  0.00001602092112653
  0.00001680156442570  0.00001760718436394  0.00001843596883872  0.00001932031995183
  0.00002029483638752  0.00002134223453044  0.00002246130993715  0.00002366697476601
  0.00002488044544238  0.00002615158947623  0.00002749700969842  0.00002892631219063
  0.00003043203752540  0.00003201359554610  0.00003366583091314  0.00003537242554143
  0.00003718704302878  0.00003911467985452  0.00004115821123475  0.00004332938480866
  0.00004557958669380  0.00004792540584371  0.00005040056541302  0.00005300686040659
  0.00005578435811588  0.00005877254073998  0.00006199874940068  0.00006539928262707
  0.00006901088626500  0.00007288699214948  0.00007696443690447  0.00008139129532526
  0.00008612943553708  0.00009125693761547  0.00009670100612290  0.00010258907286617
  0.00010910028360070  0.00011631739948369  0.00012433638309288  0.00013320614039412
  0.00014302035324820  0.00015374803033249  0.00016534622754311  0.00017790688982517
  0.00019144021650692  0.00020663946026799  0.00022365198641309  0.00024310482222950
  0.00026614677633819  0.00029349930489899  0.00032548857420584  0.00036221117868332
  0.00040582026896872  0.00045575675135090  0.00052047990465935  0.00060243965549617
  0.00071451900770398  0.00085930314099921  0.00104670364948378  0.00127032223628430
  0.00156520861618980  0.00203121969130090  0.00269524826403524  0.00410068195263399
  0.00723135896010523  0.04171805494733730  0.20813759955431424  1.00000000000000000
 -0.00216074046670445  0.00851359597681108  0.01763990744689541  0.02640248453507526
  0.03501451508852352  0.04387875961895768  0.05251573249064869  0.06138817602674098
  0.07005392613481870  0.07860362170352929  0.08738772143482872  0.09651381901111912
  0.10570960756386912  0.11477745130673621  0.12371044921008192  0.13273716164962934
  0.14196411456626190  0.15123572337983279  0.16069556449788125  0.17049007816982253
  0.18054674705176746  0.19070508562771682  0.20079253635720903  0.21099033108334908
  0.22155802677576131  0.23229517100834340  0.24307930371865605  0.25403144362596475
  0.26540010263802977  0.27722029907767365  0.28906399937126115  0.30086767532449826
  0.31273707986147259  0.32472066259641669  0.33683353716948206  0.34917856665312474
  0.36154735412462985  0.37396566427321815  0.38655388006375874  0.39923655381289963
  0.41193040464550962  0.42474843577690036  0.43780160841443772  0.45087785879570813
  0.46351914265431593  0.47570053741436935  0.48800974843568634  0.50080092282569899
  0.51393130417668476  0.52692251654616817  0.54001762811647758  0.55338749486989014
  0.56670036431985460  0.57947570121791137  0.59159073346129565  0.60365174421532808
  0.61571844112533713  0.62753929382284945  0.63931674893224399  0.65139563500253794
  0.66349987590077031  0.67513723584797225  0.68614763057202177  0.69734365029160539
  0.70825574462746277  0.71869890607538645  0.72926214338648021  0.74026851645665726
  0.75221409926940075  0.76326093149449059  0.77356507609092973  0.78355113543426302
  0.79345445249142188  0.80327643073306165  0.81276853073601418  0.82198076187393398
  0.83124271564283525  0.84068174803052442  0.85048585196724935  0.86032676697904797
  0.86966707597119208  0.87869023924652012  0.88747000247513064  0.89651942327466627
  0.90573946816283279  0.91469082749927744  0.92299337614172183  0.93091116738292456
  0.93908751598339080  0.94751239394721365  0.95621064288319724  0.96494339467568835
  0.97357877686421568  0.98179578692154157  0.99096506191942313  1.00000000000000000
 -0.00255584753108037  0.00946959685898505  0.01994837203880255  0.03034240850997974
  0.04094607844615612  0.05136938893819540  0.06209343897749933  0.07250504286281323
  0.08320321671773770  0.09384622797621660  0.10437401061114351  0.11508093476614105
  0.12566163619859472  0.13663649964406668  0.14708181301006626  0.15748474683657718
  0.16766678831163523  0.17775680357757340  0.18811480936380062  0.19828509577836040
  0.20852623827417546  0.21866194451993701  0.22874974859347127  0.23903773691401203
  0.24947054914108541  0.26041521673607954  0.27173363648570303  0.28283117133080965
  0.29379712938146074  0.30429807092054661  0.31447596727788679  0.32442751533548764
  0.33435256136135877  0.34489263041750251  0.35573039737723250  0.36664701678460360
  0.37743057919002515  0.38856240698412331  0.39996035711975736  0.41130362269688142
  0.42202823859448124  0.43192751636237653  0.44201297264008238  0.45221652371229237
  0.46241999301378039  0.47200406645874365  0.48175937289956167  0.49215498661572155
  0.50271429415804614  0.51325031360403117  0.52363962235595163  0.53405454303133948
  0.54426748339668463  0.55472012628784939  0.56562261394763924  0.57724934257358751
  0.58849556850248419  0.59926039872020398  0.60984235206667192  0.62077629487512320
  0.63217309861833482  0.64354204368336232  0.65458691071991126  0.66552123810470609
  0.67652002629264152  0.68773130597156074  0.69874638805537925  0.70913628070996759
  0.71898392685680557  0.72895539355297412  0.73921960722774560  0.75006934830021854
  0.76090140957128627  0.77145669734457567  0.78173705555261741  0.79227868814278035
  0.80322200497209484  0.81433361020688588  0.82515495264569783  0.83576104077433011
  0.84645179255721470  0.85706326804209798  0.86763558127616702  0.87830637759882935
  0.88899779156609782  0.89934346247723385  0.90953338570481101  0.91986223157525349
  0.93035193953921647  0.94032967866992900  0.95017798372192197  0.96023224993103851
  0.97046278028475264  0.98039553623615383  0.99013986944556731  1.00000000000000000
 -0.00260502226699143  0.00985520061142300  0.02013815393088347  0.03057804702583606
  0.04069700590794512  0.05074639581789726  0.06060228146158123  0.07111231586279330
  0.08189296343858143  0.09321227578158656  0.10408542086129792  0.11506708309065999
  0.12593227452169933  0.13697555443829576  0.14806909698015189  0.15907109749719742
  0.16952517344598503  0.17957230556236536  0.18961309810605875  0.19994666990514165
  0.21017839461920987  0.21997443224447358  0.22943172553388960  0.23944811753518239
  0.24978405494274863  0.26017880465049370  0.27059443725979127  0.28125930102992192
  0.29228861184821064  0.30308116404169055  0.31337264136150395  0.32335840228655982
  0.33370159078620687  0.34483692181943587  0.35629091655998313  0.36738927847649383
  0.37806969004840824  0.38837578477215534  0.39875939153368650  0.40915353554063211
  0.41955693098810593  0.42976784158941350  0.44022852404277840  0.45083112951084270
  0.46144598616359206  0.47183936035729185  0.48259164404377880  0.49359181069170627
  0.50472409628313197  0.51567287030228026  0.52648260128203594  0.53739089058513045
  0.54817526452515142  0.55878948156659292  0.56905689705917806  0.57932491453461776
  0.58985585664134599  0.60039830417491391  0.61078459844228283  0.62125285206158953
  0.63177618451653339  0.64243684210797769  0.65259296295981883  0.66254697163111254
  0.67258686114001420  0.68327941581250162  0.69422596184442109  0.70507983160666221
  0.71585195018168912  0.72659383558706170  0.73743938978439361  0.74834864977961801
  0.75913903842026476  0.76986825458702779  0.78036311619820664  0.79102980925812161
  0.80202974243888003  0.81263956225943790  0.82305386376364809  0.83315455794996884
  0.84331858710274432  0.85350566180070053  0.86368093244094246  0.87374275767730680
  0.88386567001651228  0.89406967375887891  0.90504930543214235  0.91538797091867519
  0.92629465886290996  0.93694054993699827  0.94761444315840548  0.95824823113624036
  0.96864884366772097  0.97891941648254988  0.98913737508807709  1.00000000000000000
 -0.00008067548411051  0.00032659106786032  0.00069742570265800  0.00103402109562916
  0.00135149523740874  0.00168057691357070  0.00202333923608407  0.00236671919896678
  0.00270369463522423  0.00303410508135093  0.00336038780275183  0.00368720320007954
  0.00401419873079339  0.00434335725355832  0.00467692077413280  0.00501205194906083
  0.00534848818028491  0.00568331392611825  0.00601546944137308  0.00634092900558635
  0.00666361487569440  0.00698511623088549  0.00729937130752928  0.00760664857303865
  0.00791488010388715  0.00823470424805008  0.00856080274002957  0.00888393929521792
  0.00920708403045307  0.00953298818952815  0.00989404930337647  0.01025048802247797
  0.01059796409265024  0.01094022927273221  0.01128217616426958  0.01163823841429918
  0.01201601081207527  0.01239838822294402  0.01280574511739560  0.01317957943927712
  0.01356294826616184  0.01397712408002446  0.01443112021008740  0.01491530137021254
  0.01537912477747578  0.01581372071730764  0.01623883786452351  0.01664550884250387
  0.01709677944424046  0.01753725720497987  0.01795761269617573  0.01837563140688134
  0.01878133843533577  0.01924817654706947  0.01981333861493000  0.02044892051736408
  0.02107650908436005  0.02165471066641331  0.02219468623773716  0.02270952609328636
  0.02320899435218966  0.02374287232880404  0.02426462485104780  0.02477787817391173
  0.02532257310571707  0.02585966686289899  0.02642491926030627  0.02700144072716974
  0.02754723315259002  0.02813306668008064  0.02883794273773535  0.02973720833854837
  0.03080522491756144  0.03157268310823339  0.03225947455424247  0.03300543720655522
  0.03377917476529031  0.03445176323754620  0.03520591423990335  0.03568121926268070
  0.03626506249697546  0.03680412799918663  0.03762504991710448  0.04025029038309606
  0.04280051176247338  0.04447087769917717  0.04649651947772526  0.04808878584369754
  0.05015028444246341  0.05230668824594464  0.05418189076775584  0.05604152095044906
  0.05777294506312533  0.05943233928129757  0.06394657685134672  1.00000000000000000
 -0.00325660685940117  0.01248083529532008  0.02643014042870759  0.04093579366401464
  0.05612550109950189  0.07066973602022414  0.08391896200254605  0.09524243349912138
  0.10733798323241081  0.11933947645484649  0.13071725639586684  0.14147705934980853
  0.15220918980202994  0.16348694316227419  0.17541078863104068  0.18771725054864455
  0.19961950642898077  0.21102165176878573  0.22213061461967720  0.23304781500570593
  0.24393899697582236  0.25489493545547509  0.26579776886355244  0.27651546042352254
  0.28710505790284424  0.29766332021773539  0.30800722285585691  0.31819082653138064
  0.32838781947489526  0.33854027034202794  0.34847365494035243  0.35783865162316003
  0.36679565907010009  0.37575590069373332  0.38473888426026881  0.39370934405721159
  0.40242265908585856  0.41096845693708789  0.41956737124220989  0.42824271976785461
  0.43646670207798738  0.44466698414113998  0.45275131100215843  0.46106812022566790
  0.46948525506964522  0.47750601144074584  0.48541047503967849  0.49319642466531538
  0.50108217355359475  0.50904639697917231  0.51709206758050552  0.52543371358921465
  0.53377953455211380  0.54211585187416356  0.55015390456266566  0.55824170098304404
  0.56645572284459367  0.57492819390754135  0.58318604307688560  0.59140857617534448
  0.59963755533611274  0.60807240719545197  0.61659315154535899  0.62505039665926243
  0.63376215354521470  0.64288791561079972  0.65245531446079941  0.66219361181832881
  0.67202834868530481  0.68192197137594890  0.69163547231202160  0.70139611575811012
  0.71137377347669395  0.72163648779766509  0.73226719978447286  0.74280074845945621
  0.75388379622449220  0.76487356549051133  0.77612913043988541  0.78762727647828601
  0.79944057824659975  0.81188956095208142  0.82416950150277901  0.83633458918635162
  0.84868704693280772  0.86147567799978397  0.87442307306752598  0.88735543815603524
  0.90024397967032732  0.91385099231470324  0.92763746995512886  0.94219584005403623
  0.95684483490473837  0.97131751699535984  0.98566164522121136  1.00000000000000000
  0.04140076640645595  0.05895772306047639  0.07350241197398054  0.08789909835898677
  0.10204899199899774  0.11518288675287995  0.12895810059946497  0.14423746365015103
  0.15871440832860517  0.17200831876596165  0.18460854697757967  0.19725976631817332
  0.20996818319906954  0.22269591499695773  0.23564947578468071  0.24870890073302798
  0.26189364821209271  0.27508623090698298  0.28804793155777758  0.30051019433034720
  0.31289948325947092  0.32491707221891669  0.33680517886691735  0.34817747009488814
  0.35988091163514413  0.37210157978479097  0.38408694916705277  0.39607703408978762
  0.40774872367705967  0.41951895514895882  0.43100705171869880  0.44242245121906693
  0.45370046712161238  0.46509649854213431  0.47640228517809735  0.48739635497081657
  0.49820575258828537  0.50885114594022829  0.51938048063838871  0.52991626990662588
  0.54046518481022299  0.55093852486997663  0.56127093116196847  0.57164762590328022
  0.58212359328980523  0.59259966220592053  0.60305526875484949  0.61332446360088000
  0.62311186218171888  0.63240355832792039  0.64139539742960539  0.65038296852879274
  0.65936091589232504  0.66816519685293274  0.67684618069908109  0.68554850671872913
  0.69432927225776853  0.70308784874528074  0.71162319060578816  0.71992850391825980
  0.72807848273153508  0.73611259427929554  0.74418262234868326  0.75235094204791153
  0.76051845464330003  0.76869581915006269  0.77675603485279077  0.78485405625888482
  0.79306379786025138  0.80126901677822782  0.80949985705448568  0.81761785110965635
  0.82560138902793878  0.83339393037409604  0.84090325631294438  0.84840335120401855
  0.85605456501192889  0.86382385336912837  0.87151706175467936  0.87902843581268231
  0.88634801219064807  0.89363261927822113  0.90093620419897169  0.90818360392223219
  0.91524985422035621  0.92209961649880745  0.92881072485283933  0.93546435120597038
  0.94216108572203483  0.94901160179186628  0.95598670842873801  0.96303660266012825
  0.97038329609357188  0.97774102653364170  0.98794097031211614  1.00000000000000000
 -0.02936190323664386  0.13008782277084280  0.16602949185389898  0.18727322658939227
  0.20429903475050082  0.21828276124636625  0.23052409744548169  0.24217661639995697
  0.25298809092240299  0.26262472132609810  0.27180821979506276  0.28089018645505748
  0.28986092109179235  0.29831942510944998  0.30655079263159246  0.31441211793921309
  0.32194119593724574  0.32890466494378673  0.33568824431193200  0.34239166385303682
  0.34913029304703891  0.35561397893455565  0.36182552566853160  0.36794764027996518
  0.37413320261939492  0.38036620502875390  0.38655764282910732  0.39267080420744671
  0.39854594723849895  0.40414607162434268  0.40969303355894504  0.41527172828482012
  0.42084788173880489  0.42641284831885629  0.43186530806473961  0.43729746810596959
  0.44255774281791271  0.44756232144722041  0.45263665593222296  0.45771296960932079
  0.46290137304442763  0.46843084188696094  0.47379553668708857  0.47926159449705580
  0.48465794658810335  0.48999109489556630  0.49540478652569109  0.50085931754221757
  0.50616044966632845  0.51141659673488415  0.51670502054347733  0.52196810617191125
  0.52718893198046468  0.53240785803826518  0.53763678660278280  0.54286508624707563
  0.54809594593100175  0.55332658035120674  0.55848625147801190  0.56346178091398025
  0.56850362955190958  0.57365580964854423  0.57891209488156570  0.58426511187437369
  0.58984580588130731  0.59559974094569001  0.60143519863104378  0.60719036728104403
  0.61307167675172991  0.61921677664870534  0.62558398310170815  0.63176402623602534
  0.63757894820014727  0.64342376650379951  0.64957540999729757  0.65619197713948696
  0.66290248703651167  0.66960135774300589  0.67636848707094765  0.68320512269149558
  0.69031657761036169  0.69771792427328094  0.70557972755130161  0.71394363280902418
  0.72243760990571460  0.73131712947352778  0.74079154927986224  0.75047944635914876
  0.76079601058005664  0.77199560117642962  0.78441365751864378  0.79786317721072997
  0.81359995406464070  0.83456872731096365  0.87102668037247855  1.00000000000000000
   6.8802922238422617E-002  -1.0000000000000000     
 F F F F F F F F F F F F F F F F F F F F F F F F F F F F F F F F F F F F F F F F F F F F F F F F F F F F F F F F F F F F F F F F F F F F F F F F F F F F F F F F F F F F F F F F F F F F F F F F F F F F F F F F F F F F F F F F F F F F F F F F F F F F F F F F
  <DiscreteSampler_grid>
  grouped_processes
  1 # 1 for a reference and 2 for a running grid.
  10 # Attribute 'min_bin_probing_points' of the grid.
  1 # Attribute 'grid_mode' of the grid. 1=='default',2=='initialization'
  0.0000000000000000 # Attribute 'small_contrib_threshold' of the grid.
  0.5000000000000000 # Attribute 'damping_power' of the grid.
 # binID   n_entries weight   weight_sqr   abs_weight
    10   10   9.665222491274917E+004   2.570176904209731E+010   9.665222491274917E+004
    16   10   9.665222491274917E+004   2.570176904209731E+010   9.665222491274917E+004
    22   10   9.665222491274917E+004   2.570176904209731E+010   9.665222491274917E+004
    28   10   9.665222491274917E+004   2.570176904209731E+010   9.665222491274917E+004
    34   10   9.665222491274917E+004   2.570176904209732E+010   9.665222491274917E+004
    40   10   9.665222491274917E+004   2.570176904209731E+010   9.665222491274917E+004
    46   10   9.665222491274917E+004   2.570176904209731E+010   9.665222491274917E+004
    52   10   9.665222491274917E+004   2.570176904209731E+010   9.665222491274917E+004
    58   10   9.665222491274917E+004   2.570176904209730E+010   9.665222491274917E+004
    64   10   9.665222491274912E+004   2.570176904209728E+010   9.665222491274912E+004
    70   10   9.665222491274915E+004   2.570176904209729E+010   9.665222491274915E+004
    76   10   9.665222491274915E+004   2.570176904209730E+010   9.665222491274915E+004
  </DiscreteSampler_grid>
