  0.00000539973533125  0.00000587884054493  0.00000636937086902  0.00000693099356032
  0.00000764669381348  0.00000829555343504  0.00000898163506817  0.00000975731513834
  0.00001065828600061  0.00001178108614811  0.00001290549272729  0.00001377423336932
  0.00001461849322022  0.00001551857336944  0.00001655355797204  0.00001776155574977
  0.00001875789541813  0.00001990468985801  0.00002147547070494  0.00002319978369277
  0.00002496913233956  0.00002698146093113  0.00002890891310210  0.00003096977233480
  0.00003299555390311  0.00003506998444993  0.00003728510799097  0.00003961451006300
  0.00004214585584653  0.00004447593382027  0.00004678914890879  0.00004944104446096
  0.00005161887989178  0.00005414813118990  0.00005711003863358  0.00005990189802969
  0.00006161470605425  0.00006334297995309  0.00006626453325364  0.00006960991906910
  0.00007270666685720  0.00007590652015431  0.00007895762492401  0.00008256828098341
  0.00008605545192087  0.00008945580314989  0.00009295744618982  0.00009689898844310
  0.00010136376133291  0.00010647445264852  0.00011259941116353  0.00012099021913003
  0.00012912165128121  0.00013628668719717  0.00014258921337043  0.00014835504813164
  0.00015433742265989  0.00016186171121694  0.00016981231314006  0.00017847422075423
  0.00018636442874381  0.00019534575908773  0.00020568572651255  0.00021733823759869
  0.00023537077602209  0.00025680188695005  0.00027839543797126  0.00030201002229046
  0.00032728074359822  0.00035406433101592  0.00038477073255072  0.00042148917776179
  0.00046375535446797  0.00051021084113339  0.00056012144651946  0.00061439812227579
  0.00067823863013661  0.00075519511074565  0.00084710974915820  0.00095588796547142
  0.00108496993389757  0.00124493325811893  0.00142574960683475  0.00162843202830030
  0.00185558608672847  0.00211481715278554  0.00243514762007382  0.00283558044099924
  0.00338799578547190  0.00414357468732821  0.00498532656693166  0.00599634056463970
  0.00755194737897944  0.01015635956748250  0.34899919667559920  1.00000000000000000
  0.00000043681041683  0.00000049594128534  0.00000053852160031  0.00000057956031526
  0.00000062232437172  0.00000066861568423  0.00000072014671872  0.00000077475949263
  0.00000082694980595  0.00000087450742951  0.00000092586517852  0.00000097767435236
  0.00000102999015932  0.00000108976526055  0.00000115529667363  0.00000122223011223
  0.00000129503147248  0.00000136582942146  0.00000143907124347  0.00000151935870889
  0.00000160419968552  0.00000168992327404  0.00000178436070673  0.00000188488305205
  0.00000199331897107  0.00000210471258428  0.00000222882519596  0.00000236523836300
  0.00000251616868863  0.00000268180854527  0.00000284390457823  0.00000300545755020
  0.00000318958984731  0.00000339382981500  0.00000362571873538  0.00000390530102542
  0.00000417394794530  0.00000448436758680  0.00000478131244805  0.00000506745126150
  0.00000535772332402  0.00000568643054446  0.00000607852009923  0.00000651984278704
  0.00000697822782478  0.00000742692066905  0.00000786069142404  0.00000831949459915
  0.00000885571848159  0.00000942680753516  0.00001001730527383  0.00001062837479158
  0.00001128087995686  0.00001200829959695  0.00001279732521172  0.00001367012712753
  0.00001467809902236  0.00001586727802930  0.00001723526668649  0.00001866116413154
  0.00002003049841289  0.00002151086476483  0.00002319627263637  0.00002516149988208
  0.00002723647300303  0.00002938137645411  0.00003162627291403  0.00003428329337249
  0.00003755545628491  0.00004166826439009  0.00004726589234113  0.00005359788107273
  0.00006061196263358  0.00006727432981067  0.00007453181520854  0.00008283374669086
  0.00009319509115829  0.00010506728299639  0.00011914014550895  0.00013555817565063
  0.00015619289817916  0.00018230957444665  0.00022213126737164  0.00027347567487056
  0.00032728494616326  0.00038955455749310  0.00046818646130722  0.00056465867706454
  0.00069971375937206  0.00090293315698901  0.00125538833685429  0.00185279846003031
  0.00281642392087267  0.00600793512862596  0.05083187829183097  1.00000000000000000
  0.00000007876873913  0.00000044810373094  0.00000057755470731  0.00000068378964825
  0.00000083061210613  0.00000100635108974  0.00000121467268533  0.00000143827618702
  0.00000167267932321  0.00000192529052408  0.00000222094839891  0.00000256239177163
  0.00000295775032258  0.00000339633789039  0.00000392084050892  0.00000460739243417
  0.00000545765254777  0.00000642495894240  0.00000755418476785  0.00000891278551356
  0.00001055931806340  0.00001248205693115  0.00001461011038994  0.00001711155039016
  0.00001993820348466  0.00002336790923551  0.00002729326695673  0.00003186675254908
  0.00003718517108449  0.00004321129734561  0.00004963762056726  0.00005643893133263
  0.00006401903158474  0.00007280247216531  0.00008297942205173  0.00009492452141805
  0.00010860887100238  0.00012378225139966  0.00013998216222319  0.00015826462763353
  0.00018034316113839  0.00020681088560146  0.00023488168989323  0.00026638492430250
  0.00030195890818238  0.00034239629533909  0.00038910721632424  0.00044487248301265
  0.00050972512778755  0.00057924590972132  0.00063980428236827  0.00070493841098462
  0.00076994608582460  0.00083447839987168  0.00089919145640102  0.00097305993455912
  0.00104913102501368  0.00112849388960710  0.00120672905997576  0.00128665913667037
  0.00135768790576122  0.00143313115873017  0.00150533760331563  0.00158078852132705
  0.00167115109365392  0.00175554619063283  0.00184509835856800  0.00196019559093563
  0.00208796695079085  0.00223388039747728  0.00238856334791893  0.00255097388327992
  0.00274062910498377  0.00293862724846178  0.00313417215974017  0.00332437523366744
  0.00352349846170083  0.00374886167161378  0.00400586925051484  0.00424298346709455
  0.00451740927938968  0.00482375282841972  0.00516686704624552  0.00555947785431646
  0.00599445719112799  0.00635039116922437  0.00679069231001125  0.00748783236822238
  0.00804114714103598  0.00869425752837753  0.00934126439957455  0.01043174417278675
  0.01418483815832373  0.01932618340754785  0.20695022893350218  1.00000000000000000
 -0.00077100483793615  0.00622065793110747  0.01259785212792369  0.01881466695061883
  0.02508443534881484  0.03135582904805575  0.03857021451846222  0.04647437933062781
  0.05421366247855604  0.06192787021481252  0.06843257011022762  0.07362529330683067
  0.07870040338245535  0.08368130231870938  0.08961845814930607  0.09617322744636202
  0.10310151495496085  0.11039019239958162  0.11744938749468019  0.12424195893276183
  0.13183563464216522  0.14035317457013774  0.15000611430736324  0.16079160530663242
  0.17188567594070081  0.18289687552157136  0.19368126162961696  0.20398443151479786
  0.21222250439972690  0.21907738741097316  0.22604421639459424  0.23322029006632161
  0.24013147036751634  0.24625655835346802  0.25150735256499279  0.25632130212246129
  0.26121371907545488  0.26709456927778763  0.27413107414885285  0.28161878157613457
  0.28870365604831183  0.29548429480319227  0.30230844914292776  0.30929600785669209
  0.31781396965840325  0.32765151080609012  0.33591476398611042  0.34414825983822450
  0.35217266170520850  0.36053548540806907  0.37139226665814756  0.38144202555231288
  0.39060808468436348  0.39952791448914304  0.40743785303335289  0.41578117173300888
  0.42412250017033176  0.43328084006656953  0.44340156687684945  0.45429080597115357
  0.46545195374896897  0.47616871711209441  0.48650576053954409  0.49710622497080537
  0.50800721062336873  0.51891802861929415  0.52961625347563202  0.54039787311398813
  0.55138218699794039  0.56252127603869684  0.57376408990071681  0.58518158323686142
  0.59725441673773361  0.61057939136197692  0.62476284631976964  0.63727763174639862
  0.64920586693116034  0.66126348642338295  0.67281705798563518  0.68365615645618838
  0.69618389272550252  0.71150267145534940  0.72581264135975854  0.74064153591338044
  0.75684774105713049  0.77309369557566721  0.79005759025930999  0.80903780104353440
  0.83068307319427381  0.85401229082796426  0.87692072896033857  0.90214709047063824
  0.92998671117449094  0.95685194956152486  0.97999290653040438  1.00000000000000000
 -0.00341252426029540  0.01402719904690652  0.02654033719632709  0.03757747629170355
  0.04722427462912569  0.05616842039207554  0.06460700741841083  0.07316925428924292
  0.08164483487660830  0.09101826258265248  0.10181102520485473  0.11290237523811454
  0.12185545597596867  0.13017781191755304  0.13826533979519467  0.14784840002434341
  0.15964792676002590  0.17066827281939606  0.18106013903765336  0.19093105886078923
  0.20112964377702000  0.21162055804381133  0.22248241627845852  0.23401723460077559
  0.24423188780522712  0.25308241350869476  0.26200088155548151  0.27089355688021216
  0.28064529557407675  0.29200311178573146  0.30323974174960111  0.31411561323136483
  0.32626277059988107  0.33738650477341647  0.34876649639564700  0.35977246976247501
  0.37235885265335017  0.38416616427035122  0.39550743966754714  0.40683663889271182
  0.41761571540511860  0.42738284185139425  0.43658446179665450  0.44379908401087431
  0.45050863325782003  0.45699880680358557  0.46487983623783374  0.47395015869422452
  0.48382630848503405  0.49373260077886932  0.50337839472976098  0.51378738814539671
  0.52576473568557613  0.53827625966664749  0.54947768185393375  0.55864815398532330
  0.56699536501136460  0.57595609835094153  0.58607215391333256  0.59711844444887263
  0.60922840445388549  0.62199218474276208  0.63452556327348819  0.64675989766043662
  0.65941889646502583  0.67185411036077458  0.68392758758169014  0.69571709200989418
  0.70759027038516142  0.71929905990220877  0.73066015779880877  0.74197430396876973
  0.75352247371926095  0.76467925810551018  0.77489384137977657  0.78478030251657716
  0.79548213335482576  0.80689074643530623  0.81765759931988857  0.82781149375000695
  0.83836341223651012  0.84848328553405183  0.85843263955443616  0.86861506591352777
  0.87855656526339010  0.88898220490400293  0.89968707316420837  0.91148402238763582
  0.92395450249818434  0.93621510044566325  0.94699448414693133  0.95660224381931369
  0.96668351710634126  0.97786995646070607  0.98904489291216280  1.00000000000000000
 -0.00320299755107808  0.01248562629222433  0.02556985554521907  0.03814857941626291
  0.05087433192157059  0.06086561491909557  0.07089773187788935  0.07970352799876317
  0.08983013058781224  0.10128569044873419  0.11256740349753881  0.12388622669801472
  0.13550263214921288  0.14825427965386093  0.16032773433990799  0.17137152489315768
  0.18160280623786806  0.19135637162626506  0.20150939465646231  0.21182684834658486
  0.22227654893870696  0.23209188244612389  0.24279348341196047  0.25328927771547133
  0.26317967765580758  0.27289975566339347  0.28304718771735649  0.29271027310909609
  0.30077773016499737  0.30942256479645297  0.31899558699677816  0.32896483139346333
  0.33865096726694588  0.34711837962056136  0.35581327598561158  0.36639626533765202
  0.37716123933231505  0.38801663319635077  0.39884972579411132  0.40966947946809890
  0.42099046433813525  0.43170953563027803  0.44236806835015630  0.45360753067561155
  0.46593251325714624  0.47853022937556788  0.49225420719218183  0.50558664323285585
  0.51733721336412353  0.52637939351506990  0.53476724614107718  0.54272408742104283
  0.55102723668123188  0.56091844418606129  0.57251733043954578  0.58411774614900680
  0.59557675457942949  0.60632238585087872  0.61635665672452111  0.62584741533896471
  0.63487522188896284  0.64444403665202687  0.65365000097245141  0.66259060753979349
  0.67124657445054814  0.67940681135062631  0.68763663679584475  0.69548567204848588
  0.70328005323518028  0.71084149632651161  0.71966612024546517  0.72931222342449142
  0.73895373821142529  0.74764509918416799  0.75640631872553865  0.76627547859136591
  0.77590107474738945  0.78679574319862111  0.79848131713447468  0.81065131823327385
  0.82321219173908056  0.83600714615887983  0.84753843372170867  0.85811907027254586
  0.86895954454636004  0.88060688506600615  0.89315912335052750  0.90549609009203114
  0.91783564346154123  0.92870753402443340  0.93980474424045612  0.95036277878216135
  0.96180290560066894  0.97282704028399636  0.98596460263612407  1.00000000000000000
 -0.00282891912342643  0.00822757072515609  0.01789589666888455  0.02689046562621009
  0.03640599500218385  0.04720224424307101  0.05847256517647862  0.06984510686636225
  0.08092229064600802  0.09158172296392554  0.10196220143818985  0.11232403132670872
  0.12301386342784390  0.13473289399800126  0.14651579657737759  0.15773811278557193
  0.16894784216284892  0.17988954134238083  0.18863881467643476  0.19772258041411642
  0.20693603459077664  0.21689462265393816  0.22812444858570596  0.23882022029180541
  0.24924788439179185  0.25979227045550379  0.27030857186935708  0.28103390750978324
  0.29173353688006581  0.30366407407732521  0.31567291354259613  0.32666332390850616
  0.33707023011235954  0.34744711335039380  0.35867249533124723  0.37034513411314385
  0.38234824387167587  0.39333620942837683  0.40369482756038305  0.41352480526470214
  0.42309832754505000  0.43357669536019061  0.44288773808121451  0.45207084103711098
  0.46078624798642187  0.47035932516718493  0.48072854982293328  0.49048465595911589
  0.49971399138825051  0.50839203560003732  0.51707041457769598  0.52655855980671418
  0.53624666331920900  0.54535967231055649  0.55423190319981142  0.56425016220667590
  0.57679086075289787  0.58996907119012376  0.60253391033850923  0.61505340384849194
  0.62637028979317144  0.63801109745827900  0.64906138862067253  0.65954982800477691
  0.67055388551175377  0.68138109127071989  0.69296749543558744  0.70535237856709554
  0.71839334340916583  0.73094669492796238  0.74246192928969990  0.75397860845418796
  0.76564340511078144  0.77731112313074469  0.78893013873760354  0.80038896116718883
  0.81172790477148893  0.82332635239207264  0.83443844180349980  0.84508436345164251
  0.85562723719625267  0.86606008939654233  0.87667149507071951  0.88693111226378751
  0.89703951545360494  0.90556119793585810  0.91442500894975454  0.92183866659150071
  0.92978007721511435  0.93815635271535258  0.94822993578303383  0.95776527626695185
  0.96739827662936184  0.97723431797722937  0.98842144576797297  1.00000000000000000
 -0.00229737753507195  0.01217903380563259  0.02373070248829936  0.03476316718409478
  0.04509490581681280  0.05494332285658257  0.06543374220030762  0.07555078971712827
  0.08537143729573786  0.09574067397254737  0.10644567854680384  0.11714415965034612
  0.12832713358431835  0.14005167665725815  0.15043370922475874  0.15840963306277894
  0.16589720028351632  0.17369576630287814  0.18054969033253876  0.18686304316198399
  0.19350437238319376  0.20072160994718793  0.20895992338254771  0.21784362854971298
  0.22478635536231711  0.23169626897467521  0.23876001805586586  0.24608922263461225
  0.25701853198049057  0.26897330402024111  0.28091472119677457  0.29109031729718376
  0.29975696201433810  0.30815302175837528  0.31765805057266866  0.32686216641655946
  0.33654445914529890  0.34663312020454046  0.35734694463282379  0.36901622041588228
  0.38019081469714266  0.39098472736952578  0.40181978855606310  0.41190514340299272
  0.42154803939357421  0.43091161916457199  0.43977134878959306  0.44899409802794038
  0.45839437969283214  0.46849921791230303  0.47959101139674104  0.49095410247308913
  0.50194820013550823  0.51203154480871149  0.52144785480816036  0.53126587744594489
  0.54172822443622670  0.55456922723556490  0.56913299826111274  0.58361132209025890
  0.59601536159619817  0.60760236172094961  0.61893733534894935  0.63103948392228792
  0.64208367277818001  0.65315716039786897  0.66385242395620758  0.67509430658499803
  0.68689340909187602  0.69841058155877345  0.70891783478531945  0.71797440119435640
  0.72694326591815861  0.73617997015495340  0.74634553156210037  0.75790684436710920
  0.77002699952924214  0.78237308028025276  0.79494987234749881  0.80647035366433606
  0.81801009679402115  0.82921234577340364  0.84140866391497038  0.85366062632388029
  0.86615835955262366  0.87859499436306165  0.89137756374435473  0.90430074143812311
  0.91750603065103842  0.93000588899195524  0.94170550154528032  0.95304708506210023
  0.96472494291059063  0.97652330264373977  0.98831987703922897  1.00000000000000000
  0.14411653233215074  0.18406522603772946  0.20302262738322799  0.21502571569298079
  0.22869013208422254  0.24445991783455928  0.25594093711723526  0.26406617932380855
  0.27194436109398673  0.28072099017322688  0.29188223868569130  0.30511054547573951
  0.31836963575953559  0.33026600630724495  0.34012497231763161  0.34903811922799477
  0.35802284161995956  0.36669392581630944  0.37502089389170995  0.38273443231980214
  0.39012775661122884  0.39780130022029864  0.40514211581458853  0.41332251745950294
  0.42196486817067663  0.43127191795081332  0.44101805762341517  0.45063338986027002
  0.45998979015210656  0.46843220368565658  0.47642031295657661  0.48382411110984452
  0.49152476156907482  0.49943495388837039  0.50766657644819857  0.51580274161295914
  0.52427613724160405  0.53336853832220255  0.54278265260333913  0.55182064370253514
  0.56057488584916548  0.56875422464606307  0.57689037449823855  0.58497077933565123
  0.59309597101449818  0.60106883269492051  0.60850781886261152  0.61609027201124655
  0.62405854493002599  0.63276638962257870  0.64067618356148859  0.64853965219769194
  0.65669759484162582  0.66536554787990720  0.67344110466679707  0.68119345776354689
  0.68900552388374314  0.69728558515343864  0.70590597513236186  0.71399434103346493
  0.72178595606104867  0.72940073063234401  0.73659226809585510  0.74330593421267876
  0.74953714717788555  0.75557712631240426  0.76113973184438699  0.76665659720160717
  0.77233969877376785  0.77878971291274468  0.78522518546310016  0.79187077334049583
  0.79802497540771156  0.80416022638877815  0.81038235484948751  0.81643306504839763
  0.82300632861676537  0.83005966776921325  0.83613644777888418  0.84167812479053139
  0.84716299739777712  0.85268938705301323  0.85899166405001592  0.86549943799049545
  0.87286263562624145  0.88062480352558958  0.88850794287123502  0.89700381226390025
  0.90678863486581085  0.91665296664112028  0.92633450087993519  0.93626340649653939
  0.94761746141121683  0.95969739454869896  0.97505324627545997  1.00000000000000000
 -0.00971286928656214  0.05604469708480601  0.08133260613869264  0.09778123048200182
  0.11132209543181486  0.12322745472299759  0.13177639631615065  0.13857664292960997
  0.14559012874992744  0.15313200858670434  0.16061578748618291  0.16754894853371674
  0.17412607011485395  0.18027522751780281  0.18600939489613746  0.19213765290154888
  0.19909584517444356  0.20585001354731591  0.21141285611835936  0.21698760206577972
  0.22272692775718997  0.22821029903927859  0.23405826120688353  0.24007872795570143
  0.24605741095863753  0.25168713535831200  0.25685017756904077  0.26173420206813786
  0.26664497856801583  0.27172858704612085  0.27702778613174089  0.28307447212222114
  0.28882449140065536  0.29425075272026119  0.29935169488288810  0.30444652556558316
  0.30973400385775812  0.31526905706876196  0.32113351016134994  0.32735284669916176
  0.33354077303283175  0.33928062305512074  0.34506471757496965  0.35096192586454339
  0.35747055023782642  0.36393481462975813  0.36942928297020494  0.37431508940356373
  0.37906843219244990  0.38390184126103816  0.38919382087679588  0.39535582571068673
  0.40237431918384309  0.40976615827768792  0.41691875725129296  0.42304477416118474
  0.42922920887742100  0.43528398825972259  0.44127991773283504  0.44763333882408035
  0.45437263299233871  0.46171487280674561  0.46926888092422564  0.47676324051795549
  0.48473030697743191  0.49290597253384089  0.50133269112558665  0.50797423138176800
  0.51489243291222309  0.52171744450465696  0.52859452721036726  0.53641221846367038
  0.54442951186119060  0.55250353350375181  0.56019119234204340  0.56927097694092077
  0.57999456725859022  0.59161974748259905  0.60223804236311351  0.61187568863916431
  0.62246407252224145  0.63454186061089346  0.64695913698357943  0.65898410755143266
  0.67117195610657632  0.68363017120370306  0.69542287067845265  0.70850329249822730
  0.72421771845511518  0.74281579223342276  0.76091230524479947  0.77931425858508441
  0.79978319561881339  0.82582556877181823  0.87097998624014084  1.00000000000000000
   1.5578933405530344E-003  -1.0000000000000000     
 F F F F F F F F F F F F F F F F F F F F F F F F F F F F F F F F F F F F F F F F F F F F F F F F F F F F F F F F F F F F F F F F F F F F F F F F F F F F F F F F F F F F F F F F F F F F F F F F F F F F F F F F F F F F F F F F F F F F F F F F F F F F F F F F
  <DiscreteSampler_grid>
  grouped_processes
  1 # 1 for a reference and 2 for a running grid.
  10 # Attribute 'min_bin_probing_points' of the grid.
  1 # Attribute 'grid_mode' of the grid. 1=='default',2=='initialization'
  0.0000000000000000 # Attribute 'small_contrib_threshold' of the grid.
  0.5000000000000000 # Attribute 'damping_power' of the grid.
 # binID   n_entries weight   weight_sqr   abs_weight
    13   10   1.576243650825867E+003   4.656823372827945E+006   1.576243650825867E+003
    14   10   1.576243650825874E+003   4.656823372828006E+006   1.576243650825874E+003
    16   10   1.576320181069915E+003   4.685196824193288E+006   1.576320181069915E+003
    17   10   1.576320181069922E+003   4.685196824193352E+006   1.576320181069922E+003
  </DiscreteSampler_grid>
