  0.00000537192614824  0.00000541445195064  0.00000544922852509  0.00000548400509955
  0.00000553270052351  0.00000559055700877  0.00000564841349404  0.00000569019878661
  0.00000573056381234  0.00000578469360504  0.00000587779243782  0.00000595767703383
  0.00000606489179662  0.00000620569038800  0.00000638028100242  0.00000658760360336
  0.00000677983757252  0.00000698262656705  0.00000722127548188  0.00000748497439597
  0.00000772979310877  0.00000796123177820  0.00000816186828453  0.00000826342060945
  0.00000837144421377  0.00000846628461409  0.00000856130783920  0.00000867629090020
  0.00000878236997152  0.00000888549348000  0.00000900301681092  0.00000911657053402
  0.00000924124197558  0.00000966996736722  0.00001039478139579  0.00001104783826528
  0.00001160207674570  0.00001211080642395  0.00001259660613339  0.00001316234503378
  0.00001378123458882  0.00001448786235099  0.00001534976034109  0.00001640485099259
  0.00001756808740571  0.00001836729093677  0.00001896143386327  0.00001950988142767
  0.00002012977496155  0.00002088393443418  0.00002166687382560  0.00002264121906695
  0.00002379897693502  0.00002501194602487  0.00002649699569148  0.00002828267105187
  0.00002990928160375  0.00003137184338769  0.00003271914342672  0.00003413508248623
  0.00003578589348952  0.00003759667251211  0.00003948229505831  0.00004139897560063
  0.00004328862160837  0.00004535709277520  0.00004747026645472  0.00004963275823304
  0.00005174589324523  0.00005389572940500  0.00005667578057780  0.00005947524168484
  0.00006288327863814  0.00006672396473367  0.00007134625164520  0.00007685522140319
  0.00008233328804229  0.00008775212622527  0.00009369117468670  0.00010091060832139
  0.00010945328293617  0.00011909932626273  0.00013144701538680  0.00014615379756745
  0.00016610098306865  0.00018782935657805  0.00021497671764096  0.00025084271837017
  0.00029464484113354  0.00035647589614447  0.00046266239926846  0.00064402321421894
  0.00096375859488251  0.00188611404624106  0.05781346862118827  1.00000000000000000
  0.00000581366612686  0.00000609359595287  0.00000621878691359  0.00000634416242418
  0.00000645326594111  0.00000653302587625  0.00000662070757408  0.00000671252878972
  0.00000683700608384  0.00000702469553200  0.00000722686128812  0.00000743575129651
  0.00000767993868502  0.00000798814334475  0.00000831423903257  0.00000861101823801
  0.00000889734499164  0.00000918029266414  0.00000946190787089  0.00000983333439099
  0.00001020610034698  0.00001058943804962  0.00001097286372755  0.00001134611710474
  0.00001169206106366  0.00001205493371476  0.00001245345079187  0.00001312065170690
  0.00001390580710712  0.00001480959824947  0.00001567197349708  0.00001655066071960
  0.00001734093213855  0.00001814172378317  0.00001878260275596  0.00001948807915964
  0.00002016352907098  0.00002090263705289  0.00002172890867311  0.00002260659851994
  0.00002346966745351  0.00002431818120019  0.00002524228768296  0.00002638556948301
  0.00002775469544220  0.00002916859505995  0.00003054283770327  0.00003199458005216
  0.00003348348834900  0.00003495605779506  0.00003630388929232  0.00003761022121593
  0.00003893494041230  0.00004046329441839  0.00004200203463177  0.00004343566706817
  0.00004484319085843  0.00004631088472388  0.00004800261503023  0.00004990352936578
  0.00005193881832624  0.00005458707293580  0.00005756427217405  0.00006063029416780
  0.00006406329707236  0.00006743624773374  0.00007072851636283  0.00007453864370951
  0.00007901306328958  0.00008386791598422  0.00008876128928304  0.00009392137386525
  0.00009943648967977  0.00010358184148180  0.00010839366934932  0.00011235127079316
  0.00011653026073540  0.00012095769994478  0.00012542458167115  0.00013087575582932
  0.00013616542521235  0.00014567089081227  0.00016245298140625  0.00018615812419737
  0.00021432078400497  0.00025022847250199  0.00029122802946960  0.00033977149627350
  0.00040492306394951  0.00052061427027841  0.00070131781816266  0.00099273034645581
  0.00129423009835741  0.00190815575875422  0.10783837014021883  1.00000000000000000
  0.00000149469862776  0.00000560152944998  0.00000708590402992  0.00000811170305836
  0.00000951217832517  0.00001035435228622  0.00001092232945427  0.00001133988811392
  0.00001176384828815  0.00001229307429257  0.00001308183120710  0.00001373394752581
  0.00001447989790929  0.00001529595640518  0.00001618161401697  0.00001716629541930
  0.00001833495807250  0.00001967501548858  0.00002100799625122  0.00002234630928211
  0.00002373305367310  0.00002516094954462  0.00002685222747878  0.00002860600189071
  0.00003041629874074  0.00003240068833129  0.00003472007749415  0.00003727090261666
  0.00003989232205140  0.00004250311247042  0.00004498345687543  0.00004759794128347
  0.00004995842595079  0.00005236432164217  0.00005492764449289  0.00005780724506392
  0.00006127125168081  0.00006540781735778  0.00006987201082466  0.00007428766415896
  0.00007899014124732  0.00008434903260788  0.00008972556224406  0.00009466574373332
  0.00009980319739339  0.00010550442756391  0.00011327050182017  0.00012039290861941
  0.00012767278855794  0.00013479787128719  0.00014176647440191  0.00015014433039588
  0.00015963857313368  0.00017000493345329  0.00018163322713461  0.00019355097002158
  0.00020573178978395  0.00021900533453621  0.00022919952463089  0.00024028348228838
  0.00025213509146349  0.00026446397587726  0.00027967342705970  0.00030205683500378
  0.00032978427090798  0.00035468798707140  0.00037875642987983  0.00040547427869146
  0.00042523056061045  0.00044175183985980  0.00045925690400518  0.00047861095290731
  0.00050020745436247  0.00052442975776527  0.00055419923903103  0.00063038156924057
  0.00070691819449013  0.00076407151838293  0.00082481543979586  0.00088035008090323
  0.00093822142110384  0.00100698706781482  0.00110226118810572  0.00129710125867829
  0.00156390762058413  0.00188977837084628  0.00230732669490693  0.00300539276134406
  0.00462430771022335  0.00733379085305295  0.00941394221970542  0.01096620513271885
  0.01285684879704559  0.01497300554970798  0.02717059327752470  1.00000000000000000
 -0.00178295970976252  0.00841826415082227  0.01713555945136899  0.02513557968278221
  0.03304735225520648  0.04144274450830815  0.05057861611595885  0.06015155573734837
  0.06947592076453328  0.08077383070058185  0.09170332702995598  0.10115295060404861
  0.11076939046523758  0.12039948447630665  0.12918625589910160  0.13778491808321500
  0.14572971431164283  0.15427178906714489  0.16259510689554840  0.17177422882954307
  0.18097215678400236  0.19141123582069555  0.19898091364386142  0.20622454015636213
  0.21300519272213994  0.22087138112355459  0.22963307070732389  0.24017768444379095
  0.25312792711661758  0.26728672559964961  0.28174419937712969  0.29436603181435617
  0.30607712195789777  0.31692497218691978  0.32788872736427321  0.33867222149047654
  0.34832353492949431  0.35542179991691564  0.35970664343141023  0.36355750295983774
  0.36735311181026908  0.37085425555288892  0.37922383966163553  0.39006026307065084
  0.40248426929186243  0.41741156613112546  0.43292889026085285  0.44874229231522517
  0.46469522899858917  0.47947428067959885  0.49183144879349433  0.50381861583023380
  0.51537822050324922  0.52697013861636077  0.53922878946984620  0.55213867481559897
  0.56548116645988256  0.57653329242215134  0.58747804040571239  0.59813097744662280
  0.60924842959968628  0.62048400817181815  0.63269352309428861  0.64528163252686088
  0.65664876529474192  0.66743213208087437  0.67897930606936407  0.69070901812276853
  0.70103356864976230  0.71072997783999781  0.72216002740803331  0.73572467190416724
  0.75075535930389536  0.76332515160667369  0.77748908796793914  0.79181166980647066
  0.80681475858417440  0.82327834324960691  0.83568875900791106  0.84588537740346004
  0.85638970815516613  0.86728823017460477  0.88257104908162087  0.89539897425562909
  0.90820764452899116  0.92053450226536970  0.93230489909303527  0.94673092484132515
  0.96031593498695578  0.97046706816537709  0.97563461343946001  0.98105119488876058
  0.98614800907438716  0.99049733179917865  0.99523178451296945  1.00000000000000000
 -0.00007913184609607  0.00007107395316946  0.00023396598320999  0.00049025075894518
  0.00070261169227966  0.00083971078832747  0.00097981352934113  0.00112157669706463
  0.00130162591392076  0.00148231346211445  0.00166234831901307  0.00185285254705731
  0.00205051334571872  0.00225250094888324  0.00246511635983814  0.00268696648968060
  0.00291089751742106  0.00313390618707769  0.00335618714888240  0.00363904197936616
  0.00392573066500822  0.00421388122212608  0.00449844388289266  0.00477732519059291
  0.00504044260705173  0.00520074213390134  0.00536104166075095  0.00552200651846620
  0.00568310724696862  0.00586513322660984  0.00605875796877786  0.00626496922369536
  0.00639713698770323  0.00646071981123827  0.00651823648925424  0.00657586416313448
  0.00663561188388997  0.00673899698740538  0.00682802484938407  0.00691429478562124
  0.00700978243839465  0.00710711202992929  0.00720346742858559  0.00728457995376720
  0.00735733559839378  0.00743486874245779  0.00753047533836674  0.00764095422885941
  0.00773758054801901  0.00782725171148608  0.00791415256575140  0.00799586576673768
  0.00837399129181244  0.00889827879550733  0.00942445401668333  0.00989669847165268
  0.01031594684805136  0.01070206479761397  0.01106357139949904  0.01146561978691340
  0.01188850439370229  0.01213489150777896  0.01233453908570855  0.01254807761106640
  0.01278971370605543  0.01304258943182660  0.01330448606425890  0.01358603402796167
  0.01385508029283386  0.01415830564523180  0.01455016622181888  0.01500194272952854
  0.01552833443939673  0.01615203729428325  0.01670644145599537  0.01728466934405360
  0.01797715642995993  0.01913373454539006  0.02015219448472506  0.02081292480058774
  0.02143952811060026  0.02209830487328953  0.02280272183145789  0.02369121366607879
  0.02512131254655601  0.02667054845821764  0.02799689300968688  0.02908870752575040
  0.03022972840946989  0.03166818921746029  0.03507085005071463  0.03822907776164367
  0.05542360236505471  0.06987124807677356  0.44215610488497775  1.00000000000000000
 -0.00330140923171310  0.01318738935084019  0.02784415318162485  0.04215199326317664
  0.05748684467952801  0.06896057735874360  0.08015531675224537  0.08948970149652816
  0.09710359579594893  0.10387207743001023  0.11015740250287769  0.11513993531948281
  0.11935495709167475  0.12363100656828484  0.12819591139579226  0.13270436248747972
  0.13734499950052906  0.14226586280993347  0.15265556173621281  0.16273908493254818
  0.17457110121157607  0.18798729880401344  0.19837115184231296  0.20655242980180250
  0.21473281313823572  0.22327309916990784  0.23279307247048850  0.24527869328149279
  0.25682965366736454  0.26702955421330105  0.27768411038077140  0.29029158421528073
  0.30400492622733716  0.31613604685596397  0.32844369415080027  0.34099716546320125
  0.35425573647166325  0.36777870830611525  0.38067443749515018  0.39260873040752026
  0.40431964459690989  0.41594084193926323  0.42551282288538417  0.43556530985945807
  0.44593642245878345  0.45804567975378641  0.47100185523437105  0.48110722258206223
  0.49056307724116133  0.49955961559196221  0.50967687357483116  0.51997962786370078
  0.53260362435487496  0.54655377299940544  0.56048172983962896  0.57209832234142433
  0.58139684683681070  0.59019281889910913  0.59882137061417295  0.61051223264875609
  0.62371182483652621  0.63580700810383273  0.64822625230701447  0.65928981409697562
  0.66766743499519565  0.67519887498618625  0.68344259428788579  0.69429847555473012
  0.70689983065599316  0.71779801371845020  0.72884382263331027  0.74037665778988415
  0.75281735891499735  0.76620803555373529  0.77909774818539301  0.78960034241643240
  0.79816929181170215  0.80664294544391546  0.81707892250199265  0.82930216925709632
  0.84056378976396950  0.85030153265788155  0.85950626108735773  0.86777313681270241
  0.87577989806610412  0.88501043940406721  0.89428540140614854  0.90472248734164773
  0.91573267775733191  0.92760391914485807  0.94110981475109945  0.95370656861762093
  0.96523187894449269  0.97679029981836252  0.98833320864232688  1.00000000000000000
 -0.00003595475425192 -0.00000354353804908  0.00002886767815377  0.00006127889435661
  0.00009369011055945  0.00012733202032994  0.00017542598666053  0.00022351995299111
  0.00027161391932170  0.00031970788565228  0.00037418392558523  0.00043122316518150
  0.00048826240477777  0.00053553195908616  0.00057173916328619  0.00060794636748621
  0.00065137370746493  0.00069485784891750  0.00074024981539761  0.00078578561104995
  0.00083613271154449  0.00088533952175025  0.00092870228154558  0.00097644878782575
  0.00105688832908490  0.00113732787034405  0.00123076444053252  0.00132576217540001
  0.00142663853372661  0.00153444927589343  0.00164559016593332  0.00177034131761729
  0.00189808787655852  0.00204653225324698  0.00220611024268652  0.00238821994820731
  0.00258313552897112  0.00278860153889019  0.00300761595552828  0.00323880427309423
  0.00349295140634957  0.00375678005615893  0.00401845614187798  0.00428074372704207
  0.00455556368996927  0.00487598328395299  0.00520760598687581  0.00554175469185400
  0.00587815831627926  0.00624676116998803  0.00664194780068964  0.00706092638673791
  0.00750677792558412  0.00796744368323590  0.00840326704685003  0.00884661625336744
  0.00930940807660353  0.00955802877756172  0.00965765846967144  0.00975422538827621
  0.00985844098678775  0.00996747951053197  0.01009457055943062  0.01014741390343855
  0.01018751823126529  0.01022763502573251  0.01026765505208487  0.01031636659807158
  0.01041820018539223  0.01052222120601998  0.01063869194621713  0.01077256945171124
  0.01089689123974632  0.01105591145210840  0.01163018339383529  0.01218988937515095
  0.01279418486231978  0.01328948171652941  0.01365007051524903  0.01403102287982553
  0.01448631376276695  0.01512044643721863  0.01596629495705162  0.01633272917301105
  0.01670810841366346  0.01711567952280061  0.01759388482488768  0.01826363365013741
  0.01892459095270376  0.01994210800924451  0.02204631125952294  0.02373924679932701
  0.02974961957945998  0.03505703454516344  0.10534721830803292  1.00000000000000000
 -0.00241312622094664  0.01436510734266793  0.02844700509676669  0.04073617356005452
  0.05418817840791430  0.06294579099944123  0.06801821388550895  0.07261550249866210
  0.07790082489213253  0.08295273604138058  0.08816224893178247  0.09306550763621373
  0.10179990534869532  0.11263292541867946  0.12344711261874530  0.13565486838740887
  0.14768263240950324  0.15691854698186641  0.16466859550966295  0.17059074236325705
  0.17640214887338865  0.18324663802493432  0.19339153571713727  0.20468536568585849
  0.21560844914936933  0.22621306152583334  0.23654036783037380  0.24816822348655407
  0.26160735569771243  0.27426422897520680  0.28640400002296357  0.29840567843809579
  0.31219349494059934  0.32689322825518413  0.34126545911720935  0.35415866098476234
  0.36560738914202578  0.37704515194290206  0.38894648582312391  0.39855517991358813
  0.40607462126711102  0.41314991282663488  0.42191928912422749  0.43318746402039171
  0.44513825461799100  0.45626515591904793  0.46634683823318290  0.47614391443595538
  0.48588581352200733  0.49644715059292077  0.50727495873171080  0.51766917559270753
  0.52725146460070416  0.53764905360463544  0.54937888364576104  0.56103207600045901
  0.57591475381268176  0.59131575440563344  0.60477277810987462  0.61543660453336801
  0.62648135369753677  0.63885628109902670  0.65435115252622877  0.66646080004675501
  0.67652148236608511  0.68514572691444520  0.69274476917461669  0.70046328401718450
  0.70863268475459340  0.71774602981326197  0.72618722827983562  0.73467008183792282
  0.74526485343674764  0.75624510877813034  0.77015002763627272  0.78225745509911138
  0.79267457588771639  0.80377393490731641  0.81315263646763125  0.82269742185866190
  0.83302662213055634  0.84382238018910438  0.85690950312142611  0.87348930796966739
  0.88601487321225814  0.89719612004899929  0.90719474993734395  0.91632504735482145
  0.92537305342633669  0.93292917741194126  0.94127104675574047  0.95003389891122070
  0.95930392103289952  0.97206640945164091  0.98674575665111575  1.00000000000000000
  0.09682657582934730  0.12004330180619122  0.15938840694020748  0.18256841522448497
  0.20401805122725078  0.22487128724997960  0.24522380137719493  0.26275978887304852
  0.27958863466022965  0.29751386404678531  0.31396583889702578  0.33199749427360115
  0.35062106670918736  0.36928573061694098  0.38612578832941097  0.40285704194487043
  0.41953077803345767  0.43542328633712413  0.45161169479547714  0.46559898292773311
  0.47891477896520029  0.49198630504280960  0.50609852476418604  0.52092007365655546
  0.53494881752440415  0.54673103936996870  0.55674068313973957  0.56629514875203468
  0.57587293835256370  0.58636498599985398  0.59627834086627174  0.60637239176224722
  0.61637868890940029  0.62646676826164893  0.63651580529572072  0.64682306363120579
  0.65730864237332631  0.66737501933899956  0.67688518377385931  0.68504842962869561
  0.69202600593044050  0.69838949794829364  0.70492704332510137  0.71229957101007446
  0.71891708912576191  0.72436584044208008  0.72820984033641223  0.73203966323534819
  0.73580003642068315  0.73968479770910633  0.74393224024072524  0.74965047964078979
  0.75866596469957026  0.76812396981700759  0.77713224154777472  0.78589629796102656
  0.79294045736703267  0.79843914559893958  0.80375022562180287  0.80907976662846759
  0.81545601480987384  0.82276943653777368  0.83016679148073425  0.83692394077547638
  0.84333082809536497  0.84986700671148852  0.85667315447462689  0.86329572057507042
  0.86965406571465131  0.87545512381792678  0.88090843949823516  0.88615992562862900
  0.89132457565970125  0.89645360273027408  0.90154924039817586  0.90727948943144066
  0.91390975295072407  0.92148510923746085  0.92858794061789873  0.93399089557360604
  0.93875096030774097  0.94300135735193691  0.94696836835189346  0.95123066500459297
  0.95545979483879118  0.95974237531990958  0.96432725852261603  0.96869579416293783
  0.97241593296293971  0.97492790667421747  0.97811022633989764  0.98149063375672485
  0.98479010605730277  0.98812254356703233  0.99212415855519942  1.00000000000000000
 -0.01544260035113684  0.10788408264178832  0.15185073822856623  0.17865884451414910
  0.19930620012098324  0.21612352960511044  0.23027674065746997  0.24309113536744259
  0.25524776699243479  0.26658255844505296  0.27679844625571864  0.28471793127369660
  0.29189712093565551  0.29784415509343831  0.30420475527522089  0.31129732102959956
  0.31960656860490122  0.32758086736620312  0.33573046994826083  0.34432885012898506
  0.35195031927363785  0.35956607137351909  0.36673257707436852  0.37332953872737151
  0.37942619686545032  0.38587997851682965  0.39294139143236206  0.39952770592744208
  0.40505350646490768  0.40966775619326384  0.41399765191830329  0.41841910225566487
  0.42435322417924531  0.43102744441418150  0.43768104278789211  0.44388288361810430
  0.44984089904651170  0.45512017019241258  0.45873463025237271  0.46130102096394354
  0.46393760251489485  0.46640390406795768  0.46877944503136115  0.47138731645065468
  0.47436234980441605  0.47697388443764155  0.47954013422013758  0.48634891738642066
  0.49318762638857022  0.49985402138500712  0.50632068758967375  0.51244578647257732
  0.51747348393019177  0.52187912191379870  0.52647009798817312  0.53091373950883725
  0.53670280133867687  0.54267936529689842  0.54813982941042372  0.55351695348764440
  0.55974742587313508  0.56679400702897420  0.57437728395118692  0.58220157539939033
  0.58908464014668949  0.59494851759825718  0.60066651394012405  0.60564447936633692
  0.61171131628945929  0.61825309478192281  0.62380874613125559  0.62780218550040634
  0.63108985064043643  0.63431540218423388  0.63758928451706676  0.64160701641811435
  0.64949148459664752  0.65704262065936425  0.66317076334232861  0.66968257636502337
  0.67714288075597007  0.68543116440613472  0.69562709411212043  0.70751273145607751
  0.71854775279163796  0.72720138708720838  0.73638526953358374  0.74639780830670921
  0.75789682396090574  0.77306218991492925  0.79033286831940219  0.80847411271525205
  0.82636508008347564  0.84789050466743021  0.88265086414513461  1.00000000000000000
   3.6609048802137856E-005  -1.0000000000000000     
 F F F F F F F F F F F F F F F F F F F F F F F F F F F F F F F F F F F F F F F F F F F F F F F F F F F F F F F F F F F F F F F F F F F F F F F F F F F F F F F F F F F F F F F F F F F F F F F F F F F F F F F F F F F F F F F F F F F F F F F F F F F F F F F F
  <DiscreteSampler_grid>
  grouped_processes
  1 # 1 for a reference and 2 for a running grid.
  10 # Attribute 'min_bin_probing_points' of the grid.
  1 # Attribute 'grid_mode' of the grid. 1=='default',2=='initialization'
  0.0000000000000000 # Attribute 'small_contrib_threshold' of the grid.
  0.5000000000000000 # Attribute 'damping_power' of the grid.
 # binID   n_entries weight   weight_sqr   abs_weight
    70   10   1.194892949335193E+001   3.064967411502301E+002   1.194892949335193E+001
    130   10   1.387754977662092E+001   4.528782395269257E+002   1.387754977662092E+001
    190   10   1.194892949335194E+001   3.064967411502304E+002   1.194892949335194E+001
    220   10   3.362416487865180E+001   2.361439616828017E+003   3.362416487865180E+001
    221   10   3.362416487865181E+001   2.361439616828018E+003   3.362416487865181E+001
    250   10   1.194892949335193E+001   3.064967411502301E+002   1.194892949335193E+001
  </DiscreteSampler_grid>
