 -0.00243872704110986  0.00958534939670403  0.01975802748921691  0.03028329374333014
  0.04083028518515264  0.05138038899656341  0.06193022741376065  0.07247721386870218
  0.08302371058870320  0.09356122427400768  0.10409962710140218  0.11463427208352803
  0.12517131539561926  0.13569819886610748  0.14621780064567516  0.15672928559736149
  0.16725321398229895  0.17778550777521793  0.18833055381523475  0.19887553194951130
  0.20941524215486101  0.21995774217752670  0.23048985648800846  0.24102922872116919
  0.25156647241116831  0.26211416370233392  0.27266326240459482  0.28321379932220925
  0.29376432255860746  0.30431458484237445  0.31486160895528509  0.32540239126389958
  0.33594442991376089  0.34648299338211519  0.35702776756111226  0.36757134006557068
  0.37812243417629310  0.38866661896239324  0.39921132023753741  0.40975328805532557
  0.42030014333410598  0.43084498897550566  0.44138656885452965  0.45192822079998535
  0.46247033733374993  0.47301356600775130  0.48355018508429665  0.49408089316553239
  0.50460307741686172  0.51513070026277474  0.52566153241042701  0.53620519381656850
  0.54675296529816342  0.55729154433200290  0.56783040323993061  0.57836698174686707
  0.58891454111869701  0.59945224246974127  0.60998897120519102  0.62052234475025481
  0.63106369306251264  0.64160338345390100  0.65214696996339128  0.66268628616826197
  0.67322979177544773  0.68377371136254717  0.69431768791848592  0.70485995176809579
  0.71540229235813002  0.72594209760064476  0.73648263606521847  0.74701020121594564
  0.75754637836494010  0.76807460389963378  0.77861747064198683  0.78916053029978861
  0.79970615713759563  0.81025215131488049  0.82079552049169924  0.83134526760800809
  0.84188823906335364  0.85242006392590086  0.86294503483149454  0.87347469695840396
  0.88401575070827654  0.89456135171710760  0.90510630914073176  0.91565159644474969
  0.92619867890178276  0.93674655625100001  0.94728876085484792  0.95782602924368798
  0.96836434339793431  0.97890954429785626  0.98945591569747382  1.00000000000000000
 -0.00244226235573468  0.00949698173992526  0.01965613750886221  0.03017098729047869
  0.04071066299905445  0.05123609068333373  0.06176609329866390  0.07229685960153254
  0.08283530469960920  0.09337342612949628  0.10391907877436381  0.11446708809296260
  0.12500369370944345  0.13554098442559892  0.14607608897324073  0.15662283667505419
  0.16716877356635068  0.17771827695326578  0.18826725243894457  0.19881519432929790
  0.20935892886100199  0.21990252610504557  0.23044635757041537  0.24098793570843682
  0.25153181294524746  0.26206993656379918  0.27261005829092233  0.28314363213537924
  0.29368145402279966  0.30421757462446247  0.31475804813975294  0.32529869570619319
  0.33584536660508096  0.34639377037816854  0.35694240062308713  0.36749200930375853
  0.37803352663564632  0.38857309554453562  0.39911383695788366  0.40965629251517527
  0.42020249066258941  0.43074697242548593  0.44129298574888842  0.45183745441978784
  0.46237295651951266  0.47291102838405602  0.48344397384819998  0.49398226386632388
  0.50451553768899293  0.51505470579957802  0.52559211731616984  0.53613548295211455
  0.54667981112432418  0.55722723415413666  0.56777534638377880  0.57831624338952192
  0.58885934314118260  0.59940171145826227  0.60994766458498362  0.62049450629251046
  0.63104008468643658  0.64158491790802030  0.65212400015072602  0.66266590753991572
  0.67320604587731736  0.68374976381390817  0.69428774598173137  0.70482176172897171
  0.71535484095227730  0.72589136782186314  0.73642598987897701  0.74696293537689951
  0.75750066080674117  0.76804607419777526  0.77858516649039633  0.78912051526595295
  0.79965920013242930  0.81019969521572055  0.82073805024828372  0.83127818261633568
  0.84182359323905886  0.85237608979755108  0.86292461584566793  0.87346977436957651
  0.88401509705303016  0.89456326872291225  0.90510408384661167  0.91564331689271761
  0.92617980272628531  0.93672502400356950  0.94726658131920782  0.95780957274075829
  0.96835093637429859  0.97889812779080976  0.98944698030843425  1.00000000000000000
   2.5509659491823211E-008  -1.0000000000000000     
 F F F F F F F F
  <DiscreteSampler_grid>
  grouped_processes
  1 # 1 for a reference and 2 for a running grid.
  10 # Attribute 'min_bin_probing_points' of the grid.
  1 # Attribute 'grid_mode' of the grid. 1=='default',2=='initialization'
  0.0000000000000000 # Attribute 'small_contrib_threshold' of the grid.
  0.5000000000000000 # Attribute 'damping_power' of the grid.
 # binID   n_entries weight   weight_sqr   abs_weight
    10   10   1.322623097372511E+010   1.749331857703254E+020   1.322623097372511E+010
  </DiscreteSampler_grid>
