  0.00000456727089104  0.00000484461148792  0.00000507520373229  0.00000532232974806
  0.00000558032155221  0.00000584284331884  0.00000610943982364  0.00000638249985703
  0.00000666899299402  0.00000697327828037  0.00000729223798623  0.00000762253079326
  0.00000796378009858  0.00000831820960122  0.00000868359510509  0.00000905104464268
  0.00000942974754786  0.00000983822823093  0.00001026886083919  0.00001071396127959
  0.00001118576035770  0.00001167178673493  0.00001216604708233  0.00001266865728234
  0.00001319619324771  0.00001373384306556  0.00001429079201027  0.00001487908293493
  0.00001549700919736  0.00001616280425291  0.00001685476820215  0.00001757671833240
  0.00001833082245062  0.00001911561101797  0.00001994953148729  0.00002082057314239
  0.00002170477983832  0.00002263682709457  0.00002362044419186  0.00002469526887585
  0.00002586149010630  0.00002707250589448  0.00002829227415206  0.00002955649616785
  0.00003090274041015  0.00003231923469161  0.00003381182932455  0.00003539880807042
  0.00003706599355187  0.00003886991956125  0.00004086274828412  0.00004298036571047
  0.00004518403691454  0.00004745253844599  0.00004981449477633  0.00005231992403525
  0.00005507951760630  0.00005809957050809  0.00006129218960790  0.00006460127698716
  0.00006808150673400  0.00007181300486850  0.00007585114968359  0.00008026409810105
  0.00008490584488257  0.00008937921117928  0.00009419287894505  0.00009940794969427
  0.00010500758323538  0.00011196639678252  0.00011987107199264  0.00012840086434273
  0.00013747229569110  0.00014751178567009  0.00015912724554641  0.00017247953065188
  0.00018765278385186  0.00020518311362810  0.00022601544785538  0.00025066698183693
  0.00027977101588153  0.00031446791504608  0.00035692570081927  0.00041106589810475
  0.00047716115686421  0.00056312421733981  0.00066844469988906  0.00082546393252171
  0.00104791792460995  0.00142660089630813  0.00213655254741710  0.00359691947211628
  0.01087654046379167  0.07234720492066377  0.39538460257621433  1.00000000000000000
  0.00000493087900544  0.00000499204062720  0.00000504679415907  0.00000510593736005
  0.00000516674293435  0.00000523148298880  0.00000531235222536  0.00000540225603394
  0.00000549136799245  0.00000558184169071  0.00000567665202210  0.00000577735526379
  0.00000588129707117  0.00000599484487747  0.00000611562610713  0.00000624648806042
  0.00000638047950300  0.00000651374194231  0.00000665403977746  0.00000680185154876
  0.00000696239679211  0.00000713473697962  0.00000731326877470  0.00000750230933525
  0.00000769903503465  0.00000790809415357  0.00000812867606183  0.00000836484630035
  0.00000862558784927  0.00000889728532882  0.00000919408057124  0.00000951369428126
  0.00000986057245913  0.00001022960565712  0.00001061685302042  0.00001102330779905
  0.00001145213190270  0.00001190804490552  0.00001239187564170  0.00001292262621829
  0.00001349061736825  0.00001410004581353  0.00001474289194519  0.00001544568033519
  0.00001618628958569  0.00001697831551177  0.00001783847537246  0.00001876506532754
  0.00001972762567055  0.00002070858951829  0.00002171327500360  0.00002274423230399
  0.00002389661496210  0.00002513345107551  0.00002652370798636  0.00002804569917636
  0.00002966049155007  0.00003135237679991  0.00003313592747635  0.00003502746354782
  0.00003702078233659  0.00003911520971186  0.00004131445702284  0.00004359371660718
  0.00004598676702618  0.00004851516024342  0.00005127480411050  0.00005425838816177
  0.00005730315987363  0.00006045481031062  0.00006373840024480  0.00006724769648785
  0.00007129136133486  0.00007581179463543  0.00008071146856413  0.00008612456739316
  0.00009214369143021  0.00009891984054283  0.00010670746572873  0.00011585275689145
  0.00012671449223887  0.00013944582370242  0.00015402027046337  0.00017110748430231
  0.00019258491136890  0.00022072041519700  0.00025775322254157  0.00030883906491210
  0.00038296017423972  0.00049759943256851  0.00070419926212023  0.00116646491157624
  0.00243272646258882  0.03000374309180554  0.82116904110901057  1.00000000000000000
  0.00000459797764336  0.00000506181962925  0.00000539091307377  0.00000573608774520
  0.00000606866940654  0.00000645531764965  0.00000686050459883  0.00000726944974779
  0.00000768578642521  0.00000812957794068  0.00000860553864667  0.00000907922680848
  0.00000957873469285  0.00001009796035901  0.00001065200939166  0.00001124538985695
  0.00001187181068674  0.00001251672570880  0.00001318394992861  0.00001389643894741
  0.00001464673808611  0.00001543745701315  0.00001627460836240  0.00001716303933540
  0.00001810785829538  0.00001911490234493  0.00002018899711273  0.00002131172569444
  0.00002248225288220  0.00002374175055203  0.00002509638031740  0.00002657488871614
  0.00002809125336517  0.00002965335877519  0.00003124712733114  0.00003293258130915
  0.00003473221252285  0.00003661092987811  0.00003851943330259  0.00004047443095606
  0.00004255370072665  0.00004476675758428  0.00004716635019131  0.00004979501010342
  0.00005256308653978  0.00005548672793526  0.00005857293480056  0.00006183275171771
  0.00006530993084313  0.00006902699943604  0.00007297352329442  0.00007720146372885
  0.00008165400075553  0.00008617229209054  0.00009082053779388  0.00009591143256103
  0.00010126376773384  0.00010715005591921  0.00011408803327160  0.00012145531388731
  0.00012932304885753  0.00013766713973127  0.00014675190527407  0.00015641219735609
  0.00016685160629138  0.00017831000834760  0.00019120179411623  0.00020527245259764
  0.00022077906742692  0.00023795968682580  0.00025683589961079  0.00027818079681793
  0.00030228458785315  0.00032921084179383  0.00035804055927164  0.00038925127110851
  0.00042358680266924  0.00045998912629305  0.00050022482504771  0.00055076625079225
  0.00061206393532677  0.00068707578898532  0.00077947132282726  0.00088795096117792
  0.00101552129066051  0.00118236789498503  0.00140797370516892  0.00170871127376333
  0.00213990206426280  0.00279034135137297  0.00359577340955502  0.00489615070863766
  0.00939963137647115  0.04166844133480151  0.10218114623610312  1.00000000000000000
 -0.00196557758970149  0.00720360774776143  0.01514481752480138  0.02268551895646667
  0.03035787022808035  0.03801707974954243  0.04552648151824052  0.05284792946249009
  0.06021475459696955  0.06768775059653878  0.07536416499748209  0.08330790173799690
  0.09138534624271526  0.09950695372112539  0.10763339778999478  0.11576669529310660
  0.12406850347226162  0.13270511002141286  0.14168008393224776  0.15088638518782624
  0.16022718943258296  0.16962201194392035  0.17895483047307409  0.18828347203091139
  0.19793675507889608  0.20811962151428909  0.21873562078297382  0.22968534588408274
  0.24089466962930980  0.25218248896561857  0.26345235992797567  0.27485320643939176
  0.28672792341152048  0.29925895933881203  0.31213165124589848  0.32498505810182676
  0.33777697152564939  0.35069689375462376  0.36371555240452502  0.37651778118913137
  0.38924647721868488  0.40237563398969561  0.41642063953724634  0.43048475702620070
  0.44421792720947950  0.45761315522379031  0.47181924502437794  0.48629696722322574
  0.50135488293342401  0.51470166999006539  0.52694525635382838  0.53906423737776998
  0.55155448136031926  0.56535780268363067  0.57962630145188510  0.59397731262032150
  0.60843625122874012  0.62239966086473575  0.63584734700603407  0.64902192781654999
  0.66152420352274766  0.67339247461434293  0.68530636936070588  0.69769829274198858
  0.71042598199305029  0.72290240082750457  0.73501018706223087  0.74677097130964920
  0.75820466776303608  0.76934115711125239  0.78020215623770317  0.79071579981579543
  0.80091005857135233  0.81091358237522970  0.82081444284392224  0.83072651316398982
  0.84058961502327911  0.85025279322782543  0.85937488138882556  0.86795143679736897
  0.87636433132241143  0.88485463246338258  0.89331694369391967  0.90166892549183519
  0.90968145358357477  0.91747546845336680  0.92535586408581816  0.93357617953580574
  0.94194820865447992  0.95039763501184171  0.95817830544783811  0.96567241886177124
  0.97345921799614343  0.98184365085230485  0.99114948471369824  1.00000000000000000
 -0.00216856075193814  0.00862779134910549  0.01953911264316993  0.03049041264886300
  0.04137182715637225  0.05187786092840993  0.06249346874072186  0.07252867520543990
  0.08293459011056423  0.09288687882877045  0.10260934133164976  0.11262424475859470
  0.12288343984622629  0.13376648237505812  0.14509811291966562  0.15638883152017019
  0.16730876528062030  0.17820561304904889  0.18879271796580999  0.19955580494814940
  0.20995166301786733  0.22020465090705779  0.23005771395688571  0.24036071648692706
  0.25058820611729832  0.26152848850478322  0.27263584249380340  0.28387890718823927
  0.29516047512109544  0.30613462875455993  0.31692630904080937  0.32782123062729268
  0.33848445386335452  0.34894558855432428  0.35904982980615524  0.36922169136995853
  0.37959762548386322  0.38926606859506807  0.39848191237676989  0.40801160177139623
  0.41705859047114596  0.42713647412710781  0.43757722257556991  0.44767255579495813
  0.45761566321798042  0.46764434824206014  0.47800743855878836  0.48851921846256480
  0.49896348672096519  0.50940077366478032  0.51993481551432430  0.53056111726021304
  0.54115245059226602  0.55169775656192277  0.56214685877200254  0.57248315281009876
  0.58251242391527136  0.59233021452438728  0.60234261696115332  0.61270102062565990
  0.62380183364344710  0.63500764163383194  0.64585961234916534  0.65634830661938715
  0.66686736324807094  0.67767434863336151  0.68865577061277317  0.69925723510592175
  0.70943322837271594  0.71947287858668552  0.72986100275483878  0.74065541848935135
  0.75174986126965504  0.76301708248275102  0.77412082863679943  0.78473874087278062
  0.79522857240178701  0.80583265529053416  0.81620595093387815  0.82638812383601612
  0.83689273613080961  0.84780459618895121  0.85870004917997567  0.86949763580412875
  0.88014222630515959  0.89069897888902394  0.90127748267832464  0.91210545065918880
  0.92333026754388503  0.93474243530220946  0.94616484609599683  0.95703895825690133
  0.96776540890652019  0.97823737212299777  0.98914916952722765  1.00000000000000000
 -0.00239105323372918  0.00939806478551340  0.01944471944360820  0.02966464241073127
  0.03975566619362468  0.04983053525360610  0.06011488356672517  0.07051712943997028
  0.08056266122110477  0.09073612788281241  0.10111812100383741  0.11204645253762641
  0.12318334249388097  0.13423964237839012  0.14530968843101350  0.15644324159870360
  0.16736976037736837  0.17833745100869372  0.18945878936133898  0.20076950833147192
  0.21143829676327910  0.22157395357173570  0.23147337179999924  0.24175798325699979
  0.25238788841999710  0.26323532640583308  0.27409867040470232  0.28495443349389760
  0.29591237374379725  0.30694140415854904  0.31777015668851150  0.32821777630883991
  0.33861535089121808  0.34864121050114399  0.35803120356456003  0.36718950162832181
  0.37656999178534750  0.38684190832213883  0.39764438047089884  0.40833387984430275
  0.41893598423422945  0.42898345342228422  0.43913126220900212  0.44904693655705075
  0.45920606233283701  0.46937333861979486  0.47951963644947182  0.49003403175158228
  0.50089636843278451  0.51187197116237604  0.52269667859654922  0.53350337667308489
  0.54403348434216325  0.55466715917606735  0.56521321948788006  0.57562483553521782
  0.58610920461090421  0.59680526747110019  0.60751413322188175  0.61796769485919700
  0.62838323476899205  0.63899510651877811  0.64943587715243944  0.65993175463220333
  0.67032689951676794  0.68088500481198833  0.69169583854467864  0.70236962989269358
  0.71303350088268869  0.72349386727372533  0.73378063531182669  0.74459111033645653
  0.75512534278481658  0.76621653250749622  0.77708746399043394  0.78792481673114700
  0.79868364343960252  0.80944669786568002  0.82045742123768350  0.83057363386792649
  0.84064514168649596  0.85117539914563956  0.86110974054606770  0.87165845223268101
  0.88213862167627055  0.89231460065984802  0.90246397997541028  0.91246130527086478
  0.92314000952579001  0.93408634023783998  0.94500137392797356  0.95592254111819830
  0.96714721377926072  0.97813307035274455  0.98930648341225835  1.00000000000000000
  0.00001781551934791  0.00002369808072285  0.00003054332529569  0.00003866429247133
  0.00004553985375571  0.00005236981307445  0.00005912292089492  0.00006807299958429
  0.00007791860762427  0.00008865948776414  0.00009956780205976  0.00011089640101916
  0.00012248500459401  0.00013424412915045  0.00014844324547088  0.00016323973202282
  0.00017888107175558  0.00019703367409495  0.00021667466756520  0.00023821249425370
  0.00026231255086320  0.00028902122850913  0.00031878592979468  0.00035258223796087
  0.00039130707613852  0.00043564600167759  0.00048707782158115  0.00054674419597705
  0.00061227731006561  0.00068520315733569  0.00076456871399011  0.00085071992440453
  0.00094321397057258  0.00104048193493784  0.00114281947325676  0.00125217324400866
  0.00137422484923475  0.00151172135687479  0.00165895494788992  0.00182019081626275
  0.00200259460482220  0.00219945303621525  0.00241050754162102  0.00263475468099885
  0.00287478467159697  0.00313019376234964  0.00339663070381359  0.00367529100684335
  0.00396600689007186  0.00427048280886567  0.00459226039771229  0.00493084201970967
  0.00529637683389214  0.00568482702430061  0.00609803780427707  0.00653673529576008
  0.00699120592668236  0.00746216818706521  0.00796360835929682  0.00850101057157167
  0.00907039111813031  0.00965940466994024  0.01026590349885846  0.01090928881429186
  0.01159224077251670  0.01232669857997093  0.01302502997622505  0.01373715846778365
  0.01448048714360299  0.01530528897334719  0.01615932196680406  0.01706039266315653
  0.01793201529205805  0.01875979254106607  0.01959230859932951  0.02053606768142875
  0.02166715422636193  0.02290806618731289  0.02426475691388078  0.02576980046843468
  0.02704775499868653  0.02825145280495119  0.02947154554577715  0.03125839520874648
  0.03324654101869248  0.03529117176561881  0.03732122976755130  0.03916442334898500
  0.04104351843819246  0.04351974619982465  0.04689109747725805  0.05124522415607497
  0.05823816757603144  0.06848117483315715  0.08658265610350085  1.00000000000000000
 -0.00349039752536831  0.01382399883842992  0.02771365070307970  0.04348238928782083
  0.05830324796170275  0.07272927388298878  0.08640140073822025  0.09952177195450551
  0.11280640248377001  0.12623582907935960  0.13923090755246159  0.15180154917953806
  0.16415326479117254  0.17649978907506825  0.18871934951545122  0.20085803371266409
  0.21276814712592626  0.22397229268633642  0.23477019110361169  0.24556974153097208
  0.25629835972510090  0.26688184784843672  0.27777483653421742  0.28886933994441949
  0.29960786977449522  0.31004763816818715  0.32036501377152293  0.33034917966946786
  0.33975200843057057  0.34870133067761433  0.35756953308972234  0.36656823787530590
  0.37562861733951364  0.38432832968546332  0.39271626301798546  0.40079440720591708
  0.40868745126639161  0.41658085978369830  0.42441755301225637  0.43231814515481143
  0.44027869820024712  0.44820455427949613  0.45581978875190854  0.46316449288834605
  0.47054076372459147  0.47814599212010661  0.48626689348209839  0.49462873951898051
  0.50288139281931710  0.51093603534309084  0.51891309772583172  0.52695082992744735
  0.53488665060452878  0.54292377936274172  0.55067527889072365  0.55848174170164122
  0.56656732305862578  0.57460131414889171  0.58269389118607340  0.59065343109351931
  0.59896456531208409  0.60701386348375108  0.61472707218209865  0.62251460676747206
  0.63033815052132991  0.63749046621681982  0.64544904856157981  0.65433562933029943
  0.66415209805168340  0.67343491698686742  0.68318782594495076  0.69251147482576469
  0.70284046066488648  0.71302823320750075  0.72380933822655158  0.73494323140296192
  0.74667133768836980  0.75818836131308986  0.77002642240387209  0.78165597940071185
  0.79361994462466179  0.80466486737656617  0.81710796375389427  0.82914262085258861
  0.84275498906862689  0.85557401581076908  0.86897368318915902  0.88247643605518189
  0.89674753070485735  0.91104771892582403  0.92591975699009788  0.94061499772316481
  0.95536004529274710  0.97042854165483872  0.98511677616791937  1.00000000000000000
  0.01468174757873277  0.09791241958434055  0.12587428864329500  0.15256433520091500
  0.17832220815064440  0.20446046495805353  0.22940668053633079  0.25251940620843522
  0.27398880688542560  0.29508136497561294  0.31633349891641688  0.33757520440708877
  0.35806288798525437  0.37766045517285274  0.39649166008563302  0.41442887681664980
  0.43193927578914415  0.44919483817702638  0.46619396751182662  0.48250581078653998
  0.49810345595588523  0.51329376918419167  0.52811281932428600  0.54218857463838621
  0.55588403909144790  0.56900399467045004  0.58139620130400416  0.59367254013953696
  0.60576234096555914  0.61742959228813743  0.62861769442942128  0.63954579129403233
  0.65013908839084356  0.66060421423483795  0.67077871807709621  0.68056820169253907
  0.69000570951407836  0.69913211260907027  0.70797971913809965  0.71648650842031381
  0.72476314559529020  0.73285892621373205  0.74090575728855534  0.74894360579201458
  0.75690898914655236  0.76476773707794177  0.77234385091211222  0.77963420557516949
  0.78670838294119028  0.79364301302732043  0.80037948062030195  0.80691228204328558
  0.81318937253602741  0.81936187692755058  0.82536569133124560  0.83146531146160685
  0.83747392928165787  0.84334357522508097  0.84915075680580121  0.85485528298496272
  0.86039540192248665  0.86584477867599874  0.87116555569704412  0.87633063499065933
  0.88137366300290509  0.88641495115261904  0.89141972570087680  0.89629797380661969
  0.90099588892416016  0.90556415836822779  0.91001346323469279  0.91433574604259871
  0.91854085938803109  0.92267891590976503  0.92679269514848184  0.93080937476003167
  0.93469631387734076  0.93846769121556928  0.94212894802832114  0.94569815825071857
  0.94923182211236812  0.95274534148075996  0.95625043253137687  0.95964444937935567
  0.96291473022122953  0.96615983156959151  0.96937085458390648  0.97252560614237304
  0.97556995651360412  0.97850317846691370  0.98139602328395426  0.98427199431567314
  0.98714260695581191  0.99021865465202952  0.99391402929439765  1.00000000000000000
 -0.01808318510392675  0.07562728010625422  0.10128046318506416  0.11638794556071021
  0.12809234464375419  0.13827922664541248  0.14743338436389741  0.15533502851000511
  0.16241540956990230  0.16924233071858266  0.17581993972204749  0.18213269571070759
  0.18829178719486786  0.19432166208767279  0.20018163507299019  0.20571955018494661
  0.21071389570351390  0.21539132996664681  0.22014578517096384  0.22488447881510895
  0.22942504985617251  0.23426025185158458  0.23935492726900201  0.24439917057335067
  0.24946352213216613  0.25456201968189807  0.25967511194606208  0.26479192146922487
  0.26983181658709243  0.27473404682959840  0.27951330906905369  0.28422329718591532
  0.28889888171733985  0.29356879364894717  0.29829262445682364  0.30305284618831196
  0.30777260570162757  0.31246952032133252  0.31724850659647996  0.32213709207595265
  0.32708967420137097  0.33212774402692258  0.33725054286134437  0.34239695674798476
  0.34757412921101816  0.35278644743522930  0.35792171174880261  0.36289392694496714
  0.36780889289997121  0.37274703608555143  0.37766440912014793  0.38268455949502650
  0.38785561041180838  0.39326641490267555  0.39863480596296147  0.40402396772372451
  0.40939603535997676  0.41478823847432239  0.42032854757861898  0.42591631480265213
  0.43162541652048220  0.43743883785568993  0.44344256590034214  0.44957403259740358
  0.45574857144426523  0.46199465516591709  0.46837669536192778  0.47489106204126741
  0.48159627769975860  0.48833982759756422  0.49489815060229592  0.50131514299039404
  0.50807962047837663  0.51513708626205013  0.52270703860477785  0.53024017665419110
  0.53742805111827485  0.54504407999243143  0.55328457022778466  0.56219815911235471
  0.57136720225207593  0.58073878967481052  0.59053167276680629  0.60075077517935138
  0.61137949911260081  0.62273001607297207  0.63519552095666798  0.64862417445042764
  0.66266010970370959  0.67781745203114963  0.69499761792838166  0.71433871616616262
  0.73690472033329002  0.76625657840100581  0.81681915877065658  1.00000000000000000
   1.1906817026502613E-002  -1.0000000000000000     
 F F F F F F F F F F F F F F F F F F F F F F F F F F F F F F F F F F F F F F F F F F F F F F F F F F F F F F F F F F F F F F F F F F F F F F F F F F F F F F F F F F F F F F F F F F F F F F F F F F F F F F F F F F F F F F F F F F F F F F F F F F F F F F F F
  <DiscreteSampler_grid>
  grouped_processes
  1 # 1 for a reference and 2 for a running grid.
  10 # Attribute 'min_bin_probing_points' of the grid.
  1 # Attribute 'grid_mode' of the grid. 1=='default',2=='initialization'
  0.0000000000000000 # Attribute 'small_contrib_threshold' of the grid.
  0.5000000000000000 # Attribute 'damping_power' of the grid.
 # binID   n_entries weight   weight_sqr   abs_weight
    13   10   2.354550160757749E+006   3.769146592128692E+013   2.354550160757749E+006
    14   10   2.354550160757749E+006   3.769146592128691E+013   2.354550160757749E+006
    16   10   2.354550160757751E+006   3.769146592128698E+013   2.354550160757751E+006
    17   10   2.354550160757748E+006   3.769146592128686E+013   2.354550160757748E+006
    22   10   2.354550160757749E+006   3.769146592128691E+013   2.354550160757749E+006
    23   10   2.354550160757748E+006   3.769146592128686E+013   2.354550160757748E+006
    25   10   2.354550160757749E+006   3.769146592128694E+013   2.354550160757749E+006
    26   10   2.354550160757747E+006   3.769146592128686E+013   2.354550160757747E+006
    31   10   2.354550160757749E+006   3.769146592128694E+013   2.354550160757749E+006
    32   10   2.354550160757749E+006   3.769146592128689E+013   2.354550160757749E+006
    34   10   2.354550160757751E+006   3.769146592128698E+013   2.354550160757751E+006
    35   10   2.354550160757748E+006   3.769146592128686E+013   2.354550160757748E+006
  </DiscreteSampler_grid>
