  0.00000489129567253  0.00000508655350704  0.00000530490010677  0.00000551417517989
  0.00000572090383649  0.00000592334980452  0.00000614115775940  0.00000636764988803
  0.00000659521773909  0.00000682431982987  0.00000705848284178  0.00000730301005504
  0.00000756180496951  0.00000782716693602  0.00000810080128877  0.00000840584692553
  0.00000872926541710  0.00000903578479608  0.00000932936794177  0.00000961516715947
  0.00000991616754356  0.00001027825753368  0.00001064122078809  0.00001104972248202
  0.00001147192157470  0.00001188858022790  0.00001230419261565  0.00001274434984666
  0.00001323116391988  0.00001371396251070  0.00001422142939258  0.00001474526032057
  0.00001534987819711  0.00001594524410465  0.00001656108612992  0.00001722164302064
  0.00001792929320059  0.00001868983128926  0.00001952487793637  0.00002042457283062
  0.00002131576025693  0.00002218417499103  0.00002310075027084  0.00002407730774864
  0.00002511932867160  0.00002625323280076  0.00002747063350896  0.00002869865018379
  0.00002988353346917  0.00003104522100912  0.00003220591965518  0.00003343085283115
  0.00003456542584644  0.00003580944417762  0.00003709568645175  0.00003839964613383
  0.00003987152176442  0.00004143495309926  0.00004306040784363  0.00004480455032421
  0.00004695189585067  0.00004931407367990  0.00005183742006023  0.00005459257533884
  0.00005743089294350  0.00006047832289853  0.00006387337776425  0.00006753160229361
  0.00007141610963843  0.00007546743815609  0.00007982395155266  0.00008488616999727
  0.00009083605258720  0.00009730419533724  0.00010391872155828  0.00011092581878333
  0.00011920276198617  0.00012907589600824  0.00014085447427419  0.00015441669761899
  0.00016860673229714  0.00018810147499964  0.00021278055223681  0.00024188399723102
  0.00027531583655011  0.00031450772442882  0.00036199288761911  0.00041923607397203
  0.00050460207803373  0.00064194838977039  0.00087295058751091  0.00131323136708299
  0.00198970355963341  0.00587463642645216  0.25462650284888882  1.00000000000000000
  0.00003440376979979  0.00003804208077699  0.00004010690568325  0.00004183786881305
  0.00004371747954235  0.00004585369118117  0.00004828675729749  0.00005103369560211
  0.00005404952022456  0.00005711413958192  0.00006021607120081  0.00006331637761184
  0.00006639090561094  0.00006942613783224  0.00007250845263325  0.00007567889960079
  0.00007888619801820  0.00008209050392316  0.00008562086021075  0.00008945851039153
  0.00009299940486979  0.00009705001555763  0.00010112462386821  0.00010531400098088
  0.00010966462176375  0.00011415314841193  0.00011876884123097  0.00012364281743645
  0.00012891570349775  0.00013396301949609  0.00013916483616769  0.00014464970833840
  0.00015040597352646  0.00015623554436727  0.00016247003850133  0.00016926007048982
  0.00017608736509016  0.00018316891353166  0.00019153179104143  0.00020052794224534
  0.00021025780816271  0.00022058030002858  0.00023170432418703  0.00024345621547747
  0.00025599368983878  0.00026930789113894  0.00028242309546311  0.00029697130879714
  0.00031268374020035  0.00032944742751173  0.00034715082870212  0.00036570935639015
  0.00038582528108297  0.00040688756206588  0.00042867387982330  0.00045223828172515
  0.00047800140548810  0.00050559442073346  0.00053663902343198  0.00057031305100546
  0.00060653033626886  0.00064623488186900  0.00069021818562548  0.00073633407440767
  0.00078499775357772  0.00083895640292395  0.00090110075891096  0.00097064440696217
  0.00104470553458481  0.00112056157703025  0.00119414888524286  0.00127024371006704
  0.00135190055109012  0.00146394189898041  0.00160191321173620  0.00174849309625673
  0.00190158685128159  0.00206135345003437  0.00222598949030016  0.00239913661530909
  0.00260804542260931  0.00283654251618221  0.00307914798582503  0.00332574132334091
  0.00359836212035556  0.00390371398902667  0.00440358700773003  0.00519799473819724
  0.00622429981936627  0.00736801846206177  0.00873854385117669  0.01061016426243435
  0.01341682600754917  0.01962147333665794  0.58140414565154719  1.00000000000000000
  0.00000535292094979  0.00000567514657279  0.00000598403447402  0.00000629213657449
  0.00000661219059099  0.00000694051442500  0.00000723891333965  0.00000750659995346
  0.00000776651580503  0.00000802194894824  0.00000831379051705  0.00000863284996277
  0.00000896890549808  0.00000932702327873  0.00000972160414308  0.00001015199254114
  0.00001061624976111  0.00001106744748860  0.00001156003707675  0.00001201927590646
  0.00001252305947619  0.00001307134178555  0.00001370208575295  0.00001440407590582
  0.00001515307486803  0.00001589484138146  0.00001664758720858  0.00001749878530826
  0.00001846923777531  0.00001945406638138  0.00002044536259399  0.00002146924136073
  0.00002258961659101  0.00002385276636785  0.00002519537243647  0.00002653765385105
  0.00002797173828917  0.00002945124225217  0.00003097925237552  0.00003264803358510
  0.00003443277646606  0.00003628199412760  0.00003815656412543  0.00004006519493367
  0.00004207160412958  0.00004407482638774  0.00004633082967442  0.00004875495548803
  0.00005136061360704  0.00005411053597270  0.00005698419200779  0.00006001768543616
  0.00006326578674763  0.00006677747009751  0.00007056708316460  0.00007471882915336
  0.00007908539149697  0.00008365543060873  0.00008834406635240  0.00009326717664537
  0.00009879694152422  0.00010467498052796  0.00011116359853868  0.00011827419769148
  0.00012596833246171  0.00013455154135097  0.00014381486706093  0.00015387421548519
  0.00016529586799483  0.00017820848944281  0.00019206370720613  0.00020745069538631
  0.00022518919422254  0.00024707465823672  0.00027175097598555  0.00030046455043056
  0.00033449678995813  0.00037097279242633  0.00041359173031373  0.00046201357517211
  0.00051888508515214  0.00059677441268377  0.00068796978152451  0.00080764475825713
  0.00096235430797208  0.00113314406492584  0.00133992143772467  0.00160554683210975
  0.00191641430755825  0.00239001802645310  0.00325757357596060  0.00479996198477626
  0.00666846679815567  0.01472559828027644  0.12479585087915832  1.00000000000000000
 -0.00327640090815918  0.01277872161263418  0.02540534166763703  0.03902617764319789
  0.05200194113790176  0.06490413267685881  0.07623681509399269  0.08759213718339412
  0.09927091391758901  0.11038195992373338  0.12131393753765117  0.13241600671224335
  0.14341671143302515  0.15485333584265809  0.16619327679303950  0.17801300682479682
  0.18996748077084905  0.20337710211713905  0.21665276298095956  0.22938257393480693
  0.24142205960108221  0.25347379219459887  0.26609891745855929  0.27975788240594790
  0.29348251871530456  0.30737985869898821  0.32184856541918200  0.33611109900023661
  0.34961056689806380  0.36319075112879612  0.37631435744742930  0.38871418620781417
  0.40043832824297193  0.41263074807258343  0.42495459200164254  0.43818340458229266
  0.45075078823288972  0.46335860142478735  0.47569615069231475  0.48725924530726261
  0.49783262434078335  0.50859048757234437  0.51847625933277641  0.52893262663987850
  0.53952943981179635  0.55126619663207632  0.56370141203588309  0.57496161902817566
  0.58592035769073858  0.59596748080523076  0.60563892608267567  0.61537086522238427
  0.62539457478735083  0.63606658639134872  0.64696643140070886  0.65852679862882635
  0.66964674916868772  0.68057216437782098  0.69145774895597900  0.70241406659947725
  0.71331394826366912  0.72383923742540290  0.73421850213227624  0.74418242122027700
  0.75371198678444329  0.76329189790736252  0.77306764300077457  0.78261248748085299
  0.79167185701662313  0.80048705741638326  0.80916741235672662  0.81757339668909523
  0.82607510907184289  0.83456074524421753  0.84214275610565792  0.84943928522781553
  0.85650288154068877  0.86372845227304129  0.87039265275051103  0.87724346072705250
  0.88398041671047412  0.89107302763010698  0.89875686879450745  0.90688456589914235
  0.91550782691621968  0.92458234046732746  0.93344245511237400  0.94134868400581506
  0.94847257460039225  0.95498946085972225  0.96154708192763849  0.96834579285997413
  0.97534392643569578  0.98269172385024584  0.99085683764860077  1.00000000000000000
 -0.00211043594674107  0.00887139996729679  0.01819124076927662  0.02877790422605922
  0.03937752456202782  0.04935214450448401  0.05962970597205989  0.07087010961498541
  0.08261336901275246  0.09264196741190558  0.10183962114780704  0.11049940377487945
  0.11894046267676500  0.12813589000471046  0.13801826496634090  0.14813071258259830
  0.15830619273677532  0.16851071488713956  0.17879228257452132  0.18923828036574455
  0.19942435077979925  0.20980765433459489  0.22032270548689487  0.23107912623710336
  0.24192468356620811  0.25242220268999926  0.26267107116359700  0.27361252567169553
  0.28544977824390522  0.29677358034891610  0.30737378299517754  0.31797324145818634
  0.32847126224720358  0.33867842910494594  0.34800014085973430  0.35824391658270116
  0.36823869747682347  0.37853318849198336  0.38894277255927873  0.40017001496301685
  0.41199525163211959  0.42348403126395096  0.43425223847486660  0.44506127173722637
  0.45674049464724092  0.46843669987091813  0.48026467077802387  0.49095329126471893
  0.50158751963804338  0.51228691456065734  0.52392581723599962  0.53600522102802250
  0.54659001891672199  0.55637189044629809  0.56637434726165359  0.57758429728394978
  0.59062524479594170  0.60358860534874526  0.61478762995469216  0.62508188822411737
  0.63499155303697463  0.64559365287826220  0.65719193488130556  0.66908833541465351
  0.68168787805842146  0.69381620198657024  0.70554263902711489  0.71585786737995150
  0.72577746420487255  0.73468466626630358  0.74325211970563909  0.75194907491331320
  0.76130615215315078  0.77064192088429861  0.78013641694128577  0.79019600102901433
  0.80230892104901719  0.81509024400380026  0.82692866262443532  0.83695740636986582
  0.84659383071661742  0.85617752768502997  0.86611161255145352  0.87537973116966505
  0.88407820489691091  0.89340015707397125  0.90304596228329770  0.91338746431253237
  0.92338742290197684  0.93366790869676397  0.94494233426123586  0.95749769147021246
  0.96814738769158326  0.97866293357467682  0.98895833464714555  1.00000000000000000
 -0.00099009784016123  0.00588206762247335  0.01124673634168658  0.01616731388878451
  0.02107090693790616  0.02571158283322219  0.03065229372202246  0.03539223313731846
  0.04010790218531269  0.04478549948073015  0.04986827819077319  0.05562103861435436
  0.06166658312458973  0.06804013181423742  0.07479251581406364  0.08150347634979363
  0.08875211413366220  0.09610428641296276  0.10313127089902047  0.11053256278131125
  0.11815474029427069  0.12597450168527835  0.13397047814085858  0.14210817478119336
  0.15087363953179139  0.16035300809994599  0.16929833273427100  0.17748046477922741
  0.18560666693259287  0.19439522126867656  0.20397488440665171  0.21362265378044271
  0.22342132556287758  0.23380539490233360  0.24489342796026448  0.25644585594349772
  0.26868858268824869  0.28134237977072901  0.29388488873301510  0.30628608317591088
  0.31858572753212971  0.33114878742197396  0.34357061849246007  0.35553267420996082
  0.36781872374223229  0.38134062603848989  0.39571678994198989  0.41012844124936654
  0.42452761769503061  0.43941582966355175  0.45489866163093684  0.46946053210673738
  0.48384535024829134  0.49842020684661781  0.51276782203899673  0.52727522684291639
  0.54336109681071565  0.55982550714413259  0.57535104348947186  0.59114824825903589
  0.60692137820666370  0.62098308154094084  0.63500579907901411  0.65101642828438933
  0.66893136369133599  0.68523330504549906  0.70024081613311728  0.71382749570065784
  0.72771929238336597  0.74167387415295016  0.75512866071417473  0.76732704339411195
  0.77864475837497316  0.79034033612006205  0.80365878994612761  0.81690559658126982
  0.82937255104315832  0.84107889703458116  0.85283229720582110  0.86418159771802150
  0.87537229586384480  0.88672074673125245  0.89769519612667947  0.90795064476760834
  0.91758845317256787  0.92648001427531712  0.93471694535313476  0.94310431629475844
  0.95157494555194966  0.95958737782490511  0.96663188568565428  0.97286693353313480
  0.97904234857410333  0.98544666033833139  0.99245594288736871  1.00000000000000000
 -0.00246179539835168  0.00868562821391484  0.01853206475738212  0.02814628404791071
  0.03822916924420286  0.04864144138342966  0.05851710902638568  0.06820247738654313
  0.07808338951949362  0.08930328422219851  0.10061727975668393  0.11065688373739677
  0.12049164100312405  0.13058293244665309  0.14123718321887191  0.15202301818068931
  0.16293620960613778  0.17308885209656855  0.18238030855296897  0.19155278134083809
  0.20096228885820561  0.21108927504705446  0.22034724704771411  0.22939202060068883
  0.23867594111761467  0.24801270411949894  0.25783112716332801  0.26843904468081620
  0.28083342330951588  0.29461105242964075  0.30782346827084667  0.31938082285962727
  0.32932697393655230  0.33911758393712832  0.34910786731266452  0.35965667272648277
  0.36995554599327735  0.38062545258695230  0.39179371503653226  0.40301840260095961
  0.41328652827198403  0.42391554762943012  0.43405620649377674  0.44397425136839769
  0.45405262873360641  0.46498170936195815  0.47674647231768574  0.48815896880797893
  0.49883601809831107  0.50938679843641488  0.52037644580659992  0.53172987384243875
  0.54339974785613421  0.55520936148018962  0.56737918548405197  0.57911940680488816
  0.59047247026705518  0.60217247647506056  0.61295633733420540  0.62390416695375617
  0.63477142760599470  0.64527727349103714  0.65727630205557042  0.66939200843679048
  0.68020033721669193  0.69015848620492959  0.69880063212407073  0.70773572264688434
  0.71698367655012163  0.72631692568208739  0.73598944914167186  0.74619418012872385
  0.75618219605572967  0.76693669831724565  0.77741095737660626  0.78823604119780677
  0.79902246685544442  0.80994675095830837  0.82098030058458227  0.83119440311030313
  0.84105034317952776  0.85121514463299153  0.86218333046831541  0.87430690501082786
  0.88636271910254560  0.89824186984340149  0.90889075222916782  0.91874243984562987
  0.92818670090295219  0.93837861885178020  0.94907610424043143  0.95913644036103896
  0.96936146991040795  0.97947753208099531  0.98962779036518167  1.00000000000000000
 -0.00231371739306577  0.01019161406323291  0.02080143835588800  0.03190083783335989
  0.04285833156477841  0.05483571286323313  0.06668301096028577  0.07735973687494616
  0.08714198652921192  0.09713389853125648  0.10776062720782681  0.11826021609833391
  0.12803802910107742  0.13806787347287625  0.14896146250888601  0.16082513055743619
  0.17270234311566462  0.18310506402323695  0.19326878323371427  0.20308077477952799
  0.21284723151795154  0.22381909304926359  0.23461414193484453  0.24529790408070176
  0.25648658187396478  0.26783576881109217  0.27862309100825189  0.28908852792414541
  0.29941531644314612  0.30940908486721547  0.31874477024454489  0.32767092295611688
  0.33818901678229463  0.34896503243167531  0.35954179144199583  0.37003783400054979
  0.38105901612384524  0.39251065074588254  0.40287709771302105  0.41251434438087592
  0.42237175444640296  0.43207936908415295  0.44154587496640851  0.45059105061604499
  0.45960977557953364  0.46898908966757391  0.47868650517552491  0.48851298418803230
  0.49815312985099514  0.50825001542100268  0.51913846050888779  0.53046569902313678
  0.54202885888517283  0.55485598504238165  0.56808257718700794  0.58093371343321687
  0.59330543433470218  0.60549018904389440  0.61761071110285037  0.62924288865059608
  0.64002790463722536  0.65053388512965649  0.66097477602543908  0.67155655003754600
  0.68255574583480405  0.69228644652437887  0.70154637540263187  0.71078379332889041
  0.71978574056216238  0.72906296333702347  0.73798562141860957  0.74680859282652512
  0.75641962112137529  0.76738882577329925  0.77835489443399786  0.78940816838174044
  0.80091402911861920  0.81105595798592500  0.81946528187825396  0.82719444571025535
  0.83576288714946734  0.84498116270567480  0.85376366772536849  0.86239559700793567
  0.87091620414153281  0.88043432244921471  0.89147676466209969  0.90339032330539137
  0.91547303518040080  0.92742027137496841  0.93929241837317912  0.95213274347687205
  0.96415201410471385  0.97565035302553038  0.98786798562852307  1.00000000000000000
  0.10234468556132978  0.11742232467080480  0.13121888474451293  0.14515808242870776
  0.16130324817368943  0.18016401027770504  0.19979229200353213  0.21758332225120747
  0.23210359189864954  0.24514610416877089  0.25689305141106289  0.26795821784751095
  0.27978452255723457  0.29195972227524086  0.30417511408864345  0.31550067405959059
  0.32549840738747948  0.33534239922716702  0.34588641245610752  0.35708315173451338
  0.36977318240849011  0.38316339305548092  0.39653087993490493  0.41003230757404940
  0.42226353573749104  0.43341377816471910  0.44462518622730035  0.45711108511001874
  0.46969205051844604  0.48158539970142594  0.49327241681724943  0.50438328354394935
  0.51508599331395466  0.52546169560177403  0.53561700036223692  0.54543888229487270
  0.55495834595492044  0.56417874590375905  0.57298790019636059  0.58178211519644096
  0.59104591939868178  0.60026358332029361  0.60916556157758450  0.61823405472575632
  0.62802726621595850  0.63882732095256101  0.64890460287864671  0.65863600556035751
  0.66783508368340461  0.67703358075651177  0.68665859571620946  0.69659764956293857
  0.70557006976506920  0.71355804998582473  0.72125798946560082  0.72952687238748881
  0.73829503498220428  0.74674249277741933  0.75431764432203019  0.76120600163670016
  0.76776914397885287  0.77409163720202279  0.78022035751411545  0.78664482525519452
  0.79349084950475735  0.80063618230161382  0.80765656274516651  0.81460221378146913
  0.82163556922282088  0.82871764254530256  0.83602022155311995  0.84344346153232475
  0.85062212350992927  0.85734676258847486  0.86398083925668956  0.87052688946199530
  0.87717277108587122  0.88346679030469910  0.88951903383125508  0.89579149531514968
  0.90216013836504139  0.90855913202363225  0.91493525996045366  0.92113470619733007
  0.92732293589334169  0.93325600164651834  0.93936357803277604  0.94525219528088134
  0.95140234395471979  0.95779496806443576  0.96411330765728986  0.97022036546355994
  0.97625676157594810  0.98264330976093561  0.99036911940434669  1.00000000000000000
 -0.00771635726876373  0.05781058438127108  0.08352864747743974  0.10047283114283559
  0.11427274406395330  0.12644165938198301  0.13736930016563181  0.14726802802282901
  0.15579120451029616  0.16354346349308629  0.17065087606836010  0.17727572423880528
  0.18361633255047863  0.18963465292039081  0.19542121223176723  0.20163598749528444
  0.20805840860412106  0.21443649072108753  0.22057230927787982  0.22644434855223164
  0.23197428283757676  0.23716069240510690  0.24225477113669397  0.24738284345315945
  0.25259878439895123  0.25788262631765013  0.26344981265774592  0.26916865181584732
  0.27482324632464350  0.28030167334381151  0.28551901257932072  0.29038012720423512
  0.29530679692498757  0.30037352006197016  0.30558341374718756  0.31083955463720547
  0.31629527053469197  0.32186651047167641  0.32768484416577021  0.33367914772212520
  0.33934386156985979  0.34489595849150967  0.35030496821071228  0.35552780224530722
  0.36097353287308043  0.36653587040624375  0.37215472178697118  0.37759481058812844
  0.38279922756378859  0.38764466910772738  0.39253825661040642  0.39765978600837765
  0.40319978276864588  0.40912009628094681  0.41508681977708106  0.42087932505865661
  0.42693000788243823  0.43318908380548010  0.43948615255552204  0.44579091476497129
  0.45212843146577403  0.45846527447364877  0.46470189858879485  0.47078783147326153
  0.47688217405625505  0.48320530787874383  0.48974605064793292  0.49650689504196138
  0.50374311694612950  0.51147024534913343  0.51946673774375540  0.52752518526306613
  0.53536490493531241  0.54327756047071940  0.55169768665814201  0.56043998242817950
  0.56945556901234085  0.57893061932703760  0.58917895998283965  0.60037544608839055
  0.61165532312910265  0.62221080699866105  0.63259541080280324  0.64358906356366075
  0.65518961639086515  0.66743092891519806  0.68089775802660524  0.69702467716000072
  0.71446922433674742  0.73224885348733171  0.74884431208509261  0.76775445878490012
  0.79062936118784866  0.81999906277136925  0.86526935652039871  1.00000000000000000
   3.7834974512635636E-002  -1.0000000000000000     
 F F F F F F F F F F F F F F F F F F F F F F F F F F F F F F F F F F F F F F F F F F F F F F F F F F F F F F F F F F F F F F F F F F F F F F F F F F F F F F F F F F F F F F F F F F F F F F F F F F F F F F F F F F F F F F F F F F F F F F F F F F F F F F F F
  <DiscreteSampler_grid>
  grouped_processes
  1 # 1 for a reference and 2 for a running grid.
  10 # Attribute 'min_bin_probing_points' of the grid.
  1 # Attribute 'grid_mode' of the grid. 1=='default',2=='initialization'
  0.0000000000000000 # Attribute 'small_contrib_threshold' of the grid.
  0.5000000000000000 # Attribute 'damping_power' of the grid.
 # binID   n_entries weight   weight_sqr   abs_weight
    19   10   4.834959903184819E+002   1.319081830630409E+006   4.834959903184819E+002
    20   10   4.834959903184822E+002   1.319081830630413E+006   4.834959903184822E+002
    22   10   4.562668569327087E+002   1.126275983046668E+006   4.562668569327087E+002
    23   10   4.562668569327091E+002   1.126275983046671E+006   4.562668569327091E+002
    28   10   9.100752013151563E+002   4.480315962273272E+006   9.100752013151563E+002
    29   10   9.100752013151566E+002   4.480315962273281E+006   9.100752013151566E+002
    34   10   4.834959903184819E+002   1.319081830630409E+006   4.834959903184819E+002
    35   10   4.834959903184821E+002   1.319081830630413E+006   4.834959903184821E+002
    40   10   9.412121078516102E+002   4.900687455325599E+006   9.412121078516102E+002
    41   10   9.412121078516113E+002   4.900687455325617E+006   9.412121078516113E+002
    49   10   4.562668569327087E+002   1.126275983046668E+006   4.562668569327087E+002
    50   10   4.562668569327090E+002   1.126275983046671E+006   4.562668569327090E+002
    55   10   9.100752013151563E+002   4.480315962273274E+006   9.100752013151563E+002
    56   10   9.100752013151568E+002   4.480315962273284E+006   9.100752013151568E+002
    64   10   4.562668569327087E+002   1.126275983046668E+006   4.562668569327087E+002
    65   10   4.562668569327090E+002   1.126275983046671E+006   4.562668569327090E+002
    67   10   4.834959903184815E+002   1.319081830630407E+006   4.834959903184815E+002
    68   10   4.834959903184820E+002   1.319081830630413E+006   4.834959903184820E+002
    73   10   9.412121078516102E+002   4.900687455325596E+006   9.412121078516102E+002
    74   10   9.412121078516109E+002   4.900687455325613E+006   9.412121078516109E+002
    82   10   4.562668569327085E+002   1.126275983046667E+006   4.562668569327085E+002
    83   10   4.562668569327087E+002   1.126275983046670E+006   4.562668569327087E+002
    97   10   4.834959903184815E+002   1.319081830630407E+006   4.834959903184815E+002
    98   10   4.834959903184819E+002   1.319081830630411E+006   4.834959903184819E+002
  </DiscreteSampler_grid>
