 -0.00247047455302925  0.00947401590083734  0.01962790334246207  0.03015186642901557
  0.04069550583064607  0.05123203285697443  0.06176556866132461  0.07230821673173488
  0.08285457902893155  0.09340467501152631  0.10395441980592153  0.11449959252681427
  0.12503952322255871  0.13558090367492126  0.14611789546375453  0.15665704901755201
  0.16719707314864743  0.17774699757768575  0.18829129759092877  0.19882983640992294
  0.20935801069434773  0.21989335418675515  0.23043314021384789  0.24097692954468194
  0.25151641362543031  0.26205177922602696  0.27259085243778342  0.28313396684589448
  0.29368068680325143  0.30422459139223668  0.31476593428738536  0.32530874351784234
  0.33585613774460910  0.34640593826208854  0.35694502969469855  0.36748429404074945
  0.37802625413082941  0.38857458804782907  0.39911937078225318  0.40966129863053335
  0.42019496883096968  0.43072423574470414  0.44123576334321757  0.45175659536258211
  0.46228675410782533  0.47283791800665265  0.48338112300130825  0.49392110639653514
  0.50445980801879298  0.51500964875585664  0.52556261313496044  0.53611633285401639
  0.54666638083025665  0.55721394186147244  0.56775551655777867  0.57830205287718228
  0.58884317772579320  0.59938739078180070  0.60992352221554902  0.62046849329575537
  0.63101090133933402  0.64156175365249224  0.65210152070476035  0.66263711746821852
  0.67317046181612428  0.68371135150028683  0.69426088434868827  0.70479981293487548
  0.71534009712799951  0.72588062684228261  0.73642250843618984  0.74696801913578348
  0.75750129077255668  0.76803877135216081  0.77856870561559965  0.78910528943637370
  0.79964858184247078  0.81019760768770077  0.82075445096053046  0.83129578030552131
  0.84183550672480001  0.85237367620870719  0.86292666069444834  0.87348087824238796
  0.88402989362925810  0.89457897420029386  0.90512430431464252  0.91566647973207216
  0.92620529942405028  0.93674694715598095  0.94728586823345073  0.95782782481993789
  0.96835946781501625  0.97890237990913498  0.98944542059093321  1.00000000000000000
 -0.00251933968890444  0.00947412664626452  0.01962931140088471  0.03014946046303251
  0.04070284497397104  0.05125313006177607  0.06180517735066083  0.07235424046078422
  0.08290003439265031  0.09344633922601935  0.10398699809783597  0.11453173378126173
  0.12506202205194505  0.13560012447178371  0.14613249759553656  0.15666427189827112
  0.16719519879018510  0.17773134789020475  0.18827464733911653  0.19881970283213235
  0.20936473064960687  0.21991049410660235  0.23044462257503692  0.24097952405034823
  0.25151231150395081  0.26205166844690975  0.27258347408089140  0.28312082653451265
  0.29366176601077498  0.30420532142457718  0.31475099700664849  0.32529809647855601
  0.33584955005492872  0.34639551794468915  0.35693581789211176  0.36747425373578868
  0.37802011254855533  0.38856542420508211  0.39910109401427113  0.40962855190094444
  0.42016307478824139  0.43070109423102837  0.44124287371140697  0.45176895253322841
  0.46230308518853180  0.47283457598515505  0.48338140037185812  0.49392782582583966
  0.50447998115879733  0.51502441988518788  0.52555573739720962  0.53608632879116791
  0.54662252220049157  0.55717008734134199  0.56771764964988369  0.57825181383003321
  0.58878471706614988  0.59931757612919057  0.60986169325745432  0.62040655084400043
  0.63095205048386427  0.64149453665290512  0.65203562783709756  0.66257907067328559
  0.67311657494920907  0.68365667517513862  0.69419545592983867  0.70474459808886913
  0.71528919440170846  0.72583263196008030  0.73637521607258760  0.74692187743906713
  0.75746796343026535  0.76801805812026358  0.77856153306957177  0.78910733458833593
  0.79965291505481306  0.81020185649793530  0.82074719805487262  0.83128724431440770
  0.84183217290468604  0.85237893615153615  0.86292405391701188  0.87346606820244610
  0.88400878509856384  0.89455621525574125  0.90510653105429817  0.91565700627958957
  0.92621008272001526  0.93675638563376551  0.94729950645763505  0.95782794055972875
  0.96836235074965882  0.97890032868821553  0.98945035030059325  1.00000000000000000
   2.5641725233365452E-008  -1.0000000000000000     
 F F F F F F F F
  <DiscreteSampler_grid>
  grouped_processes
  1 # 1 for a reference and 2 for a running grid.
  10 # Attribute 'min_bin_probing_points' of the grid.
  1 # Attribute 'grid_mode' of the grid. 1=='default',2=='initialization'
  0.0000000000000000 # Attribute 'small_contrib_threshold' of the grid.
  0.5000000000000000 # Attribute 'damping_power' of the grid.
 # binID   n_entries weight   weight_sqr   abs_weight
    10   10   1.322623097372511E+010   1.749331857703254E+020   1.322623097372511E+010
  </DiscreteSampler_grid>
