  0.00000505515263653  0.00000527530987636  0.00000559626152549  0.00000596816628454
  0.00000632669329583  0.00000669450051063  0.00000708486775362  0.00000752073505864
  0.00000804752569685  0.00000858654279047  0.00000903651544245  0.00000952103062020
  0.00001001830561988  0.00001053860612790  0.00001116762077223  0.00001177735383454
  0.00001239972460262  0.00001304059754410  0.00001372866594492  0.00001449028388172
  0.00001531986526469  0.00001620844709329  0.00001722410959762  0.00001825366367786
  0.00001936695159736  0.00002046288025110  0.00002153101689885  0.00002259676247174
  0.00002369494346078  0.00002485136141478  0.00002608681141345  0.00002740737024128
  0.00002880996999313  0.00003017643540381  0.00003164058508086  0.00003314886002124
  0.00003480794718899  0.00003663181181212  0.00003852739203435  0.00004046791809909
  0.00004231847788630  0.00004419851535833  0.00004615520404080  0.00004841560135266
  0.00005080496094630  0.00005346736416948  0.00005639448629457  0.00005955163620978
  0.00006294789623383  0.00006653616201960  0.00007028006287105  0.00007435424408080
  0.00007840296251399  0.00008289478385087  0.00008769686021961  0.00009270880741368
  0.00009832321322700  0.00010417513856856  0.00011034166889216  0.00011700218031622
  0.00012427324911451  0.00013208038308462  0.00014036905870377  0.00014949056616736
  0.00015906298845218  0.00016961836030072  0.00018093739121725  0.00019315289420125
  0.00020627923249277  0.00022019200323637  0.00023587150842981  0.00025278260491966
  0.00027129836451029  0.00029300626476066  0.00031922758474801  0.00034752021376172
  0.00037640869945682  0.00040673921202547  0.00043668219982275  0.00046978466137303
  0.00051441899556167  0.00057806042346189  0.00065089182868707  0.00074090803089997
  0.00084362406305581  0.00095159136147325  0.00107991863673649  0.00127141903421955
  0.00154841071328660  0.00193535932503810  0.00242555305489605  0.00317525187264142
  0.00439611361661235  0.00715272285554907  0.08979811256376029  1.00000000000000000
  0.00000613240506939  0.00000653427634376  0.00000692306248759  0.00000737691078630
  0.00000790457953249  0.00000842024099457  0.00000885810592398  0.00000927687733651
  0.00000968445292809  0.00001012593768653  0.00001058460715534  0.00001110881280815
  0.00001166873405454  0.00001221761298944  0.00001274470961396  0.00001328714799928
  0.00001386442053814  0.00001445925423407  0.00001519740512914  0.00001594031894688
  0.00001671413998170  0.00001757139168669  0.00001839146512485  0.00001940923310468
  0.00002054946134911  0.00002186152990243  0.00002328954188436  0.00002473307977974
  0.00002628623715873  0.00002792212711756  0.00002962537689549  0.00003147449641145
  0.00003353797467794  0.00003575543916245  0.00003807519252935  0.00004054517184821
  0.00004310276428950  0.00004585376601974  0.00004881542039952  0.00005167668134032
  0.00005497843155603  0.00005839111612860  0.00006222854340465  0.00006645794337717
  0.00007073281459907  0.00007544992352789  0.00008017316150380  0.00008499503825773
  0.00008997353730672  0.00009542530304575  0.00010144601313712  0.00010810487926556
  0.00011516199506632  0.00012239595780313  0.00013044299957845  0.00013827144888777
  0.00014723552664672  0.00015673164957914  0.00016804529867203  0.00018000898376428
  0.00019239644379420  0.00020489078318510  0.00021827778297733  0.00023293426126952
  0.00024843437229232  0.00026586243776049  0.00028480842540073  0.00030644596058491
  0.00033215823498010  0.00035863986127109  0.00038490908682438  0.00041710186417149
  0.00045351035264999  0.00049903501712944  0.00055316067971527  0.00061481358810924
  0.00068524647034038  0.00076520838852143  0.00085453314576605  0.00094305337248905
  0.00103024917478273  0.00112978678158977  0.00125377919131070  0.00142225441818228
  0.00161442937758485  0.00181782438301969  0.00205599219399701  0.00234659876655534
  0.00271337819747803  0.00318937481039359  0.00405384424780266  0.00511975735046650
  0.00707155896424946  0.01205224088668694  0.16124879089349636  1.00000000000000000
  0.00000514029921679  0.00000544988012588  0.00000566346910874  0.00000584174486838
  0.00000602673807476  0.00000624089091452  0.00000644485120026  0.00000665894339300
  0.00000685593294430  0.00000705593211977  0.00000728685401272  0.00000756474424872
  0.00000789521999947  0.00000824449643354  0.00000862972209873  0.00000903078630927
  0.00000944529351687  0.00000988697551018  0.00001032515240865  0.00001076087017577
  0.00001121265725988  0.00001167307755288  0.00001214360302744  0.00001264990169836
  0.00001320905862026  0.00001376550701271  0.00001430689192789  0.00001490731284589
  0.00001552947057713  0.00001618298528574  0.00001691956561750  0.00001765332354939
  0.00001848599604223  0.00001933489790848  0.00002024237922090  0.00002116654682757
  0.00002205836805686  0.00002306972944809  0.00002409220953746  0.00002515508097036
  0.00002638347016430  0.00002771532201148  0.00002909086236695  0.00003057442620570
  0.00003215993444407  0.00003372127990695  0.00003545943237501  0.00003726258252797
  0.00003917214040144  0.00004121019309282  0.00004330576446256  0.00004542727949530
  0.00004762554460692  0.00004991262482932  0.00005226090808254  0.00005477695969926
  0.00005744971408129  0.00006024053670193  0.00006320179414151  0.00006634933584089
  0.00006969881415925  0.00007337171658148  0.00007719494320069  0.00008108074131290
  0.00008521986415839  0.00008959014888858  0.00009445441247647  0.00010006851189440
  0.00010635952584325  0.00011344955270992  0.00012121328389929  0.00012948948501076
  0.00013874979560184  0.00014831926616210  0.00015892628335953  0.00017082289631915
  0.00018451214261510  0.00019998996600159  0.00021707201792069  0.00023630016042489
  0.00025886565952042  0.00028475052595355  0.00031848886457430  0.00036276134937920
  0.00042006147134159  0.00049424349824717  0.00058296055716860  0.00068996549446016
  0.00082288297804471  0.00103261628685839  0.00138021934558849  0.00198766013187725
  0.00269857094056545  0.00389346423635971  0.14893279082525010  1.00000000000000000
 -0.00180389090042695  0.00634160399134556  0.01417235442673104  0.02152858158342691
  0.02791784516901537  0.03462684363947120  0.04093671717994785  0.04809381491231229
  0.05623877006780340  0.06434467878373810  0.07216801437761056  0.07949145828014190
  0.08723518706446509  0.09502752278534908  0.10270797485970860  0.11024195869018935
  0.11744160537130061  0.12476897085318149  0.13262941446346785  0.14082602464064456
  0.14975466737216916  0.15957152791806750  0.16885286890833295  0.17808771075637211
  0.18752983873801421  0.19837596662144766  0.20889285593825480  0.21877075151377842
  0.22708689377606531  0.23574316422114949  0.24443491519938912  0.25303026621350033
  0.26164770615775579  0.26987165843254429  0.27781880825360789  0.28643839354456735
  0.29503138746390567  0.30368659450210889  0.31221163546419506  0.32099932429838063
  0.33081906259567190  0.34156486506681943  0.35248953013473761  0.36374099560316925
  0.37480914016914479  0.38517177883351816  0.39533631474702313  0.40563186036052301
  0.41677820871958077  0.42739945881137753  0.43774688185311633  0.44795386588589592
  0.45902039697696773  0.47052305899439756  0.48189106968068873  0.49336434271748841
  0.50387758403929739  0.51454902371683320  0.52573904254518800  0.53720938080402769
  0.54857188267194468  0.55993406106497323  0.57340005881733191  0.58821417504126083
  0.60226066280636448  0.61499099772701271  0.62706077126445725  0.63904085912462794
  0.65088674780396438  0.66308659167330863  0.67582578871013510  0.68936796753003737
  0.70334299292895641  0.71704327236395027  0.73076176082210975  0.74400514021085362
  0.75668341523792926  0.76904720035853891  0.78204902170085511  0.79559863989502488
  0.80880257520691901  0.82196277479575175  0.83473579831569722  0.84752950903349000
  0.86074127897339336  0.87416020324147226  0.88684926284901566  0.89882204343886674
  0.91088087422387154  0.92346628355131133  0.93508153210698330  0.94693734958123832
  0.95898181712322739  0.97208579828338515  0.98553671881990046  1.00000000000000000
 -0.00194991656812211  0.01219062684293549  0.02421527158597723  0.03520242297544156
  0.04583889476959122  0.05631332118284006  0.06700181729635080  0.07830107799602715
  0.08911041425231218  0.09957883410563080  0.10947145106870768  0.11943887272116650
  0.12985063706322403  0.14041365578543613  0.15165652729787490  0.16233845329886354
  0.17315392197573670  0.18363687397738071  0.19469378666744147  0.20652186860081836
  0.21830566927692258  0.23021384601600448  0.24143331825340800  0.25198566914488241
  0.26307164219862850  0.27348159096521141  0.28464174993679114  0.29500886763461992
  0.30462362009595734  0.31350448587235397  0.32164106228994122  0.32963699929527884
  0.33895319071017344  0.34876278489039592  0.35838237645190174  0.36755324510045495
  0.37701415855382503  0.38705379111344412  0.39773062987935420  0.40830070356723575
  0.41904076526939898  0.43030971863185397  0.44284859281912570  0.45544876617763735
  0.46790511609474295  0.48079245176336843  0.49476232319524327  0.50768415609111772
  0.51952461711991582  0.52998408603699509  0.54081227206119531  0.55199334754990592
  0.56324673035077921  0.57428587258779407  0.58495472536780879  0.59577571169807664
  0.60647201216113167  0.61630053738780877  0.62584982743089657  0.63521846995253162
  0.64462806112671267  0.65447095341280237  0.66397267599998100  0.67456502039037258
  0.68579980447209243  0.69804727756222107  0.70974949234751661  0.72125319713505986
  0.73158589822937348  0.74081979516436525  0.74968936492570182  0.75889921089953261
  0.76806662287179850  0.77760601111909822  0.78736805508681451  0.79761018026041619
  0.80812339296940683  0.81876860856960443  0.82994018401305969  0.84116249919043773
  0.85249279561613267  0.86341411824308245  0.87361302447583156  0.88299204722265456
  0.89154735069714453  0.90024049347276403  0.90877942754796637  0.91832059022530921
  0.92836493489830807  0.93928633694904728  0.94986688215098358  0.95933451324771490
  0.96876843389091616  0.97896185770562194  0.98923025026261868  1.00000000000000000
 -0.00236890555045331  0.00944261226645434  0.01896004563294604  0.02805579939447535
  0.03716473981306401  0.04740829121492521  0.05829625860078638  0.06844191565989866
  0.07821270544492653  0.08854551656352527  0.09976924736449305  0.11081339479281058
  0.12206692995874135  0.13354716415694903  0.14508321067956823  0.15670375372473189
  0.16795595779460251  0.17866318621786120  0.18852572927510605  0.19778549472518281
  0.20732216675376441  0.21697521060321462  0.22740951463619952  0.23781406941626879
  0.24837236897382067  0.25921888126713172  0.27050336660567764  0.28216857970076276
  0.29309102118613078  0.30289028963664527  0.31213801525040197  0.32188001695713619
  0.33222175986991370  0.34314178525212008  0.35388427292577629  0.36511397743571267
  0.37648272924773929  0.38792199059954857  0.39848401577611836  0.40909618253445562
  0.41948669621590617  0.43082643272585913  0.44210790696720176  0.45327382184502479
  0.46419999136414680  0.47525943642048929  0.48629674468038531  0.49708151116459653
  0.50768251321545466  0.51831575645391825  0.52908667893553096  0.53995609144812173
  0.55022912121248801  0.56012112806807246  0.57121462549280122  0.58219988762566244
  0.59389962619271253  0.60498317699093906  0.61534660432010391  0.62568716602382379
  0.63618108506685045  0.64672438704410828  0.65735310667881608  0.66856662925622801
  0.68034031208642654  0.69195537976932775  0.70207438747337547  0.71148354213060483
  0.72116741987096999  0.73110601176280809  0.74099409388518489  0.75157995524638910
  0.76167315966783489  0.77201605161472298  0.78223055024573473  0.79321358570260458
  0.80285607046853080  0.81252352247165682  0.82222919931002192  0.83277622777793547
  0.84381828959001670  0.85550082198664323  0.86715213615933662  0.87861017448917200
  0.88951588345065868  0.90008747753770735  0.91021794460765815  0.92037219528981729
  0.93103317197197699  0.94254522164771559  0.95453709254262120  0.96465370631072356
  0.97368588182955051  0.98232381804530577  0.99106779606320261  1.00000000000000000
 -0.00008377167461682  0.00011275145680436  0.00047194724165388  0.00076328840526768
  0.00096241274750349  0.00116304024433876  0.00136257884413430  0.00156098841391705
  0.00175649003474390  0.00194769541196580  0.00213673160479664  0.00232790766635361
  0.00251792675277506  0.00271383487751400  0.00290950917056162  0.00309970280397120
  0.00328723468873935  0.00347523522760106  0.00366374017062794  0.00385092846927689
  0.00403287168019239  0.00421237215796710  0.00437392925172910  0.00452838154782386
  0.00469079346247576  0.00484992031965342  0.00502468592554901  0.00519652382494672
  0.00537066909874124  0.00554077016837817  0.00570906294931903  0.00588386169110281
  0.00607003331965392  0.00625430961776042  0.00643338804716525  0.00660585984281377
  0.00678516426342102  0.00696777885555840  0.00714774490788443  0.00732849265091413
  0.00750783558345380  0.00767754625576941  0.00785204661497761  0.00804575312717724
  0.00826608119162060  0.00853112430484326  0.00876023558220120  0.00900472349369261
  0.00925846928569196  0.00951623613829327  0.00978078452112732  0.00999783703337196
  0.01021612427178482  0.01045189894612572  0.01072940750329946  0.01111466417208512
  0.01149834359306512  0.01184079331625770  0.01217445423227813  0.01250555224492148
  0.01288305183807771  0.01331313714306654  0.01374806605568215  0.01413303017721454
  0.01448815855281279  0.01492615787883737  0.01529977469833923  0.01565013035785553
  0.01604643541045426  0.01658230458129150  0.01706007497374314  0.01749716091306707
  0.01791334184154597  0.01833751323358377  0.01869891380984319  0.01903644263997631
  0.01945948797376597  0.02000352063025989  0.02103142999540820  0.02207331724880188
  0.02333861077267955  0.02491863197580768  0.02757365674321247  0.02839583794535434
  0.02898724119704607  0.02963666482464769  0.03147038260832093  0.03490076520173976
  0.03742389282447758  0.04031251602727910  0.04220948495656043  0.04412160910833918
  0.05670344948113413  0.07651423059381902  0.59079225290682658  1.00000000000000000
 -0.00212179087026100  0.00776501610818564  0.01668988590854220  0.02558616448532819
  0.03495509357796694  0.04427611701166324  0.05361396953285811  0.06300992692971252
  0.07229259356184736  0.08201112782232817  0.09170929921123587  0.10102222350364475
  0.11026741645747964  0.11894618690317332  0.12741232212820955  0.13556291792989156
  0.14388113876199807  0.15292321272121456  0.16266655961810766  0.17317902776708904
  0.18453206051733143  0.19555176211995778  0.20673012109367878  0.21736507596775143
  0.22758953496436227  0.23785880489814609  0.24910925935581388  0.26062299041709375
  0.27126583752985728  0.28132700956828915  0.29162396626210702  0.30273120204503445
  0.31437051071192273  0.32627623989098020  0.33828406677289935  0.35035058668360719
  0.36182614399980317  0.37334825900028840  0.38507891165065244  0.39713898167088296
  0.40795708973048117  0.41807109339588311  0.42838225524341766  0.43987553280863179
  0.45244730354100082  0.46489671797343668  0.47667083675248417  0.48849782706764450
  0.50058471608567390  0.51184814158111658  0.52271411777039145  0.53381207393475139
  0.54611878175458017  0.55740187083610471  0.56855778568898518  0.58011426340432504
  0.59169212792610582  0.60224742719108781  0.61397183759014295  0.62584137740972678
  0.63782364721764262  0.64959831990465700  0.66159803974848741  0.67364557448770579
  0.68552454504713700  0.69674730621289171  0.70788636712418895  0.71934069132218592
  0.73083043047647256  0.74230978149504656  0.75401961294832198  0.76552540820703840
  0.77700131151316432  0.78820677186139476  0.79828831565396197  0.80790579967909115
  0.81705423939146216  0.82625258421370651  0.83540896986360835  0.84452222621950357
  0.85437390854079698  0.86389545668000456  0.87354787929155409  0.88270370812985610
  0.89230060628158336  0.90213682805464690  0.91325098762705792  0.92487279757578755
  0.93568314133165875  0.94525312131345895  0.95451325226484462  0.96276581066326949
  0.97171495092532401  0.98085077752318250  0.99013398453261936  1.00000000000000000
  0.09719502473974713  0.11094080217504086  0.12339976358404320  0.13628954036360427
  0.15266812143323766  0.17034338563619247  0.18434350855161671  0.19606278677174035
  0.20767258963364993  0.21886501814461237  0.22959105375091918  0.24016264759254105
  0.25148379789439468  0.26413696941448866  0.27620293612940205  0.28772811207602011
  0.30041035530884186  0.31286551482251057  0.32231926184025061  0.33110236399917048
  0.34138870764777718  0.35177303358151818  0.36146308422835016  0.37106908162710178
  0.38155311476495796  0.39237427241673878  0.40318722952513336  0.41376909883792812
  0.42393109319886402  0.43347786364472990  0.44403471980083237  0.45418895983017632
  0.46429816166225635  0.47367746384804565  0.48391049419209770  0.49483359357115819
  0.50578195211725152  0.51663819447642712  0.52720582414452422  0.53660210909312922
  0.54495912166639471  0.55189849760851095  0.55885141996733445  0.56561632688960284
  0.57281323809843543  0.57960037523588015  0.58660177274226777  0.59359596437341633
  0.60117707142448151  0.60951824953099898  0.61737183083124980  0.62505871184640427
  0.63239819556383625  0.63969504166731239  0.64733768919636303  0.65492840280003561
  0.66293849965075724  0.67093695211002169  0.67924756583127399  0.68750067640825208
  0.69533123126594909  0.70346493827059597  0.71150931278864216  0.71939347165349665
  0.72701761902167372  0.73464028258754788  0.74240948678315233  0.75104034360700245
  0.75910051459190198  0.76681514451112676  0.77424755032093528  0.78197996422669680
  0.79008390856346578  0.79768536626670195  0.80518700901567886  0.81242401660984276
  0.82031862717488602  0.82880476727304564  0.83776227369427048  0.84668976181247868
  0.85555495407828297  0.86447660597573794  0.87336970907949052  0.88207362492531571
  0.89058169970035461  0.89912794698408272  0.90811211326196439  0.91707732732355340
  0.92622603319058561  0.93523163072961280  0.94389001257886085  0.95219289648154271
  0.96087236388034980  0.97057111466483181  0.98340701455995894  1.00000000000000000
 -0.01880571651121062  0.10681948938938632  0.13816443681548413  0.15820695829034417
  0.17522502429336978  0.19067601501467293  0.20409716453196869  0.21708358396694594
  0.22915059246313871  0.23988920556280252  0.24948502448447121  0.25841494132374632
  0.26742993097549511  0.27711278863694105  0.28638462228080458  0.29489073160615642
  0.30231325762991029  0.30938424179671220  0.31638114996055000  0.32364496424927863
  0.33108572542841619  0.33828602627121107  0.34488672455747132  0.35116342566066339
  0.35746611028207470  0.36386060665903353  0.37028968414778729  0.37661501083923921
  0.38277539050410386  0.38896802162219257  0.39539902304976338  0.40200732045267712
  0.40874089048249224  0.41521423901683535  0.42161275450132224  0.42792502225306733
  0.43416650057711942  0.43996507122290551  0.44549863339650553  0.45091744602838324
  0.45647445294563060  0.46243982337607470  0.46873881146456953  0.47504688253597444
  0.48112772090631428  0.48682954057713296  0.49232273160332429  0.49735193905176417
  0.50247718413032050  0.50773691256780262  0.51285222597080515  0.51817002297101988
  0.52382164438178824  0.52971359943439578  0.53552582303216512  0.54115993103034166
  0.54670893499071882  0.55235611120849315  0.55828521131470332  0.56427538017892132
  0.56991121752980312  0.57528770496192860  0.58066065096882546  0.58628788168093460
  0.59210928877379243  0.59804194876607009  0.60419831689588932  0.61056269160348720
  0.61692844262046986  0.62311705272307338  0.62942794166483762  0.63581617735877161
  0.64218823445938511  0.64828172090625147  0.65505063685048770  0.66191154573923228
  0.66868897581309894  0.67565921385559002  0.68302717426211690  0.69163412370717248
  0.70062575374664393  0.70923994311080907  0.71738443730897439  0.72610193392427014
  0.73534324451636857  0.74543515112624992  0.75572486768647074  0.76658192366737199
  0.77807863301036895  0.79014989713978323  0.80249983111612544  0.81656362285576611
  0.83346827547018143  0.85607307111443232  0.89471858414346617  1.00000000000000000
   6.3298908559051237E-002  -1.0000000000000000     
 F F F F F F F F F F F F F F F F F F F F F F F F F F F F F F F F F F F F F F F F F F F F F F F F F F F F F F F F F F F F F F F F F F F F F F F F F F F F F F F F F F F F F F F F F F F F F F F F F F F F F F F F F F F F F F F F F F F F F F F F F F F F F F F F
  <DiscreteSampler_grid>
  grouped_processes
  1 # 1 for a reference and 2 for a running grid.
  10 # Attribute 'min_bin_probing_points' of the grid.
  1 # Attribute 'grid_mode' of the grid. 1=='default',2=='initialization'
  0.0000000000000000 # Attribute 'small_contrib_threshold' of the grid.
  0.5000000000000000 # Attribute 'damping_power' of the grid.
 # binID   n_entries weight   weight_sqr   abs_weight
    10   10   1.045196040339028E+003   3.384847433044249E+006   1.045196040339028E+003
    16   10   1.045196040339028E+003   3.384847433044250E+006   1.045196040339028E+003
    22   10   1.045196040339028E+003   3.384847433044249E+006   1.045196040339028E+003
    28   10   1.045196040339028E+003   3.384847433044249E+006   1.045196040339028E+003
  </DiscreteSampler_grid>
