  0.00000480159544439  0.00000490016615237  0.00000500434606594  0.00000510382572176
  0.00000519779452985  0.00000528780911962  0.00000538405553221  0.00000551451426244
  0.00000564631744475  0.00000576039229018  0.00000586708683728  0.00000596706259257
  0.00000607219296293  0.00000618997203381  0.00000631916365849  0.00000646105374663
  0.00000662098027856  0.00000681382638921  0.00000699722036146  0.00000714744692530
  0.00000729350335421  0.00000743803262445  0.00000754801371805  0.00000765455723382
  0.00000776033174009  0.00000786910590277  0.00000799739341391  0.00000813570919551
  0.00000826029996755  0.00000838241383634  0.00000850885426756  0.00000863802433365
  0.00000878631503790  0.00000896001145954  0.00000914122892289  0.00000933812260563
  0.00000952484474296  0.00000971530576556  0.00000992089605963  0.00001011920348658
  0.00001031997815697  0.00001051238842859  0.00001070216397051  0.00001092862580595
  0.00001120249307991  0.00001152711712350  0.00001185854793259  0.00001220998140702
  0.00001262098958414  0.00001304276169739  0.00001346650784764  0.00001390890412815
  0.00001437801916446  0.00001486017185640  0.00001533087691394  0.00001578459529175
  0.00001623664262228  0.00001669981334561  0.00001720982317215  0.00001777124873118
  0.00001834442992534  0.00001888993536032  0.00001944113030851  0.00002005086022708
  0.00002070671714538  0.00002143429140210  0.00002230309271255  0.00002330148440520
  0.00002429661761168  0.00002516009498142  0.00002602406542217  0.00002695876607496
  0.00002767363937675  0.00002843842766133  0.00002928858900283  0.00003024174858701
  0.00003169070097927  0.00003327803503837  0.00003522332853467  0.00003754751716213
  0.00004017951278773  0.00004329867589381  0.00004695650824981  0.00005102515699449
  0.00005574912249879  0.00006237791311446  0.00007197840830536  0.00008175227861674
  0.00009177277023767  0.00010405842529326  0.00012540078734580  0.00015970319585676
  0.00025198115825925  0.00059523018323768  0.24245775050309187  1.00000000000000000
  0.00002886367044134  0.00002990244781194  0.00003135464768272  0.00003250775181145
  0.00003370308184110  0.00003501687310303  0.00003618535812980  0.00003723070437940
  0.00003819042089745  0.00003904891161722  0.00004000705147783  0.00004102408000801
  0.00004211588500150  0.00004326714033730  0.00004435343958816  0.00004537867213336
  0.00004654000733991  0.00004791502808795  0.00004936646997835  0.00005077870519632
  0.00005217430509793  0.00005362375026091  0.00005504315850255  0.00005638627975333
  0.00005759249802252  0.00005876410614895  0.00005990673118301  0.00006094894123087
  0.00006213632563393  0.00006338456420335  0.00006482969937728  0.00006622439536258
  0.00006740378432836  0.00006848426150861  0.00006971416799652  0.00007103370420622
  0.00007239880873226  0.00007374711631992  0.00007498746050466  0.00007633643820167
  0.00007789927179559  0.00007942255273960  0.00008120097745650  0.00008299448515112
  0.00008493058013287  0.00008707720247529  0.00008943997690576  0.00009188460260088
  0.00009443405455488  0.00009763393283174  0.00010062006352348  0.00010397057321600
  0.00010756367606578  0.00011177139881730  0.00011643937198502  0.00012102444513160
  0.00012515999169412  0.00012908490035850  0.00013317156672483  0.00013752685922740
  0.00014188158650256  0.00014491987832017  0.00014812235296432  0.00015140892571068
  0.00015482543677680  0.00015979123414725  0.00016527432815177  0.00017030738050747
  0.00017523334443690  0.00018018368905510  0.00018654385554819  0.00019568185373887
  0.00020697308886249  0.00021878903368724  0.00023071222284598  0.00024360498571108
  0.00025743083920303  0.00027322504187183  0.00029258738773362  0.00031596180196181
  0.00034507719518699  0.00038858408270409  0.00044251065741119  0.00050244306288210
  0.00056478964573077  0.00064700678305937  0.00073390398484190  0.00082313081604350
  0.00093667049024144  0.00110031223822237  0.00138935919701006  0.00183036558337230
  0.00291116551622094  0.00712071728452557  0.43189488834216921  1.00000000000000000
 -0.00000260883640919  0.00012605586986583  0.00061133303012556  0.00145732512865324
  0.00269876610237445  0.00448903867724002  0.00652461462234319  0.00873957998086149
  0.01126003353323490  0.01478309806254724  0.01872117792417393  0.02355395718415014
  0.02804352137376352  0.03232537039790583  0.03704848943091183  0.04237636243305071
  0.04775600845207346  0.05287728090352423  0.05818050319810518  0.06474483634988852
  0.07167887248877819  0.07845048779937432  0.08546841789080493  0.09257063849173328
  0.10117925452934624  0.11033303169406219  0.11940964978654073  0.12828710961967410
  0.13657136411259091  0.14214261886926829  0.14891642669252794  0.15636804577078892
  0.16425307657039859  0.17124894099571367  0.17727072613321543  0.18369500206984499
  0.19092125837042453  0.19863725077641278  0.20702082333387661  0.21669807935896976
  0.22553361672963543  0.23429974152889649  0.24383379022937662  0.25398709441485773
  0.26337152712924600  0.27261287380398896  0.28066103397082226  0.28950521638444487
  0.29848981997935081  0.30673627825943939  0.31623321353410544  0.32593971518754161
  0.33572515103380601  0.34614096744116268  0.35629297813847621  0.36698998167816338
  0.37954044763030781  0.39336209908898323  0.40600385150029256  0.41902255030066266
  0.43486866207118635  0.45522289427216206  0.47563423732686305  0.49648759752206351
  0.51805029449002471  0.54190649008883685  0.56570663670605703  0.58878906073067294
  0.60475614812895662  0.62072324824039360  0.63878529303355691  0.65588220168446554
  0.67104203566980403  0.68667512797532182  0.70411917884306863  0.72091374968591704
  0.73667550152473704  0.75292684247921171  0.76905301047806562  0.78296204948098946
  0.79643943091094127  0.81057994201431316  0.82497696681202171  0.83862961844555883
  0.85139736439098579  0.86345850147513026  0.87581954373767223  0.88927950651290444
  0.90394376592629411  0.91952951775454028  0.93557656123500077  0.94960012563108598
  0.96270678849412117  0.97532431381027507  0.98769355828179017  1.00000000000000000
 -0.00504286915073813  0.01333715375525554  0.02816448836553827  0.04113240932928722
  0.05536716099664647  0.06941289318571375  0.08121196848851332  0.09372746911588750
  0.10724093110625374  0.12117715467965243  0.13348644276244329  0.14363925619227222
  0.15399495714895642  0.16414183247346378  0.17305389394745896  0.17966553321799952
  0.18633523911425715  0.19449271895945261  0.20446963452808703  0.21586569389630106
  0.22904778818881016  0.24218140338444064  0.25140365349267113  0.26018169849048883
  0.26843214930398496  0.27558335899838193  0.28226618754984095  0.29176846886065583
  0.30178715390994881  0.31229938792641054  0.32495084395066559  0.33900094413914184
  0.35299622076486981  0.36342458094943242  0.37213473680331510  0.38116767717358496
  0.39100882986600838  0.40030609629939662  0.40977771221174664  0.41995098563182237
  0.43127607414036695  0.44218750996915979  0.45275274435601048  0.46309481102353522
  0.47280626857632740  0.48155510561699649  0.49143779885420041  0.50036220864469538
  0.50834893618804744  0.51749868049950498  0.52593212365194297  0.53558823243178977
  0.54492973782579335  0.55356220734987527  0.56162294114524280  0.57001605623722407
  0.57944632553305919  0.59049331497719615  0.60314256498957641  0.61603443582429884
  0.62832816560951765  0.64039962780758430  0.65522351415553237  0.67347278376077380
  0.69056687763622460  0.69929267093830128  0.70909754394180280  0.72005022261122642
  0.72844300132031881  0.73623039945119473  0.74387085406341169  0.75492504051095122
  0.76984235872774320  0.77783207737826254  0.78477337968947336  0.79173304776742248
  0.79876852123388720  0.80677782744970439  0.81486529825908316  0.82336410585702846
  0.83089741165033770  0.83708071986396115  0.84816712062731947  0.86020851823753797
  0.87093803178886198  0.88477877579972231  0.89648807961244925  0.90710219679671622
  0.91850960782723212  0.93044507740969640  0.94211017435665068  0.95272076744342904
  0.96276055094743251  0.97487981503626364  0.98672985399319935  1.00000000000000000
 -0.00282617827824682  0.00544226402649430  0.01371070633123543  0.02222317832326494
  0.03076619262072792  0.03824115233122848  0.04566238942991543  0.05288673663093716
  0.06050744712103514  0.06770880192666326  0.07464494498448147  0.08234842448480385
  0.08908953716361086  0.09731217496151390  0.10831402891422570  0.12036962020242813
  0.13012872707699777  0.13826230030603620  0.14636233069538293  0.15484154538832051
  0.16356705799424767  0.17237617736091046  0.18141039230970799  0.19247951327208010
  0.20527951759413793  0.21749806145089992  0.22889668488165604  0.24160586055827341
  0.25365993391044256  0.26560620852073741  0.27775707754508472  0.29011481197630318
  0.30116493720216242  0.31292415683260050  0.32510666246368808  0.33656341270076107
  0.34815879830032337  0.36057352160482115  0.37419522447974152  0.38884778443860246
  0.40205916410534565  0.41429717102212343  0.42785015065316051  0.43980137509981587
  0.45168601146116488  0.46343288802248583  0.47728017489527291  0.49260994793395491
  0.50638265593399601  0.51720346252560434  0.52748351996608422  0.53665457842017306
  0.54680199472896684  0.55870653980084506  0.57822436189390569  0.59689411299141970
  0.61297583272451539  0.62899919295702600  0.64715341953456829  0.66587874089009513
  0.68368717709687477  0.69834793903636361  0.71107431834148338  0.72340344472888085
  0.73587129416080821  0.74867403359042894  0.76232961530871179  0.77574567532941374
  0.78716161974900511  0.79691740731577165  0.80370330470349571  0.81096484169151217
  0.81680097554400788  0.82258731994736145  0.82898214621473432  0.83571231940978707
  0.84214508455039538  0.84777210591573593  0.85286160031744485  0.85876238482010947
  0.86537652227177486  0.87189592501692026  0.88010567363083736  0.88929179814610382
  0.89868838821390096  0.90843339427622161  0.92126344220907641  0.93597918951228143
  0.95029876262910018  0.96198091955731468  0.97064144920233497  0.97792277787858173
  0.98411546961396312  0.98985493171268135  0.99493474614559885  1.00000000000000000
 -0.00258003470865567  0.01051311546172975  0.02371337180834624  0.03595545484757044
  0.04787401298468259  0.05924668618407714  0.06997662800403512  0.08072265856703981
  0.09220360687355407  0.10403172069118835  0.11622746003581812  0.12756217970691922
  0.13765495963490423  0.14795015829213973  0.15822255485034989  0.16785941614612307
  0.17421071623452525  0.17955488019391203  0.18511530106547969  0.19209657874840505
  0.20062061093640743  0.21302800918645609  0.22350470216420937  0.23589118345775262
  0.24727663146780324  0.26026441464298788  0.27278114168536055  0.28566541189748607
  0.29921675344896442  0.31412922361475742  0.31917828188034736  0.32511712580514418
  0.33193298659156273  0.33913636444044121  0.34574806943106179  0.35194180403786834
  0.35844861312032100  0.36563913083183042  0.37189581891929419  0.37839792269701827
  0.38649140109766100  0.39591820070322681  0.40528646728678336  0.41511255076634201
  0.42472356219593044  0.43214380073123948  0.44053212125567653  0.45020114066116224
  0.45897080844672206  0.47039954063822226  0.48306075436421880  0.49325207042244124
  0.50255897319479770  0.51155556045490402  0.52120773916499308  0.53110427849578123
  0.54135821076982493  0.55121231276775473  0.56302480655002585  0.57732235435951895
  0.59140723572547838  0.60377618466685934  0.61425087046343729  0.62362507526092892
  0.63332788584324395  0.64316522874801774  0.65479099556392528  0.66575308297457580
  0.67615057147437430  0.68685229252735835  0.69634775963516315  0.70990464567893230
  0.72492026851770497  0.73924267658885168  0.75370597048227128  0.76773234722173089
  0.78095189872686688  0.79359388152204335  0.80705195438056387  0.81890897057942313
  0.83155101126815745  0.84584573940260910  0.85746577600512819  0.86616205683383285
  0.87508780470632475  0.88439914031247180  0.89346263004346094  0.90196442781793507
  0.90970140204973704  0.92044868789065459  0.93322957357394565  0.94628138907168213
  0.95876124202167723  0.97163150545551391  0.98583149204257114  1.00000000000000000
  0.00006657762786819  0.01255082200021612  0.02338865435013415  0.03346616545797596
  0.04297717096840408  0.05229160135674871  0.06044115284317159  0.06859070432959448
  0.07835292225988419  0.08885780064282524  0.10082222489994716  0.11293678440028600
  0.12461480068682732  0.13596657892407618  0.14722247129547986  0.15847562883153712
  0.16882104025222833  0.17878431724395463  0.18861676648267217  0.19731425746936640
  0.20662637610233722  0.21617240451443459  0.22600182381071757  0.23455503166564720
  0.24160783736246502  0.24881844095175557  0.25737672728451338  0.26718445244558392
  0.27738941400412337  0.28708086263887739  0.29961744913848376  0.31452735060019327
  0.32688255108929509  0.33741491484442626  0.34718631955929119  0.35708413353440638
  0.36763494035466587  0.37899833653287784  0.39187431545256746  0.40516004087704888
  0.41802859141754539  0.42986263192658852  0.44134487858907345  0.45326580452205034
  0.46449437707944663  0.47617429586378796  0.48892063811912195  0.50155588414140095
  0.51423683520501751  0.52547049629071130  0.53496160833489115  0.54551633998840987
  0.55490963182348418  0.56377644920885350  0.57268239522870057  0.58426275462729516
  0.59766942396426892  0.61169788550691073  0.62620998621672241  0.63815703178261751
  0.65043878424304835  0.66375800825121489  0.67604658107653148  0.68686674488378097
  0.69527803193078308  0.70372065882477552  0.71294546240342338  0.72254326736046548
  0.73185341439054930  0.74042219258000330  0.74846887664549433  0.75873566256047231
  0.76968352347766344  0.77590619902021452  0.78157020050407311  0.78711290481094054
  0.79238882953906031  0.79776046180795612  0.80389903658624284  0.81121410124811033
  0.81740605450353709  0.82242000172254137  0.82751692628859963  0.83352676554946392
  0.84395428064996003  0.85550601711766194  0.86497679912872616  0.87252492879732269
  0.87944775121191721  0.88673308839651988  0.89562754826681779  0.90707958439426406
  0.92620957971446849  0.94508701886361601  0.96673631777000490  1.00000000000000000
 -0.00230081146538533  0.00823895446717982  0.01828833644944933  0.02699408432093157
  0.03600455936560456  0.04578689692989285  0.05711552146716285  0.06853787941293532
  0.07854756819615820  0.08765510151984025  0.09648390182778915  0.10551039528118489
  0.11511313421499107  0.12497952263648811  0.13456170949726234  0.14434622007373316
  0.15404476145577595  0.16437066156633143  0.17497479517671619  0.18626125030016336
  0.19896861229706866  0.21236017713863753  0.22471140232360337  0.23782441092157935
  0.25264230546622479  0.26869704316028975  0.28501724740879758  0.29965854417774701
  0.31317404009331590  0.32591060500268448  0.33745171096940346  0.34887761476745466
  0.35929078941853598  0.36753742521004268  0.37561621532183070  0.38241292025552959
  0.38818441514733198  0.39369130454690743  0.39861509761629754  0.40429375847952992
  0.41232333018182371  0.42120334304468909  0.42974593358564511  0.43624111705990670
  0.44247850187001009  0.44911515687044318  0.45567294675685738  0.46421928106496618
  0.47763892690870791  0.49605572272195808  0.50959667577533252  0.52257627557706543
  0.53411465795085700  0.54280964808924126  0.55081244853774891  0.55985112695818351
  0.57260933354448751  0.58475275252628489  0.59484274229708567  0.60463766057756374
  0.61485876158413155  0.62582740262313930  0.63663519640775645  0.64850156903200640
  0.65912165055732286  0.67450476890129007  0.69027109831365119  0.70435196571032965
  0.71659447890169670  0.72900024277734532  0.74105691268115270  0.75303842121448505
  0.76532114310161004  0.77627609260240948  0.78670292610863402  0.79648495839449385
  0.80597300203204791  0.81618553509474712  0.82546909713561067  0.83369408238435594
  0.84185727624940243  0.85016846409282576  0.85865574665129329  0.86742161450795174
  0.87682938852794134  0.88704692226813930  0.89761335885105442  0.90918546942229450
  0.92138198983371122  0.93343966762932951  0.94562521608080163  0.95723539557269455
  0.96785834078488742  0.97871493902388218  0.98939044348489535  1.00000000000000000
  0.12723767950922299  0.14918603208662087  0.16462037820304579  0.17584303347352162
  0.18759332669902054  0.19777731654974059  0.20814185331526558  0.21617768321719541
  0.22332050372341117  0.23014626628792734  0.23681024403192069  0.24390958732456075
  0.25122498533361659  0.25954759023540919  0.26925840716208183  0.27976622317494360
  0.29044910726254908  0.30271872122529014  0.31701963710729908  0.32944935047919610
  0.34290107999565134  0.35429208274274415  0.36658002503850395  0.37731214313271444
  0.38621788921375888  0.39496224519733714  0.40289034668162793  0.41023694859692900
  0.41801953809596970  0.42673212416849460  0.43720157696028000  0.44837494137132666
  0.45843499330135346  0.46858921635410999  0.47855015227154063  0.48847656835701581
  0.49862480313753305  0.50505262492858405  0.50949808063762803  0.51391923589226540
  0.51886476255013625  0.52370733726318941  0.52844890551300550  0.53363867548041022
  0.53919259620452598  0.54411339831426642  0.54895152553185333  0.55416124449249760
  0.55962108734722571  0.56563584639881348  0.57313555711449216  0.58062646350682290
  0.58761099911610104  0.59419073193507232  0.60059150617434398  0.60834620305576559
  0.61746619822658133  0.62629229688858223  0.63407650060038967  0.64276284458979760
  0.65202317766895412  0.66188759137874231  0.67070588147417098  0.67907907873625972
  0.68618751252799592  0.69456512972552231  0.70299112101118189  0.71173728175021334
  0.72163233319485787  0.73236173792851866  0.74377576640341714  0.75286408216620793
  0.76087089365953520  0.76871964861566322  0.77660828501778412  0.78437453899393395
  0.79300006057573735  0.80231210419732735  0.81032536986349968  0.81687182929430868
  0.82295966734339854  0.82905294315383216  0.83543008201954660  0.84366670880739503
  0.85275598611121461  0.86292980076893833  0.87470995741309165  0.88801544625018114
  0.90250999499527984  0.91820315957629872  0.93306609270300545  0.94501979493266619
  0.95535308570595945  0.96567755345538897  0.97903242091844767  1.00000000000000000
 -0.01807645273145644  0.10725360355064009  0.14063241176907693  0.16308176200489000
  0.17701341197244191  0.18706776687551527  0.19448848924958162  0.20320085367236576
  0.21150035969913220  0.21816618573995394  0.22470891833351139  0.23171129082798925
  0.23908477474597600  0.24587256516439612  0.25288061988574312  0.25955474461281741
  0.26604371766466073  0.27457207996008459  0.28368685421605561  0.29159981345806280
  0.29852763936217930  0.30436027462569282  0.31075267322332306  0.31639150756568674
  0.32269938413199140  0.32905402908838499  0.33549444644977117  0.34276985201069471
  0.35108131976079671  0.35937146394746289  0.36676634574236205  0.37204153990307498
  0.37769762509598415  0.38349417171346029  0.38886513918570992  0.39417508528174611
  0.39976574097900958  0.40652838760391824  0.41321397469074767  0.41949337149458094
  0.42610961990443863  0.43285067011421552  0.43978587067897290  0.44748536211196299
  0.45609132667834035  0.46300961684761444  0.46917165525376592  0.47478646763653287
  0.48068428734826363  0.48687893562611756  0.49305315399191407  0.49857798844926005
  0.50371944723483264  0.50909427859990009  0.51468696458175245  0.52157366618233780
  0.52826292233036121  0.53432066688667457  0.54003554031590340  0.54516436889509812
  0.55002223329299371  0.55623209392729800  0.56232142708565414  0.56918507470004420
  0.57678346992512664  0.58396806546960101  0.59094548535087610  0.59851625510374029
  0.60605249468870015  0.61386178243161149  0.62179797161617645  0.62986717488059329
  0.63819252526974601  0.64628347338682635  0.65365492171831163  0.66219556444168670
  0.66978589876929284  0.67642534913829633  0.68472099787145824  0.69341978016798256
  0.69977628337949838  0.70563661810050871  0.71114281525895029  0.71696533341461521
  0.72432147448543316  0.73242195404365995  0.74203906043441037  0.75378536486816716
  0.76826232213378765  0.78357503139069862  0.79896800627743569  0.81512717704957260
  0.83350867678797325  0.85589022701697626  0.89672294781086193  1.00000000000000000
   5.2656985366902464E-004  -1.0000000000000000     
 F F F F F F F F F F F F F F F F F F F F F F F F F F F F F F F F F F F F F F F F F F F F F F F F F F F F F F F F F F F F F F F F F F F F F F F F F F F F F F F F F F F F F F F F F F F F F F F F F F F F F F F F F F F F F F F F F F F F F F F F F F F F F F F F
  <DiscreteSampler_grid>
  grouped_processes
  1 # 1 for a reference and 2 for a running grid.
  10 # Attribute 'min_bin_probing_points' of the grid.
  1 # Attribute 'grid_mode' of the grid. 1=='default',2=='initialization'
  0.0000000000000000 # Attribute 'small_contrib_threshold' of the grid.
  0.5000000000000000 # Attribute 'damping_power' of the grid.
 # binID   n_entries weight   weight_sqr   abs_weight
    10   10   1.345633293189041E+001   1.313056012282189E+003   1.345633293189041E+001
    16   10   1.345633293189042E+001   1.313056012282190E+003   1.345633293189042E+001
  </DiscreteSampler_grid>
