  0.00000569031338189  0.00000609276713258  0.00000631585809933  0.00000653616130219
  0.00000678953082027  0.00000702970561341  0.00000726193498217  0.00000749898512883
  0.00000776330457211  0.00000803641293221  0.00000831293064646  0.00000858355306515
  0.00000883291979234  0.00000908304465621  0.00000935179052246  0.00000966198068988
  0.00000998698245865  0.00001030332341120  0.00001060194036812  0.00001086998676449
  0.00001116110385667  0.00001146546616934  0.00001180237504939  0.00001216772159312
  0.00001254528616101  0.00001293515054861  0.00001333833368051  0.00001376002263891
  0.00001422061553789  0.00001477374398965  0.00001536569478805  0.00001594635056197
  0.00001659168048165  0.00001733884196119  0.00001813477088009  0.00001891218303224
  0.00001972596869768  0.00002054668176881  0.00002141281432820  0.00002236169950867
  0.00002337517514766  0.00002441865734725  0.00002547664211159  0.00002663978397341
  0.00002790000448561  0.00002918655075048  0.00003060683557005  0.00003218765694604
  0.00003383702985800  0.00003571299677781  0.00003773034958742  0.00003977751687048
  0.00004178671538612  0.00004389931407181  0.00004619918180143  0.00004884665737211
  0.00005148899923178  0.00005432693809138  0.00005728085596272  0.00006027165181114
  0.00006401078452373  0.00006761512740262  0.00007151434508094  0.00007592745836218
  0.00008077669130420  0.00008617589739401  0.00009144692206384  0.00009752427082095
  0.00010399174428261  0.00011164183028205  0.00012013413987087  0.00012974398192458
  0.00014058328930912  0.00015191744042439  0.00016452572302792  0.00017889044867207
  0.00019487406954951  0.00021272267363817  0.00023294576314115  0.00025713540070473
  0.00028541257661432  0.00031874243766361  0.00035771830677392  0.00040508973272954
  0.00046088723509729  0.00052127856513755  0.00058632310722339  0.00067483648323336
  0.00078833887163811  0.00092337129045342  0.00113378549010140  0.00154331772540979
  0.00239283040781841  0.00450638871101643  0.04727397858478174  1.00000000000000000
  0.00000552489050961  0.00000567092903779  0.00000581696756598  0.00000603421108992
  0.00000626781209901  0.00000659231130920  0.00000689267526038  0.00000715115162052
  0.00000737742257411  0.00000758736625659  0.00000779489764054  0.00000800645802507
  0.00000826223523641  0.00000852848873896  0.00000882579248688  0.00000914265178943
  0.00000947405489308  0.00000985206709048  0.00001025069905735  0.00001067749679655
  0.00001110805894480  0.00001151870331444  0.00001190552276452  0.00001228023143628
  0.00001266668656843  0.00001310277225380  0.00001355036386569  0.00001397592310980
  0.00001440356386964  0.00001486998608934  0.00001538447691086  0.00001594573531105
  0.00001652300614260  0.00001719253068228  0.00001793599213664  0.00001870758643712
  0.00001959366112552  0.00002051494838748  0.00002143804236096  0.00002241838060899
  0.00002362017164322  0.00002479610949678  0.00002604229469107  0.00002733826693804
  0.00002867717265098  0.00003026093894194  0.00003201695839965  0.00003383009903009
  0.00003571431116660  0.00003767410534764  0.00003981285326702  0.00004246433294519
  0.00004536345177453  0.00004827934235932  0.00005120006841216  0.00005435418951540
  0.00005778330368990  0.00006164821904176  0.00006602104380736  0.00007099027546663
  0.00007642970787960  0.00008227129734701  0.00008873303250418  0.00009606622901562
  0.00010392366708177  0.00011194864585370  0.00012033311943416  0.00012990031727965
  0.00014105308502944  0.00015282209768649  0.00016590486716114  0.00018016324266718
  0.00019579403740903  0.00021178279329753  0.00023088868472410  0.00025284059206883
  0.00027792458038856  0.00030653208509388  0.00034035880301936  0.00038115555748675
  0.00043257839051130  0.00049123186021501  0.00055150454864868  0.00061479089901635
  0.00068428359355894  0.00075690398562494  0.00084947859764525  0.00097516513592728
  0.00115694602721949  0.00138482757460354  0.00162661262696446  0.00190411460807817
  0.00237458346250181  0.00330012965237841  0.04558782650872317  1.00000000000000000
  0.00000741684711028  0.00000807046547216  0.00000899240971794  0.00001012708133996
  0.00001109367039668  0.00001194028314164  0.00001276590577389  0.00001361516283939
  0.00001464510789172  0.00001577971503449  0.00001694836721305  0.00001816453781209
  0.00001938425349778  0.00002067284051586  0.00002202230089335  0.00002346080593424
  0.00002494536816535  0.00002651238006692  0.00002811549910296  0.00002968691253160
  0.00003119459373681  0.00003265383378965  0.00003398052564175  0.00003539613510441
  0.00003681738650733  0.00003823615845847  0.00003970729720043  0.00004117973866632
  0.00004263259129149  0.00004414928628206  0.00004583928057568  0.00004780624994530
  0.00004982354914459  0.00005186356763223  0.00005379351990830  0.00005565781036455
  0.00005749692191499  0.00005939441713407  0.00006140952135230  0.00006354145891456
  0.00006575814410344  0.00006802850513394  0.00007027536265989  0.00007271292215649
  0.00007518035143363  0.00007762231082318  0.00008013435456797  0.00008287993178589
  0.00008581374167632  0.00008876552568054  0.00009178539678128  0.00009490258016376
  0.00009819874925390  0.00010155982010631  0.00010504876917297  0.00010877430716026
  0.00011283721575624  0.00011715829514181  0.00012161744335181  0.00012696376113165
  0.00013222487397658  0.00013750613944143  0.00014331411042960  0.00014982575117360
  0.00015724001789961  0.00016508689597516  0.00017344347823183  0.00018207468788250
  0.00019169801601211  0.00020262290823008  0.00021447157045151  0.00022674029972353
  0.00023929437866003  0.00025347706886238  0.00027010959681896  0.00028852539999959
  0.00030822492619719  0.00032964251882473  0.00035482646475796  0.00038407247502559
  0.00042101576025196  0.00046268971183530  0.00051435574348287  0.00057814395935513
  0.00065735087445955  0.00075340602185085  0.00086495472475428  0.00100818607262391
  0.00118483099735631  0.00142717095589509  0.00181217437506717  0.00245251474434839
  0.00354013595416041  0.00627949103584029  0.05748120027422488  1.00000000000000000
 -0.00183670851187033  0.01114322935705838  0.02273317499285562  0.03355723363814998
  0.04413921223956251  0.05437951202431576  0.06573106640406559  0.07731496348795561
  0.08880115832086505  0.10039161353616653  0.11087355236948575  0.12113085712043195
  0.13166369918629367  0.14182634974180505  0.15145992255951427  0.16095079134201787
  0.17149530904383822  0.18167439252417750  0.19143381716030325  0.20066462226420995
  0.20969822973571087  0.21946083059621385  0.22950106196887735  0.24173562709678004
  0.25339779413063618  0.26383146254920375  0.27410513225732475  0.28498586679997961
  0.29580788349299436  0.30539182043518903  0.31443918706778545  0.32430803562293131
  0.33476242191034594  0.34581082096010790  0.35663157274768076  0.36785786028732737
  0.37919818183772130  0.38937570973831265  0.39976685616718532  0.41027014413755386
  0.42121001408164627  0.43174988301135864  0.44223713472321585  0.45260967971196098
  0.46339405443641152  0.47421540405144275  0.48495520456242724  0.49497354868151922
  0.50510373714528978  0.51545385929114695  0.52609354305038947  0.53619565349403420
  0.54636102885429105  0.55711535799839229  0.56842694875528499  0.58071069479618964
  0.59429144710390902  0.60811883943552270  0.62064262326712993  0.63170491541962648
  0.64204693675268887  0.65184421288671102  0.66165280559647155  0.67115178090050520
  0.68046722399885151  0.68982392579153040  0.69945221280865189  0.70981092884601704
  0.72134528999075676  0.73268439621996051  0.74458727631614230  0.75608377283103256
  0.76859334913338395  0.77983801556417942  0.79046794692798250  0.80070666148547298
  0.81053118656529888  0.81970818286605995  0.82867107522709227  0.83708945341995955
  0.84659509338708572  0.85617186107100718  0.86652851408267761  0.87628539795374993
  0.88539562770849112  0.89441369720209207  0.90414823363941399  0.91471594946661339
  0.92543683879827909  0.93669168583552509  0.94752198656243869  0.95863645981335599
  0.96941537711119274  0.98002941159433621  0.99014828794988707  1.00000000000000000
 -0.00010826190265069  0.00040219225383658  0.00073976590104174  0.00099683298769087
  0.00123515382936463  0.00147590581928777  0.00171459829567795  0.00195240216304298
  0.00218898291263271  0.00242144623891005  0.00264555663801965  0.00286753678428270
  0.00309136363602308  0.00332519609914225  0.00356996659088868  0.00382494107600921
  0.00407480371058243  0.00432541217118658  0.00457746287988447  0.00483110266942923
  0.00507906579567923  0.00533673066265409  0.00560119182427153  0.00586135196720830
  0.00616403406478162  0.00645719694897708  0.00674715729637895  0.00703681662158778
  0.00732064584973491  0.00762576892401898  0.00793271279397325  0.00824147797973390
  0.00855170471223459  0.00886164105356774  0.00920096109657222  0.00946938183827419
  0.00971953706235888  0.00997878095964868  0.01024576917609795  0.01054086351439361
  0.01080368255126179  0.01106120858404275  0.01134405521581596  0.01163629358953873
  0.01192571403675740  0.01218834673999512  0.01241534408361663  0.01274554871828188
  0.01306319819198480  0.01337597736866352  0.01372833284129063  0.01413745105328687
  0.01450844717776001  0.01483894995762719  0.01516404868112014  0.01551661122767348
  0.01589796913076141  0.01631389822077137  0.01675464767832219  0.01717450233132261
  0.01750110656196901  0.01773464095238678  0.01798687209618150  0.01825408573857450
  0.01855899231496612  0.01886357841162891  0.01915873634905706  0.01937902233520500
  0.01973877058912871  0.02008286851793200  0.02053268724781275  0.02113748522947277
  0.02167129629304574  0.02226973523804229  0.02287179017123906  0.02348423535210144
  0.02410550725311418  0.02471709095546346  0.02558941997947992  0.02647277049858481
  0.02753984731009611  0.02886646074187770  0.02975201687096792  0.03097810096099189
  0.03375452055154932  0.03605625533695500  0.03792992153716384  0.03999882430004076
  0.04108280502315795  0.04280165084502458  0.04654053724529982  0.05707124405573545
  0.07003084674242108  0.07732410441004092  0.67379539797394594  1.00000000000000000
 -0.00219629887240663  0.00753287072352508  0.01615969017034896  0.02508782355526607
  0.03473458850175492  0.04465228053524047  0.05463131919529581  0.06412695718389634
  0.07309436414451700  0.08196481584435372  0.09119209815917699  0.10122483661333109
  0.11176860256674472  0.12245196834575539  0.13327797797942231  0.14313311623261255
  0.15304650344453052  0.16275540808658429  0.17232093113718186  0.18190356676004651
  0.19163404393844802  0.20221648491656208  0.21276049261483271  0.22261741604769275
  0.23147997179490623  0.24021626199328919  0.24956089242866850  0.25966019937864904
  0.27049061506229777  0.28147707154589641  0.29226584731608934  0.30381481472710220
  0.31499809431335574  0.32580991059178999  0.33683161389939509  0.34791495151733282
  0.35891113256495022  0.36988550925601937  0.38155898985357711  0.39405038441605966
  0.40646071092967301  0.41870663335035863  0.43091368039412226  0.44250058669708470
  0.45338457051367370  0.46390430647607800  0.47480432160498048  0.48615023553319014
  0.49755629768026466  0.50820094306737995  0.51808226122815770  0.52803310967122963
  0.53828810204329192  0.54925208562101913  0.55988274047408415  0.57247833379864033
  0.58438154777897267  0.59461682015497719  0.60540647335663045  0.61707413541530487
  0.62844282861070977  0.63945931288809177  0.65090767280395445  0.66225385693138938
  0.67254037685022272  0.68234759965793246  0.69278594614849065  0.70340223732355689
  0.71368309030604715  0.72396277308991486  0.73501229636398047  0.74700842836495496
  0.75936416660330652  0.77150801427546167  0.78228103119625081  0.79207010374626496
  0.80131905765638356  0.81076637683745512  0.82082275199938604  0.83116196547965082
  0.84138883077413507  0.85167320997203588  0.86207887371956482  0.87269296905336990
  0.88296444853905509  0.89243994384440917  0.90187420090934889  0.91086807001902914
  0.92103417403322085  0.93205926378025750  0.94342172532427993  0.95483862171500722
  0.96579083965949408  0.97665200922733397  0.98832088301985144  1.00000000000000000
 -0.00011765419970753  0.00014879360656277  0.00041690953958170  0.00068521761582694
  0.00084396338867910  0.00100538197630883  0.00116932321934990  0.00133675282664804
  0.00150340697839055  0.00166924280592644  0.00182915900044495  0.00198847110712871
  0.00214835973086460  0.00231333820079652  0.00248142279825761  0.00265044380871299
  0.00281634033572314  0.00297870351599221  0.00313877421500467  0.00330152063434444
  0.00346818527064307  0.00364796983172491  0.00382263282069917  0.00398625633885011
  0.00415769720090388  0.00433227578765453  0.00450975513344916  0.00469588626774131
  0.00489043524239721  0.00507862585200278  0.00524130986565613  0.00541110878516061
  0.00558551205095398  0.00577182350079227  0.00596394919131354  0.00618037158542790
  0.00636963065169092  0.00654987498144617  0.00672554103027228  0.00689424614010248
  0.00705966041526665  0.00725303818422071  0.00745287011213581  0.00765979983440577
  0.00788308377093963  0.00811584528004318  0.00835778254606947  0.00860278311722013
  0.00889879638037582  0.00926185611863950  0.00948656578118899  0.00967099706088441
  0.00985121492336231  0.01007807111822027  0.01035489960823481  0.01062780153259775
  0.01085315669397285  0.01105001325978961  0.01146844232466964  0.01182412554799119
  0.01226650381118001  0.01272867837851436  0.01312167725100825  0.01347105794720769
  0.01379351230096279  0.01408588712290088  0.01432794116293151  0.01461639633330002
  0.01487909736063036  0.01495323340128618  0.01511649377277170  0.01524869838018775
  0.01544391239534969  0.01560856820694992  0.01575480240593345  0.01583949896770253
  0.01591717514906364  0.01599076999448900  0.01607947906656724  0.01620479319069645
  0.01647045673901797  0.01669117027558783  0.01704868271803374  0.01723510119425894
  0.01741680336625925  0.01782116238080670  0.01802123816873239  0.01822165257037189
  0.01842613537049846  0.01943161838537529  0.01995904570815552  0.02045248004742365
  0.02110753808423193  0.02357106401911962  0.54432672517796687  1.00000000000000000
 -0.00256762521425104  0.01398326383553018  0.02893340484921934  0.04482402618381912
  0.05953482623039742  0.07431234046546566  0.08977163029636621  0.10562530666476576
  0.12086957750933476  0.13446785114924831  0.14860483700037391  0.16364910607505553
  0.17884463613794083  0.19258343867451183  0.20511421297674279  0.21749323140930965
  0.22984542714907019  0.24223206652347187  0.25415721776932004  0.26582647076139077
  0.27657358971371782  0.28682367430665440  0.29682576637880281  0.30599186854174093
  0.31439205535154024  0.32217509319231380  0.32979495830258676  0.33758046185695212
  0.34524563627565091  0.35288600778064411  0.36047415584074533  0.36806179168336084
  0.37541895463190389  0.38264134460607846  0.38981188330638777  0.39698703030120314
  0.40496457270191882  0.41268312511184174  0.42090649226524163  0.42966360769634565
  0.43787862821759099  0.44584295211843505  0.45387068463823715  0.46134907860818164
  0.46857613955918942  0.47630308438564239  0.48399882191341426  0.49242744241701558
  0.50070199497847889  0.50776357563944075  0.51444353503386830  0.52148552842217299
  0.52907844293727990  0.53673371845365014  0.54478186292838093  0.55295160120649078
  0.56172916555934638  0.56995525356144194  0.57749426681124061  0.58501643591619701
  0.59261188753295935  0.60045691610042107  0.60871733855494814  0.61698811198647430
  0.62556972103486774  0.63415057216322024  0.64339361263170014  0.65230694535055644
  0.66182498695949066  0.67146391698017283  0.68171538223408890  0.69247064175785067
  0.70308641894694290  0.71337260267510838  0.72353794618794320  0.73353205200685967
  0.74289890722120411  0.75221091770456294  0.76219178021223855  0.77341911415573994
  0.78576769138918867  0.79832890264763900  0.81131639396126187  0.82424984348091379
  0.83735782598028818  0.85097992929270017  0.86496078086141992  0.87921668550499055
  0.89393473555865677  0.90880577533556628  0.92314306606742780  0.93711088405299736
  0.95224421612641819  0.96864932507879176  0.98477748497999806  1.00000000000000000
  0.04577449919339365  0.07676741994259656  0.10776034069179945  0.13875326144100236
  0.16282344994692471  0.17123357100587661  0.17964369206482853  0.19063387897968362
  0.20700082552829435  0.22231703173658532  0.23640127268583763  0.25008820861769665
  0.26372696821844882  0.27957461895952890  0.29621640726332704  0.31158933861591198
  0.32430280595625721  0.33607501868856410  0.34882889280351786  0.36123777484592151
  0.37299653650191184  0.38454046956963273  0.39686378053398363  0.40917296198774805
  0.42032396588010346  0.43093180904409162  0.44230308433279686  0.45461543874285304
  0.46627625576252246  0.47711355543088213  0.48749352820893410  0.49751458990110881
  0.50722814266983018  0.51653654438530994  0.52631767832780796  0.53540159566242196
  0.54415780748006926  0.55204428406036410  0.55986113038267649  0.56761313281217318
  0.57540320885419149  0.58306928554271964  0.59087552498117502  0.59909777377290863
  0.60735354728394386  0.61636073011167702  0.62519666188943313  0.63326756267737172
  0.64113628848886539  0.64874002828725541  0.65644072429126155  0.66428900773138111
  0.67229803001731092  0.68014764943174322  0.68766412199984572  0.69493607908949540
  0.70259927211245865  0.70999629671916054  0.71698587554635085  0.72377827855231103
  0.73068909119834369  0.73786849786305531  0.74543725469387967  0.75290412108694260
  0.75985764662983435  0.76649597743523834  0.77380164471320589  0.78195784694647574
  0.79036749006456386  0.79845150269521881  0.80618124933601787  0.81386358554182192
  0.82139850537289383  0.82876182343010463  0.83590163272208762  0.84301369039043228
  0.85048526488145659  0.85811983400040703  0.86564294274891918  0.87267981652178472
  0.87914774294228071  0.88534552640290332  0.89173740574430838  0.89884884976095236
  0.90630067800656433  0.91398634142505109  0.92161269383877675  0.92891017235323392
  0.93603699229403159  0.94339575559616906  0.95121588959673919  0.95963193275818881
  0.96840429234846692  0.97744798268645006  0.98773759762482216  1.00000000000000000
 -0.01747561771033082  0.10636845577983724  0.14355248347091132  0.16656477130903966
  0.18357037627532724  0.19772739831079031  0.21029323290322502  0.22047268412585511
  0.22995518066633253  0.23919510915421191  0.24902366776938137  0.25879232156682913
  0.26825850180278699  0.27738803426300196  0.28656197015121709  0.29546700598744896
  0.30448259917608617  0.31321734290982556  0.32203484750205763  0.33034996848816178
  0.33756961224671245  0.34439166920920378  0.35123350630346062  0.35858190185230510
  0.36626909548252240  0.37346546804088931  0.38009163795588080  0.38649316903090247
  0.39278140406815415  0.39927510599388943  0.40584622227872480  0.41260782326823597
  0.41896131419080590  0.42490476822033130  0.43074414538924799  0.43637320047297917
  0.44222495882759161  0.44833160930777427  0.45457047432045977  0.46046910339865799
  0.46600561680861335  0.47143966608906479  0.47672599224085355  0.48170242202184205
  0.48659177631621248  0.49159009351172905  0.49680742399534183  0.50229058264396564
  0.50779843624493848  0.51329883541198151  0.51885647839269811  0.52438384774112723
  0.52985310334324454  0.53505273570953593  0.54039193704663568  0.54624831202932045
  0.55230172539869515  0.55820365177187181  0.56351427813075516  0.56881448864125184
  0.57406694082130727  0.57973266167603565  0.58582809551929360  0.59189457206726204
  0.59797246983739516  0.60391944594043478  0.60933473590134035  0.61467757960934788
  0.61981604467198048  0.62546129048741950  0.63130386179864351  0.63755807937827325
  0.64424283007402905  0.65124286701855139  0.65850908952093523  0.66560210046496671
  0.67264999755643828  0.68001600004297569  0.68772068628830929  0.69561792274481171
  0.70342655544361532  0.71091013585073759  0.71832948319127454  0.72624288956598804
  0.73497706012145081  0.74440973141252642  0.75475051833454243  0.76693343660661650
  0.77995259993548582  0.79289890574005473  0.80632536202279304  0.82037883967618486
  0.83621814284432372  0.85625615397416832  0.89120096299995544  1.00000000000000000
   4.2928815941849045E-003  -1.0000000000000000     
 F F F F F F F F F F F F F F F F F F F F F F F F F F F F F F F F F F F F F F F F F F F F F F F F F F F F F F F F F F F F F F F F F F F F F F F F F F F F F F F F F F F F F F F F F F F F F F F F F F F F F F F F F F F F F F F F F F F F F F F F F F F F F F F F
  <DiscreteSampler_grid>
  grouped_processes
  1 # 1 for a reference and 2 for a running grid.
  10 # Attribute 'min_bin_probing_points' of the grid.
  1 # Attribute 'grid_mode' of the grid. 1=='default',2=='initialization'
  0.0000000000000000 # Attribute 'small_contrib_threshold' of the grid.
  0.5000000000000000 # Attribute 'damping_power' of the grid.
 # binID   n_entries weight   weight_sqr   abs_weight
    13   10   4.716033270336648E+001   7.890452199758821E+003   4.716033270336648E+001
    16   12   1.129849788370688E+002   6.525795678727989E+004   1.129849788370688E+002
    22   12   3.956606450813806E+001   6.575801293890186E+003   3.956606450813806E+001
    31   12   3.302595700755172E+001   5.108077234868147E+003   3.302595700755172E+001
    40   12   3.302595700755172E+001   5.108077234868147E+003   3.302595700755172E+001
    43   12   1.207871701029147E+002   7.559633068245104E+004   1.207871701029147E+002
    49   12   3.956606450813806E+001   6.575801293890188E+003   3.956606450813806E+001
    58   12   3.956606450813806E+001   6.575801293890188E+003   3.956606450813806E+001
    61   12   1.129849788370687E+002   6.525795678727987E+004   1.129849788370687E+002
    67   12   3.302595700755173E+001   5.108077234868152E+003   3.302595700755173E+001
    70   12   1.207871701029147E+002   7.559633068245109E+004   1.207871701029147E+002
    76   12   3.302595700755173E+001   5.108077234868153E+003   3.302595700755173E+001
    85   12   3.302595700755173E+001   5.108077234868149E+003   3.302595700755173E+001
    94   12   3.302595700755173E+001   5.108077234868150E+003   3.302595700755173E+001
    97   12   1.207871701029147E+002   7.559633068245104E+004   1.207871701029147E+002
    103   12   3.956606450813805E+001   6.575801293890187E+003   3.956606450813805E+001
    106   12   1.129849788370688E+002   6.525795678727989E+004   1.129849788370688E+002
    112   12   3.956606450813805E+001   6.575801293890187E+003   3.956606450813805E+001
    121   12   3.302595700755173E+001   5.108077234868151E+003   3.302595700755173E+001
    124   12   1.207871701029147E+002   7.559633068245104E+004   1.207871701029147E+002
    130   12   3.302595700755173E+001   5.108077234868151E+003   3.302595700755173E+001
    139   12   3.956606450813806E+001   6.575801293890186E+003   3.956606450813806E+001
    148   12   3.956606450813806E+001   6.575801293890191E+003   3.956606450813806E+001
    151   12   1.129849788370688E+002   6.525795678727992E+004   1.129849788370688E+002
  </DiscreteSampler_grid>
