  0.00000507534832540  0.00000522342047454  0.00000537900447583  0.00000554563016209
  0.00000566591961904  0.00000577906780292  0.00000588255350644  0.00000601194977407
  0.00000624899895944  0.00000651195770771  0.00000674757323677  0.00000699064872868
  0.00000726129570981  0.00000761872705445  0.00000795803740974  0.00000829476502007
  0.00000864393746777  0.00000900638843058  0.00000938184662445  0.00000977215512125
  0.00001015446016355  0.00001057417948256  0.00001105163612782  0.00001155923191911
  0.00001205455612105  0.00001255250274205  0.00001306547323503  0.00001359707290494
  0.00001413420246667  0.00001464921985710  0.00001520078615570  0.00001575514150909
  0.00001634036734596  0.00001698838434042  0.00001769020886913  0.00001841457202515
  0.00001917912976724  0.00001997881432981  0.00002081019050880  0.00002165408230789
  0.00002251503409712  0.00002341574101845  0.00002434140859071  0.00002532525215159
  0.00002639163413149  0.00002751115949096  0.00002867397193648  0.00002988518894040
  0.00003120393040694  0.00003256500912375  0.00003387564598536  0.00003518133239664
  0.00003648579719386  0.00003783670620260  0.00003926666405743  0.00004083115783251
  0.00004278640260356  0.00004466330631401  0.00004688240925390  0.00004921296841752
  0.00005180517804872  0.00005466385546348  0.00005774012812711  0.00006105121555013
  0.00006475310096478  0.00006883141364341  0.00007320253936435  0.00007782310101131
  0.00008272509892847  0.00008806378492532  0.00009373254170028  0.00010014684419871
  0.00010742810405923  0.00011591755132723  0.00012523829285130  0.00013526188589425
  0.00014652694138558  0.00015952050810496  0.00017499686218737  0.00019369650115307
  0.00021524768475542  0.00024014721443067  0.00027035534012964  0.00031134678814704
  0.00036709680573462  0.00043569274875264  0.00052422381521196  0.00063914433238249
  0.00078517635122206  0.00098009744057584  0.00126944425095862  0.00170854804379356
  0.00244293671297690  0.00396549059141795  0.17320347622760501  1.00000000000000000
  0.00004092653143357  0.00004442576601791  0.00004818988963130  0.00005297389038765
  0.00005833264187373  0.00006406649179411  0.00007007586909282  0.00007660307069549
  0.00008336760439701  0.00009071488206671  0.00009905320164940  0.00010886745448404
  0.00012007067680146  0.00013212851402088  0.00014564697616750  0.00016049234609149
  0.00017519008876047  0.00018979314191079  0.00020473643796343  0.00022093705335269
  0.00023838626668697  0.00025665388059780  0.00027546857958731  0.00029492821350375
  0.00031614956184811  0.00033841785090419  0.00036271819018862  0.00038785829192759
  0.00041477683555043  0.00044324250802715  0.00047296294906551  0.00050364073558821
  0.00053608118125407  0.00056856942882665  0.00060135943751599  0.00063499878448753
  0.00066984615157070  0.00070966745863614  0.00075192776520855  0.00079354010538868
  0.00083517697918182  0.00087742344226854  0.00092225396565074  0.00097147933118471
  0.00102366522129429  0.00107849428964103  0.00113571836580332  0.00118521801244504
  0.00124342537090623  0.00130576434512781  0.00137426547345193  0.00146252708160435
  0.00155041355716399  0.00164595157337028  0.00173921194128069  0.00182527561484758
  0.00191707214815436  0.00201614468922136  0.00212408114570646  0.00224691383113596
  0.00237587236728997  0.00250580171402857  0.00263442636843253  0.00275910099230541
  0.00291306973796608  0.00308392499410812  0.00327136358130653  0.00350105090257805
  0.00374456613522632  0.00402924021431538  0.00436764368476730  0.00470267377028967
  0.00505230321543059  0.00543379367186820  0.00586446830454189  0.00630829671419708
  0.00679788121950133  0.00729723757134376  0.00774088649925712  0.00817493435786644
  0.00863869963533251  0.00927084991660223  0.00988591042300583  0.01135484732391727
  0.01334736278755456  0.01567802269847715  0.01781889996997653  0.01976053235670772
  0.02095906137956619  0.02215498076107017  0.02336608717525359  0.02480399774122560
  0.02713003020775896  0.03099411071988847  0.38396485634199878  1.00000000000000000
  0.00000497439946896  0.00000637519362920  0.00000710411689214  0.00000770393155999
  0.00000830463889841  0.00000885326108482  0.00000938354235005  0.00000992236584026
  0.00001048432754308  0.00001110852314497  0.00001177462297506  0.00001244770036834
  0.00001324436763667  0.00001408168590181  0.00001509277185037  0.00001613922307629
  0.00001715936683832  0.00001818131229448  0.00001922418906953  0.00002033416720461
  0.00002150771495495  0.00002274698749215  0.00002402600870136  0.00002528280641058
  0.00002661776426241  0.00002803879499680  0.00002946280282005  0.00003118031115230
  0.00003277997489688  0.00003459299033026  0.00003663270211856  0.00003851281679583
  0.00004079373975935  0.00004309766118831  0.00004562526636818  0.00004842595198499
  0.00005143810464735  0.00005463622490403  0.00005801187136392  0.00006155271619974
  0.00006509903789608  0.00006876076738384  0.00007274003463926  0.00007716147937671
  0.00008186629914813  0.00008635568398656  0.00009099649231866  0.00009597132280375
  0.00010149300102345  0.00010816561478787  0.00011562943463265  0.00012370255059933
  0.00013278096598302  0.00014296762909522  0.00015437680931695  0.00016743956700118
  0.00018292661597452  0.00019883149171128  0.00021456839628062  0.00023327336303239
  0.00025235628224831  0.00027294947837867  0.00029684464446952  0.00032540976205255
  0.00035917301139301  0.00039776307126575  0.00044223475798300  0.00049390982919150
  0.00055003249939044  0.00061679058715929  0.00069765595305411  0.00078628088271906
  0.00087808865157494  0.00098773757143782  0.00113717664523411  0.00130418546778567
  0.00142945078145237  0.00155345086889323  0.00167570031745565  0.00179956759372101
  0.00199703474996976  0.00223232959638749  0.00251848924026671  0.00283178747527578
  0.00311855374192194  0.00351904314042796  0.00426383356181903  0.00538715098244120
  0.00756212014382742  0.00971783512589926  0.01242744796655803  0.01540968790241499
  0.02035957724768719  0.04370709666559858  0.17619222149042194  1.00000000000000000
 -0.00273438690174572  0.01033163099793119  0.02131029490610486  0.03248246641430737
  0.04339915581553565  0.05458128060128373  0.06538627919858636  0.07625085772451756
  0.08767638940705441  0.09786294434131057  0.10729181319095676  0.11610114813656387
  0.12587411623478079  0.13702293714541403  0.14863007744993026  0.16026723222991079
  0.17155521566108070  0.18273141220269631  0.19346882967777249  0.20419054850284291
  0.21497763301253842  0.22561728508437529  0.23650835093967537  0.24731406394847033
  0.25765807032117638  0.26742304922111104  0.27734332687425761  0.28761836955074571
  0.29818456663564702  0.30846840202939452  0.31882694545422396  0.32994143172581192
  0.34175317950061956  0.35349041934239872  0.36496228551253934  0.37628583965581364
  0.38782502247255274  0.39920084957245100  0.40996985735272523  0.42044620471099686
  0.43136783524100325  0.44330003168871890  0.45552191537780073  0.46717703871224908
  0.47836520974874319  0.48957874802713369  0.50058010490385763  0.51137375255211093
  0.52260761444753800  0.53301394904109389  0.54334568719465792  0.55358189264174629
  0.56324109950229584  0.57353706701429308  0.58379501918473109  0.59483486639968242
  0.60597409788350987  0.61680324743282944  0.62641053622312493  0.63587306791526432
  0.64542509327436837  0.65602681244743766  0.66616619848111236  0.67722057996792462
  0.68749272651546300  0.69753537399502741  0.70691552698393512  0.71663115456214943
  0.72703153999479930  0.73760411459968378  0.74776956098722314  0.75791057541446083
  0.76827762038327441  0.77883635313124933  0.78969377245984773  0.80025843533509455
  0.81124496113872446  0.82249911709326251  0.83364740214624256  0.84444033790044748
  0.85492933912236813  0.86489221548017770  0.87534884880316699  0.88587692595146328
  0.89657349231364691  0.90660194953897266  0.91612485041294167  0.92574789236808952
  0.93525789954009242  0.94406282889157667  0.95316286355002822  0.96214666768712698
  0.97237440405210940  0.98220132144794214  0.99135987728093411  1.00000000000000000
 -0.00256519880199444  0.01042964544364958  0.02116967669290937  0.03234189536621281
  0.04320496407583815  0.05351713679125198  0.06371765191869534  0.07323431356568497
  0.08248535937180522  0.09106227894785339  0.10031263283703293  0.11029294091916525
  0.11953598628677939  0.12856897267701428  0.13782496436660358  0.14809235745307389
  0.15865719697424946  0.16895193051482305  0.17941081094985595  0.19026208628047561
  0.20177149538014597  0.21466982068720436  0.22641298888595035  0.23652244077414322
  0.24651067530778240  0.25599636167893758  0.26660249503077754  0.27709721533923098
  0.28691776601284269  0.29758664573636312  0.30864706393369357  0.31960639775258282
  0.33034289572752157  0.34199878346868873  0.35467820054128962  0.36728411629536800
  0.37924809242498286  0.39026507386929515  0.40086519707003393  0.41143377297665928
  0.42175836312855164  0.43157752471100802  0.44117975150881117  0.45057075251394069
  0.45938405226963058  0.46772552354342889  0.47604337833880517  0.48443875015267346
  0.49354812794993946  0.50331163674570534  0.51331908116185232  0.52329671658954113
  0.53315117129411371  0.54235265107978370  0.55158673800329661  0.56111491388982848
  0.57181612229190781  0.58295713967914364  0.59408928906474567  0.60493021762127375
  0.61531301144910466  0.62527808069179802  0.63514746615626883  0.64567967548783123
  0.65697765483396542  0.66839402498737954  0.68009103928019310  0.69159704366821173
  0.70341573011275416  0.71527498132641620  0.72754941741217838  0.73898825163307380
  0.75047736271845977  0.76175145670926936  0.77342564492043153  0.78378477459428764
  0.79403026394128884  0.80368320196210918  0.81446765011181033  0.82493315580359061
  0.83484373081447427  0.84517581729929181  0.85600685131650611  0.86747324527425473
  0.87828644700354541  0.88883361547705664  0.89931115976370135  0.90933051792257591
  0.91904386353528678  0.92904401037688977  0.94004093113484211  0.95296834389576279
  0.96542995335067894  0.97691423019605383  0.98842674712060674  1.00000000000000000
  0.00346291907190960  0.01264171222958716  0.02175838639532692  0.03063156776698224
  0.03910034120342600  0.04667970155702698  0.05359242830116892  0.05995510214141550
  0.06644487117109926  0.07333408027526883  0.08036506908104635  0.08782400627773057
  0.09611795876895922  0.10483708474832125  0.11347283911062719  0.12229318209378824
  0.13147291416485166  0.14107235404581892  0.15071537162955231  0.16018767914727791
  0.17000717907900134  0.18031911396627964  0.19067608902517014  0.20105323695247709
  0.21127852604509303  0.22188496152729206  0.23301282555218111  0.24482917078528263
  0.25648590064286136  0.26871983417594503  0.28179240301459019  0.29453745661896052
  0.30686604560599007  0.31858965808784118  0.32993512304632089  0.34117256932791573
  0.35263840819773140  0.36434199448471477  0.37608781038611966  0.38774622951029286
  0.39971621080630831  0.41209774326652249  0.42485657716756109  0.43781248639301129
  0.45115789302488990  0.46402651040961568  0.47681474700634102  0.48960594337602553
  0.50314290909530213  0.51635103479166800  0.52907107929111286  0.54163846664436632
  0.55465924033624014  0.56743007838303339  0.58032469065618020  0.59332592432580489
  0.60626532372176378  0.61974798952624743  0.63281976596502587  0.64579685427464650
  0.65901866089463468  0.67289575533908474  0.68736922144018986  0.70302873474630823
  0.71781978810328761  0.73165273867489278  0.74369332970096347  0.75531553410960528
  0.76538356129004659  0.77586613273963334  0.78577536361241174  0.79595517629062429
  0.80527944549883046  0.81473088649767045  0.82409456844060147  0.83414931750686483
  0.84450687319707118  0.85401553638819727  0.86325906681560038  0.87212897365759989
  0.88157743334911587  0.89025463368138014  0.89912156040000879  0.90812097341541553
  0.91709950029081189  0.92623059345057246  0.93517652957716813  0.94356510879110167
  0.95223086228302034  0.96054483942862867  0.96877635158368902  0.97691770206205386
  0.98269211262848244  0.98823681005577146  0.99400789088740205  1.00000000000000000
 -0.00248434737109248  0.01108695664266191  0.02263411998359027  0.03496878404000930
  0.04683725004184245  0.05911059656172146  0.06874268041581703  0.07830903444374808
  0.08779906591447205  0.09726704119901623  0.10847840295771363  0.11912089982675560
  0.12932605524389112  0.13864935263520167  0.14782497102660189  0.15756464979946722
  0.16847027785956281  0.18037321170268505  0.19279440679654430  0.20517819029478579
  0.21749674666955465  0.22936016293207340  0.24032968870601343  0.25160916137361117
  0.26232355642262134  0.27229773436695121  0.28094595981353571  0.28943446527944888
  0.29857303763932463  0.30863713485770866  0.31933122862005747  0.33019494157906970
  0.34049016803758253  0.35048462113554668  0.35983939532925691  0.36906637553865840
  0.37867575242830981  0.38873808576446989  0.39879088643705085  0.40957614283355465
  0.42075031353021519  0.43296665483836982  0.44531176953839013  0.45724041843291841
  0.46879156216532525  0.48067726645813580  0.49292814423275977  0.50489754254221553
  0.51643728221622132  0.52676241361884668  0.53680424379750458  0.54646477258491521
  0.55646684375719291  0.56613008922761709  0.57620598308839022  0.58660937297053084
  0.59625139466869093  0.60542653582922756  0.61445335938844947  0.62396243606231883
  0.63451423560331199  0.64536840461373535  0.65594876206076436  0.66627728066270175
  0.67631756294213308  0.68596846770984521  0.69565788686143737  0.70518114341573801
  0.71551083147137740  0.72589359536660703  0.73633838859743439  0.74714486589054196
  0.75915783337866016  0.77083831112732093  0.78125286728209198  0.79118264432529672
  0.80206770570289043  0.81383594593850550  0.82576220250608334  0.83704967846751932
  0.84740118631867056  0.85690111499653843  0.86597109376115511  0.87500821458225031
  0.88474139362127913  0.89498071936921186  0.90618381595825381  0.91727421059552250
  0.92779016786707313  0.93844714392666084  0.94926545620908320  0.96080865296217577
  0.97150959035223705  0.98141483809382968  0.99085475102504283  1.00000000000000000
 -0.00253040580125314  0.01009626347219953  0.02134249818220445  0.03234351318231556
  0.04357737292205741  0.05472783737802702  0.06565246870504715  0.07662499883366894
  0.08770481953505629  0.09810804809050326  0.10809243663373448  0.11779024304705926
  0.12826257088763185  0.13949324783773864  0.15170138610721373  0.16339072940313523
  0.17466880744388086  0.18556833104413520  0.19619357984219554  0.20680414749729106
  0.21671782479191445  0.22644211168651446  0.23646981453388363  0.24681844119052293
  0.25725848111818500  0.26769245969921823  0.27807133109132692  0.28813309074228455
  0.29756212440731727  0.30698363695150338  0.31698482527308264  0.32743604773912288
  0.33853758339841944  0.35001072985849319  0.36209318811349317  0.37398715409273170
  0.38551735223497718  0.39709833225314234  0.40831011603576234  0.41935070040478795
  0.43005839824140663  0.44049326685723289  0.45109318158983308  0.46157972547055032
  0.47202435242835744  0.48202494025704651  0.49177027210952479  0.50155760608768762
  0.51204575185220491  0.52317261996480624  0.53429085568224111  0.54517794197473080
  0.55581641975580265  0.56725008074157024  0.57907997028128921  0.59122995619489738
  0.60298236757369050  0.61324034857075227  0.62142355915702285  0.62851241157639992
  0.63579881266617522  0.64401127534417046  0.65288044564100578  0.66186393348386530
  0.67094566554306712  0.68078138919838194  0.69113368010338594  0.70193693235902610
  0.71242917615214085  0.72234744356205371  0.73235331247385105  0.74300261465147555
  0.75414083694217682  0.76493676258643217  0.77597801329393090  0.78782080374057883
  0.79998193200690626  0.81234070119770185  0.82480160200556174  0.83628634947822356
  0.84711056864267320  0.85728927986459225  0.86738147441254121  0.87711912158292238
  0.88625501849235777  0.89511017812613791  0.90392513655601758  0.91315704690239641
  0.92325032491911929  0.93367603783356279  0.94454780330746002  0.95566700499080703
  0.96627336712494516  0.97674911806701581  0.98808483635879374  1.00000000000000000
  0.05954051570391058  0.09239393885515934  0.10825708674886098  0.12418177175194628
  0.13650065290056063  0.14822725118301391  0.15634788744316741  0.16574888992143949
  0.17674164432479944  0.18964768839761492  0.20261953208739594  0.21407985216547687
  0.22483121984613044  0.23653292712950161  0.24766682363644310  0.25847649653732019
  0.26900682352750965  0.27786601683449264  0.28615606760577561  0.29432076780487670
  0.30298312517350368  0.31202708160799764  0.32085647224807123  0.32893449181940387
  0.33694927994244717  0.34578677809269742  0.35408651782400208  0.36224588922389689
  0.37091219155748406  0.38001369001438934  0.38908853478081162  0.39765300152183625
  0.40659238539269238  0.41567556691712082  0.42501331426328570  0.43459877143430070
  0.44419990224484490  0.45402847076781649  0.46346853591379050  0.47269235556856487
  0.48185149081911527  0.49086092233449263  0.49962019837152444  0.50772177061703816
  0.51588606824005268  0.52434379744389670  0.53303039338677971  0.54173202971577761
  0.55016846940575892  0.55847400377134881  0.56698545920107735  0.57590624221984910
  0.58509924849869022  0.59450299706066201  0.60421022581162076  0.61433814813683130
  0.62473882460914365  0.63491585705571074  0.64456790363669569  0.65385422000641646
  0.66314515178149380  0.67225217648817348  0.68102503938506620  0.68968855860311717
  0.69811191540151274  0.70648772189364251  0.71453915486771202  0.72279792848387325
  0.73170894613016380  0.74112987694206922  0.75025987970612706  0.75851448268801624
  0.76575603465406661  0.77293249964946276  0.78055607128936089  0.78867723852235361
  0.79728182539447190  0.80599593393648195  0.81477637706010642  0.82380306074468068
  0.83285755555229446  0.84152931093573524  0.85014304898586102  0.85953210492914456
  0.86900963884065241  0.87841183933466138  0.88756854820208253  0.89670302199294516
  0.90693942778837933  0.91749867377358107  0.92884549832450469  0.94059235779198114
  0.95397250482189233  0.96821939265381574  0.98408396120532571  1.00000000000000000
 -0.01828648761185755  0.12219938371005032  0.17221269414683527  0.20331042548032552
  0.22790755918577471  0.24799956514818941  0.26647233122860942  0.28360935915120211
  0.29971770316728930  0.31551760320381639  0.33056198425036049  0.34361551064699541
  0.35537570994268608  0.36583514545004270  0.37662118984872095  0.38675246450954220
  0.39670274073541439  0.40569328406399541  0.41453665769320691  0.42356229113893878
  0.43273482206602332  0.44167140446622599  0.45045078629318214  0.45952411776586194
  0.46851473289297074  0.47697443452795374  0.48503598106308266  0.49281735844016256
  0.50108744356397095  0.50877170489797829  0.51633052485748676  0.52353460742036728
  0.53058109995553060  0.53784034968954386  0.54496884653495936  0.55190384205956600
  0.55859863023025635  0.56494336290276526  0.57092153243837185  0.57658445766815891
  0.58206693065331461  0.58766451531344333  0.59353859409832876  0.59981611827120562
  0.60635759078356222  0.61313328219636509  0.61993296998197311  0.62662676605510059
  0.63305821646715388  0.63903364293422749  0.64464249495067483  0.65002379197944693
  0.65530788215105573  0.66092843586789274  0.66665984891154140  0.67135963219646233
  0.67562237135852177  0.67968043101055642  0.68383120055481794  0.68815626362869498
  0.69315198771987929  0.69861349097340242  0.70393647095958789  0.70907305901203932
  0.71431771366720831  0.71958591901996549  0.72482424547219804  0.73030285707691800
  0.73612868907485318  0.74222359923107273  0.74822553803129155  0.75400000607833240
  0.75970581642555213  0.76549807014968341  0.77104885479783325  0.77642026440796830
  0.78165778409686482  0.78714348268903678  0.79312584839016920  0.79929615232570994
  0.80544029745375978  0.81154897946602778  0.81766354548199416  0.82428232845247262
  0.83123913279762551  0.83815548221856573  0.84507684410386408  0.85223559279915451
  0.85990423599096710  0.86842804757523229  0.87753250283434503  0.88794841884635556
  0.90005816425615104  0.91735858320518837  0.94272997711744089  1.00000000000000000
   1.2101954876545315E-004  -1.0000000000000000     
 F F F F F F F F F F F F F F F F F F F F F F F F F F F F F F F F F F F F F F F F F F F F F F F F F F F F F F F F F F F F F F F F F F F F F F F F F F F F F F F F F F F F F F F F F F F F F F F F F F F F F F F F F F F F F F F F F F F F F F F F F F F F F F F F
  <DiscreteSampler_grid>
  grouped_processes
  1 # 1 for a reference and 2 for a running grid.
  10 # Attribute 'min_bin_probing_points' of the grid.
  1 # Attribute 'grid_mode' of the grid. 1=='default',2=='initialization'
  0.0000000000000000 # Attribute 'small_contrib_threshold' of the grid.
  0.5000000000000000 # Attribute 'damping_power' of the grid.
 # binID   n_entries weight   weight_sqr   abs_weight
    31   10   5.149645254906670E+002   1.584581057390360E+006   5.149645254906670E+002
    32   10   5.149645254906675E+002   1.584581057390363E+006   5.149645254906675E+002
    40   10   2.419273897849199E+002   3.472894616220476E+005   2.419273897849199E+002
    41   10   2.419273897849199E+002   3.472894616220481E+005   2.419273897849199E+002
  </DiscreteSampler_grid>
