 -0.00248348081811447  0.00947243718940089  0.01962503381192017  0.03014907123214162
  0.04070388527660936  0.05125546384075028  0.06180253041016324  0.07233852842077344
  0.08287534251607320  0.09341468219310353  0.10396255112363874  0.11450072785071114
  0.12503613359385557  0.13556894897558266  0.14610029723238641  0.15663113149851191
  0.16716501410478987  0.17771174685564159  0.18825292461859650  0.19879485547036940
  0.20933554864323400  0.21988814799093712  0.23043198118306465  0.24097171730246375
  0.25150847595711218  0.26205355170800310  0.27260341995879395  0.28314836977336538
  0.29368372530771525  0.30421470831678737  0.31475214264446477  0.32530121862457728
  0.33585236832586002  0.34640384263150531  0.35694167844602426  0.36747930557298519
  0.37801493850952222  0.38856399720076490  0.39911321373456721  0.40965884505420169
  0.42020411779414496  0.43073920210967348  0.44127367077120255  0.45180779097512008
  0.46234684482140587  0.47287853139773584  0.48340156269452839  0.49392542943092477
  0.50446235232637371  0.51500577132846104  0.52555027396860088  0.53609531406907762
  0.54664344317862912  0.55719772276643853  0.56774130181187565  0.57828176162521405
  0.58881985288292071  0.59936377964642029  0.60991188547519271  0.62045671397062041
  0.63100067478689492  0.64154250937980251  0.65208542192491004  0.66262993776556578
  0.67317337754401962  0.68372048686406772  0.69426830608477164  0.70479690668082406
  0.71532496027124537  0.72585645410293476  0.73640674458368616  0.74695407329161689
  0.75748833287021389  0.76802265641187428  0.77856038373314229  0.78910945954036071
  0.79965773862562173  0.81020236904325393  0.82074856567109100  0.83129827685282487
  0.84184687619011656  0.85239673760679480  0.86293498910756838  0.87347293270828630
  0.88401023631952513  0.89455401536530132  0.90510231518360762  0.91564065128083305
  0.92618495577481208  0.93672441617130320  0.94727423448866166  0.95781812944453681
  0.96836679917022372  0.97890800220838203  0.98945507763104612  1.00000000000000000
 -0.00243564766623574  0.00955348319125750  0.01972885566376301  0.03025446807360077
  0.04080325484472594  0.05134836864396223  0.06189153599357167  0.07242972950525929
  0.08296832420742968  0.09350892371151244  0.10405482926925652  0.11459964595954482
  0.12514624186352527  0.13569448976078483  0.14623590377501419  0.15677914023916145
  0.16731720696314795  0.17786497774435645  0.18841278586226862  0.19896422962308716
  0.20950909782381980  0.22004729808916915  0.23058386187270469  0.24111629070779708
  0.25165094888235706  0.26218810566708883  0.27273563515797616  0.28328838639737969
  0.29383516904651430  0.30438320067002489  0.31492580478759580  0.32546865376005285
  0.33600138060684037  0.34653300739050880  0.35706593647308904  0.36759832381828728
  0.37813426994693627  0.38867488568273717  0.39922356471698961  0.40976801121910422
  0.42030726824934150  0.43084341658180952  0.44138083884076756  0.45191795991160894
  0.46245243020871635  0.47299006834444624  0.48352431015306985  0.49406614702425700
  0.50460801325488480  0.51515682979932875  0.52570376670664132  0.53625247876352511
  0.54679928078566375  0.55734452455419592  0.56788796769407202  0.57843060160707405
  0.58897021865954269  0.59950012021493748  0.61003208303209933  0.62056899860856785
  0.63111168609914292  0.64165176862717765  0.65218842267156629  0.66273125080711359
  0.67327293278319300  0.68381305938868919  0.69435358132064251  0.70489944860558107
  0.71545127955381749  0.72599713654838705  0.73654121937275485  0.74707988838690953
  0.75762400138403951  0.76816837471815835  0.77871838634347368  0.78926619597758096
  0.79980927072962837  0.81034865010136337  0.82088783943558730  0.83143442483648244
  0.84197581974715141  0.85251488013043020  0.86304556935027810  0.87358731591553029
  0.88412484922430412  0.89467112325557374  0.90521194849322884  0.91575880774792640
  0.92629873590993295  0.93684071934745339  0.94737433344483990  0.95791269393131817
  0.96843835205124562  0.97897078170205609  0.98948957830235185  1.00000000000000000
   2.5519495816779380E-008  -1.0000000000000000     
 F F F F F F F F
  <DiscreteSampler_grid>
  grouped_processes
  1 # 1 for a reference and 2 for a running grid.
  10 # Attribute 'min_bin_probing_points' of the grid.
  1 # Attribute 'grid_mode' of the grid. 1=='default',2=='initialization'
  0.0000000000000000 # Attribute 'small_contrib_threshold' of the grid.
  0.5000000000000000 # Attribute 'damping_power' of the grid.
 # binID   n_entries weight   weight_sqr   abs_weight
    10   10   1.322623097372511E+010   1.749331857703255E+020   1.322623097372511E+010
  </DiscreteSampler_grid>
