  0.00000466816876803  0.00000481703759982  0.00000496590643160  0.00000514939251411
  0.00000533000376585  0.00000545704289991  0.00000560026881051  0.00000579188660317
  0.00000599406935517  0.00000617228803899  0.00000632096547396  0.00000648516260772
  0.00000665259503669  0.00000683048770824  0.00000700610782462  0.00000714500018957
  0.00000727976358605  0.00000740880616888  0.00000753566194254  0.00000765125550339
  0.00000776412272586  0.00000788556002441  0.00000799311656487  0.00000811663149433
  0.00000825210628781  0.00000841117727951  0.00000857640188005  0.00000873612854337
  0.00000888523774686  0.00000900600066921  0.00000912410484677  0.00000924816286247
  0.00000940850707045  0.00000960720154823  0.00000982045925396  0.00001011274767426
  0.00001036206474902  0.00001060783222233  0.00001085250349231  0.00001108847590294
  0.00001135735864260  0.00001164272545446  0.00001196814235001  0.00001238909517543
  0.00001280008668418  0.00001325434876847  0.00001366256595219  0.00001407982211361
  0.00001452815833254  0.00001500445542435  0.00001548353360431  0.00001591319703770
  0.00001626056573873  0.00001664263653732  0.00001721135348069  0.00001784071668257
  0.00001851275884018  0.00001923651298225  0.00002000990921899  0.00002084505417973
  0.00002164150993964  0.00002246529100392  0.00002332920746818  0.00002425519158047
  0.00002530774895869  0.00002654003448153  0.00002781293910600  0.00002906842564595
  0.00003026114959297  0.00003139617256999  0.00003259274004272  0.00003395101533603
  0.00003553117383559  0.00003785681728103  0.00004078068596458  0.00004424952697959
  0.00004819008858366  0.00005207181759524  0.00005547338975200  0.00005910522765803
  0.00006328682807072  0.00006812649134984  0.00007346132258208  0.00007818820903715
  0.00008461622307777  0.00009245705183306  0.00010396225529931  0.00012372394370665
  0.00015155919143053  0.00019283352034809  0.00026616203958369  0.00039637395873778
  0.00057693480191748  0.00116470595874305  0.22762165977747090  1.00000000000000000
  0.00002868444214480  0.00002898623055482  0.00002923580016489  0.00002934022937667
  0.00002947230252897  0.00002984289422992  0.00003021033502899  0.00003055920682010
  0.00003094294528062  0.00003150593747128  0.00003212520553081  0.00003272332632250
  0.00003335987750724  0.00003404380980893  0.00003472790533444  0.00003538731858626
  0.00003600510489606  0.00003660721466956  0.00003726245803164  0.00003793044018681
  0.00003855753179466  0.00003908304763838  0.00003956328724672  0.00004008175862222
  0.00004063076900076  0.00004124447245080  0.00004194917319108  0.00004285183226176
  0.00004378222095572  0.00004464810360056  0.00004548721956333  0.00004633906502951
  0.00004717223556229  0.00004797344310020  0.00004874335271804  0.00004953172491073
  0.00005048504423489  0.00005139126129220  0.00005250719313637  0.00005382508594897
  0.00005524513721995  0.00005658918572973  0.00005800467706746  0.00005950649530845
  0.00006100114598745  0.00006256761372279  0.00006420793241195  0.00006580681871593
  0.00006756493164942  0.00006957012598130  0.00007147299554141  0.00007342351522779
  0.00007555643254754  0.00007798841498464  0.00008082924271164  0.00008350296441077
  0.00008633211872939  0.00008924645740712  0.00009241995742282  0.00009587813827348
  0.00009978008076457  0.00010442702554838  0.00010917132112646  0.00011407061485131
  0.00011896910923475  0.00012446686386280  0.00013014878129129  0.00013677123334384
  0.00014376404033974  0.00015180430014315  0.00015949347420191  0.00016659743596983
  0.00017446391232546  0.00018219459459605  0.00019047134947460  0.00020127213872791
  0.00021224546717782  0.00022731155994995  0.00025055470740243  0.00027962829762275
  0.00031621441265586  0.00035065817035790  0.00038525309348777  0.00042204120003636
  0.00046254754168399  0.00051119707689442  0.00061322703170608  0.00074053228379025
  0.00093675839344510  0.00127898947426635  0.00178717616153128  0.00254519518620747
  0.00433715018268548  0.01322420131766122  0.60061077545719088  1.00000000000000000
 -0.00000245535139085  0.00011231981403083  0.00050312307561510  0.00116187403444405
  0.00232936870275468  0.00387248255135507  0.00609001906349009  0.00856962122539445
  0.01130746366178712  0.01437268391870246  0.01730030180769202  0.02036356299029459
  0.02417217681802229  0.02861784404002681  0.03377947032448603  0.03896117977844773
  0.04463104190629709  0.04977620233348806  0.05540420267233546  0.06056397572955539
  0.06511865060727447  0.07003382024937982  0.07559173821393637  0.08312632250477400
  0.09083847649032475  0.09724527415767081  0.10258884020174353  0.10701029783100391
  0.11143967487212846  0.11595780821391061  0.12104576811034727  0.12696871081979030
  0.13306228546930163  0.14019838279864763  0.14687156790006986  0.15320916873807144
  0.16189525856418752  0.17480952354499135  0.18797316128707373  0.20178848309313793
  0.21477856206338194  0.22730514959880957  0.23867331703550179  0.24958991796746571
  0.26064533313868921  0.27218135377517955  0.28268537034980973  0.29473337249760972
  0.30754599159242368  0.32324426595135064  0.34004969467694518  0.35661892765998215
  0.37199347416034978  0.38826797004724267  0.40543947422157040  0.42358226832224949
  0.44017971239657500  0.45192145842418718  0.46309077521288294  0.47299109212621343
  0.48358769039538774  0.49617556224066772  0.50868119225324004  0.52100149845997701
  0.53430050485246150  0.54867050176992871  0.56308139411981917  0.58217820068149495
  0.60576575805691624  0.63100992959415358  0.65232665656725730  0.67260508908117622
  0.69270692958373759  0.71376058008402510  0.73340246363131378  0.75096249832906914
  0.76639734178322472  0.77658524550006081  0.78652962016346728  0.79669375694371003
  0.80877408672549644  0.82119837208225233  0.83326885485439850  0.84547929864037652
  0.85835296554645002  0.87154060796302968  0.88411691879560983  0.89683346152133769
  0.90948825698001090  0.92191570282858215  0.93507449373381790  0.94796499046967575
  0.96098798005089436  0.97416111542682171  0.98691616500940527  1.00000000000000000
 -0.00603879429064762  0.02135392520387605  0.03828667164511601  0.05213628117357722
  0.06511953469785291  0.07788587363722858  0.09268960049291758  0.10736046114408812
  0.12050562416621083  0.13323704599770603  0.14623252555866556  0.15812163106471963
  0.16874796705975137  0.17880772119366933  0.18834117847966439  0.19796435427846035
  0.20790465021805518  0.21744116735149729  0.22750058758654854  0.23767242639720954
  0.24708288919703617  0.25602467590427830  0.26534568174293655  0.27464673043617305
  0.28408932564697703  0.29371150447452432  0.30303214077715251  0.31135057475966421
  0.31838850207376562  0.32478877475351287  0.33127875819199976  0.33970033087367096
  0.35152300744678000  0.36474911730473014  0.37828004512117158  0.39107869702447878
  0.40264773405468857  0.41501562452775043  0.42737576157914514  0.43822295958851931
  0.44789600291254561  0.45798957391536427  0.47085058511696704  0.48234682764561110
  0.49205459617790281  0.50085953204663369  0.50977120365140727  0.51912421378968154
  0.52728781790269619  0.53400247837330628  0.53971176676660382  0.54507802262764526
  0.55112041807333123  0.55787890171165433  0.56497513237731689  0.57257716131967851
  0.58017986041057257  0.58754941660641413  0.59593434367606923  0.60445399301248748
  0.61272667407354919  0.62174714390623476  0.63041190602300246  0.63912416359690705
  0.65002654506423818  0.66012053131789106  0.67138004961076225  0.68565589641165192
  0.69963151826732917  0.71263869078504227  0.72473829320345284  0.73564807026938761
  0.74560972316248841  0.75635286802151980  0.76671642577962162  0.78188989387730301
  0.79289859403242580  0.80210556000490385  0.81076597580437260  0.81934823631481180
  0.83042869061234348  0.84247673226189956  0.85344104394853448  0.86416473091149815
  0.87580658954404500  0.88676380222216578  0.89864796189420004  0.91032813347160590
  0.92144908724675001  0.92965345585760017  0.93726170680188980  0.94484612305375704
  0.95320707418310202  0.96388892471055099  0.97627569771406131  1.00000000000000000
 -0.00325507637901443  0.01357315261130844  0.02266295373265248  0.02825259960441815
  0.03405250560593889  0.04001743818853677  0.04612768178565547  0.05195426197593735
  0.05792101471977629  0.06389915403493732  0.07013096595331975  0.07617084283355918
  0.08313045018475698  0.09418853647154288  0.10990712339612339  0.12525578921569325
  0.13842328149211516  0.15208661170273882  0.16439173718580083  0.17348122025076862
  0.18162631430635315  0.19088519526035336  0.20200970814360678  0.21401074265811379
  0.22647152854914479  0.23924312028639561  0.25141583468273054  0.26087339870373571
  0.26911677586150040  0.27707175371374670  0.28602177894315078  0.29560004951862368
  0.30570606862526556  0.31747201306139183  0.33007164524083726  0.33977108460375283
  0.34821735239381180  0.35633966523123661  0.36578666097887713  0.37436416873544842
  0.38315224803138637  0.39118700146879792  0.39919893468205681  0.41017344939846234
  0.42103245186000504  0.43453361010294134  0.45101616473455125  0.46865767510308387
  0.48788202279240384  0.50524997061530119  0.52059812631078173  0.53568631363674235
  0.55018336296437786  0.56703016361824976  0.58291600349374140  0.59408703024931042
  0.60433935247402570  0.61657621941232665  0.62780785419009011  0.63952576317034937
  0.65359134685874798  0.67067512389289607  0.68507878351325180  0.70125155148230345
  0.71343170237475817  0.72374315249284804  0.73304455054052675  0.74225124009350973
  0.75225133849432291  0.76257191872525376  0.77335278555479103  0.78390739371512608
  0.79390215549201226  0.80328011281918088  0.81216496705647667  0.82143656776524354
  0.83059362371141798  0.83943774398515481  0.84856225081813130  0.85829379738354916
  0.86900585330866187  0.87756676434625847  0.88557741702403625  0.89371755047011114
  0.90230773951473642  0.91192462670811014  0.91971398757352130  0.92715153196028122
  0.93630924655438663  0.94743753285475873  0.95841892592763112  0.96934959585503622
  0.97823314505456760  0.98600825466544018  0.99320498883289055  1.00000000000000000
 -0.00169786592931241  0.00641206566554137  0.01582909188677704  0.02444464409907679
  0.03362803467433485  0.04413194042720717  0.05550244715403570  0.06642001248199662
  0.07683888668335204  0.08746814866164235  0.10116813861829196  0.11329663924103756
  0.12458674833998504  0.13175498730182272  0.13977412769050207  0.14773642385080904
  0.15633053432065402  0.16572116638449438  0.17292035879431927  0.18047051149821411
  0.18720880361707778  0.19492211697667525  0.20267663516021325  0.20994378369396610
  0.21787444947456489  0.22623737272167985  0.23509297742002122  0.24549280100533935
  0.25484877233613701  0.26635949508622730  0.28115768432156191  0.29823742853494800
  0.31481561813523351  0.32519692265973932  0.33463001683457694  0.34347079906976025
  0.35213646289698464  0.36226381344241687  0.37191115598174596  0.38284312439632689
  0.39644140678144879  0.40937909676863976  0.42366436769658072  0.43988038777884353
  0.45115180954370632  0.46307684858807807  0.47502407112041151  0.48227592938430131
  0.48889338729201792  0.49880215623458568  0.50864135693560553  0.51729963531212986
  0.52499488515249748  0.53291928939728195  0.54184732648475631  0.55294729924433783
  0.56443182490848309  0.57407015086282309  0.58410006801853387  0.59392821281144126
  0.60577834492431681  0.61831712896974400  0.62867982733149674  0.63838161675060900
  0.64790821358464079  0.65804022651597183  0.67004808751187384  0.68325994826793246
  0.69760809457316697  0.71240180974809164  0.72699848346543661  0.74016388381495435
  0.75020618842641851  0.75955725467400415  0.76825808954967167  0.77682675852700045
  0.78718575923928913  0.79980142704271084  0.81232150290315996  0.82421638823151966
  0.83521635066570277  0.84533282426817302  0.85562341609315951  0.86810301091380926
  0.87997754362079428  0.89365107572887714  0.90418909963043204  0.91493529330195456
  0.92444988864960731  0.93543465636070544  0.94625592491704535  0.95786505863829363
  0.96818911519960726  0.97826491431160734  0.98860282418070655  1.00000000000000000
 -0.00492935118528549  0.02755970354581532  0.04557521802308145  0.05813210344410830
  0.06915524599821757  0.07941518609554052  0.08589726602913619  0.09162918970461072
  0.09786061497080167  0.10390175692734223  0.10956953931940965  0.11522977593502884
  0.12082610212510660  0.12618078200210633  0.13324399267946327  0.14054472481263841
  0.14981997273722145  0.16242726111225034  0.17414076661489761  0.18631545675342959
  0.19920894016104640  0.21411844743976080  0.23051612576525546  0.24574686595070108
  0.26134241861691138  0.27523022904873401  0.28497757709727867  0.29398744355062773
  0.30472458447476558  0.31678755276007925  0.32850565924665176  0.34029292667311845
  0.35080337213387636  0.35837328560722076  0.36501862083502234  0.37449155309323812
  0.38711183754847683  0.39760939632484626  0.40688389478181347  0.41678895331855242
  0.43025553388137966  0.44746876987263096  0.46363683376938042  0.47976232134890640
  0.49327510348953385  0.50590505075943892  0.52019669536191948  0.53694466041106348
  0.55299809038404135  0.56761880032024037  0.57951494705444839  0.59085984161466154
  0.60280028670635000  0.61769410906973543  0.63270347596546506  0.64597594373129164
  0.65807450465452388  0.67027157850635877  0.68246369694437625  0.69398166005292672
  0.70394584162993890  0.71359953929759812  0.72351551756063337  0.73428081049376792
  0.74557986593547076  0.75613840834143498  0.76672625057355914  0.77695790591151592
  0.78777887239981470  0.79989879502052563  0.81032154075852658  0.81863770203052211
  0.82588513321972978  0.83270255058242160  0.83817995824584923  0.84294163876540174
  0.84847160662856813  0.85602774840696327  0.86359801768628364  0.87049896658251580
  0.87784979119941442  0.88591221735894166  0.89029444298992833  0.89394796826556633
  0.89970374857032498  0.90579801981109054  0.91306538577230156  0.91989166850835569
  0.93071450949117984  0.94422217724733060  0.95623304682647281  0.96509641427829063
  0.97331041187411282  0.98186940447716553  0.99035427945266963  1.00000000000000000
 -0.00301981766451438  0.01019361191767650  0.02314466214284684  0.03619893285470377
  0.04825336015460879  0.06021171146523068  0.07053985277972309  0.07862618899004006
  0.08604106276781831  0.09391837819937135  0.10160778117304545  0.11253390967264536
  0.12566055506725912  0.14031131296993654  0.15384419845342812  0.16478693981501610
  0.17564935705866108  0.18567648655380531  0.19558162804334833  0.20671543619567034
  0.21930289778073919  0.23149169354664489  0.24014504330144312  0.24795753912147017
  0.25565613454329300  0.26480732559307923  0.27295538637863032  0.28060125519394513
  0.28788131132460326  0.29985023008591299  0.31497912809205320  0.32908953842455274
  0.34264502161304455  0.35537852725630231  0.36736401584994771  0.38079786346642691
  0.39569050894055158  0.41023993794901825  0.42364586626581546  0.43657866634561160
  0.45219719163588251  0.46531316612444379  0.47655073861095609  0.48762032394895910
  0.49876141284665271  0.50937287147086385  0.51838710882860484  0.52701239464491900
  0.53835669470598113  0.55133245447077639  0.56405633433587499  0.57631446754380300
  0.58866564370233632  0.60212444686894417  0.61647028835762308  0.63172977842750921
  0.64256026364028829  0.65117601242081280  0.65981847894389656  0.66784787806698298
  0.67660046187973100  0.68729930150534269  0.69883771546924567  0.71021095817887658
  0.71834553784404120  0.72778854052007347  0.73722887826474603  0.74618452934719826
  0.75404970497869495  0.76171640347501701  0.76900940637735793  0.77904905032947980
  0.78925597527496227  0.80333204497906130  0.81855403470179555  0.83355249845777790
  0.84644790234638179  0.85700509240440859  0.86333697228827944  0.87054506175816371
  0.87726767826429264  0.88211481579561635  0.88652335294393381  0.89109823954590628
  0.89681456069237520  0.90282945947634463  0.90827728101010963  0.91386018992726759
  0.92134128760779233  0.92988085996095249  0.94110402418992245  0.95514905386562154
  0.96826533819012617  0.97938202188845358  0.99004907720749225  1.00000000000000000
  0.08377721574165535  0.10581503861416260  0.11807452232634516  0.12941189175608825
  0.14311593599350422  0.15986354381974857  0.17805411823107992  0.19811634055308638
  0.22480639505820685  0.24774846500451833  0.27179000380558221  0.29400403122861524
  0.31427280219088904  0.33482298208844458  0.34716614954503588  0.35683297035863837
  0.36585842084337666  0.37519489148435181  0.38494547889658909  0.39499275563639857
  0.40644303167000112  0.41749322990301424  0.42809443353743593  0.43898290748127566
  0.44908257580357669  0.45902799863611515  0.47003280553874072  0.48301352800270436
  0.49724221191224555  0.51315559527303467  0.52952508398657006  0.54565000348262238
  0.56039271049466977  0.57031676578507440  0.57890870397033434  0.58780610930055144
  0.59801137470816745  0.60774957048724654  0.61659453154055688  0.62367830820738146
  0.63255236336042542  0.64213286834050121  0.65112366529130006  0.65910973225528402
  0.66625349400904055  0.67076882859919673  0.67480205728146980  0.67976347222755440
  0.68452606202339017  0.68903499830760961  0.69346868170650466  0.69846036511411569
  0.70417549929582257  0.70991595077801295  0.71556144750331674  0.72058568214316843
  0.72559316906736104  0.73190856608418442  0.74136178956816945  0.75096156185214935
  0.75933073149984287  0.76798305263702560  0.77604548777724092  0.78361637338586398
  0.79122571816798593  0.80049338404148129  0.81041645576454013  0.82003964223808523
  0.82921924281300785  0.83852512108307820  0.84766244272294089  0.85652478785556163
  0.86529361283108175  0.87411154312683315  0.88083826480055893  0.88696769244587814
  0.89292857206336085  0.89891542775548394  0.90481168614048080  0.91146620199210138
  0.91825507859658406  0.92505265937058723  0.93164038570917962  0.93756791560601282
  0.94297115236977125  0.94805618828112792  0.95300636680472561  0.95770817075332926
  0.96235205764353304  0.96664280550884829  0.97069754466813318  0.97538170305261351
  0.98033238896637032  0.98504819460753568  0.99188186211250262  1.00000000000000000
 -0.02067474983185572  0.13678885843122149  0.18882622213081721  0.22411616821670005
  0.24601423542870529  0.26185975223275981  0.27651951254917551  0.29033859313530369
  0.30454343226497160  0.32017947838282834  0.33609913219992910  0.35096691684412451
  0.36441262171707400  0.37698583854814194  0.38928961903268466  0.40127900371011377
  0.41226942099700353  0.42304503639449192  0.43345268913875634  0.44445957751331877
  0.45361493068614533  0.46320632208734736  0.47342741334152977  0.48387914476647259
  0.49316229933385153  0.50003286743516895  0.50662264572875249  0.51318967427158813
  0.51883496041185695  0.52352297215446353  0.52831276513943848  0.53346020095706947
  0.53841929317066772  0.54366774898026704  0.54927950714572105  0.55471244052733704
  0.56006143093259042  0.56520212359060495  0.57050795374410879  0.57618576711967739
  0.58174192471628638  0.58712601020821842  0.59271863931353452  0.59889894485730610
  0.60556879810478670  0.61269369693122089  0.62207494909540384  0.63129908374113641
  0.64006288684198887  0.64740390400870962  0.65230815047559065  0.65703148078918960
  0.66199221737715608  0.66807741470478510  0.67263804042833064  0.67607226675046384
  0.67895191317068881  0.68200638971122918  0.68537937896742951  0.68889316592536243
  0.69295233330358585  0.69666598134841318  0.70107892529018212  0.70501330116405725
  0.70878084148730458  0.71420473531520690  0.72010200928007928  0.72622665664131669
  0.73239812965956219  0.73837371724560519  0.74425563308551035  0.75038073696688135
  0.75564298073756786  0.76116779739084861  0.76671377633361715  0.77266947086989124
  0.77784709721364664  0.78304692390937158  0.78830209367247472  0.79307179987019549
  0.79834480349784476  0.80455516855825193  0.81087288330157481  0.81688733670117719
  0.82332140970105927  0.83039489506346498  0.83647559325663157  0.84232096244466859
  0.84793055311189880  0.85351852118336347  0.86546191814987561  0.88177713843115768
  0.89844568577490069  0.91583699572047894  0.93785161268317951  1.00000000000000000
   2.2955464709415561E-005  -1.0000000000000000     
 F F F F F F F F F F F F F F F F F F F F F F F F F F F F F F F F F F F F F F F F F F F F F F F F F F F F F F F F F F F F F F F F F F F F F F F F F F F F F F F F F F F F F F F F F F F F F F F F F F F F F F F F F F F F F F F F F F F F F F F F F F F F F F F F
  <DiscreteSampler_grid>
  grouped_processes
  1 # 1 for a reference and 2 for a running grid.
  10 # Attribute 'min_bin_probing_points' of the grid.
  1 # Attribute 'grid_mode' of the grid. 1=='default',2=='initialization'
  0.0000000000000000 # Attribute 'small_contrib_threshold' of the grid.
  0.5000000000000000 # Attribute 'damping_power' of the grid.
 # binID   n_entries weight   weight_sqr   abs_weight
    10   10   2.166698040679615E+001   2.930727017817876E+003   2.166698040679615E+001
    11   10   2.166698040679615E+001   2.930727017817876E+003   2.166698040679615E+001
    16   10   2.166698040679615E+001   2.930727017817876E+003   2.166698040679615E+001
    17   10   2.166698040679615E+001   2.930727017817876E+003   2.166698040679615E+001
    22   10   2.166698040679615E+001   2.930727017817874E+003   2.166698040679615E+001
    23   10   2.166698040679615E+001   2.930727017817874E+003   2.166698040679615E+001
    28   10   2.166698040679614E+001   2.930727017817873E+003   2.166698040679614E+001
    29   10   2.166698040679614E+001   2.930727017817873E+003   2.166698040679614E+001
    34   10   2.166698040679615E+001   2.930727017817876E+003   2.166698040679615E+001
    35   10   2.166698040679615E+001   2.930727017817876E+003   2.166698040679615E+001
    40   10   2.166698040679614E+001   2.930727017817873E+003   2.166698040679614E+001
    41   10   2.166698040679614E+001   2.930727017817873E+003   2.166698040679614E+001
    46   10   2.166698040679615E+001   2.930727017817876E+003   2.166698040679615E+001
    47   10   2.166698040679615E+001   2.930727017817876E+003   2.166698040679615E+001
    52   10   2.166698040679615E+001   2.930727017817876E+003   2.166698040679615E+001
    53   10   2.166698040679615E+001   2.930727017817876E+003   2.166698040679615E+001
    58   10   2.166698040679615E+001   2.930727017817876E+003   2.166698040679615E+001
    59   10   2.166698040679615E+001   2.930727017817876E+003   2.166698040679615E+001
  </DiscreteSampler_grid>
