 -0.00247363342583344  0.00948156342545701  0.01963871428483383  0.03016285762023127
  0.04071707055249453  0.05126816315192177  0.06181873315292388  0.07236919717996684
  0.08291890693859022  0.09345849612882776  0.10399385188803223  0.11453033652784964
  0.12507596073888516  0.13562680147200959  0.14616834488769231  0.15670686225223540
  0.16723571912509638  0.17776823989675225  0.18830068271691930  0.19882926656777269
  0.20935868685444062  0.21989234873926639  0.23043721448341456  0.24098773750129621
  0.25152942216560453  0.26207164041260039  0.27260727830483672  0.28315365322625929
  0.29370212709508198  0.30424686042920079  0.31479268514391578  0.32532704873863599
  0.33587179252567051  0.34640759967494528  0.35695205220182297  0.36749215954911735
  0.37803629901536162  0.38858194868202545  0.39913217279969920  0.40968097243460044
  0.42023013565433209  0.43077656072580883  0.44132783729753544  0.45187415165105244
  0.46242070977149097  0.47296003833003442  0.48350073482693928  0.49404215316901084
  0.50458903691569312  0.51513639424796964  0.52568217325699296  0.53622843273017495
  0.54677740582502399  0.55731342680911322  0.56785154307341190  0.57838695598455458
  0.58892897352469842  0.59946567764953107  0.61000018046999427  0.62054247918067129
  0.63108371055441015  0.64163088138091051  0.65217336884618327  0.66271438690104345
  0.67325544399348247  0.68379060637826694  0.69433277604856003  0.70486678262214264
  0.71541082814920376  0.72595606260696754  0.73650393882760512  0.74704554112217936
  0.75758730034571287  0.76812473898314437  0.77867005985093751  0.78921361694538106
  0.79975818363764761  0.81030286478602509  0.82084690176381936  0.83138980433704068
  0.84193214162758057  0.85246482929707867  0.86299617295564879  0.87352772072948315
  0.88405898565357699  0.89459337012879026  0.90512590246759339  0.91566876652353879
  0.92621101589457377  0.93675163986921239  0.94729298031549714  0.95784146251809210
  0.96839213011716707  0.97893491566026047  0.98947094019117998  1.00000000000000000
 -0.00244203583010515  0.00953618342292257  0.01969817100978326  0.03021136971995379
  0.04075465592039305  0.05128780096411961  0.06181359565295824  0.07233131307766444
  0.08285900492556060  0.09340093590369831  0.10393490790405926  0.11447335673600506
  0.12500340273384639  0.13554931333236864  0.14609117666120941  0.15664148808772257
  0.16719190614901680  0.17773345422041242  0.18827292788482233  0.19881326776197916
  0.20936025654421483  0.21990864369720109  0.23044881519910310  0.24099404284130060
  0.25152985797473693  0.26207006612718931  0.27260580396063266  0.28315325166422611
  0.29370412069101504  0.30426069325362187  0.31481212438831124  0.32533879147117140
  0.33586756660102357  0.34638044493130121  0.35691264084767710  0.36743414593409474
  0.37797367040096147  0.38851302162900858  0.39904618253110502  0.40957633510064279
  0.42010735635689322  0.43065085038230183  0.44119861708935748  0.45174717952706728
  0.46229742875645824  0.47284551832657784  0.48338916492180961  0.49392786629411145
  0.50447073637066020  0.51502214593224838  0.52557829094988384  0.53611908192600011
  0.54665172868867740  0.55717708191311877  0.56771798502382642  0.57826604877695820
  0.58880901962302679  0.59933791141244552  0.60986805163210145  0.62040732623308992
  0.63096166906714191  0.64150281747326998  0.65204108221193358  0.66257096733804199
  0.67311062648823616  0.68365624155726212  0.69420327597184872  0.70475151653905777
  0.71530071699813969  0.72584681514182980  0.73639174869865331  0.74693628826631986
  0.75748621738192978  0.76803671579264587  0.77858242879621542  0.78912487865082814
  0.79966090992751127  0.81020095347894527  0.82074034744874291  0.83128560248169647
  0.84182425834650809  0.85236569039510157  0.86291037834184403  0.87346102101877354
  0.88400604870033184  0.89454840322483720  0.90508660566004540  0.91563527868346695
  0.92617533321718937  0.93672174888461102  0.94726741206530318  0.95781516617836937
  0.96836282698674936  0.97891162607654203  0.98945879148790850  1.00000000000000000
   2.5645474241624448E-008  -1.0000000000000000     
 F F F F F F F F
  <DiscreteSampler_grid>
  grouped_processes
  1 # 1 for a reference and 2 for a running grid.
  10 # Attribute 'min_bin_probing_points' of the grid.
  1 # Attribute 'grid_mode' of the grid. 1=='default',2=='initialization'
  0.0000000000000000 # Attribute 'small_contrib_threshold' of the grid.
  0.5000000000000000 # Attribute 'damping_power' of the grid.
 # binID   n_entries weight   weight_sqr   abs_weight
    10   10   1.322623097372511E+010   1.749331857703254E+020   1.322623097372511E+010
  </DiscreteSampler_grid>
