  0.00000488667810293  0.00000502778961069  0.00000513768678981  0.00000524770082649
  0.00000541023502483  0.00000557703436450  0.00000574517888061  0.00000590855020709
  0.00000606967735685  0.00000622561084017  0.00000638577031971  0.00000655565194504
  0.00000672932207835  0.00000691639533374  0.00000707995093341  0.00000723185342238
  0.00000738487616249  0.00000754953788282  0.00000774526227143  0.00000797158663033
  0.00000820760347166  0.00000842833011629  0.00000863190136805  0.00000882721693872
  0.00000902661127052  0.00000924095965886  0.00000946863979571  0.00000969759691823
  0.00000992108912172  0.00001014030336754  0.00001036080924919  0.00001058182861271
  0.00001080125228878  0.00001111026964475  0.00001143047526872  0.00001177456482994
  0.00001213799831694  0.00001249292957739  0.00001282873672382  0.00001314921905195
  0.00001345786474576  0.00001377539503126  0.00001411563600166  0.00001448566873891
  0.00001492104548717  0.00001539380982775  0.00001588535432789  0.00001640615551165
  0.00001693702673047  0.00001747610882540  0.00001800591451184  0.00001853664489192
  0.00001908246358882  0.00001969422768711  0.00002033952509991  0.00002102568543993
  0.00002170405520075  0.00002236627004747  0.00002324034360391  0.00002405733960090
  0.00002494702377637  0.00002596666767860  0.00002709831243907  0.00002832131422096
  0.00002960622488123  0.00003104079746622  0.00003256098888878  0.00003418652242263
  0.00003589362925576  0.00003767961931847  0.00003959029131715  0.00004155741572407
  0.00004358021939745  0.00004575918283878  0.00004833390105062  0.00005131047172601
  0.00005474420110113  0.00005848590434714  0.00006258902597906  0.00006750376804954
  0.00007319752004813  0.00007969160170377  0.00008711544870371  0.00009633810367820
  0.00010851365661195  0.00012482168839942  0.00014647249484744  0.00017458189389740
  0.00021295829192851  0.00027782917352574  0.00037860198510935  0.00054970067651243
  0.00090652948457275  0.00207212351487975  0.50171638287397091  1.00000000000000000
  0.00002717694094224  0.00003057616595762  0.00003268893569260  0.00003445242392919
  0.00003629914251704  0.00003811495739532  0.00004006774544650  0.00004229889091124
  0.00004452574110880  0.00004702464383649  0.00004937693478890  0.00005187161972206
  0.00005469264721336  0.00005777457461143  0.00006054925219858  0.00006281800640654
  0.00006502319790042  0.00006720790701512  0.00006918265183590  0.00007108196848733
  0.00007310357473107  0.00007514699548648  0.00007752744181829  0.00007993414828757
  0.00008283862947668  0.00008594340417324  0.00008914449109274  0.00009259382846932
  0.00009720134453961  0.00010183632630540  0.00010687975863503  0.00011218615294864
  0.00011775977003932  0.00012341997963900  0.00012988914806553  0.00013649793513970
  0.00014377916449333  0.00015173306305002  0.00016010485548412  0.00016970853268295
  0.00017874786821397  0.00018837327303801  0.00019899163571428  0.00021046279585592
  0.00022379862464069  0.00023889387651104  0.00025603414298066  0.00027502315126590
  0.00029428228078403  0.00031296712382051  0.00033258237306654  0.00035533234950806
  0.00038147157508160  0.00040797438226033  0.00043510131557893  0.00046414223689935
  0.00049500415061226  0.00052768335265408  0.00056126928109072  0.00060030193472808
  0.00064581274023937  0.00069371072045937  0.00074807240844970  0.00080472334732079
  0.00087162967728754  0.00094451896104129  0.00102211310065355  0.00110838855087847
  0.00120633923838384  0.00131388343699612  0.00142585665885697  0.00154693933183007
  0.00170704129772496  0.00190633244538965  0.00213154019053895  0.00234675800745251
  0.00257639780100785  0.00282196942671081  0.00310401368656573  0.00348668121552593
  0.00404371849731963  0.00483180679800198  0.00563591721533600  0.00637660556631553
  0.00707599996452056  0.00776506927070719  0.00867429732108861  0.00965936679827332
  0.01106138721945113  0.01275495630365554  0.01498253381186034  0.01866973978533319
  0.02760855819242385  0.18124811988984918  0.56445981900072573  1.00000000000000000
  0.00000479969101561  0.00000547320765798  0.00000630115453837  0.00000722382211172
  0.00000836600892060  0.00000976590908575  0.00001157742612035  0.00001370621702422
  0.00001607232874432  0.00001888319132058  0.00002239397404074  0.00002603002241290
  0.00002998581433106  0.00003439198445534  0.00003937771665106  0.00004484789045437
  0.00005083540354699  0.00005788127231207  0.00006570869540091  0.00007388984782297
  0.00008217812986966  0.00009140406969470  0.00010212107730383  0.00011407156614007
  0.00012643792494358  0.00013897216490017  0.00015265238935553  0.00016777762767873
  0.00018436451100945  0.00020212156951142  0.00022168599477548  0.00024325910678513
  0.00026602108951991  0.00028945554175302  0.00031462221602983  0.00034195557704173
  0.00037209121783714  0.00040605571907420  0.00043914200895638  0.00047302684623473
  0.00050674060328040  0.00054002853408410  0.00057774119864638  0.00061823589408841
  0.00065928122152746  0.00070189701439437  0.00074924023497331  0.00079993261367342
  0.00085377472094284  0.00090960349945580  0.00096793955524053  0.00102631182653337
  0.00107853786941119  0.00112445775684050  0.00116727021947838  0.00120770495221334
  0.00125008779512449  0.00129948759312410  0.00134654748832126  0.00139411254259009
  0.00143520970686987  0.00148053881070880  0.00153389372506975  0.00158885417739990
  0.00165796226683419  0.00173602854912984  0.00182187162616022  0.00192106210157849
  0.00202909355064351  0.00214659270015688  0.00235049510898591  0.00253936200443104
  0.00270023981117223  0.00284769093618194  0.00298771845891375  0.00319205166788188
  0.00345371994656243  0.00379068120691310  0.00419923893995608  0.00461299933522592
  0.00496036316146543  0.00526861981065738  0.00549204016974549  0.00565305183751548
  0.00582616379156109  0.00601429625781487  0.00620597403568125  0.00640940419288656
  0.00661283435009187  0.00709434907745054  0.00807557094118139  0.01042531622684929
  0.01412516570166639  0.02028721607607184  0.16509116114003522  1.00000000000000000
 -0.00153691306070777  0.01411309206173178  0.02599189108940500  0.03792201871240720
  0.04723677470835790  0.05543220669808099  0.06392563419147375  0.07238705728703095
  0.08073297219670411  0.08870689235463655  0.09654669641613113  0.10520286383435666
  0.11603495086438015  0.12684977667167074  0.13678162954459866  0.14633075612573890
  0.15598171924872381  0.16539676615502205  0.17499606625154557  0.18462530145603834
  0.19452869125738506  0.20483685353628023  0.21524047215254583  0.22620023306774492
  0.23681014967662492  0.24764403815080338  0.25920863209876560  0.27101105321356289
  0.28218940557824684  0.29290894647721960  0.30573073460809103  0.31800580852053711
  0.33058416951611447  0.34332656718843146  0.35669719140688094  0.36957945309818591
  0.38031545246237519  0.38947131536161400  0.39823858507644738  0.40693245391335847
  0.41571993415294511  0.42496993598603355  0.43445283687524699  0.44510968139661661
  0.45645226274871903  0.46753492991471496  0.47847501050274210  0.48961099813560932
  0.50157535626719263  0.51449316175271198  0.52632438770834122  0.53583856799267970
  0.54359624564163944  0.55176354043985587  0.55978606626350824  0.56839368741676888
  0.57880310478819197  0.59056383634980592  0.60301815122479030  0.61506380765217061
  0.62688528490792961  0.63971301664583724  0.65258577841153087  0.66496208759597697
  0.67744923666940904  0.69030196191025472  0.70226909675879146  0.71297976690869003
  0.72362561858907692  0.73358038979823026  0.74313863298682481  0.75274137919197137
  0.76333015382362301  0.77403301699009130  0.78411144888278972  0.79398158750100800
  0.80450645148554634  0.81516260300731125  0.82631104680721779  0.83645974869293294
  0.84644817687359897  0.85625247418533323  0.86725460285691691  0.87806297459836224
  0.88819340175134776  0.89844457729769056  0.90956526982801000  0.92053872230916289
  0.93011985698097621  0.93976779939462651  0.94949810060710904  0.95931524592654149
  0.96956590020714961  0.97988378654574793  0.98998279762476571  1.00000000000000000
 -0.00230614915752147  0.01043562320871131  0.02015544818199955  0.02977437055500411
  0.03962369024808067  0.04919810293743103  0.05812599839347839  0.06760762509528398
  0.07801473665065162  0.08947274587031712  0.10100324934407480  0.11189351127143751
  0.12282053344073804  0.13453343091490871  0.14651376158160764  0.15757426554045723
  0.16749369405608699  0.17722825245480428  0.18657317627269540  0.19561049984340584
  0.20481384563560956  0.21512385351062199  0.22661795685491462  0.23836018293098740
  0.24954528757724406  0.26039144968995670  0.27116336521103823  0.28212365880977880
  0.29324145616772673  0.30410438138229490  0.31512912489167855  0.32690621032331596
  0.33922273694754429  0.35121281924637004  0.36238911263327350  0.37249306149763667
  0.38080947800743925  0.38902068141508722  0.39739144222113643  0.40553671447551615
  0.41410772782748673  0.42263546733951046  0.43119413930763478  0.43998230539967620
  0.44937504803723899  0.45951039168164032  0.47123605646949779  0.48388235682764497
  0.49685827421302747  0.51005542210697541  0.52279364358193547  0.53466669017683799
  0.54595681451248812  0.55650032153713291  0.56770668993646523  0.57918173563406594
  0.59050724612555827  0.60158530892273465  0.61210216703530251  0.62353977644345515
  0.63338629536714852  0.64281312853571315  0.65182864314470468  0.66007349444363361
  0.67014291946193605  0.68056940678941735  0.69079963789500787  0.70203550718257013
  0.71462084004212445  0.72829373970339240  0.74203746333826848  0.75435442247697793
  0.76572326206539332  0.77712560604777281  0.78877463504933054  0.80045711574359957
  0.81223394626670598  0.82510605548016891  0.83797570770522845  0.84922325520321373
  0.86016599375900871  0.87158645902344578  0.88095821788094852  0.88941869606954416
  0.89775097420495453  0.90616952335384360  0.91491523112968187  0.92374106422440050
  0.93270653216634214  0.94209889026853633  0.95156920347399665  0.96070027805750458
  0.97030464202745270  0.97892160505036885  0.98949524406790357  1.00000000000000000
 -0.00209311421910267  0.01025532157181409  0.02062082788075366  0.02908259317229095
  0.03726456519201317  0.04557267035352020  0.05419343244175041  0.06312974397317325
  0.07073030952054819  0.07839768242671317  0.08662105938262142  0.09536815676713786
  0.10306923350691184  0.11298380365693592  0.12353588904002363  0.13467977002864095
  0.14526469169177861  0.15644130134948142  0.16729240696044384  0.17821154257578045
  0.18932109373548628  0.20154818489318074  0.21413755481820884  0.22698843404368621
  0.23962533812420164  0.25274151725883914  0.26560434587151832  0.27763102012485874
  0.28926543334337224  0.30330015291581575  0.31839795937573923  0.33359620543688517
  0.34840857366558020  0.36378946911041232  0.37890776425399064  0.39246927988021868
  0.40625241508226689  0.42010552626532699  0.43370612910015410  0.44775541612391573
  0.46216573538344508  0.47594046294517556  0.48902805952311929  0.50226630444701659
  0.51610703399942581  0.52954341498147794  0.54196674933497047  0.55464350552662223
  0.56811882393764812  0.58239807401848809  0.59652217159478682  0.61029314857699812
  0.62365050067352656  0.63709267060952457  0.65039178663826891  0.66313819131295293
  0.67573463723025784  0.68858003114641897  0.70156358835382027  0.71446799715608533
  0.72704574259995702  0.73929234934851940  0.75124022534809343  0.76299759827681513
  0.77472279797033250  0.78703117502170528  0.79955056971215543  0.81100288636744566
  0.82150164540049075  0.83156981637485283  0.83906003002431595  0.84722274414303267
  0.85526488334689699  0.86299389137099958  0.87045842914812410  0.87765001618449645
  0.88472517411458074  0.89175377262780064  0.89902011983025898  0.90861103712105074
  0.91694197587325876  0.92350292690655156  0.92964586358309587  0.93674308925353811
  0.94263258443210918  0.94811651592395463  0.95346756850066139  0.95881948308663767
  0.96444768496674138  0.96920036886755956  0.97433347351243216  0.97875464261466227
  0.98344771268772402  0.98868727362079545  0.99348746006236877  1.00000000000000000
 -0.00368723784754472  0.01335702801227484  0.02631407192594565  0.03783384827170137
  0.04849390864890812  0.05907391332291737  0.06982695896885657  0.08122370719173655
  0.09349094339848488  0.10579270050117351  0.11829287624280399  0.13036910896980039
  0.14159669351902041  0.15190732233450344  0.16175334270795824  0.17188158480909477
  0.18229766390151669  0.19171573481638243  0.20002470149504190  0.20876184890293883
  0.21679461337726535  0.22435960348920581  0.23154950189069345  0.23865503159251780
  0.24611736518017965  0.25426040079262413  0.26260323322742768  0.27130283257897714
  0.28145497666399422  0.29253666660401101  0.30349684081897016  0.31451406812423544
  0.32572709831209834  0.33717590478113996  0.34804442274553432  0.35859421867281294
  0.36861633835420393  0.37840910205143541  0.38827580781863769  0.39824725084852486
  0.40889083022563921  0.41969998810746784  0.43032198631074681  0.44100859157646005
  0.45187807443919981  0.46254910603020755  0.47297462499120319  0.48463149211819095
  0.49789552418681804  0.51170703780729299  0.52544936078537408  0.53858361018185785
  0.55084081330396450  0.56282127881501354  0.57444069782062934  0.58516216689330358
  0.59465589443204170  0.60361327522691199  0.61272202865828673  0.62173065085841761
  0.63115015530498841  0.64129917512463264  0.65275182042383040  0.66410644987705691
  0.67424082470251423  0.68376601107288382  0.69373124862165159  0.70471622913140641
  0.71613605461549612  0.72769709862484355  0.73953041777467754  0.75131986190468836
  0.76239438498660805  0.77326707190928368  0.78422046861824624  0.79485243490535140
  0.80436791241148142  0.81355557772059428  0.82302178266126325  0.83308505322335147
  0.84447074508451014  0.85590589793800731  0.86766796815714453  0.87834063277632513
  0.88895377526054831  0.89916986327932624  0.90917590338807575  0.91968647705865592
  0.93129698686209650  0.94311365796878410  0.95479402452592266  0.96536669730288438
  0.97492575401258486  0.98383579423969303  0.99177292971885866  1.00000000000000000
 -0.00276779930982665  0.01068264893750450  0.02251134608934878  0.03366095983912246
  0.04508858883375794  0.05630426069440107  0.06700729579185391  0.07772200960942770
  0.08860361292940520  0.09965715496163094  0.10997715946917339  0.11929622961611577
  0.12865959247640105  0.13860158787858082  0.14839571960280398  0.15811495732597630
  0.16806475321923106  0.17897862320127067  0.19049084227733337  0.20147955309765359
  0.21208564638945870  0.22300123866613830  0.23387601908727157  0.24528743961930247
  0.25656726840053629  0.26715365245196498  0.27742568731134032  0.28777633167188743
  0.29879536222926889  0.31019269265823002  0.32175214536522306  0.33312760687839899
  0.34359156487981385  0.35310652757160965  0.36224438745359533  0.37129345488502652
  0.38102082810740084  0.39017612315675476  0.40036668357009592  0.41215494363964839
  0.42431511106832975  0.43618358213656155  0.44843617470134683  0.46006463540442938
  0.47220827543052823  0.48461574761052412  0.49763005657570619  0.50977049895426130
  0.52056466311834315  0.53079365366443654  0.54014160187605165  0.54923817742175163
  0.55841412531182200  0.56851435421969920  0.57912778750879668  0.58974429746158075
  0.60087447520218640  0.61250392959422584  0.62454917694681078  0.63549431750857277
  0.64544998220240324  0.65503339183622233  0.66493320238870757  0.67444484163095353
  0.68357483760809123  0.69165616304390520  0.69993977493263038  0.70869276818141691
  0.71768814308251028  0.72610147227619382  0.73631983737564566  0.74797620506761320
  0.75860080021635656  0.76875577800310357  0.77840956700695751  0.78789744517987537
  0.79709278746729861  0.80754424157146842  0.81815259549035402  0.82987941035923518
  0.84128390538372233  0.85270978570284706  0.86207526467585294  0.87130247345003387
  0.88128974153431316  0.89254210997738315  0.90395039253644160  0.91503111088015809
  0.92708723589295194  0.93844812367627228  0.94929036780176212  0.95928675569442767
  0.96942611265158951  0.97925687906276659  0.98900517305669322  1.00000000000000000
  0.08296231570903560  0.09737997239000763  0.11510228116064261  0.14109370834326296
  0.16833126214152849  0.18198669389366745  0.19148130549169620  0.19948694694988098
  0.20759441616456073  0.21592759834613834  0.22468133740423016  0.23235802821119908
  0.23837933454335908  0.24390410915348629  0.24966247383738832  0.25582481516010075
  0.26287758376926862  0.27034066105310844  0.27846281052981769  0.28658856244256148
  0.29529437809216574  0.30447209865922936  0.31290641295773625  0.32088006846457523
  0.32799079052818297  0.33464053129276239  0.34132769893604259  0.34830991628471297
  0.35582818699774943  0.36378854488566065  0.37228761421656476  0.38110825854988684
  0.38981827590411444  0.39825813393698045  0.40720453901950782  0.41646025413938192
  0.42537359712126382  0.43372918161804452  0.44164248705777970  0.44956396579032559
  0.45767323381732156  0.46634757816399913  0.47525938702992182  0.48415112519867565
  0.49303773200966561  0.50194299044172319  0.51091091546427603  0.51964561059047409
  0.52898694963034554  0.53839741210664782  0.54808114871434055  0.55764378774920842
  0.56701174235576068  0.57616991640957926  0.58485784216571002  0.59264077023244133
  0.60024468172822310  0.60812745884222230  0.61712813810429035  0.62672975022076616
  0.63650762103933933  0.64591039626229607  0.65521934684378180  0.66413170001176947
  0.67257362649634966  0.68132357872393645  0.69082126106954556  0.70061111693701250
  0.71004902454747754  0.71882939944426827  0.72761780804319320  0.73694483363914332
  0.74657461024707306  0.75636788063681648  0.76571636120813369  0.77457873393431687
  0.78321908077460611  0.79159505121504503  0.80001909991233155  0.80839125361559783
  0.81680401926422730  0.82534668212882223  0.83407211976950035  0.84314211499852321
  0.85219318341518635  0.86143964778289905  0.87099466399293179  0.88170007931366245
  0.89305227179445912  0.90408434710041385  0.91548761613718255  0.92922332259499529
  0.94438143024751831  0.95970468271337883  0.97792745920214241  1.00000000000000000
 -0.01078351467648776  0.05762283818532732  0.08081384400960337  0.09574059324044072
  0.10889300074296367  0.12094095802460339  0.13052827252154200  0.13774427529596908
  0.14482329774917960  0.15176373680824537  0.15886851714370551  0.16536956102856210
  0.17067466048849478  0.17550567727366148  0.18036184214446993  0.18547083976387663
  0.19054637051012949  0.19575737732161694  0.20100346947853315  0.20631313388667324
  0.21193846634064581  0.21731770498949257  0.22288305099271827  0.22845181712313140
  0.23365984208957372  0.23898834020294180  0.24413230903223868  0.24946440970584843
  0.25505824625750156  0.25990202798824591  0.26484456946084073  0.26955410702213517
  0.27419593228054717  0.27885107672195042  0.28359939190280481  0.28878728094910339
  0.29419566795928070  0.29951896500432867  0.30480226485733225  0.30987788544742384
  0.31510706012673434  0.32097214267036450  0.32669704741715977  0.33242766608944652
  0.33814969732071498  0.34412823908723511  0.35036303357622423  0.35692553371387420
  0.36345076730749881  0.36933753823116405  0.37466223845108976  0.37986028047649967
  0.38525945815269669  0.39149089432635631  0.39839144688911104  0.40579526141749306
  0.41262851058436562  0.41963135834442594  0.42714386901288015  0.43486109812193346
  0.44296613050462907  0.45097725332412819  0.45909134389278033  0.46707942614353098
  0.47468984194132657  0.48197811043593652  0.48890885055224104  0.49590746261589347
  0.50345815198327493  0.51165113716137300  0.51998898612579192  0.52879071906314667
  0.53788463998990088  0.54720398525660752  0.55693084270751458  0.56735346180879886
  0.57801077345501140  0.58819937379586362  0.59800108800172136  0.60860605806966805
  0.61931711706137482  0.62959674801192189  0.63940700865619537  0.65031580398623179
  0.66222476363323746  0.67393404996555240  0.68671509046661683  0.70089237915803992
  0.71609092299819055  0.73234661709313453  0.74995033048111548  0.76886668967690652
  0.79047255917599635  0.82039737093100495  0.86731537169249528  1.00000000000000000
   1.9244310311818268E-003  -1.0000000000000000     
 F F F F F F F F F F F F F F F F F F F F F F F F F F F F F F F F F F F F F F F F F F F F F F F F F F F F F F F F F F F F F F F F F F F F F F F F F F F F F F F F F F F F F F F F F F F F F F F F F F F F F F F F F F F F F F F F F F F F F F F F F F F F F F F F
  <DiscreteSampler_grid>
  grouped_processes
  1 # 1 for a reference and 2 for a running grid.
  10 # Attribute 'min_bin_probing_points' of the grid.
  1 # Attribute 'grid_mode' of the grid. 1=='default',2=='initialization'
  0.0000000000000000 # Attribute 'small_contrib_threshold' of the grid.
  0.5000000000000000 # Attribute 'damping_power' of the grid.
 # binID   n_entries weight   weight_sqr   abs_weight
    19   10   2.435164546077712E+001   1.390217358368429E+003   2.435164546077712E+001
    20   10   2.435164546077712E+001   1.390217358368428E+003   2.435164546077712E+001
    25   10   3.954577792013417E+001   3.799333106903696E+003   3.954577792013417E+001
    26   10   3.954577792013411E+001   3.799333106903684E+003   3.954577792013411E+001
    34   10   2.435164546077712E+001   1.390217358368429E+003   2.435164546077712E+001
    35   10   2.435164546077712E+001   1.390217358368429E+003   2.435164546077712E+001
    37   10   2.675023947567625E+001   1.731671955767446E+003   2.675023947567625E+001
    38   10   2.675023947567623E+001   1.731671955767443E+003   2.675023947567623E+001
    43   10   4.135565057467051E+001   4.157629411145879E+003   4.135565057467051E+001
    44   10   4.135565057467046E+001   4.157629411145868E+003   4.135565057467046E+001
    52   10   2.675023947567625E+001   1.731671955767445E+003   2.675023947567625E+001
    53   10   2.675023947567622E+001   1.731671955767442E+003   2.675023947567622E+001
  </DiscreteSampler_grid>
