  0.00000483192143696  0.00000497037819116  0.00000516726823637  0.00000536898138954
  0.00000555894915240  0.00000573816261847  0.00000592590645936  0.00000609405704811
  0.00000625466258568  0.00000642981959206  0.00000665748034759  0.00000693275556340
  0.00000721311831530  0.00000750184358048  0.00000780704516424  0.00000815138870660
  0.00000846226424695  0.00000874054385625  0.00000900545476014  0.00000926795771357
  0.00000958142731799  0.00000994770553029  0.00001034161346138  0.00001076020216677
  0.00001125143535475  0.00001178588959871  0.00001235843866260  0.00001297267485826
  0.00001358923305420  0.00001422838591212  0.00001486413993459  0.00001556135088526
  0.00001628691168912  0.00001699096530905  0.00001773932506524  0.00001847098213489
  0.00001923518724236  0.00002013453522824  0.00002104893613249  0.00002198720995284
  0.00002315465443489  0.00002431798442234  0.00002550702048045  0.00002666871089117
  0.00002782696616380  0.00002908741409018  0.00003051451607714  0.00003230906646921
  0.00003427892076086  0.00003671203483496  0.00003916975697876  0.00004153391650425
  0.00004385960658103  0.00004626812908363  0.00004889551529943  0.00005213684956057
  0.00005554838250470  0.00005928743429642  0.00006346292765253  0.00006830840548575
  0.00007380857216264  0.00008014838829294  0.00008784797120795  0.00009659582977518
  0.00010607522473976  0.00011633917374645  0.00012795770088562  0.00014063163294539
  0.00015414702643232  0.00016908895483517  0.00018690956273571  0.00020858122183809
  0.00023304381385045  0.00025796029686466  0.00028510168281340  0.00031642772261539
  0.00035599538535231  0.00040407452376478  0.00046425448448083  0.00053692173267365
  0.00061736275746849  0.00069764406658293  0.00078208446974864  0.00088253121668568
  0.00102895674502691  0.00122245729249643  0.00145571659745461  0.00174028117774556
  0.00210682829285861  0.00268254599147563  0.00366508349058756  0.00512961393432344
  0.00763292833050947  0.01161240345307166  0.11732798094539308  1.00000000000000000
  0.00000615530131048  0.00000636591920589  0.00000665126323000  0.00000694937260306
  0.00000734535468592  0.00000784741661795  0.00000847997428357  0.00000916637851186
  0.00000994364230401  0.00001096161407436  0.00001228987873824  0.00001383596200439
  0.00001550040900881  0.00001750314514566  0.00001981471155908  0.00002244318288339
  0.00002541473412899  0.00002878984959385  0.00003279144101962  0.00003796942254613
  0.00004339080659898  0.00004915621788712  0.00005507935837868  0.00006158932833815
  0.00006916340754544  0.00007741244662798  0.00008497106593966  0.00009257303215009
  0.00010084316437174  0.00011053160459890  0.00012061212541232  0.00013183259191543
  0.00014384918552979  0.00015716456375155  0.00017067263133287  0.00018360544177340
  0.00019715295975407  0.00021053223697766  0.00022594500465400  0.00024174221726797
  0.00025834050898012  0.00027432976138760  0.00029003840753300  0.00030723023749027
  0.00032549335980406  0.00034444188054166  0.00036325698930370  0.00038253608694660
  0.00040224512173073  0.00042298566572342  0.00044352040511538  0.00047235938609918
  0.00050103776124321  0.00053242393176165  0.00056667371537471  0.00060335902291241
  0.00064106825894188  0.00068959115596826  0.00074682148969490  0.00081859036251005
  0.00089917430855149  0.00098160875947125  0.00105881340787951  0.00112312743817264
  0.00118591562594222  0.00125306557156659  0.00133882171802606  0.00145321998302478
  0.00159237085475225  0.00174450799442511  0.00190914276677160  0.00207859407990863
  0.00223341259798359  0.00233837659070470  0.00244354086204044  0.00254886974429641
  0.00266701139837225  0.00278920266600261  0.00291972120161785  0.00304661248287559
  0.00316645744949108  0.00327168302522843  0.00340749345116029  0.00356483840099820
  0.00371622419864852  0.00387181133449076  0.00404960403532502  0.00427803255962060
  0.00453260568464289  0.00476819283486211  0.00507083932308127  0.00538116957095078
  0.00576371593820443  0.00691111296940552  0.00862640874434792  1.00000000000000000
  0.00000501681897702  0.00000568034366604  0.00000627370678407  0.00000688490530364
  0.00000751934888808  0.00000816038084407  0.00000875133626474  0.00000928450566394
  0.00000980104028953  0.00001033099542544  0.00001082581209167  0.00001146386936807
  0.00001211245595233  0.00001279938091711  0.00001356457694947  0.00001434911836225
  0.00001510086950642  0.00001581295186467  0.00001644456820859  0.00001702273668409
  0.00001761298507419  0.00001822395504146  0.00001890511095203  0.00001965261645656
  0.00002042252828015  0.00002115485592687  0.00002190092735493  0.00002277061536562
  0.00002370241458504  0.00002467571128889  0.00002570294808278  0.00002678131714925
  0.00002798387235695  0.00002935274622767  0.00003087921565680  0.00003258155253971
  0.00003411696837222  0.00003556274909237  0.00003704025367956  0.00003854039917577
  0.00004011367267683  0.00004178615294631  0.00004351767427009  0.00004561690204055
  0.00004791467782628  0.00005033745057184  0.00005276389799698  0.00005536468788112
  0.00005808998317043  0.00006080373051618  0.00006450451263412  0.00006818619873191
  0.00007242051165266  0.00007670818822116  0.00008115410791993  0.00008595939584243
  0.00009080654402427  0.00009642856455079  0.00010251678918767  0.00010864490684186
  0.00011555839854685  0.00012319618750404  0.00013226652304105  0.00014135037360283
  0.00014967232279084  0.00015885031183441  0.00016904685892483  0.00018207658059401
  0.00019810553040484  0.00021694506231385  0.00023900836085045  0.00026332312161555
  0.00029131379929411  0.00032477895159182  0.00036463945825157  0.00041083009111992
  0.00046623480611301  0.00053406258714785  0.00060915207239002  0.00068477185771066
  0.00076136947257320  0.00084516373655871  0.00095211556574608  0.00108974516401925
  0.00125706673008485  0.00148552762150935  0.00184276510289500  0.00239011651575533
  0.00326226155861099  0.00415557688768539  0.00491676390813557  0.00596293774987584
  0.00714592811297012  0.00908749358558364  0.44756065874546386  1.00000000000000000
 -0.00253976886426689  0.00835302783142216  0.01789022038504987  0.02809334076436685
  0.03784050584028582  0.04740069097831624  0.05666531432899646  0.06623914961719962
  0.07519063191426206  0.08396664648565255  0.09303398527132174  0.10253401527597661
  0.11238641292815613  0.12149502352278202  0.13053079291527742  0.14008493778399345
  0.14998780596630934  0.16154972146309518  0.17354877369442165  0.18511726973272744
  0.19628435335535785  0.20720663964364849  0.21760225880575501  0.22763792609713082
  0.23779442675913667  0.24769416044284243  0.25788837815861448  0.26820868501639039
  0.28016088881533296  0.29324208508377936  0.30515239832653940  0.31656951847113662
  0.32750137894410514  0.33953990323806793  0.35140075817745353  0.36165637295893188
  0.36932267582910905  0.37616065466113618  0.38303917836874907  0.39198991651667459
  0.40232309947728934  0.41282560023101772  0.42421451864012322  0.43612270684278026
  0.44767911114241310  0.45990173367709508  0.47266260785442454  0.48453114816715070
  0.49594615106840567  0.50810744665745800  0.52091035660402096  0.53327962537181772
  0.54544100308570098  0.55860165325235700  0.57282025187088159  0.58631476529216542
  0.59824523273607588  0.61015288658042388  0.62220551070592967  0.63246812610492620
  0.64068170172164285  0.64923193595614725  0.65839462138851201  0.66793448732814387
  0.67782919196668345  0.68914813434067768  0.70035521853644955  0.70922677823813174
  0.71761078562846703  0.72667675771295781  0.73619351760942053  0.74676041651394764
  0.75842259494583786  0.76983447317131004  0.78144999410216198  0.79230967865213886
  0.80252468064071991  0.81281155009680528  0.82349453856471677  0.83459368576330673
  0.84614103762999060  0.85797243105667653  0.86975823892591853  0.88074754762378948
  0.89141519271346947  0.90181600604283485  0.91184708483003740  0.92123382466023318
  0.93127566697070796  0.94167221806555512  0.95187174972446298  0.96181749636748537
  0.97077397240696528  0.97984379684259726  0.98907280995239011  1.00000000000000000
 -0.00232160712785977  0.01169931472492618  0.02333194187389594  0.03446081303528686
  0.04480281833577675  0.05417300570003276  0.06366353073718112  0.07362478442512839
  0.08423046454867861  0.09452980370886985  0.10521128854298044  0.11648216214365575
  0.12834108406758693  0.14099652261453635  0.15374189254801057  0.16643616437471564
  0.17935813911301041  0.19180716662749750  0.20353691763654075  0.21446842134956579
  0.22485797276678077  0.23623580361015714  0.24551325628445916  0.25590410551749071
  0.26430760464966996  0.27377364095751733  0.28203758595867739  0.28982837120865407
  0.29849740658788754  0.30747905116513946  0.31738643701651703  0.32906032645106120
  0.34161278163985259  0.35318811695712038  0.36418939415103896  0.37416205046479323
  0.38447549357987876  0.39421443339397150  0.40528195441712850  0.41649823752308296
  0.42706844057559196  0.43666723605662600  0.44648499100465855  0.45684030579153750
  0.46681001004661166  0.47641596675679088  0.48780949428151399  0.50038395820600723
  0.51188470518067009  0.52205517737777141  0.53093071619989207  0.54023794305545703
  0.54992955167809354  0.55951583274555516  0.56867458324997600  0.57748032774526437
  0.58855994464881067  0.60217261523753896  0.61312714959865100  0.62264079502505743
  0.63279238856568354  0.64357707633602312  0.65520848778741358  0.66683074113298246
  0.67786038625003464  0.68847351105937349  0.69897907190431041  0.70959636294214745
  0.72046027803852142  0.73162177117122740  0.74261827602703612  0.75251146910737710
  0.76116089057966940  0.76984906346430426  0.77959292851232342  0.79101343237675337
  0.80166170061802089  0.81120740102961475  0.82061524406646913  0.83106129575812449
  0.84260126123543633  0.85342866533209161  0.86503772479205332  0.87355621790606897
  0.88402754429244268  0.89437328830602081  0.90383343213959666  0.91711120326774831
  0.92780669026612106  0.93840792914262761  0.94896677971152910  0.96005958670006752
  0.97074750683704758  0.98068221188014804  0.99053462379761936  1.00000000000000000
 -0.00265719386417667  0.01026714383517917  0.02115916426222631  0.03235514533542264
  0.04365543823311584  0.05614484269144205  0.06943755652679327  0.08280323662683889
  0.09543231413167860  0.10696734969643462  0.11850820050058572  0.12995380145252433
  0.14176187039622362  0.15451206809263848  0.16758020868851783  0.17948272121180275
  0.19030724773629937  0.20127228315179110  0.21151783435859955  0.22034483619325715
  0.22973639600960971  0.23936604144066739  0.25030214742093299  0.26240878068549700
  0.27391412522052450  0.28591932051126867  0.29783444286899941  0.30775395901272362
  0.31769036857120486  0.32752402019114252  0.33813139131971698  0.34917638207132862
  0.35928887077413313  0.36938517123800935  0.37981977037464365  0.39040826444632631
  0.40085305430704865  0.41159695672136348  0.42267334777432108  0.43345805499043316
  0.44385441002401821  0.45414408569313885  0.46468905786605713  0.47638509178267202
  0.48896146894706449  0.50035603873337853  0.51098187367227321  0.52055020669099572
  0.53071863311644019  0.54058062425653652  0.55022059075630181  0.56029218589980645
  0.57135704644905372  0.58338460132032599  0.59441879692447619  0.60584756542834384
  0.61626935778643332  0.62619234305212546  0.63608723637842490  0.64580955894489267
  0.65418424791959917  0.66181206505273660  0.66980927693986347  0.67861919535817716
  0.68932717933643439  0.69780688646850719  0.70711617199248133  0.71573219186873493
  0.72347697658529020  0.73106963814489268  0.73870527090045712  0.74649684708884312
  0.75536281694486773  0.76565265301537011  0.77629415408925639  0.78813361977723895
  0.80013402418116930  0.81109411071992943  0.82208723387154303  0.83251742058770939
  0.84169352709367129  0.85089069177634502  0.85971442494159889  0.86988059328657474
  0.87965678350691856  0.88933724496854705  0.89972323319544678  0.91089692204080797
  0.92077421250078706  0.93043166894795670  0.93983951774631347  0.94968252255974761
  0.96181492671491808  0.97435077267965109  0.98736206124282544  1.00000000000000000
 -0.00002904771505749  0.00010300728070735  0.00022385546340249  0.00035333795516655
  0.00048871204853268  0.00059797620374044  0.00067568210198599  0.00076057616293090
  0.00084767593648577  0.00093490380460458  0.00101939853342171  0.00110915458902783
  0.00122297165480032  0.00134207838788117  0.00146426697343496  0.00158914766250914
  0.00171553617265941  0.00184393240442391  0.00197227418540971  0.00210156160452477
  0.00223407271524402  0.00236665837106198  0.00250083903353243  0.00264891161464914
  0.00280324971331841  0.00296891378861904  0.00315299246994552  0.00332866987897498
  0.00351322439325148  0.00369740478577088  0.00387903274892240  0.00406774945664979
  0.00426140400396531  0.00443315695460259  0.00456143208801474  0.00469007326098549
  0.00481992742225506  0.00495109512416848  0.00509178397141412  0.00523607305961422
  0.00548918789404435  0.00575872692301227  0.00604281558336168  0.00631202950682239
  0.00658109845842305  0.00684491385330143  0.00708500465922089  0.00733931936611611
  0.00761343118034161  0.00789437467261535  0.00815397862155204  0.00845791050053627
  0.00878453564935362  0.00910985374522156  0.00942181297420283  0.00973809551723851
  0.01006543442756774  0.01041747185143048  0.01082786431187613  0.01125233683721556
  0.01158572389453666  0.01185726332783514  0.01212363538202148  0.01240478405353416
  0.01270591768765341  0.01313251381046996  0.01366149793387847  0.01402505261919317
  0.01437826536467126  0.01470983427798551  0.01511331825845173  0.01559396664959583
  0.01615489953144129  0.01693242050806476  0.01778566932981101  0.01840027972973553
  0.01894777441753239  0.01945420378696727  0.02008115141711505  0.02081199203714585
  0.02197183708270497  0.02283523656434000  0.02379786910118844  0.02573338104419245
  0.02687607008371250  0.02954856689150599  0.03171965960794355  0.03390553450356132
  0.03502716190259975  0.03643147948770948  0.03783223973567011  0.04721057519552969
  0.05422719563644503  0.06000347228684809  0.46307457692597703  1.00000000000000000
 -0.00267477318274886  0.01028703419460381  0.02169875817723115  0.03345624026709321
  0.04495980673776224  0.05590829538204257  0.06779562050286315  0.08023087623218321
  0.09265707702956359  0.10460022582932482  0.11411561556154819  0.12276023507108083
  0.13127977356872200  0.14013106051196730  0.15041200916119774  0.16048005095709383
  0.16980999713915956  0.17908412604856844  0.18822175028402383  0.19804997668510510
  0.20877273943451546  0.21930150765187645  0.23065149004906565  0.24135029543534703
  0.25212213970826614  0.26358836793504159  0.27639093881172927  0.28835056795500136
  0.29882883533794091  0.30796394949171968  0.31749314196702466  0.32783388837163591
  0.33880365033414012  0.35015146385810270  0.36026621848022045  0.36913676378250493
  0.37875695578255425  0.38879397071491917  0.40000339039569105  0.40993120814319256
  0.42090562564501732  0.43208982889777531  0.44153877296754818  0.44977498290018614
  0.45795545419535355  0.46707144216159019  0.47668660269600888  0.48521661832742252
  0.49376368711180096  0.50304344058671646  0.51283643457180172  0.52272626297250080
  0.53263005000539609  0.54292862836658140  0.55312055319774101  0.56336214466074519
  0.57597606989913308  0.58714151543069260  0.59653474844841103  0.60658725803746372
  0.61659395313628029  0.62749405223535815  0.63913793934006291  0.65052805534202707
  0.66144315311247515  0.67190500213358861  0.68267384808742604  0.69408761406619379
  0.70573273109226264  0.71636494822171093  0.72616751653955147  0.73570191529254403
  0.74599409557932639  0.75625110190162637  0.76707153075855872  0.77893107253829752
  0.78973281076434954  0.80081755551432987  0.81069148242964095  0.82141832876740495
  0.83208593234148909  0.84305823982661465  0.85367535561821339  0.86337638869117905
  0.87249445935311054  0.88177077839712659  0.89259546211914620  0.90508743130597769
  0.91756375420028846  0.92963907871057316  0.94144258600255226  0.95305938964624848
  0.96472495455610607  0.97661158045198637  0.98835889470345928  1.00000000000000000
  0.10825997102386428  0.11737685302853278  0.12762452241731592  0.13871326568157472
  0.14956834181826495  0.15957477436540302  0.16905163189971095  0.17790190937028544
  0.18748194874583651  0.19740842380478280  0.20997075847692764  0.22377067339972709
  0.23655435770492994  0.24835049340210713  0.25941215947838075  0.26979462853577590
  0.28145312907721193  0.29221373217235075  0.30170377867804671  0.31083975601567954
  0.31981315145811828  0.32879059153720691  0.33770370942391059  0.34665118259114336
  0.35627249619505502  0.36529827565844347  0.37388333345697072  0.38231726417308104
  0.39114893029675391  0.40055482595149861  0.40966707404457248  0.41890900584115126
  0.42835986988483626  0.43778346741273083  0.44698863898183477  0.45618509457683531
  0.46419832914716408  0.47167823280334459  0.47879139352405364  0.48571064713434042
  0.49277943021245840  0.50021911091465965  0.50729650953523819  0.51394321952136779
  0.52034244509635919  0.52602244614320670  0.53180948528136518  0.53733581769293981
  0.54272030104860169  0.54856155730065315  0.55479062989336936  0.56153162893361830
  0.56877680502078032  0.57630333522797417  0.58435118054872393  0.59297195539647962
  0.60078265784884199  0.60806013509314105  0.61530615741694750  0.62263929719629729
  0.63015447179345396  0.63830355340083045  0.64631282424998227  0.65424293192234007
  0.66249928530064417  0.67051044599879572  0.67826624620837972  0.68596357146571785
  0.69318647310271653  0.70090510006647255  0.70937623644128689  0.71862887753955640
  0.72827172684320518  0.73791884846349254  0.74736419789298658  0.75679412474073871
  0.76640219562114920  0.77649245419960822  0.78687431491086635  0.79778420045485454
  0.80897446259992356  0.81981747801897442  0.83046777792564175  0.84063157157306811
  0.85071345864078018  0.86140978934668244  0.87325430546736038  0.88527816322098274
  0.89647552485261262  0.90762756432170866  0.91955143376674531  0.93142141277739732
  0.94351552081532331  0.95658221859358916  0.97484124665680216  1.00000000000000000
 -0.00978595995664444  0.05557382794810993  0.08071846598628933  0.09821472767701900
  0.11101779021340102  0.12216251861215099  0.13164543575644769  0.14033661581232995
  0.14887517190707197  0.15567324696665602  0.16184210840062188  0.16808016356190991
  0.17436204388193738  0.18189249945730843  0.18925778048564482  0.19551097897861403
  0.20099077332840015  0.20588519045166218  0.21052928355993455  0.21513068552597986
  0.21978353437441350  0.22463435520155312  0.22955322683221577  0.23465805641751833
  0.23997297754409116  0.24551313535025265  0.25130168834958994  0.25637248759073517
  0.26146603105051308  0.26650827940714972  0.27118775301452525  0.27625371817123906
  0.28141573629867023  0.28700401001827996  0.29283967360872387  0.29857539344484385
  0.30431871540653149  0.31036619533729592  0.31645689748154016  0.32289101328085701
  0.32806148844136923  0.33327199396786389  0.33842452692087588  0.34397808204289027
  0.34982060226549955  0.35566421471659460  0.36156025199618080  0.36737573367100929
  0.37312551899657015  0.37908944478821488  0.38548026492326731  0.39240069166500785
  0.39923536305821511  0.40630761992958758  0.41326291866372999  0.42103402295974213
  0.42901958972210208  0.43500218579108274  0.44061981123644850  0.44645024806431793
  0.45289778449420942  0.45954141106855367  0.46587686915145737  0.47231173959783690
  0.47916715541015109  0.48605496299790918  0.49402844226015508  0.50229259251544756
  0.51049223189023873  0.51901807986676030  0.52768829771625392  0.53618549931913173
  0.54526372359610054  0.55446465491513719  0.56325086052509232  0.57139228371867823
  0.57946729554227494  0.58858456780938884  0.59851972649639085  0.60841546151378934
  0.61818671429888417  0.62723369673477958  0.63675710468781399  0.64755241205695080
  0.65967786688249530  0.67443030166370277  0.69047482108056835  0.70612835155460996
  0.72205999053464553  0.73965177896130641  0.75885570291091953  0.77787431772582594
  0.80010415927671275  0.83175999244139609  0.87355392491260664  1.00000000000000000
   4.5529004204860161E-003  -1.0000000000000000     
 F F F F F F F F F F F F F F F F F F F F F F F F F F F F F F F F F F F F F F F F F F F F F F F F F F F F F F F F F F F F F F F F F F F F F F F F F F F F F F F F F F F F F F F F F F F F F F F F F F F F F F F F F F F F F F F F F F F F F F F F F F F F F F F F
  <DiscreteSampler_grid>
  grouped_processes
  1 # 1 for a reference and 2 for a running grid.
  10 # Attribute 'min_bin_probing_points' of the grid.
  1 # Attribute 'grid_mode' of the grid. 1=='default',2=='initialization'
  0.0000000000000000 # Attribute 'small_contrib_threshold' of the grid.
  0.5000000000000000 # Attribute 'damping_power' of the grid.
 # binID   n_entries weight   weight_sqr   abs_weight
    19   10   2.405391410672505E+002   3.812660548705383E+005   2.405391410672505E+002
    20   10   2.405391410672501E+002   3.812660548705368E+005   2.405391410672501E+002
    25   10   4.789973910465799E+002   1.481556073081964E+006   4.789973910465799E+002
    26   10   4.789973910465791E+002   1.481556073081958E+006   4.789973910465791E+002
    34   10   2.405391410672505E+002   3.812660548705385E+005   2.405391410672505E+002
    35   10   2.405391410672500E+002   3.812660548705368E+005   2.405391410672500E+002
    37   10   2.336615489913298E+002   3.057294584339241E+005   2.336615489913298E+002
    38   10   2.336615489913294E+002   3.057294584339229E+005   2.336615489913294E+002
    43   10   4.588753967546908E+002   1.370352185490486E+006   4.588753967546908E+002
    44   10   4.588753967546897E+002   1.370352185490480E+006   4.588753967546897E+002
    52   10   2.336615489913299E+002   3.057294584339243E+005   2.336615489913299E+002
    53   10   2.336615489913294E+002   3.057294584339230E+005   2.336615489913294E+002
  </DiscreteSampler_grid>
