  0.00000487543660267  0.00000525128712768  0.00000585476876166  0.00000627921599756
  0.00000660177883481  0.00000691695403137  0.00000726337051667  0.00000763318788304
  0.00000798648101711  0.00000829674629481  0.00000860800758587  0.00000892925456701
  0.00000927021247336  0.00000975987233647  0.00001043645571562  0.00001108008311154
  0.00001172509085686  0.00001242421584442  0.00001319945370747  0.00001399797545299
  0.00001481278376909  0.00001562105933020  0.00001645205012220  0.00001727322288761
  0.00001801969047146  0.00001874939958459  0.00001952991748716  0.00002031734028370
  0.00002105416235127  0.00002178679141729  0.00002260003306332  0.00002359405658175
  0.00002466800702652  0.00002572869879596  0.00002691364864550  0.00002803209247894
  0.00002918730146004  0.00003038537576038  0.00003158687410565  0.00003269155706391
  0.00003372699172314  0.00003491816355825  0.00003620827791056  0.00003763622380144
  0.00003945088726669  0.00004119961423367  0.00004300349595904  0.00004479407606563
  0.00004665313226850  0.00004881221402645  0.00005103629695715  0.00005306602948756
  0.00005509719686815  0.00005708268825020  0.00005913388427988  0.00006147770840675
  0.00006417187191752  0.00006717385357995  0.00007055828177326  0.00007410850046398
  0.00007783826141435  0.00008164783998806  0.00008569105726180  0.00008998426715825
  0.00009424377076161  0.00009821874021544  0.00010183442980948  0.00010518627921711
  0.00010924935374300  0.00011399472412739  0.00012030785484353  0.00012835542711086
  0.00013624089801124  0.00014446084074511  0.00015426903021159  0.00016343400472888
  0.00017303945094504  0.00018294767990931  0.00019698376370334  0.00021392426921219
  0.00023353348606085  0.00025566188877502  0.00028116967756254  0.00030963436585154
  0.00034499337489526  0.00039089823836486  0.00045230633841879  0.00053672411231105
  0.00065995341232725  0.00084406245936692  0.00113872389995921  0.00175743756248480
  0.00321997408532782  0.00878779050704572  0.19573422491197906  1.00000000000000000
  0.00000003488556247  0.00000007360150943  0.00000009619858847  0.00000011323987765
  0.00000012859203458  0.00000014497563209  0.00000016673040018  0.00000019119035477
  0.00000022122438328  0.00000025744751644  0.00000030137439436  0.00000035360086222
  0.00000041011816608  0.00000047067038965  0.00000054180881949  0.00000063111333431
  0.00000076057279613  0.00000090877466253  0.00000105487300122  0.00000120897831022
  0.00000138011380340  0.00000157918521903  0.00000181825807747  0.00000208595134414
  0.00000238787874392  0.00000275019464946  0.00000328448765792  0.00000395621769924
  0.00000479987538933  0.00000583859783621  0.00000712952866048  0.00000869922448351
  0.00001043148895115  0.00001245826430217  0.00001491682816123  0.00001787745214699
  0.00002122173774229  0.00002533956103726  0.00003002563039824  0.00003588622246798
  0.00004310914764844  0.00005250302195608  0.00006400429052559  0.00007739904602151
  0.00009254853748617  0.00010909780151338  0.00012835486263281  0.00015132037462354
  0.00017645732468801  0.00020298123562697  0.00023216431186314  0.00026493240102021
  0.00030348223175926  0.00034564460566307  0.00038073283161063  0.00041460019046107
  0.00045043376216792  0.00048387158436871  0.00051634053813384  0.00054950543451940
  0.00058778291918993  0.00064333738658615  0.00069969558246895  0.00075852394679223
  0.00081513036362311  0.00087687991856279  0.00093299833381090  0.00098821622456856
  0.00104958926406844  0.00111864800139790  0.00119568737628084  0.00129089197941592
  0.00139760532776589  0.00149195296629448  0.00157903140607421  0.00166951478168455
  0.00177133789475804  0.00188280672062893  0.00204185109705037  0.00223414222922401
  0.00243027147262521  0.00265095272855878  0.00283832753892313  0.00307199197175084
  0.00336080150170463  0.00367952050334994  0.00399941169672161  0.00423326918332234
  0.00451709926672639  0.00485000704998499  0.00536448510732960  0.00592791068053545
  0.00804388395266857  0.01286111852581847  0.06122346167478422  1.00000000000000000
  0.00000002277265191  0.00000006015119504  0.00000008627919321  0.00000010823362700
  0.00000012994036908  0.00000015392014278  0.00000018746575743  0.00000022463940992
  0.00000026500973986  0.00000030650982447  0.00000034799742560  0.00000039431119885
  0.00000044912227480  0.00000051751869627  0.00000060088052529  0.00000069645185710
  0.00000080858378522  0.00000092237379611  0.00000101703293784  0.00000111922779593
  0.00000123432705367  0.00000137120568671  0.00000155234128356  0.00000178472038642
  0.00000205660750543  0.00000238922290602  0.00000277690703312  0.00000322702669682
  0.00000378479011879  0.00000436622620370  0.00000497510158693  0.00000568976500433
  0.00000661706380261  0.00000781503225288  0.00000901484421418  0.00001012010441038
  0.00001115126981337  0.00001232400701983  0.00001384315941346  0.00001571773664072
  0.00001805516799753  0.00002073552709076  0.00002394882291746  0.00002811239331224
  0.00003341573153137  0.00003916482340066  0.00004578723481433  0.00005307995831226
  0.00006122678870518  0.00007099311900645  0.00008317898371116  0.00009855644808123
  0.00011680665326352  0.00013598707582510  0.00015839084801171  0.00018492225712653
  0.00021585098753755  0.00025052810700532  0.00028585017208732  0.00032058750825223
  0.00035386268164698  0.00038695935530467  0.00042399211584357  0.00046242840281386
  0.00050110645386871  0.00054135051651830  0.00058440045117069  0.00063424843616529
  0.00068967129516922  0.00075215835145280  0.00082141263716282  0.00089081512189251
  0.00096663923681616  0.00105277661679640  0.00115557167770263  0.00126000968203127
  0.00136841306313064  0.00148889231478795  0.00163449447287508  0.00180090008701566
  0.00197595614711917  0.00217979398276963  0.00244201364175951  0.00275671471452073
  0.00311057171525448  0.00349486339524424  0.00391115185616506  0.00443317774352925
  0.00511656481954874  0.00616070346371665  0.00786867733624386  0.01036188101059226
  0.01358180194046386  0.01688136777262008  0.02190739683900450  1.00000000000000000
 -0.00034387111815306  0.00632018754960704  0.01322936635221685  0.02107842852640712
  0.02849647319484247  0.03570326281738739  0.04272331731659278  0.05018806397286947
  0.05771847798601044  0.06542042699600301  0.07350752016755904  0.08138693172743909
  0.08979467843665781  0.09950539811153292  0.10972681763509383  0.12076852479773793
  0.13282253088608667  0.14494367090929566  0.15780044273809138  0.17276627847539763
  0.18894298697714151  0.20484076644743943  0.21998613570249609  0.23386218692995028
  0.24625291040619957  0.25786985811177215  0.26871431861995293  0.27913521683685621
  0.29004360251499228  0.30213814256550237  0.31493355862011185  0.32704654252969212
  0.33792361328206677  0.34869396054634960  0.35873221904164165  0.36882303872290251
  0.37915333243209942  0.39007277205647817  0.40165934221968386  0.41394657100266757
  0.42674725085881332  0.43935599621234611  0.45126679524145441  0.46234500742462775
  0.47229149462237485  0.48140771484083933  0.49061236078026799  0.49990517094592285
  0.51212628487946388  0.52381975430963779  0.53517725214552436  0.54491185550543209
  0.55544198908806752  0.56515204430573529  0.57441415943736074  0.58470712819078807
  0.59611751323286499  0.60951596321157231  0.62181386012999917  0.63340093464428260
  0.64360872497082511  0.65386646778440005  0.66416370196861907  0.67634889486266592
  0.68890377936508518  0.69999426696176070  0.70934939486256687  0.71845368963280887
  0.72799785619097901  0.73817638267674490  0.74769628892475137  0.75804035368037370
  0.76836822190541243  0.77870139923501669  0.78810908086515141  0.79732289578643167
  0.80623763874270771  0.81524346292559657  0.82472088941927035  0.83480990359001173
  0.84675512442560963  0.86035772746250117  0.87432510352652659  0.88447661657007481
  0.89396805186397543  0.90311209605937159  0.91317800714717678  0.92520026074978390
  0.93568595372392938  0.94448056897090515  0.95309801739400191  0.96177195856955078
  0.97343600066759350  0.98326257816797591  0.99167036768923633  1.00000000000000000
 -0.00305906384980840  0.01255323760239310  0.02546000044873875  0.03889531478607827
  0.05176115821449121  0.06366958810118351  0.07493874553020177  0.08726612669953941
  0.09886300213148139  0.10995611669313922  0.12057668788312480  0.13063493771330009
  0.13813605265517118  0.14605775776870628  0.15406893694107199  0.16313382723452860
  0.17299021944167967  0.18256829219866089  0.19326155505008971  0.20540447605139484
  0.21697358491521665  0.22839830735875125  0.23952275690779676  0.25021280753492403
  0.26020992594944009  0.26993370133345357  0.28005252515042200  0.29032925361120848
  0.29989119717671286  0.30910073747698619  0.31887312236196791  0.32994156368490790
  0.34213762908980361  0.35407341071823711  0.36567909629710427  0.37780522829624980
  0.38964319033199779  0.40056387279955558  0.41103554190936076  0.42159181534951590
  0.43297080655751130  0.44441120138498358  0.45652461663735810  0.46786097531794058
  0.47854921091513825  0.48782443652978524  0.49756329070251371  0.50817431139148339
  0.51846317790925622  0.52833874597054886  0.53878810897210871  0.55102399704508020
  0.56371358674484751  0.57528697462049216  0.58512278053007383  0.59579643308463415
  0.60501711807346381  0.61330665780522486  0.62192868175792326  0.63080121187116556
  0.64055240000778924  0.65098532219455540  0.66127054993680867  0.67170003996601024
  0.68241310615980266  0.69338427586986062  0.70470358682637568  0.71609543228980488
  0.72766815504054605  0.73799210174941321  0.74744851408166968  0.75686450754871570
  0.76500455335764250  0.77220324841094201  0.77882645936091122  0.78609887173874493
  0.79577101823912944  0.80673484865155254  0.81771241776164649  0.82872761583565935
  0.83966483540140791  0.85108307447384335  0.86338871525171301  0.87522975774670841
  0.88603110614165670  0.89663507122740504  0.90737173970329221  0.91929917457295895
  0.92970148164083388  0.93903856688049325  0.94804379174993492  0.95745479214524409
  0.96736946038459315  0.97831235830646335  0.98923343579234946  1.00000000000000000
 -0.00334072241864313  0.01304436779530766  0.02567514105886241  0.03697015988425420
  0.04752199213058508  0.05746898140975440  0.06716385144938362  0.07765522412037359
  0.08895713531614637  0.10027364302249094  0.11154950808515793  0.12274532009172776
  0.13415884943482131  0.14574856039988093  0.15662248499863304  0.16659228801392248
  0.17628617018054749  0.18605301036409361  0.19523341404562755  0.20296210010124194
  0.21000294132404498  0.21728273680770899  0.22543188634678257  0.23371756759818499
  0.24149687381079746  0.24961077399430434  0.25843300756008686  0.26788961754754831
  0.27758840402584611  0.28678460863026606  0.29442768373933720  0.30156758132756245
  0.30875311506680692  0.31771560690641981  0.32894240489234211  0.33943378770990823
  0.34999679753971114  0.36186389109568173  0.37516462841203851  0.38810179516637555
  0.39948455308055891  0.41145409019254248  0.42320899540868634  0.43481524023078000
  0.44638642175705651  0.45726038791432821  0.46716122938419768  0.47690662622814772
  0.48651094439567560  0.49773758734427165  0.50862806148690898  0.51863301072631940
  0.52873085310224621  0.53852986585725116  0.54961010993011450  0.56146962621900165
  0.57455248050318841  0.58768311344091684  0.59958087188813114  0.61116951041056955
  0.62209814500063410  0.63280858785681160  0.64237467019717420  0.65255833484701031
  0.66296089779421108  0.67379833126220967  0.68483577737283474  0.69532246617458748
  0.70566458945524368  0.71573799336319077  0.72582350077578184  0.73722947658857618
  0.74970151545866470  0.76213844693570654  0.77417668113816840  0.78565413695595332
  0.79588274798983571  0.80510375976824133  0.81398930448358653  0.82350214207831562
  0.83425261189144484  0.84575570595510829  0.85715070615578959  0.86803264921463186
  0.87892432581650481  0.88994541307257791  0.90071873139907732  0.91125926066774610
  0.92158419960409732  0.93204041595197429  0.94325849972167108  0.95423332779244596
  0.96525026196254393  0.97529235652210722  0.98719026770031049  1.00000000000000000
 -0.00003805401346367  0.00000449553151567  0.00004704507649501  0.00014727403044373
  0.00029308758299188  0.00044127720877441  0.00059413495824541  0.00072594348142142
  0.00083546992379561  0.00095936120898816  0.00108343845691123  0.00120961711918436
  0.00135013473282650  0.00154226633100556  0.00173238869666017  0.00192551538279807
  0.00212467788050245  0.00232812099993774  0.00253431511852463  0.00274410325014661
  0.00296021565683400  0.00317120280724998  0.00337951927173347  0.00358480844402690
  0.00378277222119907  0.00398871199697370  0.00419905651840652  0.00441168137139297
  0.00462807984445772  0.00484806021775817  0.00506745471809712  0.00528250577329312
  0.00551187185877789  0.00574020549830008  0.00597001390008101  0.00620782423320004
  0.00646349095021175  0.00673380686049613  0.00701908324271946  0.00731439113732376
  0.00760629451614029  0.00788566692517821  0.00818298483855446  0.00846493975802832
  0.00874484564349943  0.00903510144202109  0.00933111197844676  0.00966904106913593
  0.01004417839746148  0.01041546336413657  0.01076522972431887  0.01110896389995920
  0.01147605879268631  0.01177990318888584  0.01211787151043034  0.01241508363050470
  0.01270314239633153  0.01299418403534100  0.01324889063849664  0.01354043890399853
  0.01385051703294750  0.01420824630845961  0.01471069290698158  0.01523336706474371
  0.01582792876973553  0.01622395055757362  0.01656277831154000  0.01690994069678757
  0.01728093202215414  0.01759834928429590  0.01789208943009034  0.01832088978192406
  0.01886310415729062  0.01962101090850213  0.02024302211181034  0.02079274185024944
  0.02139016229111705  0.02217578692597417  0.02334948380414984  0.02443933519267968
  0.02565053796480391  0.02657389677828467  0.02746153656790461  0.02842160792442585
  0.02939684251410827  0.03044151267449871  0.03165601847908675  0.03307344889600804
  0.03434899016379896  0.03574044714438817  0.03814360368830023  0.04098012098427093
  0.04944129066010291  0.06074742545616792  0.52935622362333501  1.00000000000000000
 -0.00136551356589886  0.00641702191687583  0.01424240667364476  0.02285806789671635
  0.03350449757435759  0.04472883262485985  0.05530481946022132  0.06676374297334757
  0.08324453193724821  0.10043175233882155  0.11754523842814932  0.13175901459886691
  0.14411875100955321  0.15681911158588413  0.16983612408210694  0.18294774610436701
  0.19690563749499659  0.21125402730858672  0.22379259047382805  0.23757492300170116
  0.25164583156966297  0.26584277331082262  0.27717764394237498  0.28775556697630117
  0.29844691897115755  0.30940357786053130  0.32057104288147181  0.33174079322982553
  0.34282087460258021  0.35295793072889609  0.36254139214988851  0.37195981493440328
  0.38080953952610902  0.38849927712491727  0.39567077978652304  0.40338279487754936
  0.41201984828135985  0.42154857608076829  0.43124374407646426  0.43981051928300052
  0.44716741064986326  0.45425557509222891  0.46186448360295479  0.47044044664665530
  0.47886478744626293  0.48624861615577819  0.49301295709627485  0.49976695722009029
  0.50682207256298373  0.51396923510666936  0.52081091932790990  0.52753431388316396
  0.53445574934939577  0.54182557778944174  0.55035067160908480  0.55810651534999478
  0.56556107809496292  0.57378270385087871  0.58179391284334925  0.58917885150672356
  0.59639838508131127  0.60386932567318508  0.61185435990423076  0.62099294210480627
  0.63027703480149344  0.63916630327463297  0.64767871791730547  0.65554859681056776
  0.66405210604086118  0.67268998725947093  0.68167951622821144  0.69049753094496125
  0.69957695560570454  0.70945114941637255  0.72277003602751688  0.73654593280412251
  0.75051664599624146  0.76310629075259384  0.77485581800383352  0.78669586760836108
  0.79885314040620792  0.81172300434594502  0.82609801029049268  0.83957592181919805
  0.85300969993143372  0.86608967863903985  0.87919122076960821  0.89296386729419941
  0.90462968144038269  0.91655224443830419  0.92874834579998233  0.94149335264881207
  0.95382264177525067  0.96840980185442260  0.98393883454981734  1.00000000000000000
  0.10633814028274688  0.16982636458932215  0.19734269729383436  0.21463418307589888
  0.23322334863946215  0.25163385420679624  0.26588509526533410  0.27816870473720284
  0.29365038360451884  0.31091105401249958  0.32758650974264436  0.34238153512639485
  0.35454428442647279  0.36947228181519587  0.38335814186655687  0.39504166223087261
  0.40695103825198381  0.41860465877930303  0.43026976566037456  0.44230625794725958
  0.45331427865360907  0.46354457389694320  0.47329049231895193  0.48475071499622885
  0.49894824918020769  0.51364372602703379  0.52671757344425396  0.53929998492771059
  0.55247455150770419  0.56587122351982888  0.57768307283507114  0.58880746801576578
  0.59970455305794179  0.61022147231980706  0.62050357021994473  0.63116598807153912
  0.64175424228357358  0.65156919325955720  0.66097348719934423  0.67117293135748690
  0.68167199025029523  0.69288051066855738  0.70475385985047168  0.71678942613914509
  0.72832825020144187  0.73594998793584576  0.74289133395852824  0.74954993386207669
  0.75571658596829483  0.76239676222262520  0.76997955955023334  0.77755686976942873
  0.78478221702795936  0.79162466598833026  0.79729293590914785  0.80358036677658107
  0.80996617724509778  0.81528654117877020  0.81995892397333514  0.82436514128851224
  0.82889478118915982  0.83377241355389975  0.83848529804857408  0.84294283615401533
  0.84725815904455204  0.85105498085013054  0.85447995493571993  0.85780397879675785
  0.86103670680393429  0.86437027355577201  0.86821750305047851  0.87228684145979463
  0.87641136591311841  0.88058385610362366  0.88480830434509439  0.88892368716279990
  0.89255782948188878  0.89632046691141332  0.90028254638286132  0.90460011055306033
  0.90909341774414432  0.91353061049641471  0.91806167344018363  0.92276887155029041
  0.92742450936556475  0.93203689320124006  0.93666365901424109  0.94124250055912684
  0.94604271412328034  0.95114983970246803  0.95673097671325558  0.96296614858058471
  0.96960462874846587  0.97692998473499948  0.98659086317596711  1.00000000000000000
 -0.01744416864112391  0.10144158918789611  0.13613476599686677  0.15657833240868130
  0.17331368149830848  0.18867917274802698  0.20565143231585822  0.21717567566793158
  0.22790825011846449  0.23742843387974380  0.24646629444092313  0.25501487468997980
  0.26291724280992990  0.27169610380346504  0.28349025726640842  0.29393363634544967
  0.30223827643805201  0.30943905866543919  0.31648847263401142  0.32348233943208682
  0.33083273903985699  0.33789533593901833  0.34464729352251805  0.35138514403083276
  0.35821630001646154  0.36526744177780940  0.37212466884303919  0.37914755412527923
  0.38610781289781843  0.39220718917521452  0.39845296568487665  0.40450459924449528
  0.41061291957262641  0.41740964511409695  0.42466459563422476  0.43173039934889013
  0.43892868869541862  0.44582206686231479  0.45299047341885673  0.45979191264900082
  0.46680778678185042  0.47404097950671115  0.48117895316585074  0.48797163113836589
  0.49432782083114718  0.50035648813003852  0.50636721412353225  0.51270692600064383
  0.51853599555938312  0.52397303509174253  0.52921304566471328  0.53439011289657257
  0.53916644443554007  0.54412083664861188  0.54935884484235642  0.55458167223981392
  0.56122810404657264  0.56814532422161002  0.57459736727866795  0.58067729944801461
  0.58684335143544986  0.59365267476619832  0.60018664949422695  0.60688443774050616
  0.61346651656717077  0.61986894670307480  0.62614946104650360  0.63309778893489999
  0.63950422286134578  0.64573161082248409  0.65273695179945213  0.65947523751088422
  0.66593884850019502  0.67192469924081777  0.67778098839002154  0.68477228125530287
  0.69200231730391626  0.69845639853767549  0.70462131075187329  0.71137139092144452
  0.71905206803276311  0.72716011983518636  0.73553257020822460  0.74417794573482177
  0.75340026531155302  0.76424954888524543  0.77566695663549567  0.78674558726029742
  0.79816806583762456  0.81075291162880725  0.82387830829381270  0.84107026394202666
  0.86241487420585672  0.87998355954044249  0.90271740602341244  1.00000000000000000
   4.5548480164603664E-004  -1.0000000000000000     
 F F F F F F F F F F F F F F F F F F F F F F F F F F F F F F F F F F F F F F F F F F F F F F F F F F F F F F F F F F F F F F F F F F F F F F F F F F F F F F F F F F F F F F F F F F F F F F F F F F F F F F F F F F F F F F F F F F F F F F F F F F F F F F F F
  <DiscreteSampler_grid>
  grouped_processes
  1 # 1 for a reference and 2 for a running grid.
  10 # Attribute 'min_bin_probing_points' of the grid.
  1 # Attribute 'grid_mode' of the grid. 1=='default',2=='initialization'
  0.0000000000000000 # Attribute 'small_contrib_threshold' of the grid.
  0.5000000000000000 # Attribute 'damping_power' of the grid.
 # binID   n_entries weight   weight_sqr   abs_weight
    10   10   2.217771660873148E+003   1.938164428927298E+007   2.217771660873148E+003
    16   10   2.217771660873150E+003   1.938164428927300E+007   2.217771660873150E+003
  </DiscreteSampler_grid>
