 -0.00250163155568770  0.00975093036806962  0.01999045277874941  0.03051226241035879
  0.04104684210884525  0.05157717621912851  0.06211567125635709  0.07265827405186204
  0.08320502156823610  0.09374555336986969  0.10428857375437889  0.11482138946097799
  0.12535709121745439  0.13589213485782017  0.14643572556554577  0.15698259828504810
  0.16752984354844005  0.17807397855599230  0.18861425626405801  0.19914180811778945
  0.20967136958067414  0.22020155272109579  0.23074552220712213  0.24128803903068399
  0.25183437234867151  0.26237562709723095  0.27291319901442201  0.28344849236144004
  0.29398655968287757  0.30452435556607815  0.31506486018986174  0.32559863822383239
  0.33614280665626589  0.34665915840180039  0.35717767156787850  0.36769373459925259
  0.37823504177078549  0.38878380408044649  0.39932474358996800  0.40986369464367101
  0.42039851420364910  0.43093709236436101  0.44147777438752800  0.45202092610944344
  0.46255702672849880  0.47308773855509456  0.48361959488200645  0.49415640679201950
  0.50469993808944003  0.51524043099656169  0.52578649954030343  0.53633357452449182
  0.54687840627621265  0.55741675445270322  0.56795360798419880  0.57849072993823669
  0.58903286359193585  0.59957643591085652  0.61011611356342665  0.62065820037483532
  0.63118037161863227  0.64170992823829021  0.65223907706590645  0.66276891859213494
  0.67330174526468700  0.68383275569795776  0.69437579128635063  0.70490668968670933
  0.71543838539584048  0.72597662366496674  0.73652695580260019  0.74706211510898513
  0.75759806726334433  0.76812955705395547  0.77867716774993634  0.78922257518133287
  0.79977278355228143  0.81030924651548986  0.82084611622778025  0.83138115248550992
  0.84192960976941555  0.85247861186517315  0.86303068432410279  0.87355737021626845
  0.88408765076866591  0.89461086702368764  0.90514853427315078  0.91567613645613877
  0.92620702110753694  0.93674888849518800  0.94729209265195613  0.95783165358930511
  0.96837127474573181  0.97891456202482208  0.98945864854516619  1.00000000000000000
 -0.00253193688105519  0.00948403551462656  0.01964285969976955  0.03016260535844429
  0.04071245640051330  0.05125594572971857  0.06179254283622150  0.07232868515312754
  0.08287201861416207  0.09340859889138135  0.10393824367612890  0.11446307462851348
  0.12500362481494567  0.13554951269173740  0.14609706821822441  0.15664116123841432
  0.16718859803215161  0.17773273393810471  0.18827868440396950  0.19881633261260195
  0.20935879105423613  0.21990070612431223  0.23044386493988581  0.24098802392710209
  0.25152493856311120  0.26206716024063081  0.27260485170011434  0.28315209165571986
  0.29369967211885345  0.30424366334208147  0.31478534034987166  0.32532683449286381
  0.33587420629632231  0.34641485103828545  0.35695563411933223  0.36749397367723952
  0.37803980338098259  0.38858303343907635  0.39912131329830708  0.40965915891782234
  0.42019942488293410  0.43074405736973292  0.44128680354387340  0.45182932510285584
  0.46237647840716484  0.47292346862807827  0.48347044233849423  0.49401357605390694
  0.50456098227681623  0.51510518126751803  0.52565214768857427  0.53618902868320995
  0.54672748636819990  0.55726675281077853  0.56781392801134911  0.57836464237108665
  0.58890823986008245  0.59945391172270446  0.60999641556678952  0.62054403552577286
  0.63108984866826245  0.64163432674284437  0.65216658343547929  0.66269277474947108
  0.67322226036161859  0.68376605055462758  0.69431551619073850  0.70486472116664256
  0.71541122556953463  0.72595520289663207  0.73649598481493517  0.74703465569239436
  0.75757298553852503  0.76811368918075107  0.77865742105663072  0.78920428851521141
  0.79974913609463749  0.81028668129765280  0.82082255281912930  0.83135745256445837
  0.84189909329423462  0.85243327911453703  0.86296748799695444  0.87350200092553232
  0.88404311245039990  0.89458811213044198  0.90512832986567304  0.91567159358160388
  0.92621442029184797  0.93675927587469054  0.94729915994351810  0.95783763565507118
  0.96837546121682694  0.97891657079022676  0.98945720967805462  1.00000000000000000
   2.5520596098396453E-008  -1.0000000000000000     
 F F F F F F F F
  <DiscreteSampler_grid>
  grouped_processes
  1 # 1 for a reference and 2 for a running grid.
  10 # Attribute 'min_bin_probing_points' of the grid.
  1 # Attribute 'grid_mode' of the grid. 1=='default',2=='initialization'
  0.0000000000000000 # Attribute 'small_contrib_threshold' of the grid.
  0.5000000000000000 # Attribute 'damping_power' of the grid.
 # binID   n_entries weight   weight_sqr   abs_weight
    10   10   1.322623097372511E+010   1.749331857703254E+020   1.322623097372511E+010
  </DiscreteSampler_grid>
