 -0.00242502295287763  0.00950440755738292  0.01966716554345298  0.03019212619214178
  0.04074220288493328  0.05128922364011336  0.06182696183714564  0.07237202835336956
  0.08290804958038127  0.09344683097705073  0.10397743524174280  0.11451671183676053
  0.12505871857817966  0.13560319023637904  0.14614065168857177  0.15668184087320258
  0.16722435604915845  0.17776824632852625  0.18830874182089238  0.19884564811768629
  0.20937678726129383  0.21990935344719853  0.23044590713799773  0.24098845790216794
  0.25152872422899714  0.26207311670251443  0.27261626226293184  0.28316137315142598
  0.29370777326315628  0.30425709350793867  0.31480803091428683  0.32535774988221094
  0.33591007998186628  0.34645725788313575  0.35700285170745155  0.36754396263619210
  0.37808849365144531  0.38863243430513966  0.39918068004242924  0.40972176152628692
  0.42025744464571152  0.43079486173795645  0.44133751857154635  0.45188163284709026
  0.46242339809853272  0.47295563366090282  0.48349180289161037  0.49402662923641655
  0.50456873536510771  0.51511104671409691  0.52565583486069056  0.53619649293039540
  0.54674080355663102  0.55728487817310279  0.56783382054471321  0.57837755697606541
  0.58891626919401152  0.59945379071299465  0.60998751382392047  0.62052114471285924
  0.63105830126274320  0.64159963441293677  0.65214696673343098  0.66268424886351207
  0.67322509943454600  0.68375458347296170  0.69429297724722960  0.70483226338784677
  0.71537957461165735  0.72592690188093245  0.73647137400463691  0.74701237841594303
  0.75755410890599717  0.76809562538674869  0.77863577936209005  0.78917807040353738
  0.79972331418200782  0.81027343896060411  0.82082285574758673  0.83137047140533504
  0.84191757054476191  0.85246125564514408  0.86299879892287246  0.87354197652639853
  0.88408244749963116  0.89462588072114968  0.90516701947298928  0.91570821742089614
  0.92625343826209128  0.93679166505154465  0.94733069339645826  0.95786944700903132
  0.96841784746726756  0.97895346022487228  0.98948411848949602  1.00000000000000000
 -0.00236958703534691  0.00951715291884363  0.01967795369174770  0.03020256506818429
  0.04074935636968593  0.05129177025185888  0.06183190784923806  0.07237531693307685
  0.08292224161446754  0.09347114768036416  0.10402316266558478  0.11456619259244866
  0.12511493296289269  0.13565153823775752  0.14619694220619361  0.15673400414770633
  0.16728201047485863  0.17782336389879833  0.18836374225012986  0.19889652709155842
  0.20943516710517376  0.21997924788779644  0.23052926758319522  0.24106375826844353
  0.25159803417429671  0.26213081610964106  0.27267740718625633  0.28322048620659535
  0.29376243897458987  0.30429105026023479  0.31482614007364307  0.32536371736766267
  0.33591538264249826  0.34645839608659523  0.35699780118699254  0.36753900972885445
  0.37808695220016675  0.38863634677938880  0.39918200756561201  0.40972561693349852
  0.42027267217440689  0.43081974823580310  0.44136168369895479  0.45190099062864053
  0.46244144618302863  0.47299099176002091  0.48354504583177549  0.49408542649252718
  0.50462590267665475  0.51515237447041151  0.52569016301798976  0.53622216822536239
  0.54675875625172843  0.55729160385782506  0.56782885212848244  0.57837154359236242
  0.58891403066679604  0.59945230448970221  0.60998435260683315  0.62051782346016349
  0.63105596306192668  0.64159531591029140  0.65213357335859812  0.66267322852435928
  0.67320838827744989  0.68375154900311585  0.69429401407138847  0.70484505300845535
  0.71539425745595253  0.72594298419719372  0.73648715748959603  0.74702735910586215
  0.75756045453297183  0.76809743800836994  0.77862963790077122  0.78916397189523890
  0.79970465084811237  0.81024461680775872  0.82078506153585085  0.83131682285405817
  0.84185653034511065  0.85240153835360155  0.86293815896258275  0.87347469622732776
  0.88401185124623394  0.89456236779020382  0.90511085802279279  0.91565530186978628
  0.92619575637640472  0.93674229797417574  0.94729235929903799  0.95784447110639392
  0.96839015633076331  0.97893566454560654  0.98946884723184025  1.00000000000000000
   2.5530928248175799E-008  -1.0000000000000000     
 F F F F F F F F
  <DiscreteSampler_grid>
  grouped_processes
  1 # 1 for a reference and 2 for a running grid.
  10 # Attribute 'min_bin_probing_points' of the grid.
  1 # Attribute 'grid_mode' of the grid. 1=='default',2=='initialization'
  0.0000000000000000 # Attribute 'small_contrib_threshold' of the grid.
  0.5000000000000000 # Attribute 'damping_power' of the grid.
 # binID   n_entries weight   weight_sqr   abs_weight
    10   10   1.322623097372511E+010   1.749331857703254E+020   1.322623097372511E+010
  </DiscreteSampler_grid>
