  0.00000462713494527  0.00000507484149026  0.00000551651431587  0.00000572029097745
  0.00000588070676886  0.00000611939721444  0.00000633400749832  0.00000653811384069
  0.00000673535454094  0.00000692081191358  0.00000711478079904  0.00000733816020081
  0.00000755645500041  0.00000777207264809  0.00000796893556022  0.00000819041967684
  0.00000842692145064  0.00000866438280083  0.00000889518203120  0.00000912102740588
  0.00000943084388728  0.00000971818530054  0.00001000623602773  0.00001032140933071
  0.00001064516056172  0.00001098228608064  0.00001132743372310  0.00001166844558629
  0.00001199873689861  0.00001232851552718  0.00001267060788089  0.00001301522032212
  0.00001338157702953  0.00001375434498042  0.00001415438207577  0.00001458193699162
  0.00001505703398154  0.00001557310355506  0.00001610650010147  0.00001664268873970
  0.00001715294700003  0.00001767652116385  0.00001818814179988  0.00001875622548561
  0.00001935624340902  0.00002002095402550  0.00002070957781231  0.00002139968659402
  0.00002214212364147  0.00002296284460518  0.00002372773436327  0.00002453136423296
  0.00002534161670944  0.00002621350037120  0.00002712270465707  0.00002819176930046
  0.00002926010846181  0.00003054264359172  0.00003195374415407  0.00003326019181517
  0.00003452222737503  0.00003590184877620  0.00003730300992501  0.00003864688927415
  0.00004040107739821  0.00004192818934538  0.00004347350847225  0.00004504324846293
  0.00004682740963011  0.00004900330718666  0.00005123410722245  0.00005381916594175
  0.00005691150581657  0.00006055575880246  0.00006427132437754  0.00006812879375387
  0.00007230019916392  0.00007726933729848  0.00008322142291012  0.00009013472906223
  0.00009805597942961  0.00010759626949571  0.00012203189876377  0.00014128121820945
  0.00016382209528261  0.00019528223870479  0.00023158135342018  0.00027741092887025
  0.00034465702466924  0.00043589843337343  0.00060163519728468  0.00089774654551972
  0.00132487843017899  0.00300141823084336  0.26018618371931873  1.00000000000000000
  0.00000471358738612  0.00000492398586236  0.00000518933124723  0.00000545880344342
  0.00000571498853614  0.00000596078081327  0.00000618364465449  0.00000636150702007
  0.00000655053312752  0.00000675358450815  0.00000695495178932  0.00000720049572547
  0.00000749261687694  0.00000779764636407  0.00000807614657491  0.00000834930556974
  0.00000862430990758  0.00000887496260208  0.00000912102544266  0.00000941798946521
  0.00000975939348572  0.00001014624616230  0.00001049696289671  0.00001082058776757
  0.00001113502043897  0.00001149670970895  0.00001188306408866  0.00001228537531083
  0.00001272686817568  0.00001318952108534  0.00001366125683413  0.00001418372093002
  0.00001478625532211  0.00001537923995033  0.00001590800893051  0.00001645378583448
  0.00001702709500841  0.00001763833704701  0.00001838213888883  0.00001918492127736
  0.00002003119163206  0.00002093948523035  0.00002190752784928  0.00002275759853550
  0.00002351274704369  0.00002423222211791  0.00002494957799788  0.00002561902719516
  0.00002644671880279  0.00002738626753079  0.00002842858189892  0.00002947513275242
  0.00003052132351702  0.00003157056959517  0.00003264164730188  0.00003385112989085
  0.00003534822830920  0.00003714594457316  0.00003892534738491  0.00004096970800938
  0.00004282557928026  0.00004474861529131  0.00004683877074730  0.00004913714832597
  0.00005171975800176  0.00005456681575339  0.00005743550910184  0.00006046362525067
  0.00006378656508187  0.00006748631222119  0.00007113206990927  0.00007537999126743
  0.00007989984149942  0.00008500921089136  0.00009055316704617  0.00009625683325162
  0.00010287480399962  0.00011004218673114  0.00011800758440377  0.00012732320604139
  0.00014018980475983  0.00015594049199645  0.00017425094038685  0.00019532706189548
  0.00021946527783839  0.00024920482494779  0.00028953236218816  0.00033933098190232
  0.00039202218172429  0.00047013321296498  0.00058757030200255  0.00078547213207918
  0.00112698686356248  0.00214427340964494  0.14883707792368706  1.00000000000000000
 -0.00000655088288316  0.00018018277862466  0.00073810268675846  0.00178384915766266
  0.00339668117473759  0.00565544696735556  0.00822165442969163  0.01102220441451149
  0.01422876820957666  0.01789019168123765  0.02186851917299937  0.02636704498890009
  0.03072966629831597  0.03507028465930750  0.03989071178781916  0.04493939607350944
  0.05037976473920969  0.05622680090432099  0.06212991941561058  0.06817802079854589
  0.07475389270303305  0.08181765056447014  0.08909418103268049  0.09714489939679954
  0.10527907209166561  0.11314914644686154  0.12120553392299774  0.12903945799963859
  0.13650132527260248  0.14437774589401248  0.15242586371339234  0.16124829327323195
  0.16961630110086906  0.17780039698495750  0.18599702496104514  0.19447277384671344
  0.20349960014640384  0.21169751243038382  0.22038303699370698  0.22940224853662444
  0.23874526505777025  0.24960463126945731  0.26080962960063830  0.27137794218107275
  0.28185523197098350  0.29298414997863215  0.30475711645330028  0.31647319658765782
  0.32698001148015055  0.33857422367819628  0.35064083697342724  0.36226171868315654
  0.37575158217718801  0.39101305184271579  0.40625547508592408  0.42307261008857483
  0.44026630651658200  0.45728975023551111  0.47420460180784035  0.49143060376338954
  0.50916120376252672  0.52628804599513601  0.54144330067481961  0.55593798542717232
  0.57078566311568601  0.58648510857059855  0.60179587228545040  0.61707829022056793
  0.63353813546878679  0.65169082505940934  0.67024066592060760  0.68956582441514791
  0.70899263720287509  0.72855434205226555  0.74712415029357715  0.76352824136841246
  0.77773461073122474  0.79052094209686408  0.80221262017560369  0.81330639631854540
  0.82553325915075204  0.83852544939811846  0.85182917014218706  0.86435715078324293
  0.87606851947339992  0.88716958724694150  0.89792033243418878  0.90937053553380687
  0.92124852474557795  0.93334837886340960  0.94490721034954517  0.95595691162034357
  0.96682714558011162  0.97794184110445692  0.98892058370926772  1.00000000000000000
 -0.00299907907152165  0.01173254134206159  0.02483609044831712  0.03754383279180436
  0.04995411456751794  0.06218734473327864  0.07426656805954596  0.08548848402414766
  0.09324634193935998  0.10197606915218956  0.11080221768889627  0.11912606233078869
  0.12758392690394105  0.13560098703483062  0.14351693599878179  0.15376735433456262
  0.16792234908986051  0.18299732172976160  0.19748286077622446  0.21093938617298685
  0.22385768096760220  0.23537242938805092  0.24552221278112554  0.25711337036987170
  0.26883318437169629  0.28018083412675165  0.29138952714526523  0.30208752280041701
  0.31195387082334430  0.32079371395589529  0.32781118586459312  0.33477066381580395
  0.34177769894367893  0.35090851454353983  0.36072882263013845  0.37105492512621729
  0.38190844088592613  0.39374170144445736  0.40740773356050131  0.42342556059288150
  0.44070946507715425  0.45482992281567164  0.46546657367211125  0.47475988672559088
  0.48421755429579366  0.49437193053051409  0.50493890900989935  0.51662625570107545
  0.52921852402481040  0.54063978152638936  0.54939640607041074  0.55708512505276675
  0.56519914973186280  0.57251198862076869  0.58014315906971958  0.58882781839710552
  0.59744559786060547  0.60592485803606788  0.61833817851601880  0.63216697333400451
  0.64575711016208548  0.66035424614568561  0.67556812614095663  0.68872403833281459
  0.69947833743751742  0.70904238956537036  0.71884091080119361  0.72862537339345790
  0.73757038580792611  0.74714501981364012  0.75697546843641117  0.76685870308726867
  0.77612817797706113  0.78516229474624999  0.79459648181302878  0.80610200868681003
  0.81840665992390871  0.83076859882493959  0.83888463870888674  0.84638357775706785
  0.85498868398866246  0.86459442598729841  0.87366904579698446  0.88048287321508567
  0.88741609592893522  0.89508153649795752  0.90434890619341135  0.91868523391889079
  0.93645141262736520  0.94941588845090230  0.96001082826455331  0.96786467126950726
  0.97561458664767509  0.98254906988498025  0.99101517818818996  1.00000000000000000
 -0.00108425958314661  0.00482719539202374  0.01109948623622257  0.01801733900849361
  0.02515317812090095  0.03215042614693865  0.03975441680133582  0.04745295572344000
  0.05458205375676906  0.06142992229411062  0.06957052781384983  0.07682611249180854
  0.08404426885586098  0.09215405700412957  0.10099059613183314  0.11102278857060616
  0.12200405519975702  0.13404294654486812  0.14668821620481942  0.15889206966756741
  0.17135102407757194  0.18423946461791194  0.19638928288802573  0.20825866947130037
  0.21991098251909430  0.23106703657370509  0.24109232115446405  0.25063959605108810
  0.26000174731062903  0.26974664349474875  0.27999982217273972  0.29166849362301944
  0.30615070173486680  0.32280919034949557  0.33991045028185612  0.35403878733432026
  0.36812233580866066  0.38241298941324875  0.39638208966108585  0.41073373536027435
  0.42478157929354338  0.43793702464511991  0.44982438327539576  0.46114444783208530
  0.47200953571967397  0.48249913721744447  0.49292751733467682  0.50355710159787925
  0.51430472880459555  0.52610459811889054  0.53862590218575568  0.55058876012139846
  0.56086976279893852  0.57247156671092536  0.58428073321056939  0.59731993566471919
  0.60976518947097069  0.62295095098137865  0.63596745392199572  0.65051470775098696
  0.66423738578002656  0.67775010120718460  0.69000910426530293  0.70145012609671353
  0.71308890173459072  0.72458102054494278  0.73804566677993333  0.75230717334571362
  0.76683149251375671  0.77881086368805208  0.79073219255385208  0.79905755399113609
  0.80668995035741697  0.81248536461422538  0.81772598698521970  0.82303244368078876
  0.82859607749928410  0.83660472335579084  0.84385062819804024  0.85119309759586814
  0.85996738939335204  0.87056444787384424  0.88106202416303581  0.89211522784376607
  0.90305751849304439  0.91390663928973248  0.92337301016857742  0.93195245870651899
  0.94070381126246549  0.94926965066585811  0.95795203867182288  0.96555560781618166
  0.97268339755193856  0.98062544752039316  0.99040052196315920  1.00000000000000000
 -0.00307501652728612  0.01030204121222947  0.02106099563678611  0.03103614258067502
  0.04140401757999600  0.05150835681979871  0.06105416603296668  0.07002716579241401
  0.07861189000370226  0.08648352851790320  0.09383561759014517  0.10230464184791774
  0.11213082060656303  0.12171865575144129  0.12782076213339327  0.13328310344002889
  0.13883274209319924  0.14562471836515126  0.15667165516199197  0.16987042298126118
  0.18202080518931552  0.19363751187140735  0.20539222617865571  0.21744522503082203
  0.22972803985210294  0.24131245085387765  0.25387822749376443  0.26720526162726133
  0.28165493445268291  0.29621237126231592  0.31054471104512871  0.32475263833121859
  0.33875758524993205  0.35257732817596865  0.36711029293671060  0.37855115039945375
  0.38874569237450407  0.39880362633288724  0.40969475615028383  0.42182484782252810
  0.43443416589355643  0.44642309226750643  0.45777564323625730  0.46891519500300505
  0.48005770216161475  0.49134211477619194  0.50304401687019695  0.51548382224306066
  0.52820304486175251  0.54057914578740840  0.55288239121743477  0.56560537985055692
  0.57874888114863987  0.59239644291742810  0.60445178859451920  0.61414655705297727
  0.62126773028012572  0.62717449040976714  0.63338859964792504  0.63995632037653294
  0.64743834566953928  0.65814321186730573  0.66839837653434675  0.67967527455763577
  0.69250831271446356  0.70522712711685276  0.71507172884501735  0.72336673941619212
  0.73195026345126868  0.74071844685658639  0.74906675755722207  0.75702662504612106
  0.76554666294489926  0.77629784314134553  0.78851966777677263  0.79926260693079643
  0.80850848708275014  0.81749952013793115  0.82680448038213528  0.83605216660007009
  0.84707326845061981  0.85795731399889996  0.86847745684795419  0.87822883445033317
  0.88718180917453138  0.89577277805780076  0.90386749935051391  0.91150171720221251
  0.91965789989966162  0.92866026410495084  0.93848744305239873  0.94926711239128381
  0.96052589611384842  0.97365873086279464  0.98685255704832020  1.00000000000000000
 -0.00004645585794870  0.00689324770729515  0.01235427661457507  0.01495504269775091
  0.01894519149168288  0.02364544771244634  0.02837277413221842  0.03391758123082474
  0.04317556152620591  0.05650629706931676  0.06795085918874468  0.07995260399385569
  0.08964368602475055  0.09793509812466818  0.10502433703442908  0.11246853425030184
  0.12065986120066401  0.13024012899047555  0.14085157908290075  0.14989722055961388
  0.15915634474088786  0.17079595433668082  0.18254821853259123  0.19222769266077488
  0.20176619772359020  0.21184407897959368  0.22281000623234373  0.23459615186816368
  0.24682747389682247  0.25969831581209873  0.27258684222756480  0.28544335657295494
  0.29791678017057893  0.30942661049692832  0.32103217646403559  0.33280379230640345
  0.34424358211822137  0.35552373374159407  0.36774634384827637  0.38162919350286345
  0.39544227937360493  0.40783314364029222  0.42013387561065929  0.43311700423735000
  0.44687559272089217  0.46215872589135942  0.47912959467975813  0.49551426602178172
  0.51145530965049268  0.52663845659468900  0.54141839530091385  0.55741628226026985
  0.57381653343480543  0.58947483136700229  0.60397243022214786  0.61407223447033821
  0.62489436041705171  0.63627235104265600  0.64816907085074371  0.66034870774193699
  0.67142211059574364  0.68152985746683070  0.69154893291482267  0.70118908097584909
  0.71080889827456961  0.72046836759434973  0.73055022498466138  0.74193093706510771
  0.75252851355579997  0.76186725223347307  0.77125052126028026  0.78102263610462030
  0.79070636993930332  0.80134033493335977  0.81358939081987214  0.82636947932201810
  0.83793561689946117  0.84844845780000777  0.85888669109517479  0.86893463342355970
  0.88087307039938134  0.89367479113893267  0.90549492122795427  0.91702505866071182
  0.92849385461450906  0.93725022307616834  0.94405540101469732  0.95060984824709405
  0.95741630948905665  0.96477860427191842  0.97162995683894093  0.97794124071790789
  0.98425193593647309  0.98950129062431524  0.99475064531215751  1.00000000000000000
 -0.00251409354523359  0.00876510738549689  0.01915262351381391  0.02835012907405918
  0.03814589289517743  0.04937627965188353  0.06114538578301848  0.07244275583984196
  0.08341264472960444  0.09453834769075165  0.10532772255154543  0.11555454306785123
  0.12562678539460112  0.13452008905175994  0.14314329722905700  0.15251805725180911
  0.16424472431129905  0.17494842746441683  0.18499826934736657  0.19466409528402809
  0.20457378547683755  0.21390344900349156  0.22208745145442885  0.23007298148634064
  0.23917860742450575  0.24990953011060227  0.26144475802646711  0.27278452795666452
  0.28197086447898567  0.28999618029069596  0.29870041898361410  0.30784758744471802
  0.31680738771598044  0.32863958475580318  0.34089570977193645  0.35347249562652761
  0.36378898273983379  0.37415611795177434  0.38398208571410497  0.39267834564420878
  0.40089315229973932  0.40866690800039102  0.41807506971542313  0.43053731322113725
  0.44412856466876194  0.45702897504912998  0.46973371550272253  0.48291139650914272
  0.49618828417854122  0.50664701578736471  0.51484541372551751  0.52422224136332785
  0.53461717170465739  0.54523620803918460  0.55493147638348894  0.56411970491875052
  0.57464595609781710  0.58627529328723327  0.59901872011736179  0.61123855065127342
  0.62221357860318172  0.63194523081720910  0.64137120562144978  0.65015261980810546
  0.65852450159616649  0.66646945016177817  0.67500722015667580  0.68360402932697240
  0.69241849939635480  0.70173756739795357  0.71259775727527486  0.72589975496471582
  0.73942171132226175  0.75330604380867461  0.76618223541367336  0.77701536654256631
  0.78785205301295280  0.79750300144473885  0.80760738109407382  0.81817407562748423
  0.82950531126187388  0.84037412051999638  0.85013104336448708  0.86039496907119317
  0.87123940546481538  0.88175615191971968  0.89228574886735523  0.90372308438706950
  0.91515476935843876  0.92730913547072136  0.94113950048971462  0.95594300262398457
  0.96991651929544509  0.98093982800211188  0.99087071373758340  1.00000000000000000
  0.09707363247251455  0.13295581785981087  0.15270458177467947  0.15861798307296798
  0.16764930755140492  0.17499289552058672  0.18230002339723173  0.19151087039386233
  0.20101623149202219  0.20988877047915724  0.21555543898168969  0.22146795872631619
  0.22827691753871285  0.23573439868004381  0.24354298287142753  0.25145299310405383
  0.25690154955174133  0.26177716611802415  0.26665966721376311  0.27230588060017497
  0.27879482625415203  0.28495021997500608  0.29054527569267996  0.29600740263821379
  0.30156639003235991  0.30743840903237651  0.31444048615536024  0.32281112532864864
  0.33162376145211059  0.34100714826960371  0.35037739849536698  0.36060583445350497
  0.37107940063042982  0.38141049998457799  0.39073609060508352  0.39920496383386372
  0.40731931575257485  0.41531943296716123  0.42342185748926625  0.43208187885069183
  0.44119162879367080  0.45218445285469860  0.46139137351285237  0.47010007289926992
  0.47936746957989662  0.48877065415262005  0.49727021768411345  0.50573304048967938
  0.51423840093037299  0.52407472429569857  0.53474600549200846  0.54572724203542722
  0.55657873944659564  0.56698359429851153  0.57687400367452046  0.58650586161770768
  0.59678702411624440  0.60815202361720910  0.62001387908360794  0.63053353243082133
  0.63935640934506210  0.64804672093005078  0.65741220900756447  0.66770417537325255
  0.67846898363859132  0.68864463290381628  0.69730101150972212  0.70557271577616265
  0.71381948412912999  0.72189931366638915  0.72994806865228079  0.73813046895321421
  0.74532418745128348  0.75278419466660107  0.76086503127970873  0.76927656848557269
  0.77862357181748154  0.78870935701769718  0.79896521958310118  0.80915349460757069
  0.81949437081123255  0.82995980291771865  0.83989047036706277  0.85040439702240955
  0.86104508951008074  0.87315339715938967  0.88565608973947685  0.89878995132256390
  0.91317363901475523  0.92618311175077106  0.93815290260724349  0.94805422434480380
  0.95906810707312373  0.97114431681237401  0.98485354307131989  1.00000000000000000
 -0.01734861614566023  0.10567272981960067  0.14099990335556195  0.16166022337747490
  0.17791255808198714  0.19262615629758745  0.20609920606936732  0.21866375500158075
  0.22956402523542169  0.23942701418422302  0.24897006418280720  0.25864177857001291
  0.26882480935976555  0.27895668847115035  0.28810798261658999  0.29795692358548281
  0.30691584759325596  0.31573432953729297  0.32455755068275532  0.33308960962348771
  0.34101142454007644  0.34871264717704792  0.35481649531134618  0.35967008712648202
  0.36481420334828329  0.36969120425446844  0.37500025807847498  0.38084114667400570
  0.38661595340366739  0.39249984894804224  0.39844055679001472  0.40413236562421573
  0.40977508828364373  0.41520388459516699  0.42040561450368136  0.42554576851742970
  0.43098187459313297  0.43613648703009811  0.44188494816134671  0.44790094348532922
  0.45401554090942486  0.45995775270303008  0.46549104526242513  0.46994442880096177
  0.47381659496909967  0.47777665324165225  0.48186979704547594  0.48593623048818280
  0.49017368149586016  0.49440866214510309  0.49899223549046839  0.50415911217527154
  0.50985812225837501  0.51528031679676600  0.52115191294239249  0.52775379974547676
  0.53484453827753919  0.54215933463417665  0.54939872418891145  0.55697213139149782
  0.56406645640835595  0.57055020518724830  0.57696632275917992  0.58299279693044337
  0.58850890408931900  0.59409430466792101  0.59996493854276101  0.60652812431159886
  0.61329927894851732  0.61933289027535088  0.62453018430131690  0.62987158053536263
  0.63618835518463301  0.64263815190345186  0.64933948820365317  0.65603236300162848
  0.66279625482486271  0.67078403920937968  0.67921988254279231  0.68640808004842391
  0.69431343235103715  0.70226246609395770  0.71107139002755282  0.72127024906344672
  0.73118700438010131  0.74086257174524739  0.75085516230528537  0.76098213715386509
  0.77113489375408140  0.78168469266977736  0.79476444235973498  0.81182551299605044
  0.83240224335362678  0.85922840841605008  0.89543715229583676  1.00000000000000000
   5.8367712349937624E-003  -1.0000000000000000     
 F F F F F F F F F F F F F F F F F F F F F F F F F F F F F F F F F F F F F F F F F F F F F F F F F F F F F F F F F F F F F F F F F F F F F F F F F F F F F F F F F F F F F F F F F F F F F F F F F F F F F F F F F F F F F F F F F F F F F F F F F F F F F F F F
  <DiscreteSampler_grid>
  grouped_processes
  1 # 1 for a reference and 2 for a running grid.
  10 # Attribute 'min_bin_probing_points' of the grid.
  1 # Attribute 'grid_mode' of the grid. 1=='default',2=='initialization'
  0.0000000000000000 # Attribute 'small_contrib_threshold' of the grid.
  0.5000000000000000 # Attribute 'damping_power' of the grid.
 # binID   n_entries weight   weight_sqr   abs_weight
    10   10   1.521779562584205E+003   1.310747403064220E+007   1.521779562584205E+003
  </DiscreteSampler_grid>
