 -0.00250909863986752  0.00947126222262325  0.01961429858458421  0.03012125243184537
  0.04066018761366978  0.05120640888870521  0.06174924551901841  0.07229681015442743
  0.08284482549534720  0.09339788591179027  0.10395295973094866  0.11450156248790795
  0.12505035245761664  0.13559406901182045  0.14613784613695302  0.15667033162291208
  0.16720597317028515  0.17774191079216786  0.18828769516616703  0.19882261475789606
  0.20935857348641906  0.21988868909515252  0.23042805731758165  0.24097240368658046
  0.25152201222172937  0.26207353391794352  0.27262399272189464  0.28316825020951453
  0.29371384189073502  0.30426046247666783  0.31481474232357159  0.32536625852546741
  0.33590831783998992  0.34644858237091813  0.35698878521849997  0.36753269929986176
  0.37807677505509973  0.38862242507393713  0.39916840598162689  0.40971643134276431
  0.42025795759317564  0.43079577871818892  0.44133157611137963  0.45187401583727771
  0.46241549142098015  0.47295883742152173  0.48348884230902173  0.49402178587363982
  0.50455296189834486  0.51509853244917903  0.52564724287812337  0.53619670828234001
  0.54673109075026594  0.55727008591341309  0.56780827173209780  0.57835500886265934
  0.58889638367951536  0.59943197032733642  0.60997334696698102  0.62051169426227559
  0.63104370269244026  0.64156230147387161  0.65208976444322564  0.66263176008632307
  0.67318209991565570  0.68372645827242451  0.69426772836327710  0.70481396245342143
  0.71535457400032321  0.72589075195273445  0.73642532897175128  0.74697072833103362
  0.75752111691247870  0.76806927783339907  0.77861057448369297  0.78915187569742218
  0.79969709139877332  0.81024322901001966  0.82078610064910862  0.83132296252532267
  0.84185812175465402  0.85239636299575738  0.86293109705844540  0.87347273860990726
  0.88401638410045069  0.89456369026385851  0.90510510301566693  0.91564664231670923
  0.92619522476091332  0.93675075436568211  0.94729892393337478  0.95784461019114575
  0.96838086873754148  0.97892378485738940  0.98945978107650345  1.00000000000000000
 -0.00238633203280357  0.00953876476169091  0.01970657096181485  0.03023458249971893
  0.04078681233272006  0.05133581056428105  0.06188307818263529  0.07242657035024552
  0.08296446529496886  0.09350317759449703  0.10403947514631676  0.11457861996562964
  0.12511562189812692  0.13565471235596893  0.14619578459826060  0.15673412731630323
  0.16727781911848322  0.17782267795510207  0.18836681390762830  0.19891069988267243
  0.20945076501006676  0.21999767405190557  0.23053397395368383  0.24107216369027043
  0.25161016451072415  0.26214983938635933  0.27269245789453528  0.28322564806210249
  0.29376838809027273  0.30430872237360412  0.31485785662581028  0.32540538748644210
  0.33595264309485695  0.34649855818555236  0.35704397379331015  0.36759107586387141
  0.37813010049257273  0.38866512036485290  0.39919389217442436  0.40972387787615444
  0.42026061973557194  0.43079768188195133  0.44134406129080023  0.45188461250494760
  0.46242939575328773  0.47297064063488692  0.48350986213724045  0.49403809150956324
  0.50456920790054438  0.51510640921133355  0.52565409378543970  0.53619954725372421
  0.54674483886900194  0.55728598359013448  0.56783014446062441  0.57836728309555818
  0.58890415190061540  0.59944028549051687  0.60998300330839228  0.62053256866271900
  0.63108044371981520  0.64162279991241833  0.65216522698559409  0.66270764842465701
  0.67324724290171623  0.68378561967897378  0.69431253801654591  0.70484964394185856
  0.71538609915231677  0.72593514116673141  0.73648269942740963  0.74703160373892463
  0.75757568190912539  0.76812072002135234  0.77866202220960246  0.78920837797399856
  0.79975604828821223  0.81029666380879495  0.82082542738182707  0.83135450916387754
  0.84188989483342425  0.85243556806423681  0.86298140306645887  0.87352065010996138
  0.88406212506406678  0.89460083117284039  0.90514286347510819  0.91568553231514649
  0.92622420866853750  0.93676440389080495  0.94730375054460092  0.95784907321037316
  0.96839652048995883  0.97893270604828220  0.98946721978862529  1.00000000000000000
   2.5514801690367477E-008  -1.0000000000000000     
 F F F F F F F F
  <DiscreteSampler_grid>
  grouped_processes
  1 # 1 for a reference and 2 for a running grid.
  10 # Attribute 'min_bin_probing_points' of the grid.
  1 # Attribute 'grid_mode' of the grid. 1=='default',2=='initialization'
  0.0000000000000000 # Attribute 'small_contrib_threshold' of the grid.
  0.5000000000000000 # Attribute 'damping_power' of the grid.
 # binID   n_entries weight   weight_sqr   abs_weight
    10   10   1.322623097372512E+010   1.749331857703256E+020   1.322623097372512E+010
  </DiscreteSampler_grid>
