  0.00000466348121942  0.00000485700077226  0.00000504737775757  0.00000524831563730
  0.00000545409114563  0.00000566591226172  0.00000588263143838  0.00000610278755689
  0.00000637303867620  0.00000667101791682  0.00000698048184073  0.00000731654284789
  0.00000767246238324  0.00000805794772424  0.00000845376296638  0.00000885248441515
  0.00000925269741663  0.00000965850866059  0.00001007453378678  0.00001049765762572
  0.00001092754541204  0.00001137982844763  0.00001184662879446  0.00001232781325362
  0.00001284476130758  0.00001338574226744  0.00001394408198938  0.00001452586648903
  0.00001514291727610  0.00001579987885764  0.00001647013939920  0.00001720088538677
  0.00001793352289575  0.00001867167419321  0.00001943363928356  0.00002023845289559
  0.00002109646827849  0.00002200137581805  0.00002295465856738  0.00002391516982387
  0.00002489427253112  0.00002592176773787  0.00002704843440397  0.00002822251428560
  0.00002947558374652  0.00003085208316784  0.00003231335916830  0.00003384216142445
  0.00003547199043490  0.00003718618689807  0.00003893725310404  0.00004087352590882
  0.00004289022030527  0.00004494794852172  0.00004714517487661  0.00004949976901526
  0.00005199130896816  0.00005495668682277  0.00005808486281333  0.00006135228791437
  0.00006490863403346  0.00006857859170211  0.00007258924550637  0.00007675150015506
  0.00008132120544323  0.00008629748432538  0.00009176647482584  0.00009773959146608
  0.00010427786250357  0.00011149575622339  0.00011950143746653  0.00012834387299703
  0.00013802366058351  0.00014877347386558  0.00016058920426795  0.00017410467631260
  0.00018916261379861  0.00020586446324637  0.00022468934527006  0.00024708240435447
  0.00027204150123005  0.00029828444060776  0.00032823085288178  0.00036380526721541
  0.00041102434679906  0.00047477173871710  0.00055719459803001  0.00066954282781270
  0.00082219569512079  0.00105963833439744  0.00140647659369251  0.00201490519013152
  0.00343517107039315  0.01010302542254280  0.68312621433526177  1.00000000000000000
  0.00000471513180227  0.00000498507001478  0.00000517850773116  0.00000538940888664
  0.00000562895339359  0.00000588173264196  0.00000614846019496  0.00000643919624665
  0.00000676786031457  0.00000709497434304  0.00000743555188849  0.00000779143412703
  0.00000815715803237  0.00000853709463431  0.00000892900575358  0.00000932675038750
  0.00000975524729055  0.00001020259465189  0.00001066174481304  0.00001114790369961
  0.00001167041720492  0.00001218747167391  0.00001276929437782  0.00001336480593135
  0.00001396509262168  0.00001457869287329  0.00001521634861272  0.00001587628539648
  0.00001656139063793  0.00001728314373847  0.00001802637547344  0.00001872924269801
  0.00001951760997505  0.00002034696685652  0.00002120726706834  0.00002213038800035
  0.00002311840251562  0.00002415712741853  0.00002523353457919  0.00002636169210419
  0.00002759064302049  0.00002885932339284  0.00003017249781008  0.00003162045633487
  0.00003305614922677  0.00003462461782978  0.00003629238753534  0.00003802813585455
  0.00003988869210360  0.00004187842128573  0.00004391212896197  0.00004601424591512
  0.00004820540644604  0.00005047255276539  0.00005288743030009  0.00005565394930849
  0.00005847358286030  0.00006162611673406  0.00006498843843805  0.00006847211748662
  0.00007233291397276  0.00007642329910981  0.00008088510817164  0.00008578115499603
  0.00009114462528169  0.00009701006174975  0.00010349146900503  0.00011063872547997
  0.00011839597960577  0.00012661516381908  0.00013514707191052  0.00014444727394285
  0.00015484775696129  0.00016627251756255  0.00017877451009152  0.00019260888522289
  0.00020876736029631  0.00022688867108278  0.00024829922094265  0.00027210511928495
  0.00029870985672146  0.00032959898434520  0.00036615342266111  0.00041130500806454
  0.00046503876663637  0.00053192756343536  0.00062419649930417  0.00074308366722295
  0.00091516053868885  0.00118229451279537  0.00154794644252335  0.00214502576956718
  0.00350832037198370  0.00884009369487262  0.41735389134247369  1.00000000000000000
  0.00000782337740519  0.00000866550093013  0.00000930031694808  0.00000989782910652
  0.00001043536275526  0.00001100230662599  0.00001157491762648  0.00001216115998891
  0.00001271406831324  0.00001325382083233  0.00001379313262218  0.00001437054100590
  0.00001497529219912  0.00001561829348223  0.00001626144211148  0.00001691949512882
  0.00001754335708775  0.00001817501466702  0.00001888193225253  0.00001966091095672
  0.00002046880378556  0.00002126790389693  0.00002204809444471  0.00002283903340358
  0.00002366386506402  0.00002453045182158  0.00002543126615926  0.00002639007818395
  0.00002742912359516  0.00002855993057372  0.00002975993810547  0.00003101179475322
  0.00003234433508250  0.00003368331787212  0.00003507127802410  0.00003664241381066
  0.00003823906072039  0.00003983715552740  0.00004146061787233  0.00004308041611341
  0.00004471129965319  0.00004653690104050  0.00004847266934190  0.00005048644309007
  0.00005259478943645  0.00005479159325593  0.00005708928446177  0.00005950194080799
  0.00006198300105595  0.00006446011089076  0.00006700417965587  0.00006965377424580
  0.00007242494150836  0.00007535892212991  0.00007846114695469  0.00008164578249538
  0.00008491798444004  0.00008836878503075  0.00009208407294426  0.00009607007213342
  0.00010047832752575  0.00010507645405963  0.00010996055170719  0.00011523642572174
  0.00012085521228424  0.00012717852603160  0.00013448696583266  0.00014246578033815
  0.00015139326370836  0.00016135752269159  0.00017220968611855  0.00018384582816108
  0.00019703623713777  0.00021150154348880  0.00022861865950254  0.00024833473851678
  0.00027094886381205  0.00029838597323392  0.00033076293133798  0.00036884608277987
  0.00041259456984692  0.00046460937754464  0.00052728158779761  0.00060329805858329
  0.00069754289650877  0.00082066547086135  0.00098631492499607  0.00121707748133123
  0.00154321904148249  0.00202111727504437  0.00275241677184443  0.00413987754865113
  0.00686371358960991  0.01372163574432432  0.42713309605684535  1.00000000000000000
 -0.00245522542780437  0.00885805130069423  0.01770699251183817  0.02595883196893835
  0.03386350866199836  0.04179357438519040  0.04989061504499565  0.05820419577859570
  0.06638857757800022  0.07449905847229185  0.08254411365861762  0.09056538954307630
  0.09877192851191052  0.10682096000210746  0.11491115824897565  0.12308745003744248
  0.13179495971518665  0.14078584198209521  0.14976408823524182  0.15893153367331270
  0.16859798650346486  0.17890503840251529  0.18933224250189723  0.19970703054308589
  0.21026767558361362  0.22124975954040249  0.23249549829618787  0.24398684056785241
  0.25555423520827975  0.26720646505548756  0.27876889359424312  0.29008052836116133
  0.30170074056337420  0.31361345894874970  0.32574520655612665  0.33824877739080678
  0.35119989459372952  0.36414860745767819  0.37716780490769508  0.39021098112760849
  0.40307338870311876  0.41588415663505118  0.42838453947645522  0.44031855803548842
  0.45227216362341421  0.46501962164861510  0.47855435880317482  0.49220236241732213
  0.50552881146067541  0.51834300471170003  0.53112504165586527  0.54414435414695661
  0.55725427675691586  0.57023796803879201  0.58316901946804112  0.59594120229190606
  0.60865440710413132  0.62110180699814377  0.63318254102334237  0.64506469241972419
  0.65810935416770888  0.67072312274785029  0.68272938781146375  0.69413255002020047
  0.70515514082007624  0.71611213128313667  0.72698294778796624  0.73736958705110900
  0.74743868332368524  0.75744035238210683  0.76777287049514242  0.77836627440489037
  0.78899331773625669  0.79950263815177125  0.80978635425062317  0.81968645690360997
  0.82914937468142447  0.83813607551867331  0.84714950675050649  0.85604406681317247
  0.86484695861277727  0.87367805139184818  0.88287763382739792  0.89167881185502740
  0.90022654232874244  0.90830431279441859  0.91611092960541796  0.92528656232803863
  0.93395746699674409  0.94253564930467770  0.95105393977813968  0.95987605833646883
  0.96943818753485289  0.97952550988613174  0.98955994957007820  1.00000000000000000
 -0.00246222343281275  0.00889152572645020  0.01939602207667376  0.02932723517741607
  0.03958612132094849  0.04937100890872007  0.05905112475393058  0.06837359331155582
  0.07775459402302536  0.08771859342959384  0.09847401865257865  0.10930341795717584
  0.12019868430241797  0.13066852496125578  0.14082554883902787  0.15131830950277886
  0.16194814904367377  0.17242744794476766  0.18265885379841243  0.19336682977251399
  0.20401479216160084  0.21480552449246282  0.22544329920839698  0.23633125173720040
  0.24699423509110308  0.25785545938803450  0.26914621926772503  0.28048363722261188
  0.29083073956593636  0.30063254571600928  0.31027185771685156  0.32047151282678032
  0.33088802324048605  0.34129799189421900  0.35179199062530025  0.36249876931548330
  0.37339883193781592  0.38405353324781977  0.39476949880526679  0.40568289482175590
  0.41662176258594591  0.42763916101793642  0.43843636747943066  0.44950750658756183
  0.46069026342586156  0.47173214393903606  0.48242393388131388  0.49252738910298849
  0.50271916502892477  0.51318619947623756  0.52375493061928358  0.53436820150867881
  0.54511051987413905  0.55586776823872219  0.56669020110777191  0.57712530031385478
  0.58739998601846521  0.59765387330897335  0.60829543708863809  0.61917626459171926
  0.62990735606188197  0.64041446608880848  0.65101421093243750  0.66191682069803781
  0.67294320802935681  0.68342516133206055  0.69355380586987769  0.70345828767050922
  0.71372513206962662  0.72441572549841382  0.73519874073459623  0.74587458884429203
  0.75666843659229699  0.76769659883908403  0.77863897326292497  0.78925806024675327
  0.79988910200269070  0.81059017953336088  0.82136786832737785  0.83220046468986542
  0.84318933630601423  0.85441453128356193  0.86501137605902390  0.87527689144510035
  0.88538072709802784  0.89569640008867613  0.90615712362181877  0.91649741037816934
  0.92661653683560774  0.93696835558124736  0.94685633378984080  0.95780033090372707
  0.96842986490034177  0.97923834334126503  0.98965847443745192  1.00000000000000000
 -0.00281579402597157  0.00883313902717692  0.01794166792110826  0.02583127677407716
  0.03344726010499459  0.04102114578546329  0.04845150206627345  0.05615673007027127
  0.06364038053198416  0.07052950501943563  0.07742362645305621  0.08474462955860085
  0.09279770540429215  0.10094188368309277  0.10959570572622641  0.11852493751184837
  0.12757589918144369  0.13702335835613311  0.14652673075810224  0.15590524093363131
  0.16523239206828025  0.17462357488426511  0.18412697718041912  0.19386093614766817
  0.20391386707400008  0.21415699757330164  0.22462683550823537  0.23537141652011451
  0.24618626453626177  0.25734175312663798  0.26879918417649024  0.28010195641945296
  0.29153763575275460  0.30306176468480150  0.31476600308343122  0.32652183406579000
  0.33845656368260524  0.35074635223420519  0.36360049975189268  0.37671267841395062
  0.38948909491740941  0.40290578368310270  0.41713081522576007  0.43147965038715685
  0.44496084647077333  0.45749449894963901  0.46962569788894759  0.48188899856584266
  0.49434081450670481  0.50726778171719977  0.52069364414126706  0.53424078976892964
  0.54785252380645411  0.56131876507607459  0.57490217081486039  0.58818328827660260
  0.60114160656154714  0.61363178783488759  0.62654348714096542  0.63972624321571814
  0.65310067436141950  0.66613359598342237  0.67867629622787329  0.69064949711601420
  0.70234511269405209  0.71387953332054011  0.72533441418643507  0.73714975651964199
  0.74904723522219241  0.76060893323573220  0.77214959334853250  0.78316345690345646
  0.79350348782908264  0.80341799876201103  0.81354956932033273  0.82399237301658756
  0.83441644865550091  0.84441565764486604  0.85457667317694475  0.86371727785681995
  0.87244058591549611  0.88079689810088824  0.88916157131253015  0.89791321891605280
  0.90727814212580993  0.91659183272638911  0.92505334479044965  0.93295398404653185
  0.94062415604897009  0.94828576337994930  0.95613236569274773  0.96388830830114536
  0.97175399717489830  0.97991352265163845  0.98978208363493625  1.00000000000000000
 -0.00258328492077301  0.00968368923681931  0.01964817120101998  0.03053430733232223
  0.04130933430617461  0.05225594340896991  0.06299451818031912  0.07370627758190557
  0.08442085153815612  0.09506065469789922  0.10578884533634375  0.11619059582089054
  0.12670008819399267  0.13750085744207355  0.14856838586535051  0.15920554483361146
  0.16930848994708744  0.17961593110226884  0.18984430810253924  0.19953265664088154
  0.20888971663438344  0.21874362792678329  0.22906595771471852  0.23957275334763320
  0.25018281229361466  0.26108277410946928  0.27175069062629931  0.28165740112036614
  0.29156053243644758  0.30145113691732750  0.31128194690934280  0.32113481464285987
  0.33135425548475445  0.34215369761066017  0.35330909334883265  0.36486903308690422
  0.37686064120981588  0.38881860016541764  0.40005629963476858  0.41054124217944771
  0.42081358151168119  0.43018972511510323  0.43975269725866861  0.44929689549491392
  0.45890754377144222  0.46881032998739597  0.47839639479570129  0.48868502682220771
  0.49914841319478526  0.50993902073299757  0.52085200562274170  0.53187078151780576
  0.54277075560074328  0.55347531808680284  0.56412669239155278  0.57486450379528642
  0.58551292887748829  0.59613606888980797  0.60704628801373839  0.61790115286870584
  0.62910545691412512  0.64052593148030390  0.65165610696252962  0.66258253162307812
  0.67313955545367032  0.68388249048725158  0.69457027233620605  0.70572154726980063
  0.71677443353490755  0.72747002428020835  0.73762780473199474  0.74779060011853526
  0.75804695735196670  0.76858499871412045  0.77944415758207186  0.78992077828804175
  0.80075265084164349  0.81137031155900241  0.82356491888767291  0.83591922982477784
  0.84656196383973881  0.85699852473006111  0.86690513439719918  0.87774924617587147
  0.88785423381078932  0.89771068364122275  0.90769976811334552  0.91784850850368926
  0.92776515161271089  0.93799115018632961  0.94822965536974146  0.95878400370561101
  0.96883351872342394  0.97891357682562485  0.98930648738344051  1.00000000000000000
 -0.00253946113356406  0.00953609499796752  0.01996710056460405  0.03026358888740631
  0.04072225879985532  0.05132231570722468  0.06202871288697892  0.07265457844353079
  0.08285710135494212  0.09356375109746524  0.10425389599640007  0.11539072582167786
  0.12597769349280286  0.13670699203527162  0.14715175031842609  0.15786324962236939
  0.16894360451652060  0.17995241500293288  0.19088864532246511  0.20179732251661145
  0.21227923564654794  0.22284376982586379  0.23382605252374555  0.24483353304211969
  0.25515338468280346  0.26498184534578884  0.27600724809636390  0.28747511406924348
  0.29836691828873307  0.30877622071346283  0.31965185368678611  0.33089410078881187
  0.34202219421603802  0.35310621649753637  0.36391455661732253  0.37443898501840028
  0.38487624497047468  0.39549538828306391  0.40603227673927367  0.41659923962897039
  0.42727965115251892  0.43792823734494352  0.44821508562978102  0.45842275326972060
  0.46872348912763212  0.47915770472182739  0.48932458166684856  0.49959119665668195
  0.50982369012729056  0.51979289703527154  0.52986672956349867  0.53978557402828897
  0.55008551533664174  0.56046070252128788  0.57109188286737700  0.58160606255989655
  0.59212162075137842  0.60302493990475503  0.61364509797038658  0.62397976282866907
  0.63400361867333366  0.64410591141854789  0.65425109227324107  0.66458970881875012
  0.67538217930206546  0.68660032068484911  0.69810911159626177  0.70967849595099763
  0.72113432866733607  0.73207471236830157  0.74246987224619310  0.75275289924692268
  0.76333570375046744  0.77396182701351135  0.78433576852673559  0.79453601178585687
  0.80471177210620504  0.81502198108340462  0.82554200843983827  0.83632358988063493
  0.84708927130742318  0.85802213725850152  0.86910766383322258  0.88014533954671625
  0.89111906647334416  0.90220686475083711  0.91315873815063309  0.92370445046653216
  0.93392837262914541  0.94408432162473988  0.95434561313361466  0.96399664929648921
  0.97298718824475650  0.98170704540005715  0.99059192722400380  1.00000000000000000
  0.03995471696506175  0.05239070155604775  0.06315374383488234  0.07373048625689631
  0.08537822398228896  0.09903928119446141  0.11308093746902950  0.12528679381008742
  0.13668311493846358  0.14822837974337971  0.16114107909551714  0.17392861124996636
  0.18667205706648859  0.19975446869019436  0.21299589574210007  0.22656159100931136
  0.24007799809618929  0.25379072438079997  0.26766648817261096  0.28180369300884966
  0.29541549898073016  0.30875219693675482  0.32193923355190046  0.33558268995874785
  0.34953727625878839  0.36330468731051435  0.37652337661200080  0.38942340401968661
  0.40214528133882810  0.41492804708735931  0.42799495197886461  0.44090116724458223
  0.45395228114781150  0.46702255397505688  0.48009970936357033  0.49257057191983555
  0.50456261732874441  0.51634459241170327  0.52798342634138262  0.53940514776672110
  0.55076100453713805  0.56216847011245796  0.57374025144416185  0.58518521611878493
  0.59649702287637918  0.60754149408657243  0.61845760708149411  0.62934937369737598
  0.64013923954524454  0.65075701859994017  0.66116737805576575  0.67097422453554734
  0.68053717664648983  0.68990591924466593  0.69927412993029003  0.70873334111623953
  0.71807340384563012  0.72715281541358279  0.73602727414856839  0.74487988055013521
  0.75373409489842813  0.76257136385564472  0.77121616829820305  0.77956803354446447
  0.78784077909564654  0.79620963076873708  0.80462159754815499  0.81276492505855613
  0.82068761542812607  0.82836732478634045  0.83592572003562982  0.84334546841876845
  0.85082023711126986  0.85818690362535310  0.86521267505623789  0.87214764253216603
  0.87881445045404349  0.88543082944548424  0.89206373499307923  0.89861551454078903
  0.90500304022771949  0.91120644380655458  0.91735831805552948  0.92358796647908070
  0.92996085149089924  0.93640655516980620  0.94245958913083649  0.94825495005593230
  0.95385504962973389  0.95936949624041290  0.96499895248453116  0.97083275913316458
  0.97687497424408842  0.98330861167887296  0.99091514769526290  1.00000000000000000
 -0.01885721992838914  0.10775110585839970  0.14479866444270822  0.16742661946066631
  0.18479035795547044  0.19912585025700905  0.21158855656442355  0.22305727136350686
  0.23387378922101906  0.24432174255788641  0.25394873250562450  0.26295401309186706
  0.27139673341960485  0.27894754895685969  0.28615346967590416  0.29294436643468630
  0.30013800200097052  0.30717925666249957  0.31445551933262478  0.32200824250172838
  0.32896350073802322  0.33562325594780684  0.34218579297913282  0.34897835208723027
  0.35582301056610116  0.36246446868730176  0.36919742623395507  0.37577437816771075
  0.38220955378688704  0.38847132242625843  0.39462179861168162  0.40070887899450708
  0.40654781005959650  0.41221650328678638  0.41776653627463040  0.42340462774962218
  0.42914331098942443  0.43488012490028788  0.44087491724187244  0.44688817834642652
  0.45305948943816338  0.45896790473453797  0.46473722868301798  0.47055949513679807
  0.47637348234952315  0.48229817674962244  0.48811375750801944  0.49383015285361409
  0.49947937221579974  0.50507464821008641  0.51071175227356080  0.51633550151099816
  0.52175830558740233  0.52745915402572319  0.53304039690378424  0.53884358619950534
  0.54467185621891556  0.55042249383879827  0.55638597473191431  0.56228426013516419
  0.56823262643875760  0.57405951990323401  0.57986188942791084  0.58566252606374958
  0.59145626389109440  0.59717084573979629  0.60281365165820222  0.60859302958773731
  0.61442927971289341  0.62032204769367505  0.62647852222679312  0.63282510729887997
  0.63929460491392442  0.64587210787126836  0.65287273255369072  0.66003526936935242
  0.66730645113638742  0.67492908571869370  0.68271379026610157  0.69060219338607476
  0.69874718118201984  0.70725499392087621  0.71619512959030363  0.72566597814949740
  0.73504325715741525  0.74483312881589647  0.75487001815750732  0.76542267290921973
  0.77626660144761617  0.78791110065548076  0.80104803607924990  0.81586158119018659
  0.83324257409755886  0.85534195295963866  0.89050784957294316  1.00000000000000000
  0.12594687650400821       -1.0000000000000000     
 F F F F F F F F F F F F F F F F F F F F F F F F F F F F F F F F F F F F F F F F F F F F F F F F F F F F F F F F F F F F F F F F F F F F F F F F F F F F F F F F F F F F F F F F F F F F F F F F F F F F F F F F F F F F F F F F F F F F F F F F F F F F F F F F
  <DiscreteSampler_grid>
  grouped_processes
  1 # 1 for a reference and 2 for a running grid.
  10 # Attribute 'min_bin_probing_points' of the grid.
  1 # Attribute 'grid_mode' of the grid. 1=='default',2=='initialization'
  0.0000000000000000 # Attribute 'small_contrib_threshold' of the grid.
  0.5000000000000000 # Attribute 'damping_power' of the grid.
 # binID   n_entries weight   weight_sqr   abs_weight
    10   10   1.998306072924613E+006   1.833443823002835E+013   1.998306072924613E+006
    16   10   1.998306072924613E+006   1.833443823002835E+013   1.998306072924613E+006
    22   10   1.998306072924613E+006   1.833443823002835E+013   1.998306072924613E+006
    28   10   1.998306072924613E+006   1.833443823002835E+013   1.998306072924613E+006
    34   10   1.998306072924613E+006   1.833443823002835E+013   1.998306072924613E+006
    40   10   1.998306072924613E+006   1.833443823002835E+013   1.998306072924613E+006
  </DiscreteSampler_grid>
