 -0.00241646510493385  0.00956801854203036  0.01974195314450553  0.03026697631909184
  0.04081549817343909  0.05136505040135998  0.06191519217769077  0.07246639122277934
  0.08300348701703611  0.09354234151195860  0.10407639109395532  0.11460979432194274
  0.12514258408632437  0.13567957539911027  0.14622696252177561  0.15676160707465589
  0.16729218849360136  0.17782685325430386  0.18835754492097351  0.19888584363952358
  0.20941435327705307  0.21995805057487258  0.23050309353141835  0.24104070491195198
  0.25157790424316567  0.26211658263309279  0.27265706315069688  0.28319917471867539
  0.29374111771203315  0.30428674660912391  0.31482468591608986  0.32536414060863528
  0.33590460712495190  0.34645361005952457  0.35699668197288947  0.36753891823158807
  0.37807385843246788  0.38861056370601271  0.39914752226926425  0.40969204363835809
  0.42023736004896223  0.43077478719143325  0.44130962143713193  0.45184957848494400
  0.46239547452975532  0.47294429483536604  0.48348013119423416  0.49402112458465969
  0.50455561660594017  0.51510150845225089  0.52564477322621961  0.53619137263062577
  0.54673902298365218  0.55727250663046957  0.56780263963064437  0.57833030778873806
  0.58887462300769400  0.59940983409389137  0.60994729801441738  0.62048080447633092
  0.63101221247085415  0.64154140922846414  0.65207268969580834  0.66261510048022099
  0.67315102924857129  0.68368335710950023  0.69422110188597663  0.70476199992771460
  0.71530799811332124  0.72585391263751009  0.73640467549361233  0.74695147821475827
  0.75749910499064121  0.76804248653618423  0.77858549900809759  0.78912450290434022
  0.79966122928289540  0.81020161788449085  0.82074383699700715  0.83129220123571945
  0.84183999564066225  0.85238919305277827  0.86294105357533712  0.87348491415440155
  0.88402569213391446  0.89456260114645092  0.90510567557873545  0.91565146919092444
  0.92619838073262251  0.93674760730108575  0.94729782053713762  0.95784428260023025
  0.96838299485512547  0.97891517171154796  0.98945488252070757  1.00000000000000000
 -0.00243916607943765  0.00947165103385440  0.01961506069963110  0.03010078642805369
  0.04064332874649557  0.05119346019344821  0.06174555102483675  0.07229935034160047
  0.08285197539304695  0.09340391762582886  0.10394169092127396  0.11446722621120385
  0.12499342278788024  0.13553086495775638  0.14607230335761143  0.15661298033604301
  0.16715669333276720  0.17771026950830077  0.18825887846508280  0.19880562720809369
  0.20935166260422408  0.21989284989799762  0.23043211653715204  0.24096629424867347
  0.25151079902408530  0.26205726056632389  0.27260923460274245  0.28316022437508714
  0.29370739495295867  0.30425503993050085  0.31479694196511798  0.32534335499239359
  0.33588569867874907  0.34642936266402929  0.35697288989080111  0.36751448363225647
  0.37805093928641914  0.38859029278663670  0.39912268261820277  0.40966449882145772
  0.42019987293070299  0.43074804089121699  0.44129227693951945  0.45183624504766712
  0.46237167408922125  0.47291069563125937  0.48344924631410291  0.49399732955158354
  0.50454007989331118  0.51508857618993409  0.52563585723162887  0.53618953833023841
  0.54674007424309223  0.55729076200662386  0.56784144325712416  0.57839414690529911
  0.58894068346453643  0.59948046819949308  0.61002038347391352  0.62056666336717015
  0.63111674607089552  0.64166002279239931  0.65220209961312114  0.66273904729220356
  0.67328095858860515  0.68381447512938698  0.69435717124781260  0.70489059217428063
  0.71542368021486880  0.72594985538574441  0.73649003521369416  0.74702544263749171
  0.75756784627097784  0.76810755157749555  0.77865387592096402  0.78919991893296060
  0.79974146400874913  0.81029096430864489  0.82082999217549113  0.83136616452290857
  0.84190151653599421  0.85244747073114047  0.86299681396895445  0.87353753262593758
  0.88407124408246063  0.89460124705729072  0.90514218084124931  0.91568351994569974
  0.92623380401649835  0.93678375203313113  0.94732282183104655  0.95786249420327918
  0.96839835670973295  0.97893985378274584  0.98947306376096622  1.00000000000000000
   2.5644879826660836E-008  -1.0000000000000000     
 F F F F F F F F
  <DiscreteSampler_grid>
  grouped_processes
  1 # 1 for a reference and 2 for a running grid.
  10 # Attribute 'min_bin_probing_points' of the grid.
  1 # Attribute 'grid_mode' of the grid. 1=='default',2=='initialization'
  0.0000000000000000 # Attribute 'small_contrib_threshold' of the grid.
  0.5000000000000000 # Attribute 'damping_power' of the grid.
 # binID   n_entries weight   weight_sqr   abs_weight
    10   10   1.322623097372513E+010   1.749331857703260E+020   1.322623097372513E+010
  </DiscreteSampler_grid>
