  0.00000465826497075  0.00000479623397806  0.00000497661669558  0.00000517681288672
  0.00000538339621659  0.00000560394487952  0.00000582544832974  0.00000606284360708
  0.00000632712714425  0.00000662751344020  0.00000692264375401  0.00000722920934263
  0.00000754649687989  0.00000788061821069  0.00000824334333304  0.00000862115803170
  0.00000901143612330  0.00000941030584305  0.00000982465619033  0.00001025119330892
  0.00001067658920952  0.00001113109368322  0.00001160049194898  0.00001207848966229
  0.00001259649762149  0.00001313834422538  0.00001368706609485  0.00001425928239532
  0.00001487485662206  0.00001554955211258  0.00001626475148806  0.00001699455145298
  0.00001773543553224  0.00001849208482248  0.00001927658447917  0.00002011384588444
  0.00002098334283975  0.00002188317180289  0.00002290040243117  0.00002390727615355
  0.00002494919413043  0.00002608290972537  0.00002729697347044  0.00002859521080031
  0.00002997153372737  0.00003142703995989  0.00003296144056900  0.00003457507768711
  0.00003628881040441  0.00003810144932520  0.00004000490678704  0.00004202965889895
  0.00004419827347395  0.00004649866818069  0.00004896758885095  0.00005162954911722
  0.00005443895718640  0.00005742934528157  0.00006064922345645  0.00006415362659671
  0.00006794113490233  0.00007192390901748  0.00007600772847668  0.00008031964334539
  0.00008490336424487  0.00008987100137796  0.00009517750035116  0.00010059545588027
  0.00010633827170806  0.00011252545808784  0.00011962142736608  0.00012823148030755
  0.00013797459850523  0.00014847291846508  0.00016011117491567  0.00017330708509970
  0.00018821869042719  0.00020527002467222  0.00022477432007505  0.00024998362401275
  0.00027956173717347  0.00031577507707082  0.00035941643030247  0.00041444791353299
  0.00048463051114617  0.00057137208854236  0.00068085155466072  0.00082597960046293
  0.00102605794004832  0.00130859575975184  0.00170054457386630  0.00251015695767261
  0.00474329297476946  0.01529357180723443  0.33683623485071479  1.00000000000000000
  0.00000544744359099  0.00000555604183845  0.00000564804799983  0.00000576186075255
  0.00000588577456231  0.00000601487356728  0.00000614870884797  0.00000628826112932
  0.00000643024214747  0.00000657702503330  0.00000673042952544  0.00000688753026869
  0.00000704555474989  0.00000722324209836  0.00000741962793945  0.00000762567443000
  0.00000784853730563  0.00000808604807322  0.00000834605995463  0.00000866140381151
  0.00000895645350560  0.00000928465244552  0.00000966259174614  0.00001008298157980
  0.00001053666738061  0.00001102339408212  0.00001154224816130  0.00001209086815024
  0.00001265735616398  0.00001324307991142  0.00001386301716127  0.00001452763888663
  0.00001523942840953  0.00001598352985310  0.00001676216704293  0.00001758741213336
  0.00001848060505994  0.00001946032546820  0.00002053436650407  0.00002166067897045
  0.00002283649191678  0.00002411925048353  0.00002552300221051  0.00002702971633078
  0.00002860119674305  0.00003024452475366  0.00003198743040266  0.00003387911995238
  0.00003589938290407  0.00003809407658519  0.00004044800720047  0.00004290878929786
  0.00004533180459668  0.00004769428708211  0.00005011257737487  0.00005258035357153
  0.00005534740280102  0.00005831754671772  0.00006172431577411  0.00006555376580851
  0.00006958541792522  0.00007407859040523  0.00007882415168124  0.00008385357043189
  0.00008920176473446  0.00009500686120684  0.00010134889543534  0.00010846167603463
  0.00011638835486959  0.00012515661517786  0.00013463190391255  0.00014485394683744
  0.00015617798648767  0.00016881116307915  0.00018309964843970  0.00019944805283848
  0.00021830719301093  0.00024020224230410  0.00026566806895276  0.00029519613499948
  0.00032889824393205  0.00036821988854108  0.00041491526937157  0.00047335286108075
  0.00054730173171356  0.00063381420624241  0.00074117455840028  0.00088848610082201
  0.00109034499012730  0.00138022410523471  0.00182526298083201  0.00258213225067289
  0.00427725927433193  0.01768507198309380  0.42683426468079949  1.00000000000000000
  0.00000471389247422  0.00000507662479156  0.00000531012679838  0.00000557887321568
  0.00000585724479661  0.00000613154938705  0.00000643497334861  0.00000673591036464
  0.00000704662411642  0.00000737494788303  0.00000771857222711  0.00000807102873003
  0.00000843403547271  0.00000881241165103  0.00000920422672066  0.00000961083499473
  0.00001004526082931  0.00001051584492572  0.00001102173515833  0.00001155283527333
  0.00001209663477212  0.00001267090110032  0.00001328056394764  0.00001392090046429
  0.00001462119125208  0.00001535486747073  0.00001612438491692  0.00001692341247738
  0.00001773828411587  0.00001859549884022  0.00001953142054191  0.00002052055639642
  0.00002155274172264  0.00002263008651244  0.00002377045955796  0.00002496046656526
  0.00002622427497351  0.00002755856412610  0.00002894353354890  0.00003042016864391
  0.00003198887275681  0.00003361383396154  0.00003529321459803  0.00003707590273470
  0.00003896775607004  0.00004097268808799  0.00004308171856118  0.00004526344598177
  0.00004749580548976  0.00004981460289731  0.00005223817394199  0.00005478415762189
  0.00005744915112276  0.00006021479085879  0.00006321716440766  0.00006645116450449
  0.00006984086273137  0.00007358953011903  0.00007770355993095  0.00008198327725046
  0.00008679963977370  0.00009197769144548  0.00009744316502695  0.00010325617422543
  0.00010950811446205  0.00011634527517540  0.00012384786441072  0.00013219410462200
  0.00014135363622935  0.00015146502962469  0.00016228833589780  0.00017442610198806
  0.00018801899871321  0.00020308966010691  0.00022006995228021  0.00023938910288697
  0.00026122607497708  0.00028530677313111  0.00031258107097406  0.00034389246080699
  0.00037975795937800  0.00041815285756121  0.00046335678861080  0.00052008628181928
  0.00058311454390495  0.00065303343954001  0.00073342013387454  0.00084733956233633
  0.00102009478241225  0.00125752832410275  0.00159280383226731  0.00208541205577063
  0.00290812803284029  0.00477333361611967  0.52317921916002275  1.00000000000000000
 -0.00197164947125491  0.00765601105753659  0.01659536758227148  0.02519720815006820
  0.03420575314247954  0.04339610191257710  0.05250397706615153  0.06159104234936427
  0.07019499543689202  0.07865199299844441  0.08733044200045575  0.09625770039482956
  0.10512409511962620  0.11365545640214454  0.12243810252821677  0.13172078034855150
  0.14130276212815224  0.15090152466472426  0.16053955906551323  0.17040825824853131
  0.18041182917639906  0.19036150285843878  0.20032792941047586  0.21039978014537380
  0.22075661161177024  0.23128847296258970  0.24197746558364189  0.25302057102512443
  0.26438524696476173  0.27612336411464056  0.28814538599795769  0.30018533714053730
  0.31224593143839874  0.32427956627415300  0.33678820597833553  0.34944334693895607
  0.36278459828989124  0.37586492758586543  0.38815637525820512  0.40006037928269084
  0.41240089026052418  0.42541322946025545  0.43843875546458377  0.45118845512797190
  0.46418180151531707  0.47744605667962564  0.49050551561646855  0.50308347709806700
  0.51545897382626804  0.52786787048132622  0.54036113276700082  0.55301014010841820
  0.56548344339783996  0.57750358339149066  0.58908841250614175  0.60063771422453383
  0.61237465370165312  0.62467669897705169  0.63770395833968840  0.65106825606168939
  0.66415217818972150  0.67651402662409221  0.68825380326050689  0.69961740205532486
  0.71078056700380643  0.72184637570757504  0.73311388068244332  0.74450485225679630
  0.75573828478387883  0.76686283685040602  0.77782417731343023  0.78837668594523880
  0.79868334352081194  0.80878420045102006  0.81887389539553168  0.82901108442896221
  0.83925311365307742  0.84928697789975183  0.85894242443645019  0.86834971574130615
  0.87752118292423353  0.88627588023806236  0.89477854081695896  0.90278529223280202
  0.90966226191189969  0.91595964111100070  0.92241541934950488  0.93000019580501125
  0.93811491479864639  0.94668069252283871  0.95566113211856107  0.96459657953157463
  0.97381368121196155  0.98255401045451818  0.99132799089220625  1.00000000000000000
 -0.00240417784388455  0.00930502531058021  0.02004248020136505  0.03024307522056799
  0.04092588620044459  0.05141528855096882  0.06256307033585636  0.07338900339595929
  0.08407948971490203  0.09445542782027354  0.10535967372505024  0.11553911165562045
  0.12600092441730681  0.13595239040712609  0.14603443521707385  0.15652787150363712
  0.16677702294951968  0.17702112754090554  0.18721037521495140  0.19749225811355081
  0.20744556501187383  0.21713669506106759  0.22657072898499389  0.23678633427840737
  0.24822574271963796  0.25946821383217422  0.27066854854912076  0.28217279480165086
  0.29327956464097110  0.30426720024753140  0.31507034131735778  0.32563276715004130
  0.33649044915290549  0.34708225137911408  0.35741563746448246  0.36776883883127992
  0.37798105167523521  0.38854410280863100  0.39924696081670707  0.41004863252853035
  0.42030987322372210  0.42881475441967037  0.43785309133936906  0.44731282497278502
  0.45785086056036883  0.46873622850876862  0.47952480488209887  0.49016856891763416
  0.50064943025153741  0.51131400155025819  0.52222041805015806  0.53343443212349129
  0.54452283635352916  0.55535178015688824  0.56590185571193563  0.57568528205676128
  0.58549970942321916  0.59542984325566917  0.60573457251426721  0.61663072412070674
  0.62766700858649360  0.63879046332723988  0.64988715196099345  0.66082690471459360
  0.67161718137323534  0.68287885883630750  0.69435952404469792  0.70574969245062535
  0.71698472591883911  0.72803294971044763  0.73861396794644030  0.74864557729730496
  0.75827281540171876  0.76830102239996645  0.77886340556413769  0.78920746302645617
  0.79920050851175539  0.80922121940799385  0.81973963452142895  0.83050327311727390
  0.84045922926978367  0.85021336568927597  0.86008809695177679  0.87006355823944903
  0.87961981915428633  0.88902540997548174  0.89932440359859755  0.91096850176200128
  0.92278774239485273  0.93412166265359542  0.94521742376623052  0.95604745006355862
  0.96700824456041012  0.97809853240875011  0.98904518475404801  1.00000000000000000
 -0.00223058890864004  0.00906211136085051  0.01898907347712760  0.03013216146089162
  0.04135166070005096  0.05273206987759622  0.06356132198133661  0.07418156237737081
  0.08457086848135330  0.09525858510593418  0.10587430896578325  0.11585914466361050
  0.12567580605642828  0.13552505000175907  0.14561622893031601  0.15536382839873428
  0.16463900097536927  0.17407991826574798  0.18407438642082752  0.19401216806837707
  0.20417920099277886  0.21432118704488409  0.22444144704850116  0.23484669245097708
  0.24558066193335640  0.25646416848057285  0.26725735506612125  0.27799593581142484
  0.28864274991177646  0.29914747185973029  0.30930109015099183  0.31950513438384431
  0.32987474198115307  0.34015431677549873  0.35063966183206741  0.36147576557247374
  0.37266445303565343  0.38387776903602649  0.39484457348953206  0.40534669243011240
  0.41544047622289415  0.42548168076394649  0.43573957354652521  0.44661773431089702
  0.45752282553454998  0.46847276431877144  0.47947769617609520  0.49043551700800891
  0.50128589167565551  0.51216819937313851  0.52274892142150020  0.53318688197442166
  0.54360152071711554  0.55383942822263388  0.56420381960488741  0.57497851545716283
  0.58586611463575822  0.59720260038871242  0.60842472834015227  0.61987428762002483
  0.63048702167222670  0.64145533319384651  0.65090451734165866  0.66004944448534320
  0.66935810256514883  0.67926717240557755  0.69022999983033828  0.70136706507247060
  0.71255405633990010  0.72399296678108049  0.73521112741572481  0.74598827895780617
  0.75681739649053859  0.76768453914681811  0.77807034657524987  0.78801531002093661
  0.79830279870069243  0.80926177395890564  0.82021438964576421  0.83051282346985589
  0.84093501933052917  0.85127207117251757  0.86212854288325591  0.87211254189904885
  0.88254177515525412  0.89323353606771394  0.90433793868864087  0.91571495781454681
  0.92706915481857732  0.93760548769672669  0.94817116836419546  0.95841621277163791
  0.96852180785095243  0.97883489886629438  0.98873583029962919  1.00000000000000000
 -0.00002093763997170  0.00012864017674106  0.00031602517672491  0.00054276252525646
  0.00080554844763546  0.00107376148994244  0.00132528828399600  0.00159966811526256
  0.00188822216435546  0.00218378363880720  0.00247903120626243  0.00277379269784352
  0.00307075452792764  0.00336898253247822  0.00366312588134724  0.00396227612004453
  0.00427013333494267  0.00458043883043872  0.00488624279879073  0.00519099647820289
  0.00549915958546535  0.00580614548280117  0.00611172229014150  0.00641536480684483
  0.00671578124759287  0.00702043127924084  0.00732160407925256  0.00761886140216677
  0.00791520753667581  0.00821870947468656  0.00853166584539982  0.00885357415449158
  0.00918246381793757  0.00951933261482739  0.00986119278935191  0.01020555677524525
  0.01053929134987460  0.01088840529762261  0.01123852865039963  0.01160356560926673
  0.01197068920549288  0.01233157704731194  0.01269906269935508  0.01307434435034628
  0.01347585819819885  0.01387352324618332  0.01428193160778878  0.01470243568789401
  0.01509928778280519  0.01547612628629149  0.01583773954237792  0.01621503107453110
  0.01662937245684609  0.01704843460199364  0.01752581194226550  0.01795795658265233
  0.01837807320698037  0.01878844796736419  0.01913286528925462  0.01945407834099642
  0.01987269417567872  0.02034214401842574  0.02099178877253261  0.02170131990182500
  0.02227934295190954  0.02282711158449953  0.02339964056030863  0.02396511958062757
  0.02455204944601519  0.02525456346513973  0.02610204648835725  0.02679411931695158
  0.02743070149769215  0.02828664567947206  0.02930013708780682  0.03035591936583289
  0.03185979834374150  0.03319195629866008  0.03418683907439415  0.03504610749796049
  0.03595219808749856  0.03695584655092070  0.03827385521656342  0.03967402912785448
  0.04118331837963161  0.04297421610783188  0.04537050721591492  0.04772794087520899
  0.05034017784974612  0.05237432307560941  0.05454016228499558  0.05685279671061677
  0.05936588560604446  0.06459866153778634  0.08621599502758673  1.00000000000000000
 -0.00185034481170621  0.00840077291441154  0.01946168373033461  0.03212325261306322
  0.04714091252980879  0.06179848647823202  0.07622411862400287  0.09022570735755546
  0.10379205650183403  0.11718905028074467  0.13040911747777864  0.14336182927060090
  0.15592064927608518  0.16854000923380577  0.18081467944211863  0.19249839899399393
  0.20390593395585097  0.21495209413333935  0.22624549908990785  0.23797070738662418
  0.24960237158983586  0.26052543270607487  0.27102376062528793  0.28139193226107395
  0.29187535579120938  0.30229992023349378  0.31259548605418741  0.32257824985380951
  0.33238190202031725  0.34207748005830330  0.35158846368332813  0.36096069015416976
  0.37020946893271633  0.37917544591657071  0.38818615100045628  0.39695690018915381
  0.40509355665794256  0.41298843331287566  0.42091062766320986  0.42860948624995854
  0.43605609035139731  0.44323785985400060  0.45048121839722588  0.45792728726525139
  0.46566481221772454  0.47364723887833859  0.48170394924342930  0.48987897944038372
  0.49803860502490443  0.50629395129011678  0.51429250966987494  0.52205941252339394
  0.52976936405194774  0.53739073334831233  0.54544960294896527  0.55355020116115672
  0.56192278326318834  0.57032844627841717  0.57840847058052014  0.58621808606108528
  0.59388513139857013  0.60210957368772289  0.61087987834815360  0.61963472612766257
  0.62822583536381393  0.63697563573589655  0.64608233238468182  0.65569614105211738
  0.66561657945185693  0.67560444091299088  0.68567061275332630  0.69584348136299112
  0.70588889960518164  0.71626368242566307  0.72682450467473714  0.73802043579101417
  0.74936151770557435  0.76092667001997416  0.77239529734985302  0.78346412178378311
  0.79450163377414307  0.80596058092908962  0.81816684133081585  0.83102363161655890
  0.84408337903623443  0.85755149898369731  0.87146638644928820  0.88547119411505160
  0.89923986011130441  0.91289698760988758  0.92627498304428035  0.93990867626473196
  0.95379407866050470  0.96899554678377309  0.98431251781221529  1.00000000000000000
  0.02621135243728617  0.04803620329271217  0.06484150851342457  0.07863054166171173
  0.09339961151310007  0.10935661809753484  0.12431873073559734  0.13717579417858358
  0.14916396451369485  0.16112316449065697  0.17353610143815265  0.18627748705505429
  0.19919694945198385  0.21198965765808059  0.22469461118543438  0.23731043735655705
  0.24994401568605987  0.26247088160529092  0.27499345643773165  0.28732596909936808
  0.29961898708850127  0.31223799630591415  0.32521132173152600  0.33801492549944712
  0.35047390102834769  0.36291998243057516  0.37529625143977080  0.38722043485839736
  0.39899642060502438  0.41099597627815898  0.42352031723008443  0.43601127967139541
  0.44796594910626436  0.45960625564188606  0.47093754788788572  0.48207110407519022
  0.49308165942591797  0.50423860876598214  0.51547166843992864  0.52661090691445667
  0.53762176004722040  0.54845986963418003  0.55924927597104546  0.56981288825340304
  0.58029499444474486  0.59062935280269391  0.60087390917018679  0.61090731094805284
  0.62077257533696295  0.63055230725261202  0.64013979024288625  0.64931121000318537
  0.65852582438849983  0.66759340478422435  0.67654492728245852  0.68556297008828126
  0.69469431225985345  0.70382396312372397  0.71272456040851340  0.72132266817416635
  0.72998241752564352  0.73866330012104053  0.74730530379590021  0.75590636617118123
  0.76445683468337366  0.77294011694788600  0.78128658784110794  0.78933043500409084
  0.79730136672252971  0.80526037008942963  0.81315217416490282  0.82105966785199391
  0.82903992210719235  0.83707187056698851  0.84510524072050319  0.85282526393914959
  0.86028572454970431  0.86758024660222155  0.87488755036673760  0.88222330050140263
  0.88942438452761641  0.89641600334320526  0.90331250596362223  0.91026601397269735
  0.91728080564997849  0.92428423077953581  0.93120733367900776  0.93802851781263363
  0.94470560059061004  0.95143415784112562  0.95806402176953120  0.96467198115813824
  0.97148069362137712  0.97875180863652311  0.98837317213496123  1.00000000000000000
 -0.02890585159767260  0.12802572927783848  0.16446760851675338  0.18614319056418258
  0.20308421874112609  0.21769141369804293  0.23054367677786730  0.24174310382793096
  0.25188597046288558  0.26158335267956051  0.27114782191305015  0.28017629770942354
  0.28868249101094245  0.29673389215915064  0.30445011171520453  0.31207376466123760
  0.31958130689448216  0.32698004454749913  0.33396385691164893  0.34073697744428799
  0.34763434975168139  0.35443428784180636  0.36084026261665919  0.36693569858828246
  0.37291389809922831  0.37883157781637922  0.38472441476296393  0.39057033767420807
  0.39640702772018749  0.40225061028185077  0.40809483925414436  0.41381111610517951
  0.41927010700645317  0.42462554893255394  0.43007855304030262  0.43549199428229779
  0.44107169500242399  0.44644801714396676  0.45200574081845191  0.45752971574566048
  0.46265302480584003  0.46714176819529762  0.47152116112385511  0.47606089023765585
  0.48053976843151519  0.48571122425755037  0.49125768173667173  0.49666973747021709
  0.50165700173969652  0.50675860259193806  0.51173798423722316  0.51680573067036872
  0.52203306543681660  0.52738162241920461  0.53262066984196610  0.53757072681131279
  0.54249571787820206  0.54755106979467061  0.55259377960397504  0.55788469495094695
  0.56346680891941758  0.56912385968601575  0.57480279823466696  0.58057860778413517
  0.58640235267646745  0.59232191485659280  0.59818504014630791  0.60383171327944229
  0.60932568169491186  0.61481701095506158  0.62047517065858449  0.62632633134780236
  0.63224100580065501  0.63814211252990627  0.64404628777203343  0.65010492387797869
  0.65643803144510526  0.66301133582281979  0.66990082079307667  0.67711064635504503
  0.68452207160013523  0.69210329030231843  0.69996555724694254  0.70822991922099143
  0.71704893331899200  0.72640590119957227  0.73619948955399450  0.74630854579338401
  0.75701410416160086  0.76863162386704309  0.78156571044591494  0.79648302862229947
  0.81443600344888334  0.83670099938500730  0.87186173333341899  1.00000000000000000
   6.8449559465135812E-002  -1.0000000000000000     
 F F F F F F F F F F F F F F F F F F F F F F F F F F F F F F F F F F F F F F F F F F F F F F F F F F F F F F F F F F F F F F F F F F F F F F F F F F F F F F F F F F F F F F F F F F F F F F F F F F F F F F F F F F F F F F F F F F F F F F F F F F F F F F F F
  <DiscreteSampler_grid>
  grouped_processes
  1 # 1 for a reference and 2 for a running grid.
  10 # Attribute 'min_bin_probing_points' of the grid.
  1 # Attribute 'grid_mode' of the grid. 1=='default',2=='initialization'
  0.0000000000000000 # Attribute 'small_contrib_threshold' of the grid.
  0.5000000000000000 # Attribute 'damping_power' of the grid.
 # binID   n_entries weight   weight_sqr   abs_weight
    10   10   2.664895630740270E+005   3.878007935526112E+011   2.664895630740270E+005
    16   10   2.664895630740271E+005   3.878007935526115E+011   2.664895630740271E+005
    22   10   2.664895630740272E+005   3.878007935526118E+011   2.664895630740272E+005
    28   10   2.664895630740271E+005   3.878007935526118E+011   2.664895630740271E+005
    34   10   2.664895630740271E+005   3.878007935526117E+011   2.664895630740271E+005
    40   10   2.664895630740271E+005   3.878007935526118E+011   2.664895630740271E+005
    46   10   2.664895630740271E+005   3.878007935526118E+011   2.664895630740271E+005
    52   10   2.664895630740271E+005   3.878007935526117E+011   2.664895630740271E+005
    58   10   2.664895630740272E+005   3.878007935526118E+011   2.664895630740272E+005
    64   10   2.664895630740272E+005   3.878007935526118E+011   2.664895630740272E+005
    70   10   2.664895630740271E+005   3.878007935526117E+011   2.664895630740271E+005
    76   10   2.664895630740271E+005   3.878007935526118E+011   2.664895630740271E+005
  </DiscreteSampler_grid>
