 -0.00252094212361961  0.00976636835028112  0.02000980295602297  0.03053371597241954
  0.04107057948276670  0.05160699205724564  0.06215133497982896  0.07269800218673601
  0.08323463518880356  0.09377405027759764  0.10430508664269850  0.11484148957703372
  0.12537513605879050  0.13591815843202873  0.14646505456902448  0.15700436961750472
  0.16754361128558873  0.17808413336987469  0.18863403163628897  0.19918178790879609
  0.20972829447955993  0.22026722200167900  0.23080185345657109  0.24133581116791336
  0.25187503091737934  0.26241411068239423  0.27295005429843916  0.28348614980313536
  0.29402627102592704  0.30456390485830098  0.31509684565578117  0.32563047291931058
  0.33617221199948472  0.34671486329203394  0.35725866119306260  0.36778943318286833
  0.37831296577110540  0.38881004016016119  0.39930103581642484  0.40980365334609220
  0.42033178090251572  0.43087135094199713  0.44140724877916482  0.45194289580920094
  0.46248562655801523  0.47302961113469383  0.48357380619781182  0.49411614731227244
  0.50466310050306418  0.51519689817298919  0.52573297915890171  0.53625816149731276
  0.54679403045728114  0.55732617230099402  0.56786241398597770  0.57839981040011434
  0.58893523590058316  0.59947275115855780  0.61001356973626342  0.62055231597940030
  0.63108910927869666  0.64162524059043824  0.65216836798398570  0.66271697912667205
  0.67326575250698983  0.68381517235628131  0.69435745626896339  0.70490094015951077
  0.71543972813057377  0.72597523832105659  0.73651134148342123  0.74704708497828864
  0.75758377916027020  0.76811664538577618  0.77865418298561917  0.78919312369814154
  0.79973372165235601  0.81027269238750377  0.82081112186434768  0.83134949760268306
  0.84189027263106353  0.85243888433756831  0.86298104404877252  0.87352314367495509
  0.88406499077547140  0.89461372327853528  0.90516091345340466  0.91570203339765355
  0.92623528225415008  0.93676409652410197  0.94729469481335649  0.95782788905721039
  0.96836717849511544  0.97891012425143009  0.98945643186957954  1.00000000000000000
 -0.00248634326354646  0.00949028770786322  0.01964866681134025  0.03016171841681284
  0.04070585146525382  0.05124571933513944  0.06179006539601136  0.07233731881717918
  0.08288551354207008  0.09343228215973466  0.10397592871281064  0.11452309248475204
  0.12506701113448232  0.13561022986026333  0.14613958843400526  0.15667180962575450
  0.16720794662393804  0.17775586848478295  0.18830065965777526  0.19884515143193102
  0.20939143349091163  0.21994267250878671  0.23049214599863543  0.24103965084106188
  0.25158524739073962  0.26213054594278984  0.27267211231418875  0.28321559152556464
  0.29375844858942957  0.30430536906874633  0.31484667098816260  0.32539082508663880
  0.33593609456704027  0.34648410283706410  0.35702410377015609  0.36756219854101235
  0.37809458747774782  0.38863191272967407  0.39916807413495803  0.40971142187089565
  0.42025094577911776  0.43079274060652917  0.44132334693748698  0.45186069551423663
  0.46239893921065006  0.47294594102332688  0.48348885754749577  0.49403242328633978
  0.50457223828710684  0.51510681640356404  0.52564130343846072  0.53617637948416064
  0.54671634447656370  0.55724978298856320  0.56779024954772950  0.57832662472809626
  0.58886113089494374  0.59939256456863033  0.60993246219851427  0.62047858692087898
  0.63101541179629450  0.64155083401951041  0.65208858863121011  0.66263478059102543
  0.67317935332344048  0.68372042235569153  0.69426240661849736  0.70480752803380398
  0.71535399571784475  0.72589863612619510  0.73644342806369656  0.74699022976573737
  0.75753732010096708  0.76808251356321799  0.77861871959324691  0.78915800093680599
  0.79969917293127357  0.81024405381241837  0.82078690604275839  0.83132959994152600
  0.84187404171503366  0.85241970362618558  0.86296146442423338  0.87350666092805851
  0.88405062150757019  0.89459873809683566  0.90514530588852804  0.91568692930939277
  0.92622502093968162  0.93676097935825764  0.94729885292104354  0.95783817055519127
  0.96837905829306292  0.97892560053803879  0.98946454880597046  1.00000000000000000
   2.5643243764824987E-008  -1.0000000000000000     
 F F F F F F F F
  <DiscreteSampler_grid>
  grouped_processes
  1 # 1 for a reference and 2 for a running grid.
  10 # Attribute 'min_bin_probing_points' of the grid.
  1 # Attribute 'grid_mode' of the grid. 1=='default',2=='initialization'
  0.0000000000000000 # Attribute 'small_contrib_threshold' of the grid.
  0.5000000000000000 # Attribute 'damping_power' of the grid.
 # binID   n_entries weight   weight_sqr   abs_weight
    10   10   1.322623097372511E+010   1.749331857703253E+020   1.322623097372511E+010
  </DiscreteSampler_grid>
