  0.00000490883941589  0.00000508366033278  0.00000536032494472  0.00000561249124242
  0.00000580403619438  0.00000594438679710  0.00000608182147031  0.00000621727100642
  0.00000629861864114  0.00000638511595734  0.00000648858073372  0.00000661070737745
  0.00000675533709892  0.00000692287284833  0.00000714693314739  0.00000738542569334
  0.00000762447306117  0.00000788555554850  0.00000813186063677  0.00000842735215232
  0.00000872656823583  0.00000899992248257  0.00000927408731346  0.00000970131175697
  0.00001020677621214  0.00001075376381645  0.00001124929892038  0.00001177436789837
  0.00001234090473451  0.00001293041703292  0.00001349636161643  0.00001409264581252
  0.00001460534808925  0.00001512317301570  0.00001571046808293  0.00001629632894092
  0.00001691369960109  0.00001755820002989  0.00001819002111555  0.00001882491208044
  0.00001954828192707  0.00002032300810438  0.00002112642328150  0.00002200852980957
  0.00002301273600210  0.00002417389545795  0.00002537183184855  0.00002646964075965
  0.00002757347596927  0.00002840281121762  0.00002928518580946  0.00003020768165256
  0.00003127256915356  0.00003247585152981  0.00003393705429396  0.00003562443288063
  0.00003731013648529  0.00003893571551382  0.00004049693538999  0.00004201435105075
  0.00004363933497990  0.00004540694344762  0.00004727810233295  0.00004899829318381
  0.00005073690495255  0.00005277112623845  0.00005490911435296  0.00005727063068290
  0.00005991199112629  0.00006307196446552  0.00006630858014866  0.00006948727368974
  0.00007277959704489  0.00007636147696820  0.00008022185804158  0.00008444937292080
  0.00008905753849521  0.00009391653068922  0.00009907234297701  0.00010442181604823
  0.00011120114984079  0.00012054501610894  0.00013112900464816  0.00014464046361660
  0.00016206077386098  0.00018279049105797  0.00020763785999351  0.00023770753161899
  0.00027823433721013  0.00034254642759975  0.00045852238760350  0.00063389218167932
  0.00101158094574312  0.00207098317139445  0.69995694304486089  1.00000000000000000
  0.00003092451235683  0.00003354601267253  0.00003708974428298  0.00004143547848445
  0.00004493752557376  0.00004935493280984  0.00005410000608872  0.00005853660261492
  0.00006304867701087  0.00006848135945658  0.00007298958759740  0.00007799351042587
  0.00008371867468175  0.00009004743125328  0.00009589923475927  0.00010083501380937
  0.00010567843688345  0.00011066999504642  0.00011637961971516  0.00012241762950413
  0.00012847679609127  0.00013505915700693  0.00014132397650961  0.00014803298146244
  0.00015491085744480  0.00016210098842841  0.00016893914548514  0.00017582263116524
  0.00018256679898549  0.00018925432969102  0.00019748598182413  0.00020665822375419
  0.00021614464908152  0.00022710444823506  0.00023798974656406  0.00024846974818458
  0.00025768239178618  0.00026613121504860  0.00027452437377645  0.00028322136598628
  0.00029172991808179  0.00029982801669940  0.00030795174229652  0.00031665183676986
  0.00032628253867383  0.00033741403934756  0.00034927900159701  0.00036192199883737
  0.00037461209308571  0.00038840501806353  0.00040360005085400  0.00041853230435452
  0.00043378467809450  0.00045034412433405  0.00047169932257300  0.00049569432539404
  0.00052204129752339  0.00055026881378257  0.00057836986653051  0.00060599021598252
  0.00063533178403800  0.00066353867846182  0.00069354169813992  0.00072279786261984
  0.00075477612011634  0.00078131103165803  0.00081177727678276  0.00084155412633619
  0.00087910216918840  0.00092407717337618  0.00097251649634022  0.00101160015475978
  0.00105240879716672  0.00110267439363795  0.00116379084693068  0.00123797331498280
  0.00132750939024744  0.00141894214139889  0.00152351102743966  0.00162820655681146
  0.00176525234987284  0.00192383725464891  0.00208576571523725  0.00222846835425589
  0.00241443302051226  0.00266923419397578  0.00304896717947193  0.00357449097710804
  0.00418085346159901  0.00499854361230660  0.00597938237035286  0.00775054201485121
  0.00987066952778898  0.01389317870383745  0.73499083163629109  1.00000000000000000
 -0.00000336526587896  0.00019903082406288  0.00097602324909029  0.00252938436789705
  0.00458152681634767  0.00725280937579457  0.01082110035139265  0.01396616758374388
  0.01801324283219925  0.02306590257215619  0.02838327227459500  0.03457752716869560
  0.04069530264153991  0.04672976187025402  0.05445358984504541  0.06330463180622796
  0.07298551650137182  0.08259961010399679  0.09263769166052668  0.10300617417984397
  0.11247933196448438  0.12289335933037222  0.13394754906959447  0.14373105845645417
  0.15299425744107498  0.16302732622868915  0.17386948164068572  0.18452312662570375
  0.19438753796966302  0.20380552451538064  0.21315822402232434  0.22294307039550440
  0.23266404153355846  0.24204301231275863  0.25107668854607706  0.26047439276832113
  0.27022420571317607  0.27969990660241584  0.29137140220424579  0.30354921447680178
  0.31516819206361296  0.32609431760315810  0.33621877484811902  0.34652011680212130
  0.35669304796646706  0.36675897911313871  0.37636905242257629  0.38580346791937320
  0.39542383654809499  0.40463601090434126  0.41382397735097420  0.42283353595877909
  0.43163649425046591  0.44043075561365480  0.44885441406417076  0.45781226093592725
  0.46669310759879806  0.47560437323114557  0.48432484030135353  0.49263316822839287
  0.50107432735308755  0.50994772505928754  0.51896645608677261  0.52801559328201553
  0.53705390283867227  0.54615389703612049  0.55461846916839530  0.56358959101498962
  0.57398282955143665  0.58492392350953781  0.59656921269895824  0.60988606477647866
  0.62392419611224059  0.63762717763378218  0.65098930588062731  0.66411667457265211
  0.67714152708275244  0.68998104915258296  0.70282325340852181  0.71572182466358836
  0.72872633923742780  0.74348757649955388  0.75860928132482186  0.77435284952998884
  0.79175858870684568  0.80876324715912251  0.82689752788749882  0.84531404231694374
  0.86364638328116172  0.88201591525677758  0.89984661763443075  0.91752241734895734
  0.93606711456984948  0.95597352429818749  0.97721965909815367  1.00000000000000000
 -0.00238806159313744  0.01025115814347387  0.02069314346483252  0.03194637930950787
  0.04394169602973779  0.05627179220274647  0.07005498177241901  0.08347870017749379
  0.09590391127728511  0.10856009761010194  0.12179980656675418  0.13410171756004557
  0.14521734836882805  0.15584586572793888  0.16678046919995773  0.17861210945315703
  0.19097024348672934  0.20353345463574776  0.21412089018760797  0.22235764386847498
  0.23021672805551996  0.23761941755308044  0.24739126465394476  0.25887129045759627
  0.26924881604910922  0.27899972939589684  0.29064698856106758  0.30666333048307248
  0.32232488652423069  0.33469876524343267  0.34721479233627706  0.35861518214815447
  0.36815555488807827  0.37787589778485231  0.38902766353692669  0.40146206585866723
  0.41450426330740853  0.42599391871288650  0.43592943182804611  0.44509371413087245
  0.45406302373797791  0.46268517600144671  0.47087642557694087  0.47885178170749687
  0.48830707346828850  0.49817773727928505  0.50831153768150095  0.51902049450544452
  0.52961136679644460  0.54076902608034005  0.55036813283177466  0.56024635462248307
  0.57001955844525731  0.58017238143111505  0.59071785153990730  0.60145022412372406
  0.61172852662575605  0.62160151243603190  0.63166744816611009  0.64138254086153057
  0.65005261585655949  0.65827422777231737  0.66824824461063004  0.67851628595368818
  0.68752714031569351  0.69569267563670523  0.70415713780403533  0.71400904580182767
  0.72497784235812623  0.73535332306944690  0.74554538552723126  0.75496003738969053
  0.76210517781541243  0.76894381274806811  0.77585223944593273  0.78371211936546414
  0.79129137735486887  0.79982293984412733  0.80937392850853485  0.82149900483216065
  0.83699981944310176  0.85259290593531689  0.86649070105244552  0.87759164832715431
  0.88677858366050266  0.89671534377151252  0.90632979118122359  0.91644073511687718
  0.92670526136661535  0.93560274757833717  0.94690094679591430  0.95713779848002212
  0.96774129185377977  0.97822187300728547  0.98942097325618128  1.00000000000000000
 -0.00150757082642033  0.00541857927946263  0.01223668573054259  0.01886410226400442
  0.02485457284085463  0.03080306321799313  0.03743579160612421  0.04378630153280819
  0.05020721330647973  0.05659268647619682  0.06247681919680352  0.06814231523939908
  0.07371018825595051  0.07954985217274996  0.08559063709581849  0.09267506712665187
  0.10117244454068899  0.11111920831928396  0.12045650618054185  0.12867662590311482
  0.13675944587612962  0.14611434852806729  0.15752025191796815  0.16956824124848760
  0.18143308671187625  0.19307546140354825  0.20434065687377392  0.21475917029732625
  0.22559281060721106  0.23911292880375765  0.25544271227988030  0.27131002846534119
  0.28515031010271230  0.29650282442810916  0.30617836612024335  0.31609106027066586
  0.32690062076100451  0.33857690197713480  0.35118961474296245  0.36447485275590147
  0.38011434363171248  0.39462683531552056  0.40632154604275217  0.41806385760638820
  0.43027355732266293  0.44616714683518383  0.46307611635435508  0.47688110918039250
  0.48864336027079103  0.49994159505943420  0.51221616471874132  0.52605114972444800
  0.54064190367533560  0.55350138170336838  0.56555424654152531  0.57674880621291580
  0.58947704325691586  0.60134636223136750  0.61643505201223248  0.63048736140284645
  0.64421528485303892  0.65802942734331937  0.67295505861355365  0.68618523739002646
  0.69911608372087619  0.71324905396137606  0.72938608254296355  0.73909683399262405
  0.74731179771800771  0.75618440187792368  0.76546673639669016  0.77620997625248400
  0.78710749978272487  0.79738538074683329  0.80746936463688146  0.81662042382692812
  0.82514957232427721  0.83390975163780789  0.84284340154825188  0.85185098197160070
  0.85975259156594563  0.86669975956272927  0.87448064848205853  0.88153227289252112
  0.88886144195198458  0.89610788610628489  0.90381592751928985  0.91185411304740793
  0.92097345366761774  0.93127875151580441  0.94115592565375905  0.95113290079993840
  0.96150810166609590  0.97496040214816027  0.98752208589761992  1.00000000000000000
 -0.00283571318000482  0.00996449099243607  0.02065206362526624  0.03126996464419979
  0.04158989084309566  0.04993904096717263  0.05788497723396716  0.06552935323893258
  0.07289990561631374  0.08014155122124658  0.08742572651186689  0.09443759076249171
  0.10202392074201271  0.10971837433759761  0.11685454777172355  0.12382287017148316
  0.13098459527361664  0.13867924697664433  0.14819980343436870  0.15701951409357665
  0.16622386769239161  0.17541728104045221  0.18475491170411740  0.19448585062051466
  0.20451221753419996  0.21513496895481293  0.22593182912806026  0.23812989174333524
  0.24961506968331099  0.26015760577761332  0.27119776494243053  0.28245836951984671
  0.29409464594611190  0.30535254906364512  0.31733213216552275  0.32996435258417089
  0.34140463688226136  0.35200875201316345  0.36171899451597150  0.37132278297012272
  0.38151755912664786  0.39218647005099111  0.40194250097876272  0.41192019364495386
  0.42166774889498337  0.43127429895775815  0.44102911120293053  0.45125247443123828
  0.46201968909856794  0.47305801185717866  0.48296624922227710  0.49262869603728443
  0.50310846315468094  0.51516048772539025  0.52816665831547938  0.54197858413042943
  0.55712342603350884  0.57338361909517699  0.58699769708123661  0.59685087924785152
  0.60539838627517817  0.61431309138644319  0.62461545075184455  0.63553257142488362
  0.64730274900534046  0.66090799037144066  0.67405296823320282  0.68523229329734880
  0.69439123945051728  0.70364596932025081  0.71306191847737654  0.72178923998308497
  0.73105549059815078  0.74285006004729404  0.75556428429036826  0.76792951677546384
  0.77787496628475306  0.78826102589624081  0.79900868005421344  0.81104077451104106
  0.82469147363526829  0.83855296842139537  0.85178735216172807  0.86239517114815600
  0.87242388418859362  0.88280945909371111  0.89377446392166704  0.90644428613172989
  0.91748760969032050  0.92944259684476171  0.94150585529607023  0.95472805365590030
  0.96707373018196663  0.97846632347880858  0.98914887337240320  1.00000000000000000
 -0.00102080567451711  0.00666883393036233  0.01266943270506069  0.01977397071179099
  0.02579424598161907  0.03173763811145794  0.03800655306143457  0.04526226890031101
  0.05415794971410986  0.06338750133466645  0.07517526716644085  0.08584914161135154
  0.09574260862294785  0.10607323298749488  0.11569173203542160  0.12449131213735436
  0.13313461281490913  0.14155881246963198  0.14881680185962379  0.15797208842180771
  0.16728770648991842  0.17752989673044892  0.18759213918450141  0.19635915073227411
  0.20610806770941362  0.21806149252611032  0.23133941763852539  0.24455900103133019
  0.25578909576287240  0.26526414308443474  0.27488346409579245  0.28527880527836058
  0.29560134995240689  0.30598793329479684  0.31614698775598971  0.32699775240535267
  0.33956463157853778  0.35471281174845620  0.37202057976075403  0.39006316200224495
  0.40724641922002724  0.42335401665557304  0.43806342446849084  0.45073045800034811
  0.46339882266481280  0.47627061830801343  0.48734279169239425  0.49841009708828932
  0.50982135621836766  0.52309216233217881  0.53532870417522960  0.54660293278856609
  0.55594118354131394  0.56516124718626848  0.57456742133580430  0.58259469340874559
  0.59223964317882360  0.60047900951850630  0.60880464637937592  0.61786467052414129
  0.63092007199337563  0.64833669687464468  0.66574774213262222  0.68168941706004649
  0.69634496268148049  0.70964427952952613  0.72300360005497932  0.73477240561972468
  0.74572798120954975  0.75608277680911795  0.76643676228502033  0.77495577681679906
  0.78371930413058100  0.79375748614530994  0.80568849237145357  0.81907646500896381
  0.83136885785035697  0.84132288698394453  0.84969043911344722  0.85861121996777623
  0.86823625617629097  0.87633824885113365  0.88464636045109168  0.89249566652350876
  0.90065368997133344  0.91018301833837156  0.91975360154150265  0.92879520753228495
  0.93705347888838142  0.94533531383056335  0.95375037672862473  0.96288744304669360
  0.97166327885780990  0.98109490797647458  0.99022210672464095  1.00000000000000000
 -0.00112798374525040  0.01053437437473645  0.02052392110726019  0.02950967636326082
  0.03779765722175621  0.04574863203916284  0.05389865866707700  0.06244473724727290
  0.07242689149805268  0.08410796040516119  0.09685151639327230  0.10993375007893121
  0.12349732145712325  0.13828938359138054  0.15461041869639949  0.16944089288462821
  0.18330816572451486  0.19653216300144324  0.21075924027263182  0.22502233779432135
  0.23634181773891128  0.24663953177384718  0.25727481113006329  0.26914501954212583
  0.27961563344017548  0.29073944907435256  0.30249767882284606  0.31381308859880946
  0.32228349588294875  0.33035459865685873  0.33879326715574049  0.35003256092195784
  0.36528573825627630  0.38061458514890112  0.39452815288879528  0.40737555362910233
  0.41962391519693187  0.43093260589381527  0.44085689271401274  0.45045110408433292
  0.46084772223700821  0.47278160881926234  0.48357039395504647  0.49247859849688602
  0.50111368475493190  0.51007486476722652  0.51923926246027052  0.52674011525434727
  0.53284863774472746  0.53942950145953150  0.54692729847260146  0.55535509015918738
  0.56427466118797642  0.57321679839015771  0.58186777238404841  0.59172196240987596
  0.60244042894947125  0.61257559813722007  0.62256141345342164  0.63176001826738581
  0.63916972654617321  0.64626451624167047  0.65371888609735429  0.66180294855673583
  0.67046922362054717  0.67975986958972701  0.68866420557818309  0.69738886546203971
  0.70570807317045570  0.71364863409085089  0.72179991538418165  0.73011036735482016
  0.73930924320575953  0.74838057061455820  0.76120672458297911  0.77170685138434181
  0.78190035965287197  0.79166314253860859  0.80156816817409071  0.81185011779079241
  0.82243736741839846  0.83368751359074800  0.84422423635266752  0.85631190871255269
  0.86786268003677780  0.87864236600336187  0.88902160656186324  0.89891893604631623
  0.90947170382892883  0.92081992042769589  0.93336169444253980  0.94705339827723345
  0.96072178518208962  0.97367913742515644  0.98769070953148319  1.00000000000000000
  0.05232301392795660  0.10452375019328668  0.12207905781479306  0.13042075192250416
  0.14020829908269022  0.14695454803098984  0.15630460840872099  0.16556290084338837
  0.18069108732703829  0.19637743626156276  0.21111844086826104  0.22427700048170576
  0.23508942863467033  0.24400159849737224  0.25268428466823589  0.26291527313546215
  0.27465366100538369  0.28605488524454037  0.29464620525493601  0.30222865158556256
  0.31083459767343241  0.31859464241869634  0.32740142475884948  0.33728276808205832
  0.34861687339712688  0.35844790262297732  0.36780516028752880  0.37711064945706430
  0.38660235776275120  0.39565055093398593  0.40398897409181078  0.41285543016195636
  0.42216134952613321  0.43104871540871031  0.43954381567335271  0.44832757048385369
  0.45754816424946959  0.46860853552684428  0.48023930274150373  0.49105876318936909
  0.50147738914937645  0.51153882816654417  0.52167157758451976  0.53257380232074214
  0.54343589344247856  0.54958441269184366  0.55591018152895044  0.56231212843259781
  0.56950099989492042  0.57748132880484604  0.58556478675378854  0.59333654717485107
  0.60119505538549756  0.61022675632398637  0.61988581449155034  0.62983039232007143
  0.64024905582206404  0.64981360395839016  0.65965277500994657  0.66843828498920776
  0.67657060660511126  0.68483223246074976  0.69228607203112813  0.70090895497912586
  0.70875808538169549  0.71524343939811841  0.72176613623222707  0.72843872659868614
  0.73636439341356952  0.74418925188093132  0.75315010904872604  0.76358737278483146
  0.77326894708653171  0.78225390670363470  0.79149370446167178  0.80021995900867648
  0.80875529238680677  0.81651375463354692  0.82445838807567784  0.83291748094691265
  0.84110834454775885  0.84905909147988579  0.85674479199305931  0.86376744031617125
  0.87048612104867018  0.87756811484551567  0.88395594438753022  0.89011511969077650
  0.89761056151056828  0.90730354351620501  0.91765748623603782  0.92943881616557578
  0.94257153507639768  0.95531643375939845  0.97593970130070107  1.00000000000000000
 -0.01867678853317416  0.13188695220461066  0.16939263473793228  0.19805046386214858
  0.21958457640439377  0.23779380369564293  0.25419366812266175  0.26847175683559588
  0.28370821695768295  0.29934653424088259  0.31461455867561738  0.32644403408063805
  0.33722142821893053  0.34782216091712509  0.35747831410884401  0.36747550143110824
  0.37725553246893384  0.38654001762308199  0.39508167298524877  0.40328317997974478
  0.41219364252731000  0.42040643470271211  0.42797171039836623  0.43506347659932160
  0.44250119590666603  0.45052917279591342  0.45973593221550979  0.46982800676921482
  0.47964568172176419  0.48898102567654078  0.49818691973891355  0.50746015959805024
  0.51598528580875536  0.52354470446247992  0.52962509390676438  0.53510347922394885
  0.54032074872237512  0.54566922174658550  0.55061699789432250  0.55521162614263209
  0.55978467178485025  0.56501191265874728  0.57199952948712074  0.57761077140893902
  0.58315674873115186  0.58917611833220818  0.59613690744319847  0.60417781689485661
  0.61178982005941762  0.61880550266958823  0.62443386222989405  0.62977642581161619
  0.63552376801870336  0.64136545245772680  0.64699626735318083  0.65231934876391262
  0.65751345368996894  0.66303449510744872  0.66954536949932320  0.67677006811631779
  0.68362427274569615  0.68923374138934002  0.69447371096112365  0.69970771191953440
  0.70461905315048590  0.70895102494824180  0.71373700024934139  0.71877416627403534
  0.72422223246335637  0.73079032705617608  0.73706080154932019  0.74293489519281608
  0.74838274914051384  0.75338107733060800  0.75815665775099428  0.76337133627181986
  0.76951101521958587  0.77569167330089617  0.78168665360118772  0.78729326979607173
  0.79270713404615711  0.79785452071413998  0.80327395696525938  0.80857304878193881
  0.81469902570347164  0.82142649717058691  0.82849986873178605  0.83617182423341485
  0.84443733155046963  0.85467723580020827  0.86587222986048373  0.87888681515370770
  0.89475126348157297  0.91394525660657511  0.94194358938048273  1.00000000000000000
   1.5410331718111184E-005  -1.0000000000000000     
 F F F F F F F F F F F F F F F F F F F F F F F F F F F F F F F F F F F F F F F F F F F F F F F F F F F F F F F F F F F F F F F F F F F F F F F F F F F F F F F F F F F F F F F F F F F F F F F F F F F F F F F F F F F F F F F F F F F F F F F F F F F F F F F F
  <DiscreteSampler_grid>
  grouped_processes
  1 # 1 for a reference and 2 for a running grid.
  10 # Attribute 'min_bin_probing_points' of the grid.
  1 # Attribute 'grid_mode' of the grid. 1=='default',2=='initialization'
  0.0000000000000000 # Attribute 'small_contrib_threshold' of the grid.
  0.5000000000000000 # Attribute 'damping_power' of the grid.
 # binID   n_entries weight   weight_sqr   abs_weight
    67   10   2.155893453714419E+000   3.925006675470228E+001   2.155893453714419E+000
    68   10   2.155893453714422E+000   3.925006675470242E+001   2.155893453714422E+000
    82   10   3.065352522825279E+000   6.049165562676374E+001   3.065352522825279E+000
    83   10   3.065352522825283E+000   6.049165562676395E+001   3.065352522825283E+000
    85   10   7.367479045815432E-001   4.179124429201106E+000   7.367479045815432E-001
    86   10   7.367479045815444E-001   4.179124429201123E+000   7.367479045815444E-001
    94   10   8.837839388605312E+000   6.644655984568456E+002   8.837839388605312E+000
    95   10   8.837839388605335E+000   6.644655984568494E+002   8.837839388605335E+000
    109   10   2.751183537540342E+000   6.428881192511220E+001   2.751183537540342E+000
    110   10   2.751183537540348E+000   6.428881192511246E+001   2.751183537540348E+000
    115   10   2.751183537540343E+000   6.428881192511227E+001   2.751183537540343E+000
    116   10   2.751183537540350E+000   6.428881192511261E+001   2.751183537540350E+000
    127   10   1.840333181571319E+000   2.331625084728817E+001   1.840333181571319E+000
    128   10   1.840333181571321E+000   2.331625084728824E+001   1.840333181571321E+000
    142   10   7.291121842979003E+000   4.279302617142434E+002   7.291121842979003E+000
    143   10   7.291121842979014E+000   4.279302617142450E+002   7.291121842979014E+000
    145   10   1.837008859452671E+000   2.819037509734259E+001   1.837008859452671E+000
    146   10   1.837008859452675E+000   2.819037509734271E+001   1.837008859452675E+000
    154   10   7.939130426320342E+000   4.793785914053649E+002   7.939130426320342E+000
    155   10   7.939130426320359E+000   4.793785914053672E+002   7.939130426320359E+000
    169   10   7.271011060955386E+000   4.666539991148943E+002   7.271011060955386E+000
    170   10   7.271011060955398E+000   4.666539991148960E+002   7.271011060955398E+000
    175   10   7.271011060955390E+000   4.666539991148946E+002   7.271011060955390E+000
    176   10   7.271011060955409E+000   4.666539991148974E+002   7.271011060955409E+000
    187   10   2.155893453714418E+000   3.925006675470225E+001   2.155893453714418E+000
    188   10   2.155893453714422E+000   3.925006675470240E+001   2.155893453714422E+000
    205   10   7.367479045815427E-001   4.179124429201105E+000   7.367479045815427E-001
    206   10   7.367479045815440E-001   4.179124429201121E+000   7.367479045815440E-001
    247   10   1.840333181571319E+000   2.331625084728817E+001   1.840333181571319E+000
    248   10   1.840333181571322E+000   2.331625084728824E+001   1.840333181571322E+000
    265   10   1.837008859452671E+000   2.819037509734260E+001   1.837008859452671E+000
    266   10   1.837008859452674E+000   2.819037509734268E+001   1.837008859452674E+000
    307   10   1.840333181571320E+000   2.331625084728818E+001   1.840333181571320E+000
    308   10   1.840333181571322E+000   2.331625084728825E+001   1.840333181571322E+000
    325   10   1.837008859452672E+000   2.819037509734263E+001   1.837008859452672E+000
    326   10   1.837008859452674E+000   2.819037509734268E+001   1.837008859452674E+000
    367   10   2.155893453714419E+000   3.925006675470228E+001   2.155893453714419E+000
    368   10   2.155893453714423E+000   3.925006675470245E+001   2.155893453714423E+000
    385   10   7.367479045815432E-001   4.179124429201106E+000   7.367479045815432E-001
    386   10   7.367479045815440E-001   4.179124429201121E+000   7.367479045815440E-001
    427   10   1.840333181571320E+000   2.331625084728818E+001   1.840333181571320E+000
    428   10   1.840333181571322E+000   2.331625084728825E+001   1.840333181571322E+000
    442   10   7.939130426320341E+000   4.793785914053649E+002   7.939130426320341E+000
    443   10   7.939130426320351E+000   4.793785914053661E+002   7.939130426320351E+000
    445   10   1.837008859452671E+000   2.819037509734259E+001   1.837008859452671E+000
    446   10   1.837008859452675E+000   2.819037509734271E+001   1.837008859452675E+000
    454   10   7.291121842979003E+000   4.279302617142434E+002   7.291121842979003E+000
    455   10   7.291121842979011E+000   4.279302617142445E+002   7.291121842979011E+000
    469   10   7.271011060955386E+000   4.666539991148943E+002   7.271011060955386E+000
    470   10   7.271011060955400E+000   4.666539991148960E+002   7.271011060955400E+000
    475   10   7.271011060955386E+000   4.666539991148943E+002   7.271011060955386E+000
    476   10   7.271011060955398E+000   4.666539991148960E+002   7.271011060955398E+000
    487   10   2.155893453714418E+000   3.925006675470225E+001   2.155893453714418E+000
    488   10   2.155893453714422E+000   3.925006675470243E+001   2.155893453714422E+000
    502   10   8.837839388605305E+000   6.644655984568445E+002   8.837839388605305E+000
    503   10   8.837839388605321E+000   6.644655984568473E+002   8.837839388605321E+000
    505   10   7.367479045815432E-001   4.179124429201106E+000   7.367479045815432E-001
    506   10   7.367479045815444E-001   4.179124429201123E+000   7.367479045815444E-001
    514   10   3.065352522825280E+000   6.049165562676376E+001   3.065352522825280E+000
    515   10   3.065352522825285E+000   6.049165562676406E+001   3.065352522825285E+000
    529   10   2.751183537540342E+000   6.428881192511220E+001   2.751183537540342E+000
    530   10   2.751183537540348E+000   6.428881192511246E+001   2.751183537540348E+000
    535   10   2.751183537540344E+000   6.428881192511227E+001   2.751183537540344E+000
    536   10   2.751183537540350E+000   6.428881192511261E+001   2.751183537540350E+000
  </DiscreteSampler_grid>
