 -0.00246230770389812  0.00953767328491775  0.01970496657542115  0.03021963162808440
  0.04075164934911343  0.05128330873284005  0.06181988562980656  0.07236806398147720
  0.08291486253373538  0.09346110836430598  0.10400434678543898  0.11454193229366073
  0.12508421965299954  0.13561831745493955  0.14615805930116729  0.15669143566636268
  0.16722729939234859  0.17776447357133013  0.18830754667641464  0.19885666108485717
  0.20939958173202330  0.21994038431313837  0.23048317584358430  0.24102639204586984
  0.25156552188954062  0.26209887157078676  0.27263767963377217  0.28318399503126734
  0.29373539111846414  0.30427571152199928  0.31480966656901610  0.32534334087863814
  0.33588818870610293  0.34643638898519280  0.35697982797282030  0.36752020002476865
  0.37805932894565003  0.38860382846904862  0.39914968837683790  0.40969823379326586
  0.42024342969408612  0.43079066598419985  0.44133951113745795  0.45189281737431297
  0.46244444342521313  0.47299168690063970  0.48353869710031033  0.49407675624619901
  0.50461413268498145  0.51514970247478664  0.52568883636225494  0.53622546329070342
  0.54675378873514657  0.55728947312465971  0.56782499903154482  0.57836349246536567
  0.58889835823392689  0.59943834104129490  0.60997860345799038  0.62051099777549612
  0.63104013045632534  0.64157173783104415  0.65211296241177019  0.66265992520821604
  0.67321074043917983  0.68375648241346776  0.69430290023504526  0.70484855794809587
  0.71539281209368777  0.72593345269076204  0.73647361032355030  0.74702146987591367
  0.75757284112261791  0.76812201260408086  0.77866793005183887  0.78920599208971498
  0.79974757929811235  0.81028610382357658  0.82082683882477403  0.83136671695431497
  0.84190449742501294  0.85243890517093834  0.86297422403070323  0.87351157909106281
  0.88405618481574577  0.89459652659496947  0.90514117533714011  0.91568110064161756
  0.92622475893415379  0.93676622492694217  0.94730211072097725  0.95783353464383403
  0.96836683682662172  0.97891176208606512  0.98945616244452816  1.00000000000000000
 -0.00244069170635991  0.00960141382984689  0.01978849390616384  0.03030474857878601
  0.04084629862262325  0.05139064099966337  0.06193503639586736  0.07247982388841585
  0.08302634117895602  0.09356395496648311  0.10409984469617742  0.11463346569686582
  0.12518095058582521  0.13573019548405024  0.14626721233453030  0.15679913452655114
  0.16732265936186974  0.17785854301904730  0.18839704166173080  0.19894220779128344
  0.20948636549615496  0.22003299788094050  0.23058103551117876  0.24112496170042733
  0.25167234930003185  0.26220218862866207  0.27273649488457952  0.28326746446154399
  0.29381716748124626  0.30435477091376995  0.31488245067568665  0.32540628221488166
  0.33594212847986560  0.34648577026302901  0.35702517121813876  0.36756075400893701
  0.37809337237603213  0.38862405673721012  0.39915247291641437  0.40968860230878668
  0.42022730066153102  0.43076620295253709  0.44129534916577173  0.45182974603423087
  0.46236991739795202  0.47291894053306688  0.48346941266399895  0.49401478049747100
  0.50455844803395122  0.51510045039110741  0.52564663391451627  0.53618330429216488
  0.54672273848449238  0.55725915171216700  0.56779989282628629  0.57833787012236082
  0.58888155509645679  0.59943086965847936  0.60998017171070695  0.62052301306072932
  0.63105747015553026  0.64159182958020544  0.65213066103481132  0.66267801691467221
  0.67322721550620535  0.68377223943874288  0.69430931585900379  0.70483672278745735
  0.71536524434372883  0.72590374406895419  0.73644424329682190  0.74699052392802279
  0.75753340130880931  0.76807582207581027  0.77861810423359068  0.78916001292608362
  0.79970912268207051  0.81025223283252690  0.82079876157690934  0.83134041365335709
  0.84187961786693588  0.85241197280260195  0.86294699504828176  0.87348240164602098
  0.88402456719162481  0.89456683761167988  0.90510663990585971  0.91564755426135491
  0.92617849109021821  0.93672056929013825  0.94726058667572044  0.95781222355408568
  0.96835727218535028  0.97890327547436429  0.98944908499640283  1.00000000000000000
   2.5654618324923878E-008  -1.0000000000000000     
 F F F F F F F F
  <DiscreteSampler_grid>
  grouped_processes
  1 # 1 for a reference and 2 for a running grid.
  10 # Attribute 'min_bin_probing_points' of the grid.
  1 # Attribute 'grid_mode' of the grid. 1=='default',2=='initialization'
  0.0000000000000000 # Attribute 'small_contrib_threshold' of the grid.
  0.5000000000000000 # Attribute 'damping_power' of the grid.
 # binID   n_entries weight   weight_sqr   abs_weight
    10   10   1.322623097372511E+010   1.749331857703255E+020   1.322623097372511E+010
  </DiscreteSampler_grid>
