  0.00000455633580841  0.00000540705806176  0.00000564129018515  0.00000583867787667
  0.00000609437256932  0.00000636281628866  0.00000662567302905  0.00000688530514934
  0.00000713434050884  0.00000738867988756  0.00000764795513196  0.00000790777546170
  0.00000817899892928  0.00000847425383545  0.00000879337309428  0.00000910712795481
  0.00000941749159917  0.00000975793380781  0.00001011478217229  0.00001047931312280
  0.00001085868670311  0.00001125813610352  0.00001166041097020  0.00001205871516273
  0.00001248648830193  0.00001295365690464  0.00001343633504894  0.00001392929821794
  0.00001444469884677  0.00001502540696844  0.00001563701125092  0.00001624111009353
  0.00001689605771808  0.00001756998275844  0.00001824076532272  0.00001891994357779
  0.00001963546774029  0.00002042077538017  0.00002127197114138  0.00002198670296766
  0.00002270985777356  0.00002344436256855  0.00002419442975172  0.00002502245917407
  0.00002595035147268  0.00002692296867110  0.00002793451857109  0.00002904661974214
  0.00003026396869842  0.00003149599099696  0.00003264341387298  0.00003379590219314
  0.00003503736433037  0.00003637585949440  0.00003779376761836  0.00003932028517980
  0.00004094643970414  0.00004270352789303  0.00004453361309767  0.00004655518957063
  0.00004868726927465  0.00005079532693446  0.00005308311745532  0.00005573024704733
  0.00005869040166191  0.00006186922635392  0.00006524072959855  0.00006875338793626
  0.00007269594133867  0.00007700398476518  0.00008197705022608  0.00008760449921715
  0.00009396826503980  0.00010110058401020  0.00010896679578128  0.00011746953326131
  0.00012734784628083  0.00013799401843922  0.00014917793647209  0.00016170380238089
  0.00017707136756856  0.00019698656465321  0.00021724260023527  0.00024372548090052
  0.00027756025949357  0.00032506708690951  0.00039007876906791  0.00047740915488598
  0.00058593780108071  0.00072283602760759  0.00096143538799963  0.00142195788729079
  0.00316650792847258  0.00668635363764633  0.30025770812906161  1.00000000000000000
  0.00004225296225627  0.00004550525185907  0.00005165446272710  0.00005824088987667
  0.00006506633145274  0.00007182996361163  0.00007842013922609  0.00008698764471947
  0.00009637627378887  0.00010658624977476  0.00011745987315322  0.00012920757020717
  0.00014285501726695  0.00015796984476343  0.00017426069905883  0.00019110889733753
  0.00020714241007157  0.00022203393768550  0.00023759793997665  0.00025367365757174
  0.00027183960817778  0.00029054053328444  0.00031081813761018  0.00033210084151076
  0.00035368760816201  0.00037532751711650  0.00039817645708560  0.00042277417218004
  0.00044789462470388  0.00047333215000814  0.00049858730509855  0.00052532571491868
  0.00055414058798597  0.00058489504143670  0.00061970251325423  0.00065699557125653
  0.00069490471043825  0.00073462798007798  0.00077494304020539  0.00081683884720426
  0.00086000342167860  0.00090162653904047  0.00094214490077185  0.00098433822576354
  0.00103182430230058  0.00108011153776502  0.00113107097756251  0.00118450713390496
  0.00124083673835268  0.00130079355310780  0.00136448064415523  0.00143325179365730
  0.00151085069166269  0.00159041557815486  0.00167319653395270  0.00175813719199837
  0.00184170598478153  0.00192420467892348  0.00200969722353838  0.00210067464814364
  0.00219861857289938  0.00230617914185432  0.00241840479195974  0.00252508154051824
  0.00262839808094814  0.00274294183043087  0.00285890161009138  0.00298784742357653
  0.00310559442185225  0.00322224005829569  0.00335020751627108  0.00348697515641288
  0.00362134949490115  0.00375179860368570  0.00388786907918782  0.00404634434364820
  0.00421884159040080  0.00441544676847235  0.00464959028756783  0.00493074209383188
  0.00519470325255770  0.00543897872243201  0.00568204092795840  0.00599111925940698
  0.00645480528861206  0.00710101340164280  0.00790065906407513  0.00886292413933227
  0.00984048033707833  0.01098624476378966  0.01241446260730799  0.01397489593250956
  0.01527503279762138  0.01701229400055713  0.41172574163219011  1.00000000000000000
  0.00000571879098056  0.00000733775502752  0.00000807303864725  0.00000868595119648
  0.00000923334823251  0.00000981945083139  0.00001038834097717  0.00001098893442092
  0.00001154444177393  0.00001210696774047  0.00001269453034578  0.00001330248818823
  0.00001389086462695  0.00001449099252608  0.00001513336823334  0.00001579620541279
  0.00001651765639665  0.00001735648371605  0.00001825042829514  0.00001912407853214
  0.00002003212504003  0.00002092242361855  0.00002182222913313  0.00002284201646602
  0.00002398662762018  0.00002522151390587  0.00002649065106058  0.00002780408231453
  0.00002916914482510  0.00003062003481734  0.00003216842885321  0.00003373279115005
  0.00003553914096445  0.00003746656857253  0.00003932382128790  0.00004126399737946
  0.00004327909385361  0.00004536010223553  0.00004776448249890  0.00005066481120783
  0.00005359753946582  0.00005664375267606  0.00005973511083607  0.00006268368796296
  0.00006585155495043  0.00006953454934796  0.00007371798030639  0.00007820848292663
  0.00008309939382917  0.00008841570035494  0.00009432488612672  0.00010099256047449
  0.00010797514797741  0.00011579627544136  0.00012390211582568  0.00013166549854267
  0.00013963679847745  0.00014795664989789  0.00015658399326154  0.00016627631947092
  0.00017744787667430  0.00019074107132679  0.00020601305277040  0.00022374152522845
  0.00024388982412797  0.00026535935419846  0.00028832544276493  0.00031275184604915
  0.00034077629729485  0.00037316794136484  0.00040903851755127  0.00044738099548146
  0.00048721053016405  0.00053422794200569  0.00058831574251382  0.00065586138697792
  0.00073575339220956  0.00081891520518981  0.00091350496560374  0.00101710839376793
  0.00113571829175213  0.00128050943801134  0.00146866311622859  0.00171344897865594
  0.00197432917917185  0.00226496276334692  0.00257897816540691  0.00290371189710806
  0.00328080022961936  0.00378466957197504  0.00463396867025702  0.00657613598034251
  0.00878429229292178  0.01168983259062206  0.06808397027692220  1.00000000000000000
 -0.00180030084155704  0.00580111834646918  0.01304136327082651  0.02045543317886382
  0.02824325071949513  0.03583390459667709  0.04306661306628502  0.05016186120627902
  0.05713402206779212  0.06400259850453180  0.07119864456001262  0.07841861685751680
  0.08585843921594605  0.09335582655682291  0.10089769316619829  0.10966801059818040
  0.11919095535729893  0.12843313464086195  0.13696385327669047  0.14554540037141991
  0.15441643605897817  0.16356502184565291  0.17287562923460126  0.18295863747523522
  0.19334173591375045  0.20632852642469210  0.21851327842976029  0.23051980600169872
  0.24139140738719761  0.25160636103243178  0.26174508516870798  0.27249127879957857
  0.28412577908850428  0.29673290776827271  0.30904207059583871  0.32007885079937926
  0.33061088410285117  0.34154368911988392  0.35275162958171208  0.36384862432598886
  0.37543681037939813  0.38755154586945323  0.39975294231624731  0.41133929378901335
  0.42327354437842174  0.43562895984915789  0.44887886236696845  0.46196421047999131
  0.47491803684917649  0.48781304843404216  0.50132905529238081  0.51277530635205992
  0.52268709441001360  0.53241134019601855  0.54181992041236027  0.55172515355517815
  0.56313418402342463  0.57618535400648219  0.58846250886844775  0.59967384992645156
  0.61164275831114867  0.62436645889978737  0.63640740419276931  0.64802117804217196
  0.65985041869445216  0.67189688449635898  0.68393844769689160  0.69629354093489149
  0.70918314007927186  0.72137234915210036  0.73306381311674318  0.74484509051363401
  0.75775288656554762  0.77131084749550360  0.78461554036233849  0.79698607366770147
  0.80860884449181791  0.81957754198954358  0.83041367962662782  0.84183300736646050
  0.85301153349975301  0.86356771078909866  0.87390240967468658  0.88430916427243722
  0.89483450743520720  0.90516272300178502  0.91510163248114529  0.92500725768067249
  0.93448417199037270  0.94367222397182438  0.95269141702821913  0.96168436456932038
  0.97120415440226460  0.98080582887058043  0.99096557743430669  1.00000000000000000
 -0.00172264997488939  0.01018664843160395  0.02079723154239436  0.03183252417500465
  0.04270924447286938  0.05362461162732700  0.06462903222956806  0.07591800762382626
  0.08745436997363605  0.09864767858763199  0.10937803924171323  0.12037292481382292
  0.13132646238254755  0.14207373690341887  0.15319042537280517  0.16476075943059684
  0.17644380386965175  0.18778591575736187  0.19901765246492084  0.21007735322646892
  0.21996935060644576  0.23019462447070627  0.24063057469172211  0.25141372568210130
  0.26241905563132617  0.27360419957821902  0.28510464934557206  0.29590566222974929
  0.30614134110043933  0.31669549186504714  0.32781995203922215  0.33885729172035500
  0.34890542958233056  0.35883207579852816  0.36900798281638908  0.37972541850276065
  0.39080259487075275  0.40162480697526298  0.41186444154064339  0.42188230314572794
  0.43205858592743523  0.44253380836472861  0.45387369046576803  0.46463514082883373
  0.47641854427793934  0.48781936253207353  0.49922244485397910  0.50976052929858773
  0.51960937157211506  0.52987092780319811  0.54088063664533070  0.55320311361382146
  0.56553674037418300  0.57780712620837182  0.58916624874529333  0.59988413118193973
  0.61097672701191064  0.62242461601862131  0.63429767009858395  0.64551671918217302
  0.65639339682705444  0.66658919067737255  0.67690035274542526  0.68806485733582967
  0.70072591533608797  0.71210287915015824  0.72273895665938059  0.73289329134295644
  0.74333656850317387  0.75405253072947065  0.76503639033210402  0.77645731603601231
  0.78775079981938223  0.79867066317745661  0.80932222040591451  0.82020670480454683
  0.83145353351612872  0.84263914623164571  0.85446437509363671  0.86577140582980194
  0.87570585935433076  0.88512486910663690  0.89329527449585466  0.90209573581989522
  0.91038026026326146  0.91836380001720097  0.92655632931321663  0.93562837096441365
  0.94546757694177386  0.95474897568275585  0.96352423345276872  0.97224287169044432
  0.98077334805190608  0.98785200453925603  0.99398579994750036  1.00000000000000000
 -0.00235447317496990  0.01781916092038979  0.03082559861658288  0.04060539158487650
  0.04950272992545938  0.05815629976307605  0.06698053234554603  0.07727228045945142
  0.08923367092918194  0.10215679893582608  0.11456416462946864  0.12667673608839358
  0.13739293449685286  0.14731350115076863  0.15726923229778941  0.16820289437707178
  0.18023686000907391  0.19171232559349685  0.20263821056839990  0.21304940918758636
  0.22280223204632110  0.23238406387272725  0.24176994384394310  0.25148423864395830
  0.26209566780356064  0.27321885292463755  0.28387697259493205  0.29353999045099871
  0.30318913617267707  0.31347839960872598  0.32446911842158865  0.33564833129056648
  0.34718240247244248  0.35864990273556308  0.36984827460052855  0.38099130931575143
  0.39216192356532109  0.40346360442235746  0.41516803813262781  0.42724808190092167
  0.44034967725374718  0.45389489051197379  0.46690249930297800  0.48018072096915893
  0.49181305266574682  0.50236155059937759  0.51269814130973634  0.52398444832039837
  0.53814225513979286  0.55041968618502668  0.56215145138768352  0.57284882474537080
  0.58285389885124872  0.59265587481525750  0.60277950056844531  0.61312573677339899
  0.62345051637914017  0.63465190806175986  0.64645062733365855  0.65767033471788217
  0.66839740370111023  0.67909496289265991  0.68928704089719184  0.69846461881447175
  0.70772980316603307  0.71859074412885360  0.73070058309408858  0.74259117779845052
  0.75346283893468158  0.76332600273310802  0.77286529151866690  0.78100517377766621
  0.78906996626159298  0.79695674550040574  0.80500140772095319  0.81314008016575434
  0.82058169407042503  0.82769105433170609  0.83489846352219543  0.84285861172108978
  0.85156068479812641  0.85998129108026300  0.86812986633988432  0.87600788958418163
  0.88557931313391436  0.89493298866973625  0.90461128323109696  0.91437141284545043
  0.92531753995358179  0.93719206964886048  0.94858166983497483  0.96008596725700046
  0.97075028010863951  0.98057058658484630  0.99052927632786014  1.00000000000000000
 -0.00266892277018084  0.00975117047612107  0.02041964446237784  0.03031018030713824
  0.04037861341731166  0.04982102598042581  0.05910400358616795  0.06885614637423637
  0.07853768056971329  0.08872229617410794  0.09887277782774637  0.10825736316773009
  0.11765322456780981  0.12663109864437086  0.13499425047714517  0.14475353157783272
  0.15586519631023193  0.16706245916740206  0.17762071559552228  0.18836220601584458
  0.19972907350635791  0.21023552724281300  0.21959195962889039  0.22827042095190447
  0.23638561448234416  0.24488850239206886  0.25388734331346585  0.26382658115615448
  0.27415772573530051  0.28487850164510520  0.29600915738426348  0.30715731412467873
  0.31705822874637934  0.32540827029063651  0.33389516338442538  0.34427049978095725
  0.35555413274445341  0.36670586588889320  0.37793369561036327  0.38949880715350227
  0.40120453587428434  0.41198167313647499  0.42376921625622205  0.43579045174627618
  0.44798249076987356  0.46048818093777116  0.47235291727529322  0.48432087708337146
  0.49595326093637915  0.50748152351471676  0.51871084512759125  0.52888612345107044
  0.53883867022760801  0.54902834871589812  0.55937467011611719  0.56929191664988454
  0.57796243231839428  0.58593611660091960  0.59513451822545493  0.60435211473085582
  0.61468039522115980  0.62448302686062640  0.63530635665055757  0.64616161148480622
  0.65652267291483069  0.66717911325944101  0.67813271253889573  0.68881366120026066
  0.69842509871976843  0.70810884560515608  0.71919123987420297  0.73054589285428384
  0.74163038368772582  0.75294080110924577  0.76437662182841726  0.77565709050462861
  0.78643429441912405  0.79804872749335998  0.81067680937034947  0.82287976613140845
  0.83460265196704020  0.84674568939435713  0.85914167772758698  0.87113824089855851
  0.88280513125024440  0.89361940581981625  0.90372541260757810  0.91411817499599446
  0.92490443581727733  0.93680886968279187  0.94901104521107549  0.96059085452981352
  0.97071432328115870  0.97984176556218594  0.98939545478238011  1.00000000000000000
 -0.00293187227546752  0.00987652469930617  0.01959442605947294  0.02955393190180029
  0.03966040213943846  0.04977607261066655  0.05955088014615366  0.06910129595299580
  0.07861972943067605  0.08857652484710331  0.09831011243977605  0.10868073382456062
  0.11939113275232766  0.13003305853701852  0.14157646065507151  0.15313423693273961
  0.16444113520576642  0.17583044148003413  0.18736569701246955  0.19860139176514499
  0.20925248575974273  0.21904332071995058  0.22891385041103160  0.23907266575476202
  0.24782608512523421  0.25556679979258162  0.26357271566945722  0.27184739965036719
  0.28336530390633263  0.29682696217654775  0.31043975563908616  0.32308422426460370
  0.33499020719991379  0.34730990407470486  0.35941792202210698  0.37100674703172998
  0.38219549290690369  0.39322513485979543  0.40424977323796391  0.41604525451001934
  0.42912143477306375  0.44222874866906631  0.45455781853843757  0.46690362356265142
  0.47888555562142621  0.49137120094074593  0.50269716478838355  0.51312399923160745
  0.52345353080667900  0.53459530019592472  0.54677937808594435  0.55914051905765605
  0.57085559457921953  0.58192756949122881  0.59238596432141222  0.60265952109193399
  0.61221084714713747  0.62085801157907838  0.62941131191821631  0.63836530352473608
  0.64836958152516888  0.65789929190559393  0.66670806869526100  0.67584576806207863
  0.68660894442570075  0.69904294775535414  0.71146854685351690  0.72245042222194300
  0.73238832652906638  0.74183464539430788  0.75081375794180805  0.75972645855637222
  0.76860838497624373  0.77790429340073519  0.78875910752231282  0.79985523621508436
  0.80995212749895684  0.81890799549748894  0.82763545969088870  0.83667263984195306
  0.84603793541038452  0.85559102101903250  0.86526278899455755  0.87509129014701859
  0.88449881521698626  0.89396552839644883  0.90390293851197079  0.91408328482820500
  0.92423802051214810  0.93416502752365671  0.94454295171053049  0.95533739482849667
  0.96642308009069844  0.97777962429643406  0.98894883676605394  1.00000000000000000
  0.07544536419277417  0.07812786791994496  0.08030054953408991  0.08459734784631491
  0.09280539846025758  0.10010036018662520  0.11510184711134128  0.12971937645652912
  0.14261428113575644  0.15737962670271807  0.17208123560751404  0.18942117814464884
  0.20500402666999290  0.21651835294932087  0.22521043783339456  0.23442358088527057
  0.24316124151745569  0.25265512036434917  0.26047437885788083  0.26793020463985706
  0.27727373493265606  0.28797330509368035  0.29790723092815879  0.30759232129375474
  0.31710820165376324  0.32620497057070824  0.33450338525780687  0.34276880247985553
  0.35053537557373898  0.35814720358743080  0.36617663014002416  0.37456005860115932
  0.38293267151058930  0.39071542272223775  0.39824294763550805  0.40591685701897434
  0.41356172374166783  0.42195289537277020  0.43034139408962691  0.44017211090429764
  0.45105613842684117  0.46239390655079893  0.47288104099435418  0.48319773832112956
  0.49341860773189006  0.50262894804216551  0.51134337095647731  0.51979293799847259
  0.52888778921309565  0.53814840184194757  0.54669628471101606  0.55469994502602860
  0.56286197781372960  0.57128037750461802  0.57983466016119811  0.58869130000959613
  0.59756513601525418  0.60689148925425551  0.61660673526691601  0.62631542502435711
  0.63574819179920017  0.64523767892390460  0.65485169863688864  0.66439714860837451
  0.67363373230591783  0.68243198953638107  0.69114792673797298  0.69998901966171323
  0.70926238400104968  0.71864553715506641  0.72759791063553259  0.73610776852822091
  0.74420706145530890  0.75333173064229031  0.76301643754348458  0.77252635472596964
  0.78178706109843932  0.79134057404080538  0.80160463904252544  0.81213694442293949
  0.82245563733113347  0.83284495558054072  0.84329058941057478  0.85370554380737507
  0.86425363801101096  0.87470644283435695  0.88506643168209775  0.89500117583057259
  0.90486983187099534  0.91488545976706881  0.92551194507621093  0.93653894180804209
  0.94794828291869460  0.96072358621679110  0.97708795261537207  1.00000000000000000
 -0.01978795002160567  0.13054718032488449  0.17390231424610025  0.20279988874838803
  0.22891796220416982  0.25344510641228313  0.27406926944653054  0.29058969248537597
  0.30601120510202040  0.32055640184425965  0.33394500149878970  0.34655023554562031
  0.35840882409321950  0.36976397020839924  0.38052715984530427  0.38890667116947009
  0.39634193592680278  0.40359041363859205  0.41092876827733510  0.42033446129713919
  0.42966008969493402  0.43858039773729718  0.44763351514314681  0.45605812114763800
  0.46482041787345024  0.47347043453230836  0.48170332262848686  0.48975693443863239
  0.49806137651880228  0.50630281598317695  0.51408264920749536  0.52153359293285995
  0.52755744958509510  0.53314296746141820  0.53885390549292722  0.54495368069531258
  0.55244904342088497  0.56046797674843429  0.56789138132261008  0.57507464064174929
  0.58210425396119392  0.58895716141809773  0.59555252968400496  0.60170869713272657
  0.60753937253129808  0.61343600189186287  0.61961322004985975  0.62591403932337220
  0.63187662620264373  0.63744146081676345  0.64283382996851213  0.64812228648827996
  0.65318006993946032  0.65827395900162844  0.66326812940690794  0.66835569603953526
  0.67329017616679843  0.67820139265754975  0.68335249918440966  0.68884395606892845
  0.69465936792869099  0.70061564551333788  0.70641601848778368  0.71210809760921734
  0.71747208543507912  0.72277022746838393  0.72802192443428693  0.73348836970444453
  0.73947555585790870  0.74568803690042185  0.75188665012407707  0.75821239117860395
  0.76456331214359663  0.77003624649151292  0.77485806961169534  0.77945667285531428
  0.78422176418742762  0.78925775639468587  0.79428522898770149  0.79934484282968521
  0.80471543556675729  0.81041735281826710  0.81632442768243185  0.82245801616990688
  0.82863721044473737  0.83568590638646767  0.84356966732190697  0.85188009537222409
  0.86045529218314709  0.86909113997642862  0.87830026075174594  0.88790539038672067
  0.89951793492181376  0.91554998384506758  0.94179594583498083  1.00000000000000000
   4.1149236059193290E-004  -1.0000000000000000     
 F F F F F F F F F F F F F F F F F F F F F F F F F F F F F F F F F F F F F F F F F F F F F F F F F F F F F F F F F F F F F F F F F F F F F F F F F F F F F F F F F F F F F F F F F F F F F F F F F F F F F F F F F F F F F F F F F F F F F F F F F F F F F F F F
  <DiscreteSampler_grid>
  grouped_processes
  1 # 1 for a reference and 2 for a running grid.
  10 # Attribute 'min_bin_probing_points' of the grid.
  1 # Attribute 'grid_mode' of the grid. 1=='default',2=='initialization'
  0.0000000000000000 # Attribute 'small_contrib_threshold' of the grid.
  0.5000000000000000 # Attribute 'damping_power' of the grid.
 # binID   n_entries weight   weight_sqr   abs_weight
    31   10   2.658191433708294E+002   1.855305712736832E+005   2.658191433708294E+002
    32   10   2.658191433708292E+002   1.855305712736831E+005   2.658191433708292E+002
    40   10   1.476852806116356E+002   6.297782366242892E+004   1.476852806116356E+002
    41   10   1.476852806116356E+002   6.297782366242894E+004   1.476852806116356E+002
    55   10   2.178904440416287E+002   1.384484100773575E+005   2.178904440416287E+002
    56   10   2.178904440416287E+002   1.384484100773574E+005   2.178904440416287E+002
    64   10   1.462094393387494E+002   6.404662414604505E+004   1.462094393387494E+002
    65   10   1.462094393387493E+002   6.404662414604497E+004   1.462094393387493E+002
  </DiscreteSampler_grid>
