 -0.00251178876383056  0.00952334137361829  0.01969676890690802  0.03021905106624793
  0.04076983224288042  0.05131345642085818  0.06185775988817370  0.07240447273284961
  0.08294624729009742  0.09348629370270653  0.10402323484218488  0.11456957214782976
  0.12511550312380781  0.13566626293936104  0.14621267182527359  0.15676393233373895
  0.16729859772915756  0.17783576909990761  0.18837054470323258  0.19891005097397760
  0.20945082508996066  0.21998893321193091  0.23053677409576542  0.24107700697091039
  0.25161590050258792  0.26214680618045944  0.27267628023271462  0.28320917908630006
  0.29374730524059001  0.30429565312823614  0.31483368886749896  0.32537637203493486
  0.33591608373051096  0.34645978248252812  0.35699773783310501  0.36753477100264387
  0.37805858399600129  0.38858340996758933  0.39910525101105288  0.40964500672047899
  0.42017800925808924  0.43071284350061906  0.44125152264196571  0.45179718803768998
  0.46234007857148995  0.47288215205396400  0.48342528797187678  0.49396647418197021
  0.50450384349358390  0.51504269659999646  0.52558780324101528  0.53612890694547144
  0.54667096497670753  0.55720754722419885  0.56774761442958932  0.57828280819923883
  0.58882285662604250  0.59936403973789998  0.60990975896086763  0.62045882519789086
  0.63100647106762175  0.64155550611189438  0.65210451992217600  0.66265907130153168
  0.67320511265918093  0.68374499698531011  0.69428230627121901  0.70481009730856981
  0.71533890174572878  0.72586781614167506  0.73641089892598988  0.74695919086823970
  0.75750626036954427  0.76805763628314994  0.77860163899278645  0.78914740234579650
  0.79968346873793850  0.81022784990024155  0.82076589887050200  0.83131035036136580
  0.84185226349618636  0.85240001699723267  0.86294316562565498  0.87348562726514045
  0.88402841993976855  0.89457015652792671  0.90510897516331013  0.91563963459631514
  0.92617896511101749  0.93672377470328339  0.94727487059520099  0.95782462350620956
  0.96836698734090887  0.97890879770699091  0.98945173048475654  1.00000000000000000
 -0.00244433069478311  0.00950142451896514  0.01966141016064010  0.03017658989748884
  0.04072201682555598  0.05126020463491933  0.06180236832494945  0.07234489876249997
  0.08288483322411573  0.09342773813022320  0.10397045129634705  0.11452187059844460
  0.12507412339748827  0.13562122735906232  0.14616927048878842  0.15670789402559832
  0.16725100517916433  0.17779118518167333  0.18833862766979592  0.19887684193102304
  0.20941838242747640  0.21996277399289010  0.23050281831526689  0.24104070988613022
  0.25157772703253062  0.26212079956641404  0.27266309106422898  0.28320177580618205
  0.29374375080736925  0.30428385126087532  0.31482753926355872  0.32537045893709804
  0.33591214257054186  0.34645126680791927  0.35699315152561706  0.36752816584663872
  0.37805462025022085  0.38856757795715824  0.39909022566173036  0.40962339944495746
  0.42015934447482112  0.43069798508308471  0.44122713402452501  0.45177056641258789
  0.46230908597406761  0.47285877407500210  0.48339307484889532  0.49393138793739744
  0.50447090383627646  0.51501822574895162  0.52556387788870451  0.53610872185630976
  0.54666079968623771  0.55721613558286454  0.56777057776939865  0.57831886115669962
  0.58886765004377772  0.59941264811142847  0.60996037995508612  0.62050057192621821
  0.63104426144205350  0.64158422874969534  0.65212373626722997  0.66265946361945560
  0.67319582341429207  0.68373777664633195  0.69427244580960579  0.70480588552124668
  0.71532930602995004  0.72586479414815708  0.73640281334756530  0.74694765318197409
  0.75749261025153680  0.76804033570933605  0.77859338268794254  0.78913802601359084
  0.79968393403587368  0.81021954260636753  0.82076342929404555  0.83129500012843416
  0.84183740957943809  0.85237668052460136  0.86292954483312057  0.87347793354089631
  0.88401237892971452  0.89454773951496969  0.90508705765892417  0.91563796679118858
  0.92618405557254124  0.93672960683785644  0.94728018720649099  0.95782468644295993
  0.96836402439449354  0.97890281998695494  0.98944949057291864  1.00000000000000000
   2.5528036913977790E-008  -1.0000000000000000     
 F F F F F F F F
  <DiscreteSampler_grid>
  grouped_processes
  1 # 1 for a reference and 2 for a running grid.
  10 # Attribute 'min_bin_probing_points' of the grid.
  1 # Attribute 'grid_mode' of the grid. 1=='default',2=='initialization'
  0.0000000000000000 # Attribute 'small_contrib_threshold' of the grid.
  0.5000000000000000 # Attribute 'damping_power' of the grid.
 # binID   n_entries weight   weight_sqr   abs_weight
    10   10   1.322623097372511E+010   1.749331857703254E+020   1.322623097372511E+010
  </DiscreteSampler_grid>
