  0.00000598675141818  0.00000629427762757  0.00000650914599557  0.00000674622784258
  0.00000697852682043  0.00000724462555399  0.00000751771340947  0.00000779943691896
  0.00000806880194180  0.00000836952323140  0.00000866699737582  0.00000896913765360
  0.00000928233571717  0.00000960359224245  0.00000991776460473  0.00001022742536295
  0.00001054592548366  0.00001087123709637  0.00001120277175358  0.00001153076738631
  0.00001184621636772  0.00001218071473318  0.00001253910663635  0.00001301224249417
  0.00001360105877569  0.00001422073361129  0.00001486401935637  0.00001546908051711
  0.00001608601808713  0.00001672245722047  0.00001738222913871  0.00001805807672035
  0.00001871244835798  0.00001933956220445  0.00001996307195743  0.00002061139561709
  0.00002135801556436  0.00002221040542778  0.00002309142222784  0.00002397741468141
  0.00002484049025194  0.00002573140898339  0.00002657805835990  0.00002740194208387
  0.00002825807181746  0.00002920164578154  0.00003027915718911  0.00003151367571081
  0.00003283981498588  0.00003419166899573  0.00003561961379033  0.00003714667009491
  0.00003874435377290  0.00004041147514841  0.00004208565441453  0.00004339020249796
  0.00004474912180976  0.00004611064830544  0.00004751988300225  0.00004907931716980
  0.00005112168013042  0.00005326062566995  0.00005579279091193  0.00005814099635639
  0.00006074982620851  0.00006333231554017  0.00006594002759128  0.00006859924611125
  0.00007148793001912  0.00007459464482442  0.00007806861523655  0.00008205378399335
  0.00008639395217154  0.00009092181796609  0.00009625804362406  0.00010231511954293
  0.00010863060753499  0.00011505522978073  0.00012197854524398  0.00012950501433896
  0.00013817557261119  0.00014835534015105  0.00015983650752758  0.00017232829315108
  0.00018695369144012  0.00020521387368912  0.00022654792808647  0.00025382645157278
  0.00028981728357049  0.00034232301924217  0.00043297366519595  0.00058871191639177
  0.00097150364551867  0.00282612712657502  0.42392796576204966  1.00000000000000000
  0.00001608615854445  0.00002810389578013  0.00003409347647157  0.00003894669638792
  0.00004369680260144  0.00004851882343420  0.00005442533190946  0.00006180722302850
  0.00006838202085098  0.00007639358221882  0.00008639871130419  0.00009807493444053
  0.00010910685283842  0.00011822944761863  0.00012486484125364  0.00013266107735231
  0.00014128352637358  0.00015242550725987  0.00016503718621964  0.00017897434435491
  0.00019646595298697  0.00021638652120384  0.00023663246562918  0.00025914648549090
  0.00028001015022073  0.00029490078694444  0.00030967657455604  0.00032621354854857
  0.00034427655419514  0.00037078624138977  0.00039826166934003  0.00043744401547744
  0.00049267848797734  0.00056118609372990  0.00062822316395131  0.00068473505363243
  0.00073965859539432  0.00079269044397666  0.00085303739418426  0.00092065105756566
  0.00099293583703192  0.00106958198621448  0.00114613297707462  0.00121753477336528
  0.00128260298946235  0.00134211620170532  0.00140137787841752  0.00146012339715904
  0.00152074657122290  0.00158428857711520  0.00164976298595274  0.00171958089510673
  0.00178853679767159  0.00186134053119201  0.00193801398520477  0.00201839998683861
  0.00210180380778385  0.00219381784194922  0.00229407996266820  0.00240095020059983
  0.00251522005910672  0.00263755748128691  0.00276461052037529  0.00287800078085117
  0.00299993251501850  0.00312889782217399  0.00327131462950203  0.00343059860537041
  0.00361234989657843  0.00381465194427028  0.00403488090403768  0.00426521262157220
  0.00453516783069749  0.00481583223383798  0.00514424168651135  0.00550795403369192
  0.00588601823390314  0.00627051316169189  0.00667859789723413  0.00714409563436584
  0.00774916498084727  0.00850558089050690  0.00924550469143233  0.00993342036778547
  0.01059742676208510  0.01138032365137730  0.01239299182479034  0.01370363568845888
  0.01526437350251513  0.01774663303716804  0.02128891202637524  0.02530849664437265
  0.03348195184958340  0.04923584828944057  0.54530889356171874  1.00000000000000000
  0.00000004410892938  0.00000005550347604  0.00000006644957117  0.00000008192594836
  0.00000009704005508  0.00000010921047235  0.00000012240311183  0.00000013793614982
  0.00000015458641062  0.00000017116512134  0.00000018920458076  0.00000020687434325
  0.00000022566728551  0.00000024838984046  0.00000027386117425  0.00000029816134183
  0.00000032111447593  0.00000034366540750  0.00000036728268637  0.00000039211535799
  0.00000041886228486  0.00000044648436197  0.00000047342089110  0.00000050727345534
  0.00000055499392734  0.00000061139839931  0.00000066952949319  0.00000073349793246
  0.00000080725589934  0.00000088819286725  0.00000097481842510  0.00000108201932947
  0.00000121358761950  0.00000137144226489  0.00000154313888329  0.00000170589248255
  0.00000187958646056  0.00000208301262161  0.00000231251125573  0.00000255945215639
  0.00000295588853815  0.00000340041579099  0.00000386877806115  0.00000437428081208
  0.00000496058861891  0.00000561612979089  0.00000644562121529  0.00000731109826054
  0.00000828382785208  0.00000946688808244  0.00001090049040304  0.00001264308642714
  0.00001477163440666  0.00001729913587017  0.00002018410272045  0.00002393729392800
  0.00002823391590421  0.00003351383041012  0.00003972715620652  0.00004695771386365
  0.00005561529255248  0.00006588758253486  0.00007795115141347  0.00009073002581287
  0.00010364067627202  0.00011975779145606  0.00013742865554937  0.00015973897954379
  0.00018539163722965  0.00021444864693516  0.00024497566265410  0.00027872705347558
  0.00031698551498956  0.00035961632749811  0.00040275964935887  0.00044256474732123
  0.00048066205164275  0.00052385564368701  0.00056947774361418  0.00062323100039607
  0.00068493158736236  0.00076545322509431  0.00086204449308670  0.00098111904833584
  0.00112686848696448  0.00132168808140248  0.00155208258654384  0.00180088519373767
  0.00210333679304476  0.00258835747113882  0.00331373453844720  0.00465180257091312
  0.00742190303740145  0.01348562627173409  0.26775303917172327  1.00000000000000000
  0.00304067279483914  0.00945956392548742  0.01594320663758554  0.02282709801905168
  0.02995207708956519  0.03673220218776030  0.04403977357337041  0.05226960936726015
  0.06081424450054500  0.06942927387389074  0.07832919723696551  0.08787952655639791
  0.09849796578864199  0.11024905596379195  0.12264588347560841  0.13549315690684868
  0.14746082632050184  0.16010336846629458  0.17284742446411228  0.18662093529400794
  0.19818068379759735  0.20998109265809140  0.22246982838677257  0.23617109226687724
  0.24962525128586330  0.26255597624351812  0.27526043100923148  0.28775252997022049
  0.30058097461075983  0.31303597984848963  0.32532886906207920  0.33763660120105826
  0.35041147132772565  0.36278482331535933  0.37490406119667880  0.38849578560627979
  0.39903488200105469  0.40811027017247326  0.41730121893012240  0.42783537155642792
  0.43789581334325145  0.44697526782363706  0.45660652529939022  0.46800712635672692
  0.47947987831169825  0.49062930706889235  0.50214801011352972  0.51398487448156471
  0.52588299201113953  0.53709325360291116  0.54913189904733861  0.56211787015992032
  0.57712491040375014  0.59171899200651035  0.60512631513474835  0.61875544397627358
  0.63178272778990807  0.64398826566050826  0.65619726762011943  0.66776432818775799
  0.67916714896801167  0.69139497078862266  0.70491728928465835  0.71522638086439272
  0.72412926970160163  0.73313921787665670  0.74253895038804429  0.75196467863773719
  0.76090965775091757  0.76951770669599862  0.77849871365314227  0.78776583971154046
  0.79772222871263709  0.80773186464914493  0.81889786606545412  0.83180639062623207
  0.84643323595094011  0.86048101097760443  0.87134423222135959  0.88072202671043276
  0.88917646407324902  0.89740293851726771  0.90555364214604150  0.91383279974239218
  0.92307724490106102  0.93157134211900072  0.93963489806495815  0.94763272848140223
  0.95559312631181781  0.96373885167962559  0.97209592600548433  0.97933731901389631
  0.98514323239011747  0.99064541002437934  0.99543523983368087  1.00000000000000000
 -0.00180063138395876  0.00968820964813632  0.01979685547320015  0.03005038714750674
  0.04129574051664277  0.05159509714076493  0.06295940390923040  0.07423275342965927
  0.08485208336469946  0.09384492916204874  0.10209232830447416  0.11311296312279642
  0.12410933924783760  0.13508544611862880  0.14639130919201954  0.15810760116876429
  0.16943359782209017  0.18000833749269243  0.19036847030025988  0.20089520018478327
  0.21182156901673008  0.22326594367088770  0.23694247170101002  0.25330843427690675
  0.27070449392252327  0.28710944880920880  0.30232008093230855  0.31668699972094144
  0.33025245076580423  0.34068957505891057  0.34973169279452360  0.35747831550489750
  0.36430041915875500  0.37048388643031011  0.37623618827424926  0.38240143440399976
  0.38930976920905225  0.39769915903038483  0.40707275949008542  0.41580535774292426
  0.42473660252223594  0.43346669017250450  0.44239122331390912  0.45117569710610234
  0.46034758746318627  0.47135053399510318  0.48293358583645390  0.49518788659656415
  0.50721923956171155  0.51893185129109509  0.52856460565229801  0.53805433569546846
  0.54792071705392709  0.55847220167465206  0.56918029977963946  0.57964918869556203
  0.59072032488476212  0.60269543412925142  0.61453076808411089  0.62556096227818603
  0.63608794961710891  0.64683866659220168  0.65838208110160823  0.67038548196174486
  0.68243410507431101  0.69453425039814320  0.70643913505901001  0.71769447909078588
  0.72802638681153209  0.73723217231273386  0.74636396551069550  0.75551548805480273
  0.76493562733657972  0.77491225931310814  0.78424441638530829  0.79351066018631278
  0.80318620301061050  0.81260964264504909  0.82234812971675331  0.83338923329138737
  0.84580165802823848  0.85710936151921091  0.86657735792745416  0.87609083045195058
  0.88444075979610914  0.89332393677682609  0.90216048903191259  0.91210445631670256
  0.92244531226333182  0.93222196277430747  0.94254274630986956  0.95268822671094777
  0.96273657537159230  0.97456662998075261  0.98724509348417933  1.00000000000000000
 -0.00569730827281433  0.02738848866408165  0.04623034625430452  0.06104638965237624
  0.07365544886583558  0.08493867234644259  0.09610252695566114  0.10587580654439308
  0.11412131091966077  0.12153542458829168  0.12887209287505624  0.13755363450159561
  0.14627842052608242  0.15407898240313583  0.16100324252087067  0.16720161671931297
  0.17330484907585175  0.17940411226931002  0.18552463843090650  0.19284198219685986
  0.20027965950548510  0.20792006636871216  0.21637498470259758  0.22550010538182877
  0.23420392475724841  0.24275112058565426  0.25084163084347966  0.25821536251119215
  0.26596173815591928  0.27379815200057811  0.28252595921440499  0.29149208276385019
  0.29990754928332042  0.30838940942648690  0.31759578559024959  0.32698614426817035
  0.33605078143762973  0.34531759240430304  0.35455506812468562  0.36294399229562230
  0.37146343968135481  0.38018526227166916  0.38871218581605410  0.39666368201170199
  0.40423944459074690  0.41185371946828475  0.42002911728816583  0.42905264092755407
  0.43776541773031868  0.44450814026841728  0.45117639830152168  0.45787806508578188
  0.46462360570489730  0.47138948172337880  0.47785200406816214  0.48399842567699575
  0.49038705564873980  0.49698143995926031  0.50444124508012966  0.51253697332982329
  0.52094439880593724  0.53000038195103627  0.53941886264398176  0.54948400361177718
  0.56032152791316392  0.57173487900796560  0.58375300566332278  0.59408190496256996
  0.60464597538187836  0.61548678125589962  0.62609556731588711  0.63759192044950885
  0.64872329623783986  0.65952642948250295  0.66967265587877711  0.67988304721384984
  0.69030197899708556  0.70035694222430533  0.71031481788910944  0.72041284033610731
  0.73120613625255615  0.74204834241973838  0.75253334170358532  0.76244796360642730
  0.77295987630761021  0.78466174968122837  0.79738044767036342  0.80999765650185251
  0.82282168435259462  0.83535207804611145  0.84866785520432075  0.86805493419591406
  0.89371167811863184  0.92651774844685519  0.96159428036254602  1.00000000000000000
 -0.00178446078163607  0.00816624175347501  0.01761113137831092  0.02643388572434546
  0.03483021357013790  0.04262220855864428  0.04998569972723395  0.05783728976633791
  0.06557736607226432  0.07347810020099821  0.08162808844430550  0.09146378977637143
  0.10394124631905673  0.11885100194163335  0.13307502867545867  0.14561146676932862
  0.15697134959696857  0.16838097708174593  0.18084318621332479  0.19372927116766120
  0.20621734612025022  0.21978518696241575  0.23343893887347095  0.24689410066748191
  0.25925893634210434  0.27023048147131562  0.28094435698076264  0.29295055707388479
  0.30552734900419176  0.31857666938327772  0.33146579646019414  0.34452960910798502
  0.35849509978349359  0.37102613915122024  0.38138793741206845  0.38989348290766368
  0.39804269299433714  0.40638826045195769  0.41515153085719964  0.42385336406501062
  0.43303830478010852  0.44361591113711957  0.45498907760056934  0.46638121322467735
  0.47681222697275483  0.48678847232622330  0.49603945809109778  0.50498091481709417
  0.51409409543703954  0.52405519457503558  0.53478879989637018  0.54407856548657418
  0.55264265370581345  0.56187899414092757  0.57225578462150839  0.58502199690853351
  0.59597350162566998  0.60641067243867119  0.61678271358838954  0.62741325293562389
  0.63775795777283673  0.64821188981777578  0.65919922026354161  0.66957783608337473
  0.67949061219436002  0.68985259766752338  0.70064435328063723  0.71114714741310114
  0.72200101834338037  0.73339179219999995  0.74458633878301084  0.75525267247432737
  0.76585949178921275  0.77667194580293941  0.78778385776774706  0.79881087098128012
  0.80973921945238714  0.82066988316117750  0.83126864480912677  0.84070601504090992
  0.84932290244606123  0.85896850749456710  0.86938884809239103  0.88018615587154692
  0.89014046642284572  0.90050487352284769  0.91084276563714806  0.92101334662626899
  0.93047109474455092  0.94005920744859639  0.95070530475873671  0.96096449947213569
  0.97084253437153911  0.98045772052849134  0.99038310009847852  1.00000000000000000
 -0.00176865533558329  0.00840300067833102  0.01744025248593864  0.02666881466822317
  0.03583461157247454  0.04583139613468987  0.05693747755140210  0.06856348259195477
  0.08100529233964589  0.09208160164312032  0.10232563420178176  0.11205058940486722
  0.12239471942080156  0.13339610982904862  0.14531729842185037  0.15748373845471547
  0.16955394839736909  0.18206738727732991  0.19557081629466927  0.20833355173551585
  0.21831998441566702  0.22806389820879636  0.23801473507164123  0.24681410589121791
  0.25484755840088413  0.26261223350833057  0.27106054705011812  0.28013152848894007
  0.28935883059287620  0.29848815346860041  0.30713414926122889  0.31646973340857254
  0.32728620342107906  0.33748260468882418  0.34883202475846264  0.36028757949310197
  0.37172568015781160  0.38245076349454005  0.39286230350447088  0.40395318909027444
  0.41560285549468373  0.42744722001270541  0.43995163514345870  0.45284027337686100
  0.46602750751507571  0.47933847864659929  0.48892723402077792  0.49815913655740551
  0.50651436426057383  0.51499500599750581  0.52394687524572670  0.53202780256060067
  0.53917262749447925  0.54764175110667801  0.55803428687404633  0.57009270320631333
  0.58146027178569759  0.59223751420420301  0.60269644576423476  0.61287322740931705
  0.62272979000017992  0.63225128952230614  0.64245950359233506  0.65339580154390653
  0.66313325620744779  0.67178570315609532  0.68007020804755947  0.68923742842612490
  0.69801588596148201  0.70750370336834578  0.71707412359164691  0.72682717792581730
  0.73804773593663697  0.74972661484638525  0.76199650483931303  0.77508105785818271
  0.78892147897190712  0.80070636799129191  0.81029826653296544  0.81969759622925942
  0.82843283125599998  0.83817307299341071  0.84821794659740024  0.85679817077329457
  0.86666959707361602  0.87564872792672865  0.88602186282941364  0.89693534048383827
  0.90774224402755976  0.91899265716673628  0.93102374721276548  0.94395567905704270
  0.95752460997121491  0.97122130603073420  0.98591315496054532  1.00000000000000000
  0.07100179085732694  0.35015830803169823  0.45655052268304536  0.50681234330470715
  0.54223441788308824  0.57897560744924415  0.61236237420680206  0.63676841467409406
  0.65799146342918668  0.67783951785541341  0.69454262546797696  0.71140838246320037
  0.72723548079945211  0.74144447072751984  0.75315837601714775  0.76275615316668222
  0.77017705358503186  0.77663174998956608  0.78262738296662604  0.78819226985796365
  0.79249913350084633  0.79595778451455701  0.79954451458491382  0.80300109775118012
  0.80658336372443884  0.81033038198548402  0.81377805976401363  0.81688459333792285
  0.81987231245973091  0.82276345494881786  0.82567684721922019  0.82927129168499936
  0.83239330126115418  0.83519345300990699  0.83770857521605691  0.84006766511010267
  0.84239116753948429  0.84456912389673788  0.84674382308151042  0.84898016031385415
  0.85115200776985545  0.85336049969434402  0.85556984748003406  0.85778417791955164
  0.86009393385150901  0.86234915761570763  0.86453202445877952  0.86672443452261339
  0.86882094979268143  0.87078242375481762  0.87284075619755297  0.87484150348078027
  0.87694946791994333  0.87909512472910345  0.88097598755341311  0.88299687107671110
  0.88513907981741924  0.88741717393713992  0.88974592302446587  0.89181790275524320
  0.89373557501292389  0.89566544831258554  0.89771384381626140  0.89994302687728689
  0.90237483159695175  0.90497204026946398  0.90766342952489343  0.91027045789480321
  0.91274342721889312  0.91509762388674276  0.91748561515467608  0.91991248582107132
  0.92233676752755234  0.92477570499622652  0.92726654519966911  0.92984382965521484
  0.93258922230171948  0.93515580673300625  0.93783830266411783  0.94081809714004616
  0.94373458493318929  0.94659528573514007  0.94939528389183847  0.95210570700008712
  0.95477075882209816  0.95729984898794307  0.95976523608538378  0.96229055660821528
  0.96540231071989402  0.96857480769373838  0.97177480633328450  0.97588486527434737
  0.98052225467471144  0.98565748908828987  0.99194496707480018  1.00000000000000000
 -0.01866882057379556  0.10621714856670718  0.13590351838342071  0.15426528516334068
  0.16889919298758690  0.18260703503051234  0.19300191170074241  0.20169747653994619
  0.21003632710401707  0.21767067426776510  0.22498247397425727  0.23247970330227788
  0.23981385962722901  0.24695878665535867  0.25465654842947616  0.26330599494866996
  0.27189512722431797  0.27967721295426146  0.28653052729552025  0.29266712064784289
  0.29837195083832746  0.30418036461219083  0.30965747795694232  0.31616312593409351
  0.32308628186341448  0.33023420503385725  0.33795868203732088  0.34589250263239102
  0.35357210386931476  0.36078757840243553  0.36765523750634893  0.37389882284129472
  0.37884777487496846  0.38356743269744958  0.38856355817883326  0.39406124785015606
  0.39973322448433030  0.40553175046128320  0.41127454877315694  0.41713148450569987
  0.42258589695150695  0.42788105675064836  0.43294982858613695  0.43780764002505906
  0.44391013373167876  0.44983216207627125  0.45532138748972145  0.46092430426148162
  0.46690951837745931  0.47272936436207125  0.47873997007139907  0.48562256431918516
  0.49296035636783636  0.49957171974789366  0.50532944141275316  0.51112853442086370
  0.51670424398495840  0.52186323203762286  0.52721774421917911  0.53336256075119404
  0.53980502367535088  0.54689026599986379  0.55421027242438137  0.56182096914649671
  0.56886846368684985  0.57558599705750979  0.58199472444877798  0.58812718229743910
  0.59417642292204731  0.60051653421945617  0.60721858983797550  0.61432157943581489
  0.62124715569012245  0.62831694340674960  0.63533086956461460  0.64267880539106448
  0.64988346504975369  0.65776011509711652  0.66509921676751305  0.67340482477355568
  0.68217508108179448  0.69070848443260913  0.69920302948103041  0.70736475235659158
  0.71598685477594093  0.72436162951271366  0.73257741900422946  0.74133972951461524
  0.75148641667579930  0.76468986816211459  0.77955771326568424  0.79676627013010937
  0.81750171360053592  0.84351489345485531  0.88440604759896346  1.00000000000000000
   1.9675524774493609E-004  -1.0000000000000000     
 F F F F F F F F F F F F F F F F F F F F F F F F F F F F F F F F F F F F F F F F F F F F F F F F F F F F F F F F F F F F F F F F F F F F F F F F F F F F F F F F F F F F F F F F F F F F F F F F F F F F F F F F F F F F F F F F F F F F F F F F F F F F F F F F
  <DiscreteSampler_grid>
  grouped_processes
  1 # 1 for a reference and 2 for a running grid.
  10 # Attribute 'min_bin_probing_points' of the grid.
  1 # Attribute 'grid_mode' of the grid. 1=='default',2=='initialization'
  0.0000000000000000 # Attribute 'small_contrib_threshold' of the grid.
  0.5000000000000000 # Attribute 'damping_power' of the grid.
 # binID   n_entries weight   weight_sqr   abs_weight
    10   10   1.730132354552338E+001   1.379433234646486E+003   1.730132354552338E+001
    16   10   1.730132354552339E+001   1.379433234646486E+003   1.730132354552339E+001
  </DiscreteSampler_grid>
