  0.00000014051620257  0.00000017768383803  0.00000022101068345  0.00000027999178486
  0.00000033656366914  0.00000039503314228  0.00000047727089423  0.00000056438592754
  0.00000065423066637  0.00000074444228381  0.00000085847665381  0.00000098042810812
  0.00000110034034310  0.00000121445574826  0.00000132757577776  0.00000144576214877
  0.00000157360238901  0.00000171275704206  0.00000186159435115  0.00000200859416977
  0.00000215093239502  0.00000231052214500  0.00000248172007316  0.00000266841992587
  0.00000286846021016  0.00000307119877735  0.00000327943261771  0.00000345760588469
  0.00000363631959528  0.00000382321288587  0.00000403282346582  0.00000429803742034
  0.00000454545652829  0.00000479230039820  0.00000507362196681  0.00000538487361921
  0.00000568230956111  0.00000595897834384  0.00000623241875813  0.00000650637956397
  0.00000679148183688  0.00000707171922549  0.00000738208245789  0.00000771796243437
  0.00000806885216234  0.00000848034794742  0.00000892682885365  0.00000939395565146
  0.00000989525695361  0.00001040459997724  0.00001093289456196  0.00001154791145253
  0.00001229540599334  0.00001319880402155  0.00001415298451737  0.00001500694163336
  0.00001583665873797  0.00001665619223591  0.00001749435351520  0.00001840973035630
  0.00001944257637509  0.00002056151333069  0.00002186574872484  0.00002342704756897
  0.00002530420534221  0.00002743939964407  0.00002956688932340  0.00003196865356139
  0.00003469402235891  0.00003784335025141  0.00004129058672504  0.00004476804585774
  0.00004822324849938  0.00005169100315337  0.00005538521877775  0.00005958122499670
  0.00006464498514932  0.00007048551646980  0.00007717627014687  0.00008485350251034
  0.00009257912611570  0.00010200605243437  0.00011318186726572  0.00012600953967538
  0.00014117040566041  0.00016047963662428  0.00018537178534517  0.00021807946232086
  0.00025958933602136  0.00032020221603914  0.00040366115050067  0.00053511566074742
  0.00077893236247597  0.00151689314448959  0.32700967665801994  1.00000000000000000
  0.00001928041741194  0.00002164836321434  0.00002341854193299  0.00002475444474233
  0.00002600886267066  0.00002724671523682  0.00002857335835877  0.00003019150119373
  0.00003217428285214  0.00003482552746874  0.00003694883469722  0.00003872647286903
  0.00004016211776647  0.00004131389874110  0.00004298160928749  0.00004459613183748
  0.00004606129249976  0.00004774078811594  0.00004954849003898  0.00005121905281028
  0.00005276278785958  0.00005462912442438  0.00005677584507812  0.00005943596887368
  0.00006245640613445  0.00006570664196377  0.00006886980344483  0.00007192985842459
  0.00007552223290920  0.00007980249430151  0.00008516351273796  0.00009105093849207
  0.00009514120074343  0.00009920219430504  0.00010274300406419  0.00010620158690895
  0.00010975662920266  0.00011366454565184  0.00011781689322149  0.00012218332031471
  0.00012661017892439  0.00013065497763459  0.00013488059255419  0.00013868222000922
  0.00014328279360674  0.00014973674967317  0.00015693930535598  0.00016515748820988
  0.00017509530741691  0.00018606251897339  0.00019785135776650  0.00020818743961451
  0.00021846055733761  0.00022884723341475  0.00023798888436484  0.00024979707407250
  0.00026271846381992  0.00027611341483775  0.00028983489451136  0.00030387530716434
  0.00031787593644826  0.00033050813629220  0.00034224091328713  0.00035341652816649
  0.00036470032020069  0.00037660718197461  0.00039044509299503  0.00040600971337039
  0.00042177149461107  0.00043690217076723  0.00045241957588657  0.00046803977732665
  0.00048602870662507  0.00050409739791792  0.00052355305306431  0.00054515773271481
  0.00056874256440680  0.00059535502961967  0.00062328997251411  0.00065168616225882
  0.00068509805066911  0.00073411093680195  0.00079619953827723  0.00086554302223474
  0.00094868967326338  0.00105025032952361  0.00117440441575616  0.00132821013795181
  0.00152564905152810  0.00179226676381949  0.00222335285410775  0.00294439250589807
  0.00426547007572922  0.00807245411616986  0.43134960521072441  1.00000000000000000
 -0.00000282832408558  0.00014788471148305  0.00071068065162100  0.00182202610660337
  0.00331650958836141  0.00522065483374257  0.00767674816193150  0.01138026614955522
  0.01591038833589052  0.02079786583705251  0.02537586069683557  0.02978944792561625
  0.03458062403241794  0.04020733708210072  0.04659896644627095  0.05272279382992496
  0.05819219018465810  0.06352861075722635  0.06900346937401998  0.07484037594313643
  0.08154131815133732  0.08926260109767642  0.09755046944193621  0.10544294472810395
  0.11195868768237463  0.11785922162140895  0.12397279043008788  0.13072157136711138
  0.13743132218899831  0.14462346043951216  0.15113939010384719  0.15773080070085840
  0.16538698149133843  0.17569320013548556  0.18760596965223883  0.19886889152770867
  0.21007291365498812  0.22141536168421339  0.23322592765027239  0.24532780377010677
  0.25813894660350084  0.27095024625974451  0.28170159726070915  0.29408901045905461
  0.30694995158583510  0.31992763105949301  0.33214611629904223  0.34729325579637910
  0.36237457483335267  0.37753254481208010  0.39287368233811770  0.40796552436514100
  0.42231807303159064  0.43643404284645315  0.45041242765127176  0.46483697643687433
  0.47992689892138435  0.49565573768074661  0.51194229268108327  0.52824712735139057
  0.54442002349700791  0.56029595072071992  0.57412257530065081  0.58554662047093398
  0.59624852915819648  0.60723333269932867  0.61837434238951317  0.62923682562120475
  0.64006351975456455  0.65326050901253641  0.66692896054262085  0.68137743243156224
  0.69621375202791624  0.71096701214261637  0.72546867784994162  0.73971128880445491
  0.75358799534384413  0.76754678276641974  0.78152658700765953  0.79526954601050004
  0.80869429528151626  0.82177596448701329  0.83420965936970659  0.84656639312101711
  0.85974436339112303  0.87323315399715207  0.88767840742070636  0.90137325236485555
  0.91277294601300241  0.92463279577867052  0.93603857027190662  0.94797996016071617
  0.95951334291709611  0.97132410792139456  0.98480461507761774  1.00000000000000000
 -0.00227396398072869  0.00796703725819776  0.01824416314519285  0.02863420417319289
  0.04044415986685172  0.05404018266765096  0.06528700299941384  0.07164618655745757
  0.07773065720957446  0.08356378255291450  0.08986267986000820  0.09665994470581395
  0.10369735781327132  0.11166313935431421  0.11904680685198968  0.12704939135213247
  0.13805728509818199  0.14946615232682242  0.16023658203200175  0.16974992197186167
  0.17842592283640807  0.18847241344424212  0.19849485135884848  0.20781446462903747
  0.21618747342013858  0.22396681475714167  0.23293979994566524  0.24333362898471655
  0.25435658265752042  0.26548784073446569  0.27696213356022559  0.28867328961956357
  0.30057096420447676  0.31305600470599976  0.32645681158904594  0.34069954416452181
  0.35622391263410230  0.37015192568465344  0.38153385905711845  0.39045560066251489
  0.39987619114704498  0.40997659210448750  0.41969936239251676  0.42889935411164115
  0.43856312454206647  0.44673036685537143  0.45513745427610408  0.46329801106559276
  0.47156556865626276  0.48090708781296754  0.49129875548029156  0.50168586007612725
  0.51236077552839376  0.52404536014654990  0.53430666174982799  0.54515718708144290
  0.55577264976133200  0.56537359507363361  0.57432558914101273  0.58465854533266537
  0.59790784657243501  0.61153425701032205  0.62395968251900424  0.63499637462319203
  0.64585569161336831  0.65760975062683191  0.66789733125947159  0.67868367948556907
  0.69082943581868506  0.70782023849650477  0.72348748751563519  0.73705973509541611
  0.75081059525763427  0.76470342679452930  0.77840562126845481  0.79137077923663479
  0.80331766490304723  0.81459445552617782  0.82547549944017129  0.83624965710756805
  0.84622275542984060  0.85504074729181911  0.86401519476746902  0.87416185953586256
  0.88898453087015905  0.90527802978622052  0.91921222960837423  0.93082474492509137
  0.94092930172888312  0.95047754538259099  0.95930467080447723  0.96788500167238645
  0.97625025424342093  0.98422104704898450  0.99195668945151161  1.00000000000000000
 -0.00391101631352970  0.01720051428965797  0.03253080543899976  0.04754664072773643
  0.06354273216193251  0.08258978403827626  0.10214097145870811  0.12153931473621565
  0.13596151432657297  0.14806704009015034  0.16056993861024135  0.17272206322945871
  0.18601815109244169  0.20022315466675289  0.21377963445350753  0.22575536529937995
  0.23392356231571612  0.24037937118993624  0.24670160026278243  0.25479963041510295
  0.26252428437604913  0.27058439544431706  0.27860084593564466  0.28605764385520421
  0.29413887463586091  0.30321862951093520  0.31093760391457748  0.31818506703245564
  0.32657249152645962  0.33513777466768496  0.34401282055409366  0.35375618675153891
  0.36662363059101211  0.38084976970254025  0.39375130226954475  0.40373993065912966
  0.41356044904340039  0.42296691932422215  0.43085593762758367  0.43840041535341789
  0.44587880339976244  0.45345769140978076  0.46279179758074335  0.47396725472715345
  0.48536044419053553  0.49802070205845544  0.51060792396151577  0.52234792809862285
  0.53342257160013018  0.54326904756072592  0.55155969663724758  0.55945626832131701
  0.56709972207292758  0.57437432325728366  0.58169522219455150  0.58920815243470281
  0.59690124836263014  0.60515632184718526  0.61536482665849646  0.62598088906158511
  0.63629265486837472  0.64650749158994658  0.65740248370708898  0.66929996115371559
  0.68201105882130364  0.69146307709859789  0.69855533664237857  0.70524328335100106
  0.71184941092988363  0.71820065824133539  0.72435026879620468  0.73022867657182755
  0.73674915411026853  0.74345175350108628  0.74916387694987663  0.75794440257453033
  0.76786254161670686  0.77887454014795010  0.79026237750832773  0.80136047907673458
  0.81263748799919044  0.82406871122055592  0.83497026764743942  0.84572044040831440
  0.85615959960984278  0.86681246194575801  0.88046011413301573  0.89845349830830579
  0.91465325452185620  0.92941211750703068  0.94387877653582586  0.95757956803169753
  0.96909428564039612  0.97940773347878107  0.98953915819662341  1.00000000000000000
 -0.00299795947018077  0.01144440876673246  0.02368264130611123  0.03740138187945244
  0.05208391178212198  0.06837594320363573  0.08182820774506366  0.08972935658097546
  0.09656136364758047  0.10310206211211811  0.10899145136121818  0.11511779604577708
  0.12221311629289218  0.12968715589820784  0.13747195393664402  0.14503350545342414
  0.15965999952859294  0.17501319213980379  0.18571439698399683  0.19595948998556681
  0.20685139188440518  0.21830668150359719  0.23137772987708463  0.24444241683984955
  0.25724485019726273  0.27015401458046473  0.28304023592767197  0.29476756229404238
  0.30302225825267404  0.31092338927139440  0.31844989827635817  0.32737371734917231
  0.33625704672759954  0.34420515865444457  0.35191453846314025  0.36041064648941090
  0.36962560491919905  0.37724360382905048  0.38530329784357698  0.39244439999934472
  0.40332158715196670  0.41530142785367019  0.42511454870567589  0.43415228219071050
  0.44334993898203406  0.45282750482588008  0.46301983293755222  0.47451825186440894
  0.48776102903353047  0.50303000352595928  0.51768094520147889  0.52878280848733250
  0.53713179038319359  0.54517757556092739  0.55278366074039686  0.56028804916089925
  0.56790464617871650  0.57574635108140548  0.58334215129332323  0.59220940201994143
  0.60074913274494324  0.60881541303041364  0.61590677849592490  0.62348868171433225
  0.63169044914445960  0.64175179667060755  0.65345121237717196  0.66619321463906889
  0.67887869528357114  0.69004956504285120  0.69967743020287387  0.71077447269796967
  0.72278850126080241  0.73471226281872570  0.74539561295364043  0.75561527681949925
  0.76652771544791964  0.77874830911241255  0.79230847278420802  0.80606865551690077
  0.81936211201692766  0.83192999672241985  0.84285944967994186  0.85377816920873206
  0.86566812596219356  0.87915853741974626  0.89422169657815409  0.90753742345237520
  0.91807388486409591  0.92799647791345363  0.93849087303909717  0.94915615890604010
  0.95915924551065923  0.97099698779571153  0.98350834926646813  1.00000000000000000
 -0.00452575101705720  0.02430390869829895  0.05157771562203545  0.07618291585955732
  0.09268346487107972  0.10477136678230058  0.11736932686598614  0.13038062391443936
  0.14327293729109641  0.15606983126643395  0.16843449734062024  0.17988850809396900
  0.19191258527050420  0.20483850981362903  0.21679948705433519  0.22725788856596321
  0.23747581079974162  0.24571755973273496  0.25485969435858247  0.26419823305731394
  0.27547589041603088  0.28667736197168153  0.29750637844175531  0.30817401694782559
  0.31898963687195059  0.33068131560202674  0.34333984385370742  0.35574372467101123
  0.36716386448249932  0.37778167757915981  0.38652897343345488  0.39552941840131262
  0.40530380920506170  0.41494812918382368  0.42258435411269873  0.42980978717931689
  0.43758847685475616  0.44582336031674041  0.45347856055110036  0.46096509477060382
  0.46815755744150328  0.47517601787815084  0.48399425582858152  0.49401466896864460
  0.50306823418107682  0.50888527828517482  0.51538598299333604  0.52145821660064096
  0.52718562744407582  0.53275462827046771  0.53801421377003089  0.54347811857605421
  0.54882152888684665  0.55452302915075702  0.55982945382939231  0.56538320746304549
  0.57111308610246148  0.57697802303352330  0.58247264877204463  0.59146120366246391
  0.60253189958918940  0.61360965562278580  0.62393145608729739  0.63235035961488240
  0.63927957702268146  0.64679220134340454  0.65548144069070713  0.66524571372032582
  0.67492140487851393  0.68355170595836390  0.69303365723646604  0.70371344263104108
  0.71524510196765556  0.72669217508495199  0.73592160414350716  0.74343754088144198
  0.75024987577013247  0.75773556778647855  0.76618839021396101  0.77427919341133022
  0.78126016402269194  0.78785222598974758  0.79585189475490958  0.80637211103657935
  0.81943771313993252  0.83685891225300879  0.85400524894375718  0.86782886635260315
  0.88090369798799617  0.89670198874427764  0.91025508467893457  0.92300829047668398
  0.93696513280517202  0.95353639799657797  0.97466709667577334  1.00000000000000000
 -0.00303589103702020  0.01169841101647419  0.02449134478530227  0.03686039555179834
  0.04974445612123046  0.06218074732510166  0.07346657089368305  0.08406574395744723
  0.09478465374218170  0.10551665309368589  0.11446157738858925  0.12251193951980560
  0.13082177423431732  0.14025374954219219  0.15288820218657581  0.16832646977528351
  0.18326009162452975  0.19398117989613592  0.20283593889183205  0.21278869358144617
  0.22342978752439865  0.23445038769945239  0.24539108440710045  0.25847280213003548
  0.27440932597651829  0.28925525880173009  0.30355717524399206  0.31720978918872428
  0.32961736463511793  0.34014484905520082  0.34919558628795716  0.35788724979752923
  0.36726955280711804  0.37784326671453727  0.38736686365477158  0.39661381748046831
  0.40640246061222435  0.41721385743676742  0.42928905484383745  0.44154080203770496
  0.45155350464179478  0.46122006380429814  0.47040954550940084  0.47897230478331992
  0.48681305933570396  0.49461919274875199  0.50489470660191083  0.51678594807545530
  0.52712777309112291  0.53550162097931631  0.54343423532139268  0.55193967033051194
  0.56069270705425467  0.56958605664363726  0.57940875720253404  0.59099006470435911
  0.60437766279692173  0.61678996088944515  0.62753131974276399  0.63784856798110190
  0.64733042070080138  0.65413567007014406  0.66232673689745536  0.66992007493627281
  0.67730787111749269  0.68531768222795764  0.69369081191778692  0.70090120502475850
  0.70762723884202461  0.71512620342721644  0.72386478232202567  0.73450398984000498
  0.74716228564983189  0.76074556367266299  0.77454052407502072  0.78833881796975913
  0.80212375661068813  0.81581875522624769  0.82966929147773261  0.84526349146865065
  0.86012099816336918  0.87427249125876594  0.88767150870658595  0.90122172579006765
  0.91174607709570166  0.91984256348035132  0.92607016013671406  0.93395248393661434
  0.94259632353279676  0.95122634908466752  0.95897864557103851  0.96646252038862901
  0.97337987249383584  0.98019456388677340  0.98974804133159511  1.00000000000000000
  0.37958600596920089  0.40298592852317799  0.41601701322232792  0.42477318154689081
  0.43266578239466053  0.44171950881153321  0.45127545355649740  0.46347323280169417
  0.47253992889964996  0.48156161314075741  0.49026451319518144  0.49875348470870878
  0.50745973709003389  0.51596538265607939  0.52376445694790363  0.53715604760000968
  0.55198820248755653  0.56223459689070043  0.56995511474022587  0.57674051118268765
  0.58243415293527867  0.58816743244739178  0.59493985423868878  0.60441182029251206
  0.61287802111023582  0.61873500543835747  0.62445225069212096  0.63158578694073408
  0.64035993237463884  0.64925628579070405  0.65832580869855828  0.66563298018415762
  0.67161636399274560  0.67790365581461198  0.68425038030442109  0.69000533792140206
  0.69522241996127954  0.70050041240388194  0.70616758432296800  0.71220248756685101
  0.71777360278886160  0.72386565051691121  0.72929173838434702  0.73467324446326621
  0.73979869942829168  0.74362194877421151  0.74782019365962227  0.75205208808492152
  0.75571129919874858  0.75925743683117275  0.76270706140406230  0.76648753550037330
  0.77044259205221699  0.77437009075029717  0.77847145816493957  0.78262807081327979
  0.78722685341364718  0.79157401285932272  0.79567065793549563  0.79936986940692523
  0.80301576069563430  0.80678815365931822  0.81055998907741467  0.81477757386900196
  0.81946714255357600  0.82412871599748616  0.82832755743608588  0.83188094060148421
  0.83568595169426552  0.84007989618883727  0.84442385677308218  0.84896079704534821
  0.85446903494510085  0.85977691799049505  0.86514074342621961  0.87048986127103134
  0.87552745832647838  0.88042935149624157  0.88547750927451552  0.89078597777004209
  0.89592406080497100  0.90043449344142490  0.90472982095723109  0.90928963425880460
  0.91446376817309771  0.92020370460504652  0.92626261291162826  0.93241587487482624
  0.93777367081041030  0.94246645820986819  0.94726836239477497  0.95310856630231455
  0.96038846074743833  0.96974578292797875  0.98142292196540426  1.00000000000000000
 -0.01996597799263096  0.11111588781025639  0.14166875028449594  0.15948412443665119
  0.17212589317371510  0.18097734211645972  0.18998584784390135  0.19895665957522360
  0.20808910343486731  0.21646447133502777  0.22379914180426946  0.23152371313527259
  0.24211042830650092  0.25352777504350371  0.26555689474194771  0.27655273688497900
  0.28605139921526995  0.29502452582625571  0.30363301265699616  0.31214047811430007
  0.31958482941878963  0.32723152512917847  0.33400767287319583  0.34112580343542054
  0.34830649353985366  0.35514110114359959  0.36069307877730589  0.36644995352126108
  0.37258866509216598  0.37841161045139982  0.38388799293018638  0.38925060903709369
  0.39453750045038810  0.39954930532728056  0.40446938504690355  0.40938183133869976
  0.41474617599994923  0.42060040782194552  0.42660404097187926  0.43219812326524359
  0.43771829901560755  0.44362723052521535  0.44953806427337861  0.45425580143000643
  0.45868493902584334  0.46310705630653176  0.46810996721224690  0.47405803834892929
  0.48035634541424749  0.48661509600529218  0.49308956738083959  0.49974001251724726
  0.50687801534512023  0.51549908077345441  0.52375602760230355  0.53255288767715758
  0.54192322904828849  0.54979412651498749  0.55695730912600516  0.56357366766935735
  0.56991742708668425  0.57629618014037920  0.58288663211734604  0.58948628576944029
  0.59551078162999138  0.60099057412446499  0.60589150050342988  0.61003850514102176
  0.61412392280601358  0.61805025273748115  0.62214871505484426  0.62670707263863024
  0.63116053414252593  0.63566390098344172  0.64050376292799338  0.64649525461558222
  0.65313504256510924  0.65932056416577234  0.66601920496815026  0.67500065893678374
  0.68562888557761847  0.69621337850361475  0.70668120363772102  0.71776313301068273
  0.72935956329121709  0.74148961053822549  0.75239808474112246  0.76310469702286798
  0.77436979916015225  0.78765328762025921  0.80256778222308167  0.81792832433116591
  0.83484692756133272  0.85293692523239517  0.88621918838466063  1.00000000000000000
   1.9754936589455589E-005  -1.0000000000000000     
 F F F F F F F F F F F F F F F F F F F F F F F F F F F F F F F F F F F F F F F F F F F F F F F F F F F F F F F F F F F F F F F F F F F F F F F F F F F F F F F F F F F F F F F F F F F F F F F F F F F F F F F F F F F F F F F F F F F F F F F F F F F F F F F F
  <DiscreteSampler_grid>
  grouped_processes
  1 # 1 for a reference and 2 for a running grid.
  10 # Attribute 'min_bin_probing_points' of the grid.
  1 # Attribute 'grid_mode' of the grid. 1=='default',2=='initialization'
  0.0000000000000000 # Attribute 'small_contrib_threshold' of the grid.
  0.5000000000000000 # Attribute 'damping_power' of the grid.
 # binID   n_entries weight   weight_sqr   abs_weight
    10   10   3.449798647065519E+001   1.182977265768680E+004   3.449798647065519E+001
    16   10   3.449798647065519E+001   1.182977265768680E+004   3.449798647065519E+001
    22   10   3.449798647065521E+001   1.182977265768681E+004   3.449798647065521E+001
    28   10   3.449798647065519E+001   1.182977265768680E+004   3.449798647065519E+001
  </DiscreteSampler_grid>
