  0.00000525509173326  0.00000542768303917  0.00000553239068184  0.00000563959598224
  0.00000575264826369  0.00000587418597889  0.00000600686394060  0.00000614931681552
  0.00000630894500576  0.00000648577759759  0.00000668063009916  0.00000688373669522
  0.00000709185582943  0.00000730397264765  0.00000751730875875  0.00000774704215490
  0.00000800089464900  0.00000828120897366  0.00000859092510414  0.00000892688984498
  0.00000928277924063  0.00000966124725499  0.00001005554642240  0.00001045956664823
  0.00001087923165643  0.00001131244269191  0.00001175868467079  0.00001222473753619
  0.00001272170252607  0.00001324148854116  0.00001377569546438  0.00001433210645682
  0.00001491963849064  0.00001554063036306  0.00001619857277699  0.00001689496043949
  0.00001762659432811  0.00001837634000639  0.00001914034908190  0.00001994450642173
  0.00002079004471063  0.00002167965681654  0.00002263015919989  0.00002362258310284
  0.00002465314264142  0.00002571434217423  0.00002683301198496  0.00002799652863128
  0.00002920350480785  0.00003046129158748  0.00003180134915530  0.00003320941321671
  0.00003470018529360  0.00003626049441654  0.00003791231054573  0.00003963383536187
  0.00004154738940390  0.00004332710087239  0.00004525187785066  0.00004725554202068
  0.00004941700797828  0.00005180598304227  0.00005447822161851  0.00005724996884321
  0.00006029016660620  0.00006354970533545  0.00006694100163227  0.00007057849794677
  0.00007453338025297  0.00007879547597417  0.00008339565076779  0.00008843636020231
  0.00009418581296743  0.00010079442166554  0.00010811764176404  0.00011588777504540
  0.00012436114407063  0.00013383141946655  0.00014472392884231  0.00015742645859373
  0.00017293912226782  0.00019119618247932  0.00021212562155332  0.00023620573132747
  0.00026504983030120  0.00030245383686860  0.00035250957763946  0.00042363234419090
  0.00052098505002891  0.00065887396649210  0.00083650821028940  0.00118033083152715
  0.00228727718851902  0.02280877409912296  0.31356182809469846  1.00000000000000000
  0.00000481658949399  0.00000556102748250  0.00000600551782915  0.00000655915118267
  0.00000712658077146  0.00000771931964213  0.00000833306778759  0.00000896755090790
  0.00000961224333390  0.00001031652395577  0.00001108086777611  0.00001191274466019
  0.00001278268034428  0.00001367883296042  0.00001459109725435  0.00001552822285093
  0.00001650177042633  0.00001752613552882  0.00001861025750736  0.00001974925319270
  0.00002093115851731  0.00002216188080978  0.00002346861068503  0.00002483288427201
  0.00002624361772906  0.00002768992160651  0.00002912201504570  0.00003065269017287
  0.00003223325557156  0.00003387464234131  0.00003557342372867  0.00003732495066361
  0.00003908001974382  0.00004090808058169  0.00004279702145994  0.00004474973664591
  0.00004689837060415  0.00004912507271902  0.00005139627579775  0.00005380522511950
  0.00005631044047274  0.00005892204541912  0.00006165382236317  0.00006449708237009
  0.00006742295962062  0.00007051367440405  0.00007374555138980  0.00007710150670875
  0.00008064415024359  0.00008442365342812  0.00008838573296319  0.00009245279187844
  0.00009661774518207  0.00010099263616364  0.00010563701496835  0.00011067049649361
  0.00011614898116823  0.00012205059614232  0.00012832293350122  0.00013494152805132
  0.00014203234093148  0.00014963636447227  0.00015767177700560  0.00016621988290749
  0.00017550599836788  0.00018576488426210  0.00019702390531599  0.00020902040921733
  0.00022140590879449  0.00023460848796701  0.00024869471714009  0.00026398420913300
  0.00028143899482211  0.00030150047384055  0.00032413663027821  0.00035091276628528
  0.00038028315571367  0.00041397454709706  0.00045248399047173  0.00049530011647263
  0.00054327023735905  0.00059261119762185  0.00065469094945078  0.00073121586528283
  0.00082335948013676  0.00093370623597868  0.00106950059949571  0.00125648822281625
  0.00151577246482689  0.00191406799897690  0.00258558906404337  0.00369973785960373
  0.00560594856393861  0.01704419055197515  0.22288596829878005  1.00000000000000000
  0.00000490686135098  0.00000604245613413  0.00000671617684618  0.00000729313720447
  0.00000776107399522  0.00000819810143678  0.00000868905997171  0.00000921690519082
  0.00000976629200113  0.00001031772328206  0.00001088605402869  0.00001147883908241
  0.00001207467808602  0.00001263991649836  0.00001319006825586  0.00001374829546352
  0.00001434028424663  0.00001497232929813  0.00001559848340150  0.00001620383385647
  0.00001679796004856  0.00001742492674298  0.00001807115542456  0.00001872092991847
  0.00001935583943959  0.00001999942194981  0.00002063820256781  0.00002130592410143
  0.00002200432726850  0.00002274030250466  0.00002349436992430  0.00002423800196527
  0.00002498589114791  0.00002574426793888  0.00002654137256010  0.00002737909803796
  0.00002823427158304  0.00002911174709892  0.00003002077036989  0.00003095728390930
  0.00003192578542047  0.00003293316692775  0.00003398768721694  0.00003510608013170
  0.00003627583863088  0.00003744334889715  0.00003851094629623  0.00003965016214361
  0.00004082169751232  0.00004208425235157  0.00004338808626657  0.00004472140441917
  0.00004611596353501  0.00004754709551410  0.00004902393810679  0.00005055823027932
  0.00005221631640414  0.00005396390252452  0.00005580735817160  0.00005774769359403
  0.00005978239439485  0.00006192748559300  0.00006420008283653  0.00006660597586043
  0.00006913388897068  0.00007180039667241  0.00007459840695962  0.00007749613784341
  0.00008056101848919  0.00008391082449516  0.00008757906163663  0.00009161654453984
  0.00009602005656662  0.00010082263697056  0.00010606203799108  0.00011207736477092
  0.00011903503936481  0.00012694567146515  0.00013585472555479  0.00014637517792790
  0.00015849916422775  0.00017319123929995  0.00019068053537986  0.00021205006437833
  0.00023866199398636  0.00027271365018623  0.00031875191975502  0.00037993833594405
  0.00046087509817280  0.00057865414504124  0.00077613650247946  0.00117931911690407
  0.00215766459614221  0.00549024435068583  0.15783774178440044  1.00000000000000000
 -0.00264859238180207  0.01022201987619121  0.01922738998333619  0.02951458754059196
  0.03993761288498891  0.04953590303704130  0.06108054391811681  0.07174592103656699
  0.08291216012535614  0.09333529486004527  0.10357075167057625  0.11441340309513644
  0.12519628335184643  0.13598946316843433  0.14695419304041879  0.15777787654476808
  0.16896050977743154  0.17920747823167957  0.18912111819558239  0.19843423806276686
  0.20858759287523676  0.21880462690113411  0.22906145777185771  0.23894712731107109
  0.24895161874827187  0.25953016569961190  0.27047861931345007  0.28122476828468801
  0.29169279593700875  0.30193491292738722  0.31221587952911739  0.32185869059899219
  0.33167904235263967  0.34173329929524554  0.35296905887561630  0.36371300235127924
  0.37437721361676057  0.38467467415972956  0.39505624883385843  0.40565918272683932
  0.41608448558904815  0.42569368551493758  0.43527167313981008  0.44525934265597944
  0.45587393100878415  0.46626842469859731  0.47650756399527422  0.48713868214142192
  0.49773162763560597  0.50814620103062347  0.51874249024302432  0.52964385970984040
  0.54009328262619993  0.55029832422827685  0.56044259405474883  0.57060299771234491
  0.58099464298940828  0.59157400079099243  0.60241024486272532  0.61288828135852047
  0.62328017037062711  0.63406220193654150  0.64523002322829592  0.65650202327357354
  0.66759050792629127  0.67845856451606046  0.68907315516124479  0.69961164175360269
  0.71007337931741010  0.72072883942739785  0.73154487617694808  0.74256551825838035
  0.75372454226588481  0.76489551839359682  0.77607011949399085  0.78705096589566415
  0.79800156247858767  0.80863156036262240  0.81935716567092287  0.82988258061860287
  0.84063218414627816  0.85107007236204202  0.86152446924193649  0.87188318772626883
  0.88257592641355964  0.89315133409714209  0.90365683695754639  0.91448758731489221
  0.92520575355181589  0.93575801731030495  0.94606836783109127  0.95665675604598588
  0.96724733351609804  0.97823277944009057  0.98909593478871194  1.00000000000000000
 -0.00006985465143356  0.00040232255385982  0.00142045653115215  0.00208421180205381
  0.00270116962781099  0.00327298328385827  0.00381654977035405  0.00434530195734698
  0.00487160800008181  0.00538665645858495  0.00590249690833967  0.00642782676691936
  0.00695648650256895  0.00745514355255713  0.00794524704577153  0.00843315046116160
  0.00892666013189635  0.00943843558568064  0.00997304109223363  0.01051024672167059
  0.01104268287455213  0.01158644529990675  0.01212282697376900  0.01264900679565757
  0.01315697571239327  0.01363604870143367  0.01409627467034816  0.01458562287199212
  0.01512043053831503  0.01567010881817997  0.01619476180781856  0.01674819139050428
  0.01734760999384846  0.01798768753249984  0.01860387939722595  0.01920835883445298
  0.01980466431097886  0.02043092211947252  0.02106731432212688  0.02161197515221778
  0.02212698345707690  0.02262242176767319  0.02307284738975428  0.02351000796324257
  0.02396629612504580  0.02449011030688204  0.02507163434909241  0.02553213887566091
  0.02598462033601716  0.02655390009641766  0.02721362653307614  0.02803687835866878
  0.02890912208556103  0.02967177515990509  0.03031757293327472  0.03092799404956662
  0.03156997696612086  0.03214417165894382  0.03271663394042074  0.03325406615969443
  0.03385164939456935  0.03451938330756010  0.03542540600937985  0.03640185968138686
  0.03749868165757485  0.03847090371033265  0.03939461463728194  0.04018410664523964
  0.04083982675669053  0.04138748442125204  0.04182808302617529  0.04208488067335985
  0.04246731121880159  0.04305780533855047  0.04358994786642248  0.04406847760729417
  0.04506974197380392  0.04651600051782778  0.04721425291581589  0.04790354952404632
  0.04879281942044797  0.05029394881758119  0.05234436051386188  0.05445309303882462
  0.05627053548746632  0.05763441796535300  0.05879938880409792  0.06034285578747233
  0.06330547024549520  0.06791119316363853  0.07356770559619531  0.07829514612266407
  0.08200834022023736  0.08748764295774823  0.27949862537746123  1.00000000000000000
 -0.00308904046954495  0.01201309958146519  0.02327604861413495  0.03518465774748877
  0.04647968978034608  0.05843127762346734  0.07020841834066717  0.08194371883645180
  0.09375046412292146  0.10531758298273276  0.11757887863862154  0.12951869342843761
  0.14158462261243956  0.15356982077332557  0.16570666709726936  0.17753218908136870
  0.18919142548846099  0.20033407580342935  0.21086031240752326  0.22085270754844610
  0.23124978183774580  0.24213537698982676  0.25293416738954477  0.26338094631211617
  0.27369484383749931  0.28445693443392567  0.29508675039164378  0.30540173476899607
  0.31589318804691718  0.32659819042294480  0.33718847574234667  0.34757947885806434
  0.35761665117162883  0.36761531758150123  0.37741960225567445  0.38736164397141831
  0.39662737435981216  0.40573370861902130  0.41477730016561321  0.42402680415349775
  0.43353763847364396  0.44273608751080218  0.45179823742913955  0.46079222178434592
  0.47000173166707060  0.47926653651632073  0.48829727242771209  0.49695968021896320
  0.50545726809062042  0.51371823004343364  0.52207949601538151  0.53053772307746228
  0.53960195618780016  0.54897665745891677  0.55824808606864951  0.56667711946589949
  0.57436071551179735  0.58232677941496791  0.59057827401720620  0.59963612526639087
  0.60913719496514296  0.61874894364904731  0.62821321877662883  0.63783203325062054
  0.64752114688509721  0.65732131344383049  0.66693196569119950  0.67662556975423604
  0.68652958653651919  0.69669956501007058  0.70724828674614038  0.71791689037351658
  0.72846667895139805  0.73894737904837626  0.74950277998554093  0.76058256832199955
  0.77178951527651363  0.78305276768153997  0.79431866860711708  0.80554406955650193
  0.81692461314125142  0.82863167402976312  0.84071210412888786  0.85292103162718469
  0.86472910676934578  0.87637284067881771  0.88781357056429289  0.89988754940170601
  0.91193999228291101  0.92412454203606442  0.93638584073240994  0.94889793255710864
  0.96170197772319821  0.97448442017199133  0.98738823439577994  1.00000000000000000
 -0.00017766268944148  0.00093231785724586  0.00208215811764193  0.00286589649141807
  0.00358461948784369  0.00424963396899052  0.00488158096529889  0.00549565762173166
  0.00609185069121831  0.00666079473515557  0.00720336745550226  0.00772513035764820
  0.00827089982244014  0.00882520603547676  0.00938774705322399  0.00993708684149837
  0.01048413696172998  0.01102324180465673  0.01156507732566712  0.01210886565071413
  0.01260509506415459  0.01305481643254728  0.01352689695220658  0.01404337838144661
  0.01458813668801177  0.01511348843124291  0.01565841421803932  0.01623127921839005
  0.01681300941199526  0.01736184283204761  0.01792834877407435  0.01846955216610515
  0.01902429537350710  0.01953248246232239  0.02004219389121393  0.02053939205011272
  0.02100016137424232  0.02143510256564828  0.02185663112799007  0.02230095569591847
  0.02284781421686867  0.02339215342505701  0.02385656901721367  0.02419880907649416
  0.02457536856377608  0.02499920294974700  0.02544744798466901  0.02595727963145827
  0.02655773986852880  0.02727077463409661  0.02810310389694496  0.02886448695234413
  0.02941141809810268  0.02971275657843423  0.03001678696529650  0.03037175362013312
  0.03076317526170229  0.03126675397232603  0.03173227942179841  0.03207802790021457
  0.03246086707747785  0.03300106570292845  0.03375995643891354  0.03438043604186532
  0.03476105096501857  0.03511124867149857  0.03565948247229535  0.03627044290167003
  0.03682635100710638  0.03735336344370991  0.03810388321508033  0.03916745804531745
  0.04006145363792041  0.04058287312488127  0.04084630126215560  0.04100412509507784
  0.04122438794998121  0.04152784685453501  0.04189897040361158  0.04242277799201877
  0.04327162558846161  0.04459431768767542  0.04600512547152893  0.04750280002815994
  0.04956712319212850  0.05130278796645336  0.05198487146430014  0.05276918369365772
  0.05364764855826886  0.05460019334143195  0.05637284418388169  0.05750527411670840
  0.05898654897586725  0.06338688567151030  0.46133783978011378  1.00000000000000000
 -0.00227386291407271  0.00923064456296868  0.01977965155515383  0.03100763506712050
  0.04279977613994373  0.05456250467512466  0.06602848957944640  0.07782377997989512
  0.08987023671883146  0.10184012313718566  0.11368345926174467  0.12528227926251667
  0.13624291552765705  0.14728856271829835  0.15863576886385944  0.16987489133962125
  0.18113437823990780  0.19244091118935458  0.20420051092920305  0.21585460939745618
  0.22749584512714904  0.23903580991723652  0.25038584174083889  0.26128900320806769
  0.27175527851691367  0.28199206097061197  0.29209214302968917  0.30226707815211207
  0.31267934177621703  0.32326817524059998  0.33329936251011788  0.34262238933387812
  0.35182471204325222  0.36121145336148230  0.37111373941348269  0.38104087595226577
  0.39070173185297835  0.40023547647585234  0.40949279409738926  0.41887673258947500
  0.42819996958757761  0.43737815415599401  0.44681702763210562  0.45622248100797902
  0.46595731242210842  0.47563202201168897  0.48516300806137508  0.49465425908048222
  0.50392759371712081  0.51317146862663432  0.52253731167383766  0.53210102824019223
  0.54154686217373960  0.55085973219518725  0.55938325287065627  0.56785566857883996
  0.57656448578355157  0.58555018720893115  0.59536117924421883  0.60497153170687001
  0.61421050560522750  0.62331491043934051  0.63258691740281769  0.64203080260684253
  0.65183495130441460  0.66176228789859792  0.67200910954389392  0.68213379491035597
  0.69235887408085295  0.70225282645437570  0.71230212471872967  0.72248456034846342
  0.73320889120149191  0.74411450582188821  0.75491964081692875  0.76590736496311163
  0.77722695070788816  0.78910168674148096  0.80113408688778753  0.81294309407491594
  0.82427383635211016  0.83561591190218076  0.84740293183342374  0.85951170278919242
  0.87154548769690121  0.88369627085579705  0.89558850922294764  0.90719464875887934
  0.91850165967301112  0.92975730256978439  0.94135245469441164  0.95297425913201328
  0.96448744155983213  0.97601911302280431  0.98769201584868860  1.00000000000000000
  0.03603370029167835  0.10916727158804387  0.13869927372335236  0.16594214739748292
  0.19314849285411773  0.22011432213470161  0.24534639043676998  0.26913598622768303
  0.29174071580751765  0.31438771389023834  0.33730911602738350  0.35920471502078472
  0.37974594403098516  0.40005456938481998  0.41987514395062303  0.43809473819400774
  0.45464366764462694  0.47055078282384522  0.48562226304134748  0.50031950801765990
  0.51516940738178096  0.52934838949449647  0.54240091668405066  0.55540571746229184
  0.56829676755496461  0.58083725303462197  0.59290475659525899  0.60442240919470602
  0.61568200876153900  0.62677387101008974  0.63773256718960680  0.64853632124569971
  0.65912324130804933  0.66945053187530146  0.67940365948468451  0.68906755596736202
  0.69842143265451084  0.70742015776850709  0.71589844299914429  0.72408000353296464
  0.73228565303302084  0.74043470908098774  0.74830625021715924  0.75586633448280938
  0.76329412735880087  0.77062627232795777  0.77781215636828616  0.78475086678800876
  0.79140478216784871  0.79783358586932118  0.80409500439168180  0.81030172787950983
  0.81644989432757131  0.82246633824472981  0.82833654827107173  0.83407112037258835
  0.83967563440468418  0.84518360800596182  0.85062935652235705  0.85596294596799660
  0.86112270059340223  0.86616216878247110  0.87119458392874183  0.87620607222145408
  0.88104395051923956  0.88573007809683102  0.89034320071820261  0.89485599284777728
  0.89933497756915293  0.90380103256219479  0.90820827566240991  0.91260200901409405
  0.91687867097691500  0.92101965047707623  0.92505413644190160  0.92903362371483367
  0.93294078757532539  0.93672699668162773  0.94039849857025570  0.94398384747461139
  0.94749270424857834  0.95101578221696603  0.95444022520861693  0.95785655578778672
  0.96120071936666962  0.96448747817224623  0.96777409864791508  0.97108031494113201
  0.97439465974883266  0.97767305180043484  0.98093834694719495  0.98417954472914781
  0.98741454100146531  0.99066237642792720  0.99486053196818569  1.00000000000000000
 -0.01732084533716748  0.07401820506630888  0.10095245605390196  0.11702089895218583
  0.12921610196831951  0.13926272339206486  0.14826775938636916  0.15661104565406264
  0.16454562169978063  0.17187944587769963  0.17877363785543487  0.18537546314294476
  0.19181550096741778  0.19806570455635880  0.20406440110527527  0.20983199865076496
  0.21543374955015604  0.22094028497819296  0.22638749364294239  0.23181987339212345
  0.23729157377004978  0.24269382803447395  0.24796802148369976  0.25308850608112315
  0.25813097806285318  0.26307516906908984  0.26799783077802719  0.27301889297202403
  0.27759108264560195  0.28223909331704033  0.28682677892227548  0.29173297487172145
  0.29682570075273479  0.30196443862780475  0.30702236626928409  0.31203954786011506
  0.31702547784695584  0.32194612384100990  0.32678326462513790  0.33162562309850285
  0.33652917831369733  0.34146120224454557  0.34640368532624943  0.35129139475977406
  0.35615993875876562  0.36113098885243533  0.36634330283659000  0.37178092969864651
  0.37726373962644311  0.38266824057325166  0.38792920441577805  0.39308974287268084
  0.39824516923547620  0.40347122993336537  0.40890280340232621  0.41452460859358969
  0.42030868870398286  0.42626317554979132  0.43208037102912139  0.43783779696367553
  0.44363766316406417  0.44960360488331280  0.45577113690023890  0.46204163159326439
  0.46840683935072441  0.47494396559342922  0.48191175316714041  0.48829642420928759
  0.49413828823364248  0.50026514880006334  0.50630535986281178  0.51332478674195170
  0.52020251787169181  0.52738545894062594  0.53477148339204783  0.54236700164583418
  0.55004627954871810  0.55827671248200095  0.56639568262835815  0.57477522262367553
  0.58359119636580603  0.59294797118608944  0.60248472423367450  0.61247382402331729
  0.62322697273675010  0.63481635747699661  0.64721207792598423  0.66050628094702657
  0.67465514765784940  0.68983834562152435  0.70615278785410585  0.72472406789935551
  0.74781814645394973  0.77768028539435741  0.82422653833066584  1.00000000000000000
   1.3416784730790433E-002  -1.0000000000000000     
 F F F F F F F F F F F F F F F F F F F F F F F F F F F F F F F F F F F F F F F F F F F F F F F F F F F F F F F F F F F F F F F F F F F F F F F F F F F F F F F F F F F F F F F F F F F F F F F F F F F F F F F F F F F F F F F F F F F F F F F F F F F F F F F F
  <DiscreteSampler_grid>
  grouped_processes
  1 # 1 for a reference and 2 for a running grid.
  10 # Attribute 'min_bin_probing_points' of the grid.
  1 # Attribute 'grid_mode' of the grid. 1=='default',2=='initialization'
  0.0000000000000000 # Attribute 'small_contrib_threshold' of the grid.
  0.5000000000000000 # Attribute 'damping_power' of the grid.
 # binID   n_entries weight   weight_sqr   abs_weight
    13   10   1.441201311460704E+006   1.957892516277978E+013   1.441201311460704E+006
    14   10   1.441201311460882E+006   1.957892516278475E+013   1.441201311460882E+006
    16   10   1.441201311460704E+006   1.957892516277977E+013   1.441201311460704E+006
    17   10   1.441201311460883E+006   1.957892516278476E+013   1.441201311460883E+006
    22   10   1.441201311460704E+006   1.957892516277977E+013   1.441201311460704E+006
    23   10   1.441201311460882E+006   1.957892516278475E+013   1.441201311460882E+006
    25   10   1.441201311460704E+006   1.957892516277977E+013   1.441201311460704E+006
    26   10   1.441201311460882E+006   1.957892516278475E+013   1.441201311460882E+006
    31   10   1.441201311460704E+006   1.957892516277978E+013   1.441201311460704E+006
    32   10   1.441201311460881E+006   1.957892516278473E+013   1.441201311460881E+006
    34   10   1.441201311460703E+006   1.957892516277975E+013   1.441201311460703E+006
    35   10   1.441201311460882E+006   1.957892516278475E+013   1.441201311460882E+006
    40   10   1.441201311460704E+006   1.957892516277976E+013   1.441201311460704E+006
    41   10   1.441201311460882E+006   1.957892516278475E+013   1.441201311460882E+006
    43   10   1.441201311460704E+006   1.957892516277976E+013   1.441201311460704E+006
    44   10   1.441201311460883E+006   1.957892516278476E+013   1.441201311460883E+006
    49   10   1.441201311460703E+006   1.957892516277975E+013   1.441201311460703E+006
    50   10   1.441201311460881E+006   1.957892516278473E+013   1.441201311460881E+006
    52   10   1.441201311460703E+006   1.957892516277975E+013   1.441201311460703E+006
    53   10   1.441201311460882E+006   1.957892516278475E+013   1.441201311460882E+006
    58   10   1.441201311460704E+006   1.957892516277976E+013   1.441201311460704E+006
    59   10   1.441201311460882E+006   1.957892516278475E+013   1.441201311460882E+006
    61   10   1.441201311460703E+006   1.957892516277975E+013   1.441201311460703E+006
    62   10   1.441201311460882E+006   1.957892516278475E+013   1.441201311460882E+006
  </DiscreteSampler_grid>
