  0.00000450996300151  0.00000568264188178  0.00000636701877369  0.00000671454009885
  0.00000725144508427  0.00000781322550212  0.00000848829901106  0.00000913629103156
  0.00000989895076527  0.00001039862626057  0.00001081437707650  0.00001120631007964
  0.00001156935139277  0.00001194812973786  0.00001242306286687  0.00001298799612812
  0.00001362336769973  0.00001440580030742  0.00001547097447976  0.00001680350874534
  0.00001848641621311  0.00001995588962690  0.00002147850187904  0.00002298495970397
  0.00002448875154339  0.00002564988359724  0.00002659547774678  0.00002752915793448
  0.00002840086881178  0.00002921412535102  0.00003011985987634  0.00003101310127500
  0.00003192447275173  0.00003281527877659  0.00003379352510029  0.00003490285357595
  0.00003596940639396  0.00003714420844033  0.00003842740397222  0.00004036019575072
  0.00004307213671772  0.00004556740192206  0.00004832885416228  0.00005120105312325
  0.00005447936336088  0.00005826124592319  0.00006234781605503  0.00006663546800731
  0.00007106458317364  0.00007538921732450  0.00007940746977227  0.00008344732924399
  0.00008766987201755  0.00009253666067723  0.00009843651811724  0.00010460731439589
  0.00010934831315899  0.00011393093117239  0.00011843965271512  0.00012394778641995
  0.00013062320476452  0.00013697818944835  0.00014352110344221  0.00015042800168185
  0.00015792169591474  0.00016454699496334  0.00017095424616798  0.00017728099021532
  0.00018363835003941  0.00019198692663298  0.00020188132053374  0.00021204162281699
  0.00022474627526475  0.00024001312541294  0.00025561735781778  0.00027241411447764
  0.00028714375231096  0.00030242801731011  0.00031868211964528  0.00033691621850407
  0.00035812506165672  0.00038325134375210  0.00041427970775967  0.00045144379644229
  0.00049654656857086  0.00054722637361588  0.00060780668303630  0.00068771768472873
  0.00080391247118979  0.00099361617951745  0.00126530538177587  0.00161622932619881
  0.00234081327920219  0.00535938290385876  0.19171125088660210  1.00000000000000000
  0.00000797906039314  0.00002143475247043  0.00002791557911881  0.00003604588101063
  0.00004459690571227  0.00004988932838389  0.00005566973004988  0.00006185942843218
  0.00006916483666437  0.00007665454280424  0.00008505142268811  0.00009268009344822
  0.00010221695501766  0.00011465303941409  0.00012989446183584  0.00014048704605040
  0.00015131268147296  0.00016253748777035  0.00017414072164721  0.00018564251713574
  0.00019933593839888  0.00021529437094541  0.00023599173711916  0.00025880227044989
  0.00028062863005720  0.00030233995388082  0.00032635414127785  0.00035224685731992
  0.00037793613715734  0.00040478186021658  0.00042376196977173  0.00044704125923643
  0.00047385839410581  0.00050518774971069  0.00053281164329223  0.00055944049621739
  0.00058635061530436  0.00061521361596219  0.00065044725758900  0.00069254073116154
  0.00073743538057298  0.00078263233011681  0.00082870107174302  0.00087664275120731
  0.00091977142958827  0.00096672143782698  0.00101943646104922  0.00107895151951923
  0.00114628429958000  0.00121820759347134  0.00129341413144348  0.00136686958546985
  0.00144367504512600  0.00152745791850900  0.00162454957439228  0.00173684429146446
  0.00185254637766881  0.00196791018762183  0.00208871435205492  0.00222260929950753
  0.00238413964074219  0.00254432549553756  0.00270529646924723  0.00285659061138697
  0.00300098982540288  0.00314846864639400  0.00330188333247821  0.00346423643696792
  0.00362911091247783  0.00376059763272191  0.00389061331768463  0.00401638085572547
  0.00413481834312810  0.00425754883065231  0.00439994693946108  0.00460235168974306
  0.00480538319600369  0.00501758945564957  0.00524136315931246  0.00547979430836562
  0.00575497593588460  0.00605978741841574  0.00645974561157020  0.00691040423530146
  0.00738923933438375  0.00786171067296354  0.00833855004756440  0.00899017957643563
  0.00988774779124199  0.01099026126699844  0.01280484123127645  0.01510516814221488
  0.01886810653957877  0.02692999456940105  0.38125367094909379  1.00000000000000000
 -0.00000350088451236  0.00017766975911622  0.00090414619241266  0.00220264176329335
  0.00424611488831807  0.00643826934360579  0.00881981264739946  0.01204633303679697
  0.01601986468580189  0.02123511577480378  0.02678411480188060  0.03227973528730833
  0.03882053152312468  0.04637304751670271  0.05513360550632865  0.06354943760160674
  0.07180201024466930  0.08095402729585921  0.08993973041695386  0.09722506136165565
  0.10521758835559673  0.11418557529845061  0.12351539984906515  0.13318573617202520
  0.14351957381478039  0.15475464284014046  0.16628550434103642  0.17732801235423792
  0.18663361894355918  0.19552652688062133  0.20397429166385475  0.21237078582504626
  0.22073806405915491  0.23105116855155683  0.24345590522619653  0.25496369139154690
  0.26456900648444148  0.27383954187372961  0.28306024429085586  0.29215983102048465
  0.30213598432238437  0.31302830058656117  0.32345675186197531  0.33395913509715536
  0.34464856382140213  0.35499603620680020  0.36550796080009312  0.37586962508551303
  0.38612539971418469  0.39629532500347858  0.40644016470312416  0.41669279127306241
  0.42675195857371978  0.43631280166071695  0.44628852434778055  0.45675684562982471
  0.46721312402081294  0.47750946483159679  0.48778175894062359  0.49803278058526634
  0.50815165465536816  0.51803398586444316  0.52760560754107022  0.53703180011949692
  0.54696562742966071  0.55626600798532322  0.56583447863556469  0.57552437931818823
  0.58525156930391709  0.59497807782157819  0.60520237606416716  0.61596459034280138
  0.62765481133118495  0.63918438632990815  0.65107475803758863  0.66352134637575388
  0.67719622138131619  0.69300070576301676  0.70933469723354026  0.72457446570923911
  0.74074077728328680  0.75726571623845618  0.77351290628481761  0.78760629081757350
  0.80218989662777718  0.81730975864366562  0.83333243158978532  0.85034904678504197
  0.86572680487473364  0.88145339315113258  0.89964674156590774  0.91964818359212175
  0.94068092472505138  0.96033971094976855  0.97985323580842931  1.00000000000000000
 -0.00405033727247839  0.01430975504458095  0.03052977795641805  0.04529692258886454
  0.05939836165818387  0.07352598770889381  0.08818335276814147  0.10288651501803726
  0.11654431755192930  0.12829661468565606  0.13773195274064440  0.14691982944438495
  0.15619835765402698  0.16591164099275618  0.17651266862453746  0.18698395869801634
  0.19772179681627489  0.20902359157263350  0.21883635028631113  0.23049854718284260
  0.24121621563258416  0.25187785734821105  0.26145640427543848  0.27155168460387336
  0.27968222612156107  0.28677152501669428  0.29329527546897582  0.30033095222763073
  0.30889147390034394  0.31828562588573445  0.32867135357809890  0.34051633847730167
  0.35527816719935523  0.37089306034674363  0.38638782126165072  0.39999209085375154
  0.41220582696356450  0.42438630657949772  0.43675916898461770  0.44889915297412136
  0.46115610041991523  0.47277704989880570  0.48317817723584822  0.49263624132336536
  0.50307298221764829  0.51524279126333072  0.52879517725309255  0.54073375478360841
  0.55059454570966415  0.56119188019957345  0.57108398444307173  0.58133115379302203
  0.59391943977709716  0.60522692294031999  0.61347010416154679  0.62229129646220371
  0.63180848855209393  0.64259788146728636  0.65356751475040087  0.66597303293775967
  0.68030267889113949  0.69450740821449430  0.70700028348636523  0.71981347133898044
  0.73009442670261371  0.73895041625094193  0.74706362552128835  0.75454908074770677
  0.76321831064417267  0.77352760711727320  0.78336737747655161  0.79176025651590187
  0.80100133869608470  0.81170495226046036  0.82323775120361831  0.83564230052949273
  0.84528293420702305  0.85408060625509963  0.86173552621753580  0.87087419476461758
  0.88223285896538040  0.89552675477756838  0.90807892451137429  0.91705080504683367
  0.92326035900000181  0.92901513799302859  0.93499568517907827  0.94137894230531949
  0.94676713647581723  0.95229567263455150  0.95930499941683223  0.96549014023826896
  0.97103743821388067  0.97698369836927013  0.98684052094497066  1.00000000000000000
 -0.00184968436030441  0.00703202739834757  0.01495819784500494  0.02318299320086992
  0.03300494214331652  0.04257208685319672  0.05055033190188509  0.05762307081494367
  0.06455409635629838  0.07012808189729645  0.07857949546683643  0.08687680866946045
  0.09532057632949062  0.10365454943036527  0.11222251771373125  0.12120358578760244
  0.13095635742218464  0.14358054787843311  0.15848643562442979  0.17192525924943680
  0.18340836356691886  0.19315191808509799  0.20155201421331037  0.21033723758699610
  0.21969025790933022  0.23203038616335428  0.24592145423041900  0.25855322027416111
  0.26897902709644600  0.27878221838007433  0.28964067134022736  0.30141233063681144
  0.31537408511040810  0.32893383484494915  0.34121360320467398  0.35328126002676297
  0.36630630830082311  0.38044519331744192  0.39683706585065581  0.41102549881366807
  0.42345872615371954  0.43595441692726805  0.44758924315473148  0.46117194262070760
  0.47695810025233892  0.49227589511801378  0.50590282800874287  0.51765155915382488
  0.52905670003298522  0.54166290914178028  0.55356857891815703  0.56409016513124588
  0.57402153106715348  0.58302103459191412  0.59316416732621913  0.60487302789361175
  0.61681592204393565  0.62864409970933288  0.64023359835785243  0.65129758699887697
  0.66318182537061554  0.67558020234503380  0.68706985372290885  0.69834890939309924
  0.70834547392574443  0.71786997369042360  0.72781307077334678  0.74067782863215581
  0.75354982737289156  0.76503783335559639  0.77782465683978963  0.79030050762673432
  0.80003557105743839  0.80874371574283321  0.81776113464621458  0.82809684759382507
  0.83768356352698092  0.84693151570333114  0.85667333751761332  0.86754965386406302
  0.87863717258976004  0.89011788294441152  0.90249780591370732  0.91604171176200067
  0.92623518223680879  0.93656519525111392  0.94669170882152098  0.95609932347424187
  0.96342638802472458  0.96895237238317333  0.97421793973798831  0.97933394286899633
  0.98474059823850291  0.99010791214361005  0.99501662675976621  1.00000000000000000
 -0.00372572494196669  0.01348739635873318  0.02560268405812089  0.03476824988372158
  0.04303367776455265  0.05157914499048636  0.06064692479161540  0.07064878749593279
  0.08080432322756453  0.09086492616919285  0.10333901699744316  0.11438285716460161
  0.12621296632474857  0.14003828755728404  0.15601548149706368  0.16837148675463670
  0.17989854348060183  0.18873258369840243  0.19730978184530040  0.20541818610686677
  0.21338815551528745  0.22117896270816775  0.22949535961145948  0.23773121227507357
  0.24570799937326554  0.25387562435827937  0.26170727507984309  0.27158438637529447
  0.28433469498466524  0.29806837290150934  0.31173142432634943  0.32357053853212103
  0.33547600350302714  0.34735332437617872  0.35846776738660768  0.37066702115731093
  0.38349678251812597  0.39626162975832196  0.40919733836075445  0.42266162252266709
  0.43648035057583551  0.44906330235931546  0.46103889357347699  0.47413306853364878
  0.48449968142569444  0.49449857559341687  0.50365358927127635  0.51106001910053389
  0.51928714269020315  0.52802721216421455  0.53666660732710647  0.54458821750892206
  0.55228601151023660  0.55966478762644067  0.56782193245342660  0.57773429848706082
  0.58771540330272021  0.59675078705722395  0.60569129204566774  0.61641720944292333
  0.62871185037904964  0.63906500791025966  0.64884851136888377  0.65850872184395426
  0.66964665445449878  0.68104727621740191  0.69331081145794815  0.70590617163477820
  0.71737473565348076  0.72999792955684029  0.74428142389296281  0.75524461333267956
  0.76335338316969903  0.77063333834999592  0.77805842966152816  0.78611842620511807
  0.79408397512658357  0.80124894565669103  0.80876205658666067  0.81888518728490756
  0.83223375938599864  0.84483639769779750  0.85699531486748615  0.86676299435993009
  0.87750562314438685  0.88729417853029680  0.89881971789096660  0.91186544714132567
  0.92522671074399176  0.93861322913367140  0.95037244933546206  0.96146263091303530
  0.97222820667688536  0.98168739578068598  0.99089625974314788  1.00000000000000000
 -0.00206168427359683  0.00705273222596630  0.01542720376374753  0.02480818871299363
  0.03416073146821091  0.04355700012721681  0.05323093669216888  0.06343611857574118
  0.07418259841248143  0.08299316984757284  0.09378614508491487  0.10362580510603471
  0.11219570084681825  0.12105124017251623  0.13116373981194676  0.14143916430053483
  0.15329239549250212  0.16365197666403200  0.17582959548901719  0.18636908968850063
  0.19728159518823477  0.20733365997067008  0.21710181883174492  0.22714078056378634
  0.23792465745067370  0.24833685623014887  0.25862448316708275  0.26857554673184991
  0.27925219320615141  0.29131880214097128  0.30194141835784505  0.31452119363403030
  0.32776500484535415  0.33997577613614655  0.35232194147997370  0.36470883140236771
  0.37672841743002616  0.38933402070851114  0.40237466552658269  0.41470775016468087
  0.42645296530872312  0.43907425417876034  0.45397854907489843  0.46834478583750616
  0.48305013862209362  0.49705780984971976  0.50713666193170115  0.51739983931231870
  0.52736898835179047  0.53675855841326214  0.54649428221958263  0.55624606989685432
  0.56893057693904114  0.58453013674048293  0.59955367917251345  0.61453826754768626
  0.63120414973798422  0.64860087719081194  0.66285116077440354  0.67668845366024744
  0.68865527632184254  0.69790861417352368  0.70665666990051335  0.71666431259644847
  0.72761023748389109  0.73857884989436817  0.74856640897909277  0.76104868902665190
  0.77428092697572826  0.78483139579792804  0.79371947032641432  0.80189491098247268
  0.80976569695068801  0.81852056039792276  0.82959189056557370  0.84171084357987402
  0.85301186734917378  0.86192914483453142  0.87079833684792696  0.87896060164167933
  0.88657608842177182  0.89423623500034899  0.90092361617059580  0.90759644972915843
  0.91521243514612738  0.92529682643939282  0.93575952049109956  0.94401766822691457
  0.95109383864107189  0.95897594526625807  0.96700120769736497  0.97445547565262802
  0.98158233491129643  0.98795181673888000  0.99418131670102150  1.00000000000000000
 -0.00115530787596534  0.00575263985230530  0.01193584155847186  0.01863021371085578
  0.02648084311126180  0.03439546332696829  0.04325133084171019  0.05532055298369605
  0.06761765757185692  0.08024975490264739  0.09553433487198058  0.10700326993971235
  0.11696239994043539  0.12643671701176457  0.13552439825818988  0.14414858268813155
  0.15229232866233877  0.16086290665965405  0.16982479739374506  0.17877905753878456
  0.18897229473576979  0.20096511796655542  0.21385126954816513  0.22686511133180848
  0.23943484279084171  0.25172329114990299  0.26434279257756405  0.27596539500718742
  0.28564832830708120  0.29464754939368143  0.30565952349268133  0.31627383129334524
  0.32519444867351771  0.33375243884447287  0.34294714964944728  0.35346731210929011
  0.36591185098132589  0.37877080768323201  0.39096613485977449  0.40371887624168729
  0.41738430947966210  0.43217197813354141  0.44588793795970394  0.45881390855513976
  0.47070266429181995  0.48222030014858719  0.49365834884359150  0.50564289584400357
  0.51987884672285256  0.53507496974629654  0.54870943082818913  0.56112708578708292
  0.57299416837659078  0.58650689443975712  0.60048642085594328  0.61365928311495732
  0.62548523979103221  0.63472763503716778  0.64477604593981119  0.65345174841409637
  0.66089167525444570  0.66809651560461725  0.67359181440703775  0.67988846078667431
  0.68681035715343286  0.69612650413824451  0.70837409166264165  0.72039038783804610
  0.73352691808137793  0.74500861636105775  0.75577322169993033  0.76605767370265110
  0.77806479934310091  0.79064660227114814  0.80360217136019485  0.81344957858607914
  0.82106665208964791  0.82860516539708018  0.83690253047292229  0.84420601409808660
  0.85117992537264753  0.85904221784369827  0.86685267554546896  0.87377161632653155
  0.88015889896861554  0.88953709910639134  0.90005772786973015  0.91196490762677140
  0.92330650685306503  0.93460066299712663  0.94660278644852047  0.95789004350769802
  0.96665054280551999  0.97547744690364246  0.98640483038052129  1.00000000000000000
  0.31659137665871978  0.43561618354650589  0.48690072557502595  0.52422925910304852
  0.55434475087763058  0.57277978910155858  0.58544693537924952  0.60706072003376121
  0.62500936406086749  0.63793322147143006  0.65181160058956478  0.66464752049335118
  0.67751934135772041  0.69057262527300400  0.69953904762430730  0.70762510448179794
  0.71526362266047538  0.72353886182352067  0.73170766873364634  0.73772258105590882
  0.74279644087962038  0.74747941921525463  0.75255842831947761  0.75807017794684606
  0.76397058558254427  0.76885083092843809  0.77351166855151576  0.77801128478004933
  0.78344914436358648  0.78791678618656580  0.79293675560965315  0.79878302752425123
  0.80459691609765205  0.80965181235712347  0.81427697349790573  0.81874945815372258
  0.82320640020384173  0.82762159447768602  0.83212195109432685  0.83683434642696175
  0.84155258870606653  0.84623784500028043  0.85060644315143052  0.85433638091238984
  0.85794274600745224  0.86143233487945459  0.86498680909201098  0.86868045201534361
  0.87244832763397939  0.87594259882140357  0.87874436830713654  0.88130371319412326
  0.88373466930738498  0.88620252163789603  0.88867670543477617  0.89140131227908892
  0.89407012912498884  0.89667865366499255  0.89927170540854340  0.90193299117627534
  0.90472398108106511  0.90761199250945057  0.91052750678831940  0.91332757859861602
  0.91590757003815304  0.91846274377510029  0.92089719655071101  0.92295870528693780
  0.92531241511691076  0.92751323466880986  0.92974349449025728  0.93217683328355572
  0.93480526216392135  0.93725748913740836  0.93999057305014033  0.94260162192871266
  0.94510625388829905  0.94752609873234672  0.94986809159594010  0.95211184407932659
  0.95438826622354489  0.95671424040352515  0.95904070511029427  0.96128213636071869
  0.96333259834050577  0.96582355126618347  0.96839982157382909  0.97085408027806908
  0.97363790015664853  0.97653119142647593  0.97946754696309535  0.98243638696695312
  0.98622997199363449  0.99015463287523231  0.99468737617975789  1.00000000000000000
 -0.02031819204185653  0.14417024339023196  0.18638397728509662  0.21627478838048544
  0.24672976429611779  0.27142502510179578  0.29167579082203826  0.31118926854523554
  0.33034597366857449  0.34658738265903311  0.35915154108493147  0.37007423228424963
  0.37839200629111414  0.38490452174458312  0.39166723999600489  0.39843893539688457
  0.40629632744964539  0.41368274441646441  0.42111239471080086  0.42871436978275068
  0.43556393728002696  0.44477901482512361  0.45602967758289864  0.46596041695285823
  0.47724642589452793  0.48675841606542192  0.49703994939480595  0.50602085083352133
  0.51408132947762053  0.52105665120049494  0.52784192666187257  0.53440407766975140
  0.54128911218183517  0.54856825123931041  0.55564471722974407  0.56213324021505284
  0.56868533855752890  0.57540360646466193  0.58184720151784408  0.58764450296847248
  0.59356709888725279  0.59985326146546269  0.60522921065153701  0.61030390346322516
  0.61580187409756426  0.62171636481903902  0.62828386933887248  0.63389112691591043
  0.63923148000837493  0.64446005842108123  0.64938614586240317  0.65400678028600157
  0.65868806861982454  0.66295818251358907  0.66702159562321139  0.67069957391438795
  0.67394505353634460  0.67708102251928726  0.68063538593308492  0.68419142523696019
  0.68793486309282825  0.69212531122863186  0.69716135810914615  0.70233656861670968
  0.70669037549453828  0.71093856908067143  0.71556376222447604  0.72041038446953909
  0.72477237044730536  0.72869390938989687  0.73282084963400274  0.73748493133728754
  0.74207606758264411  0.74662731352061207  0.75221713981576099  0.75903621444110692
  0.76521984145986410  0.77070348017734613  0.77599538400048818  0.78119606908001005
  0.78595633750985194  0.79073101976290916  0.79647255570506525  0.80320452599310577
  0.81033915186925332  0.81792041599581067  0.82567487624364477  0.83368117111504259
  0.84252374491153448  0.85242865232898335  0.86382255848737111  0.87700403258274584
  0.89198718658211229  0.91019390328754401  0.93512834479604090  1.00000000000000000
   1.5690777429153529E-007  -1.0000000000000000     
 F F F F F F F F F F F F F F F F F F F F F F F F F F F F F F F F F F F F F F F F F F F F F F F F F F F F F F F F F F F F F F F F F F F F F F F F F F F F F F F F F F F F F F F F F F F F F F F F F F F F F F F F F F F F F F F F F F F F F F F F F F F F F F F F
  <DiscreteSampler_grid>
  grouped_processes
  1 # 1 for a reference and 2 for a running grid.
  10 # Attribute 'min_bin_probing_points' of the grid.
  1 # Attribute 'grid_mode' of the grid. 1=='default',2=='initialization'
  0.0000000000000000 # Attribute 'small_contrib_threshold' of the grid.
  0.5000000000000000 # Attribute 'damping_power' of the grid.
 # binID   n_entries weight   weight_sqr   abs_weight
    31   10   9.122188583899073E-002   4.366439761480943E-002   9.122188583899073E-002
    32   10   9.122188583899175E-002   4.366439761481070E-002   9.122188583899175E-002
    40   10   3.831947569145281E-002   5.845756430219704E-003   3.831947569145281E-002
    41   10   3.831947569145310E-002   5.845756430219820E-003   3.831947569145310E-002
    55   10   8.571726700646529E-002   3.598774464619439E-002   8.571726700646529E-002
    56   10   8.571726700646615E-002   3.598774464619534E-002   8.571726700646615E-002
    64   10   2.781014958911130E-002   2.968429936385569E-003   2.781014958911130E-002
    65   10   2.781014958911138E-002   2.968429936385585E-003   2.781014958911138E-002
  </DiscreteSampler_grid>
