 -0.00249199156545747  0.00948744594838807  0.01964835130317635  0.03015945177175455
  0.04070608416510254  0.05124810031864750  0.06179952324693191  0.07235009699217730
  0.08289521752290971  0.09343613835107351  0.10397011899229922  0.11450428564342466
  0.12503542434850201  0.13556696790210573  0.14610289818796188  0.15664671091752605
  0.16719342025444034  0.17774405482902006  0.18829463915171055  0.19884700977548975
  0.20939804530107264  0.21994605554956706  0.23049565410467684  0.24104248582772639
  0.25158819247659453  0.26213020659796521  0.27267332180153947  0.28322049608274469
  0.29376900294651359  0.30430562745976597  0.31484005707560736  0.32537784654478757
  0.33591840290382097  0.34645820154137941  0.35699698258404222  0.36754619934419386
  0.37808884412194360  0.38862179400410102  0.39915750960309831  0.40969476496291041
  0.42023793280888033  0.43077427832690479  0.44131831425772355  0.45186603637238626
  0.46241081208764723  0.47295504711728592  0.48348614150138169  0.49402691697971785
  0.50456235421953444  0.51511287229257074  0.52565614958104545  0.53619982932362298
  0.54674073891391528  0.55727826797536539  0.56782037302565169  0.57834721590025173
  0.58888546966274236  0.59942153782789620  0.60996168496807845  0.62049567153061191
  0.63102463414183474  0.64156603765336373  0.65211132385198745  0.66265756722640801
  0.67319395791977277  0.68372263020173873  0.69425099624533282  0.70478582873809659
  0.71533037675825006  0.72587353610780192  0.73641427823348216  0.74695381087026669
  0.75749396605637676  0.76803291837802967  0.77857298589942947  0.78911519860425638
  0.79966631739136174  0.81021509102711209  0.82076149958335709  0.83130524205927425
  0.84184383019725473  0.85238200733428504  0.86291777093407429  0.87346014588152587
  0.88400963851257330  0.89456341205518719  0.90511398582959579  0.91566630485063527
  0.92621865120108449  0.93677081237134607  0.94731491719055494  0.95785991788330571
  0.96840248244539262  0.97893905834360073  0.98947121190980769  1.00000000000000000
 -0.00241603068265540  0.00965874182377515  0.01986211128001959  0.03039103618262607
  0.04093432421797179  0.05146372087479874  0.06199126140947496  0.07251871931522506
  0.08305609959522742  0.09359613538818128  0.10414254907891957  0.11469124990699908
  0.12523931602098434  0.13578720442178507  0.14633521078840447  0.15687946416012716
  0.16741973259073026  0.17796172444802799  0.18850540511950595  0.19904377635258505
  0.20957346580381500  0.22010264524574108  0.23064167551403617  0.24118183363045093
  0.25172111279817544  0.26225374906083448  0.27278742517335425  0.28332614733993122
  0.29387210944218239  0.30441965624550993  0.31494884821741620  0.32547580357821670
  0.33600742220203539  0.34655678700143777  0.35710353785977589  0.36764547061806019
  0.37818508994232469  0.38872312943769077  0.39925612394827437  0.40979328008657739
  0.42032355589588405  0.43085921323232113  0.44138003438095513  0.45191347509518698
  0.46244281248672975  0.47297991433347086  0.48351828348952253  0.49405785331442387
  0.50460520023881117  0.51515113631773535  0.52570433758483293  0.53624262742758411
  0.54677512394461170  0.55730584836372754  0.56784884456198514  0.57839560586748473
  0.58893752197528482  0.59947971608006156  0.61002065663239236  0.62056768954571140
  0.63110922270382586  0.64165388773697440  0.65219231482651352  0.66273917325717124
  0.67327582731729085  0.68380850653888958  0.69433709940826094  0.70487125342803414
  0.71541658932697472  0.72596602890607154  0.73651463673114148  0.74706126292217667
  0.75758927540546750  0.76812369714136164  0.77865993047129012  0.78921369172313616
  0.79976408648243058  0.81030345812446258  0.82084433313227467  0.83138030814331210
  0.84192781966453334  0.85247296366450598  0.86301538314983173  0.87354996685876007
  0.88407476434815180  0.89460717812006352  0.90514515244144522  0.91569375671422160
  0.92624140305918501  0.93678465085891593  0.94731913484110875  0.95784242536013942
  0.96837305828172748  0.97891229262737200  0.98945882149147912  1.00000000000000000
   2.5646157909537061E-008  -1.0000000000000000     
 F F F F F F F F
  <DiscreteSampler_grid>
  grouped_processes
  1 # 1 for a reference and 2 for a running grid.
  10 # Attribute 'min_bin_probing_points' of the grid.
  1 # Attribute 'grid_mode' of the grid. 1=='default',2=='initialization'
  0.0000000000000000 # Attribute 'small_contrib_threshold' of the grid.
  0.5000000000000000 # Attribute 'damping_power' of the grid.
 # binID   n_entries weight   weight_sqr   abs_weight
    10   10   1.322623097372511E+010   1.749331857703255E+020   1.322623097372511E+010
  </DiscreteSampler_grid>
