 -0.00213455309651128  0.00980517873234270  0.02002608724724986  0.03056098377851639
  0.04110653404162241  0.05164716912359844  0.06219413748820295  0.07273589271081192
  0.08327735768484514  0.09381965846307755  0.10436160914400390  0.11490112055796381
  0.12543949998524820  0.13598387366641215  0.14652625380885276  0.15705951947759952
  0.16759271971985731  0.17812706881337423  0.18866571944067742  0.19919447829485126
  0.20972747108707968  0.22026230474477498  0.23080677269967673  0.24135159849490420
  0.25189022225424024  0.26241576148012219  0.27294173500142194  0.28347120881563181
  0.29401404778854351  0.30454856281610537  0.31508140955787822  0.32561224124759891
  0.33615226752461380  0.34669653883450630  0.35723573997703956  0.36777122477186480
  0.37830959917628204  0.38885448824830099  0.39940257491710857  0.40995132366580755
  0.42049630749530315  0.43103469711449488  0.44156187459621699  0.45209355613024693
  0.46262283367219764  0.47315320071122463  0.48368017546500325  0.49421630314110776
  0.50475949747209170  0.51530362521197470  0.52584603924619233  0.53639178562639722
  0.54693791211658127  0.55748371552177578  0.56802770222616006  0.57856244687457525
  0.58909618811106157  0.59962491905207393  0.61016524909524805  0.62070104940847559
  0.63123542009253608  0.64177064134172734  0.65230138082478495  0.66283143335888672
  0.67335911366425394  0.68389237524774882  0.69443137510897168  0.70496389800045400
  0.71550146093429567  0.72604150343770812  0.73658939799090062  0.74712674641991272
  0.75765863635890118  0.76819017346821228  0.77873196526871313  0.78927766122623910
  0.79982184103404919  0.81036207782443270  0.82090035119100335  0.83143197489735421
  0.84197016641443723  0.85250596324719230  0.86305003547534376  0.87359131834540227
  0.88413303597491744  0.89467275177605676  0.90521396900595164  0.91574881997207880
  0.92628621208529027  0.93682198078316614  0.94736116337413068  0.95789058652701342
  0.96840691601620066  0.97892812149112873  0.98945757502943665  1.00000000000000000
 -0.00250594169196636  0.00964206560937675  0.01984285608812526  0.03036575937137945
  0.04090533923274177  0.05144607731996487  0.06199152389274147  0.07253792453096813
  0.08308382229750613  0.09362417331621502  0.10415845333687948  0.11469295946264348
  0.12523414281389936  0.13578018859560184  0.14632876437961242  0.15686543406446815
  0.16740341460036487  0.17794040590217947  0.18848932526364950  0.19902824894371571
  0.20956574170527176  0.22009675026626885  0.23063414205503885  0.24117364043938169
  0.25171439076726154  0.26225689002384922  0.27279820993879333  0.28334487962000943
  0.29389257924727502  0.30443945024710134  0.31498274816109373  0.32552654786819940
  0.33606356180053659  0.34660490769766372  0.35714647329562504  0.36769633451899314
  0.37824467435046333  0.38878901099603463  0.39933256306563591  0.40987053498186854
  0.42040817865770014  0.43093595302768156  0.44146856519123739  0.45199959124529226
  0.46254087575335129  0.47308380273992678  0.48363213710721137  0.49417958495578301
  0.50472159727614252  0.51526328658034148  0.52580593833307065  0.53634188351885226
  0.54687223018975206  0.55740348777361826  0.56794088178082880  0.57848416992894425
  0.58902551607516840  0.59956622625569622  0.61010684422195849  0.62064688400958157
  0.63119173321549116  0.64173242147373044  0.65226879884802491  0.66280711559004890
  0.67334476366342244  0.68388792643102903  0.69442475954876060  0.70496604685668063
  0.71550648144778906  0.72604044516337751  0.73657048736769382  0.74710279752314046
  0.75764276791404650  0.76818691189897770  0.77873017594078031  0.78926420801643549
  0.79979894107032046  0.81033298577698121  0.82087454077835187  0.83141240640448388
  0.84194605532636879  0.85248185149991695  0.86301233512758491  0.87354649760297587
  0.88407953529222882  0.89461850230749296  0.90515489876948829  0.91569737380366145
  0.92623732982762830  0.93678085846650005  0.94732341745881876  0.95786964144899600
  0.96840308291535127  0.97893852700650330  0.98946997502713241  1.00000000000000000
   2.5651075902558518E-008  -1.0000000000000000     
 F F F F F F F F
  <DiscreteSampler_grid>
  grouped_processes
  1 # 1 for a reference and 2 for a running grid.
  10 # Attribute 'min_bin_probing_points' of the grid.
  1 # Attribute 'grid_mode' of the grid. 1=='default',2=='initialization'
  0.0000000000000000 # Attribute 'small_contrib_threshold' of the grid.
  0.5000000000000000 # Attribute 'damping_power' of the grid.
 # binID   n_entries weight   weight_sqr   abs_weight
    10   10   1.322623097372511E+010   1.749331857703253E+020   1.322623097372511E+010
  </DiscreteSampler_grid>
