 -0.00245803939449211  0.00959436939235682  0.01978066900363552  0.03029631916587706
  0.04083957947615091  0.05138488002348436  0.06192892429873276  0.07247325084815812
  0.08301608165386372  0.09355251942586280  0.10408803994606415  0.11462528182814630
  0.12516999542063301  0.13570639681801966  0.14623612698659499  0.15676959596342804
  0.16731299203218980  0.17786380366936139  0.18841283093268282  0.19895200574429014
  0.20948268521011801  0.22001344186545199  0.23054793713844712  0.24108656757426880
  0.25162792204254353  0.26216513284880949  0.27270612727977173  0.28324110034812272
  0.29378708845138574  0.30433210740210492  0.31488198725855310  0.32542216282326142
  0.33596212243420287  0.34650264267197889  0.35703853058578261  0.36757020154274522
  0.37810103320955640  0.38864425886098097  0.39919063242067854  0.40974038590865552
  0.42027312143707130  0.43080951893175512  0.44134530523812598  0.45188923512313295
  0.46243133354556648  0.47297121882372406  0.48351652638048864  0.49406435504120749
  0.50460802516057579  0.51514835906704093  0.52568781037265677  0.53622791041110596
  0.54676957037811569  0.55730775730792925  0.56784140550886153  0.57837848769640132
  0.58891781825995837  0.59945529085418292  0.60999183444204086  0.62052720656271598
  0.63107390566037347  0.64162403999486717  0.65217086770788102  0.66271444157199166
  0.67325420742708941  0.68379466720162974  0.69433901682984256  0.70488651786447254
  0.71543856663168803  0.72599134859483405  0.73652919831652996  0.74706707553754559
  0.75759689772853489  0.76814279777955885  0.77867813024266119  0.78921273336028575
  0.79974459114733443  0.81028425013036309  0.82082294851078619  0.83136375162133935
  0.84190804274669206  0.85245551634419037  0.86300377014054408  0.87354451063252903
  0.88407730933930162  0.89461130401466804  0.90514666163734148  0.91568290194365132
  0.92621260885523293  0.93674860072464672  0.94729130725959931  0.95783707818386243
  0.96837325171782285  0.97891394780984131  0.98945370395995091  1.00000000000000000
 -0.00247158626409387  0.00955686572842827  0.01973574560057311  0.03024907820385303
  0.04078515268452079  0.05131814644055956  0.06185725506764574  0.07240230686865007
  0.08294891919210101  0.09349360336411046  0.10403449587880578  0.11456935058346486
  0.12510538101481614  0.13565059354241496  0.14619819058968925  0.15674613155166772
  0.16729043629416043  0.17783527109433311  0.18838117120728481  0.19892900662586860
  0.20947788788545363  0.22001775589758060  0.23055671904620759  0.24109581126565055
  0.25164046030071779  0.26218461052496445  0.27272560627490383  0.28326571227692438
  0.29380485051337563  0.30434807557535798  0.31488645865066939  0.32542185193436329
  0.33595736363634809  0.34649797706845792  0.35704047891273594  0.36758211082696685
  0.37812851009685805  0.38867644661256384  0.39921548187029843  0.40975503997266743
  0.42029160577299113  0.43083050322195254  0.44136899948188452  0.45191577546379424
  0.46245248843402631  0.47298764211102395  0.48350924764265957  0.49404257074531782
  0.50457412148082081  0.51511147297797666  0.52565666899592911  0.53620120628126955
  0.54674368894576530  0.55727668836273125  0.56780816892099506  0.57834315452135387
  0.58888307793919925  0.59941796877882647  0.60995579690877277  0.62049981253002950
  0.63104848290313831  0.64159692947600111  0.65214424976703755  0.66269604533482140
  0.67324267525566595  0.68378589653447319  0.69432540187476666  0.70487279050493756
  0.71540467624157167  0.72594307258956170  0.73646930540680111  0.74701409350203651
  0.75754829687452285  0.76809141939963899  0.77862266323596496  0.78916284622087562
  0.79969985333659666  0.81024785953673961  0.82078943231201895  0.83133377488103233
  0.84188044115746752  0.85242682117847879  0.86297622741870306  0.87352314977928480
  0.88407724438548840  0.89462254122154028  0.90516906885341086  0.91570721426666613
  0.92624823803125400  0.93679087722603360  0.94732884296315767  0.95785993178540718
  0.96839171212870800  0.97893133938838761  0.98947090489926115  1.00000000000000000
   2.5655657834066419E-008  -1.0000000000000000     
 F F F F F F F F
  <DiscreteSampler_grid>
  grouped_processes
  1 # 1 for a reference and 2 for a running grid.
  10 # Attribute 'min_bin_probing_points' of the grid.
  1 # Attribute 'grid_mode' of the grid. 1=='default',2=='initialization'
  0.0000000000000000 # Attribute 'small_contrib_threshold' of the grid.
  0.5000000000000000 # Attribute 'damping_power' of the grid.
 # binID   n_entries weight   weight_sqr   abs_weight
    10   10   1.322623097372511E+010   1.749331857703255E+020   1.322623097372511E+010
  </DiscreteSampler_grid>
