  0.00000496181455636  0.00000508083926836  0.00000534359525377  0.00000563976461374
  0.00000592167530562  0.00000614964783998  0.00000633687035939  0.00000650544505500
  0.00000668233141391  0.00000686597617987  0.00000705567859040  0.00000726563453395
  0.00000747732134035  0.00000770108392788  0.00000793729651530  0.00000817590692366
  0.00000842579864562  0.00000869290027086  0.00000894753657709  0.00000921712029778
  0.00000948546343018  0.00000975527710123  0.00001001841306822  0.00001030283204326
  0.00001061041288635  0.00001093075699834  0.00001124330991073  0.00001157830544671
  0.00001190621030430  0.00001222324847157  0.00001257604356361  0.00001293315842774
  0.00001327821915599  0.00001360765623971  0.00001394293679684  0.00001431822143109
  0.00001476363308502  0.00001523310456707  0.00001565222258854  0.00001603806917450
  0.00001642647957520  0.00001687919500847  0.00001742566633186  0.00001801658767523
  0.00001865990000455  0.00001938942355351  0.00002019375892851  0.00002101129402712
  0.00002180822002327  0.00002261161358267  0.00002345530677043  0.00002436129949515
  0.00002531453184745  0.00002634579297813  0.00002744250750531  0.00002849351789646
  0.00002966952423213  0.00003094031113693  0.00003230819696744  0.00003377361602508
  0.00003536687111727  0.00003705752339048  0.00003869323199470  0.00004038518652909
  0.00004226336002802  0.00004408853828339  0.00004620845473919  0.00004858770677738
  0.00005108347641531  0.00005391537254989  0.00005689621672939  0.00006007565813551
  0.00006350015296671  0.00006710026713558  0.00007099532743175  0.00007516475111902
  0.00007972228258712  0.00008496010869911  0.00009116672147943  0.00009865477919706
  0.00010701882026746  0.00011649793424692  0.00012724165867372  0.00014055646312680
  0.00015654966076860  0.00017493254730345  0.00019587111852797  0.00022752961904267
  0.00027584098390989  0.00034990479862229  0.00047209045674324  0.00069449372311128
  0.00109741107790824  0.00251970138551152  0.05359717601993745  1.00000000000000000
  0.00002344132849139  0.00002719319652408  0.00003334672282492  0.00004143046018022
  0.00004844161376182  0.00005663925364137  0.00006647406659485  0.00007800590714189
  0.00008846916510078  0.00009814747865162  0.00010703077601227  0.00011523682790293
  0.00012283241437639  0.00013123933260647  0.00014020688113863  0.00014955320915493
  0.00015906090806961  0.00016859635857013  0.00017825782588582  0.00018792593784364
  0.00019746171237230  0.00020666172918679  0.00021606086407087  0.00022516581576696
  0.00023436042054019  0.00024423576850501  0.00025465600595298  0.00026652414374452
  0.00027921369042048  0.00029246687536554  0.00030584992976653  0.00031906814120830
  0.00033245495809370  0.00034642816024529  0.00036097878924903  0.00037474770925757
  0.00038802038314701  0.00040112218430503  0.00041464950849665  0.00042947419651576
  0.00044647596152786  0.00046578569425605  0.00048524561352862  0.00050509920578615
  0.00052829114260233  0.00055408424194393  0.00058183216715242  0.00061307456160396
  0.00064766700894048  0.00068406355884676  0.00072084128882309  0.00075787986601750
  0.00079474819064986  0.00083052890930762  0.00086659772935673  0.00090180188279061
  0.00093554619072188  0.00097035171458421  0.00100648266789341  0.00104500882020129
  0.00108675806492444  0.00113129852431632  0.00117612920555611  0.00123372504675419
  0.00130222890007963  0.00136781357557755  0.00143831122098548  0.00152730205651823
  0.00161099773546962  0.00170653443303578  0.00179949584076576  0.00190664792062944
  0.00202816753011037  0.00214923003643287  0.00228603813002127  0.00242219785211245
  0.00258362050765354  0.00275502733705831  0.00295750156464454  0.00314386822141823
  0.00331881553942136  0.00348432438032067  0.00364707111663374  0.00384579739932306
  0.00412306271338369  0.00449296964179586  0.00485921343960658  0.00521282808995998
  0.00560905625072393  0.00608926774678963  0.00673395029889038  0.00781664728185440
  0.01028808797743110  0.01385124214299649  0.01958869963765795  1.00000000000000000
  0.00000472121597228  0.00000490065302966  0.00000503132570510  0.00000518217242995
  0.00000535829035322  0.00000553797072377  0.00000571873138085  0.00000591384329986
  0.00000612588491665  0.00000634499787417  0.00000658674700092  0.00000686988016624
  0.00000716418081909  0.00000748131009776  0.00000780542998433  0.00000828661598687
  0.00000876240378597  0.00000921238241302  0.00000966619757109  0.00001011848719278
  0.00001054197790755  0.00001091573589281  0.00001126785960097  0.00001164594907813
  0.00001207416567228  0.00001254846445247  0.00001301283609354  0.00001347703603390
  0.00001392588054189  0.00001439593766302  0.00001494924185290  0.00001550340923762
  0.00001602329814016  0.00001654560070116  0.00001715778132758  0.00001780777306500
  0.00001848815154073  0.00001922059010994  0.00002003110678881  0.00002093518264462
  0.00002180193908654  0.00002273208518769  0.00002370845013866  0.00002470230704075
  0.00002570956713674  0.00002675299506680  0.00002792890312844  0.00002915613951593
  0.00003040611146766  0.00003179236001467  0.00003335075182742  0.00003502218730415
  0.00003686538108652  0.00003873710948348  0.00004056061582259  0.00004239351735257
  0.00004432619211480  0.00004635283622021  0.00004848045434977  0.00005077699695484
  0.00005302701122336  0.00005553030430655  0.00005780728468036  0.00006022188702095
  0.00006285473627705  0.00006580622068362  0.00006906031900018  0.00007294225465602
  0.00007764806964391  0.00008260719655850  0.00008827167184692  0.00009475914816126
  0.00010183096415525  0.00010956854464785  0.00011831133194360  0.00012761908379892
  0.00013746082892484  0.00014779458282824  0.00015831347341772  0.00017035316020851
  0.00018589823635787  0.00020425367461169  0.00022704843331015  0.00025625188652225
  0.00029835567874866  0.00036159328284214  0.00042803398788527  0.00050166817501192
  0.00061466522950551  0.00077926735381143  0.00101452457990857  0.00148760419924778
  0.00252053613701158  0.00550686479862308  0.20512153567050981  1.00000000000000000
 -0.00203150502609459  0.00765996399530718  0.01603196411763649  0.02446615799897644
  0.03365842350187831  0.04287690783535954  0.05207343017303279  0.06159704821917757
  0.07126451911703002  0.08082231295879264  0.09059200880071978  0.10063169060263707
  0.11149915071793091  0.12443515131391628  0.13761014985374323  0.14830209349131304
  0.15767865787164190  0.16677752370495780  0.17711239497953465  0.18850596983445519
  0.19983772258466267  0.21043716915548125  0.22147096396615609  0.23341627243482302
  0.24289916559727565  0.25101392982128939  0.25957228154977624  0.26905048709620316
  0.28134286546724330  0.29302146707011406  0.30589768214391860  0.31833797081883763
  0.33104604632967793  0.34351000594134856  0.35633976431816017  0.36833069372901206
  0.37940460827497213  0.38997596197254475  0.40090982150393373  0.41282027123511156
  0.42350002402854087  0.43318372802592553  0.44292778520250292  0.45271826112728036
  0.46198172907915069  0.47132751833971165  0.48132990755000876  0.49372256520188995
  0.50574554982434561  0.51738102960435639  0.52834335672522148  0.53842585167276769
  0.54758071024700250  0.55694040949280976  0.56701849860673448  0.57873024811983897
  0.59156555156537205  0.60502889646384683  0.61874166394961905  0.63140912944127237
  0.64414583142100024  0.65693834095813930  0.67021111558865132  0.68203356021609529
  0.69488037195953656  0.70839272147098997  0.72015815705420660  0.72897092189563784
  0.73732590047691782  0.74548562606251989  0.75464373923968830  0.76551266767625914
  0.77520548928112609  0.78455572483863645  0.79339072955014034  0.80203200043149980
  0.81076911615452840  0.81954207028329806  0.82825002273157733  0.83846340509593686
  0.84997230827988290  0.86121541964882853  0.87162955289206767  0.88068807423687134
  0.88893981902686303  0.89702835025139704  0.90641901674534708  0.91725702115227736
  0.92805886965653739  0.93828031617814400  0.94845852240350503  0.95910994156109752
  0.97006242875084225  0.98048634692132752  0.99029377942119556  1.00000000000000000
 -0.00147423405199506  0.00632999247185456  0.01421286750703914  0.02245747449547173
  0.03096392533062658  0.03967871271146694  0.04882229139723025  0.05829753113988761
  0.06873002215372317  0.07879161417884388  0.08931604886379649  0.09996312860929515
  0.11082151466043053  0.12197107014154521  0.13383199256132439  0.14618978825129689
  0.15696346128174832  0.16744811479453883  0.17656753164926145  0.18647724392111487
  0.19695464493448975  0.20667407559057058  0.21515661133424405  0.22292060943107622
  0.23111996277962957  0.23956153519745030  0.24895655208783982  0.25824540423515124
  0.26701742552505914  0.27746747445104292  0.28884348319271891  0.29914911783228543
  0.30941909105191773  0.31974850526291521  0.33086783409918474  0.34383204810733820
  0.35709499099639430  0.36849944608835666  0.37988736877587398  0.39186604955212107
  0.40443643796019529  0.41569334981943296  0.42600357434554859  0.43632625787681034
  0.44573633561967957  0.45581806203609804  0.46672869446916648  0.47875360560549973
  0.49007103887711984  0.50066897764533802  0.51091769300107714  0.52153036283406073
  0.53259559352108365  0.54347155113666645  0.55414567334184361  0.56533161744988736
  0.57720495480893219  0.58805010417598647  0.59839020359205897  0.60989681696001763
  0.62271795141327246  0.63597194638164778  0.64879790009180993  0.65996569491469836
  0.66979959581473159  0.67914635585850003  0.68898277985056811  0.69992176039085707
  0.71146169085680755  0.72272022072257558  0.73354915120488129  0.74420508841584587
  0.75540613008367130  0.76756839091269369  0.77960997216059380  0.79184201502390095
  0.80243439848252718  0.81354160399932762  0.82500826681042194  0.83727224420428714
  0.85029710840400974  0.86348154890696327  0.87589309698551632  0.88807099487814023
  0.89843155201162950  0.90851251803819733  0.91941363798218345  0.92954573445051902
  0.93896110437086222  0.94783033424171714  0.95727621499794080  0.96599616763975071
  0.97491685793745309  0.98335725143928077  0.99169812017435666  1.00000000000000000
 -0.00121097367255265  0.00329577753047202  0.00801114372484152  0.01281025560804309
  0.01737155288904277  0.02211314738977951  0.02688201410815509  0.03154937036230850
  0.03729297179694815  0.04350531131740586  0.05025894753966660  0.05651836640289425
  0.06240836155897838  0.06756648889565638  0.07195075763950542  0.07657312660272673
  0.08057316580136920  0.08462569760264764  0.08828411683765089  0.09212020727206746
  0.09619524012120441  0.10062674514641373  0.10535636197426843  0.10971134933443447
  0.11381162176746215  0.11780398270166455  0.12201676291170324  0.12666737785791163
  0.13252961251013318  0.13832831133883422  0.14395951443325888  0.15005056048005463
  0.15690761100938738  0.16330294017299843  0.17056720621614402  0.17849485620850675
  0.18727374521360765  0.19624897178037717  0.20447189913085165  0.21212832127476991
  0.21986660855316847  0.22816014007492033  0.23693576554492310  0.24573305949980073
  0.25475754423954278  0.26406439056490350  0.27288990452618778  0.28115068918029368
  0.28972047102107112  0.29838363457373968  0.30684161358004108  0.31557108328812816
  0.32503469536029889  0.33626171271500338  0.34815562564274027  0.36009011719174816
  0.37231768660700237  0.38481338006363297  0.39746294069130356  0.41093205839862845
  0.42475032318845518  0.43818744284973327  0.45243782213017841  0.46715524838157907
  0.48398554581383141  0.50285069759325818  0.52003719489767153  0.53483737269582199
  0.54951310513337737  0.56475936702520901  0.57870485675051031  0.59386453929135963
  0.60910557883433480  0.62378338277525680  0.64104264083376117  0.65994537311078993
  0.67930177753151322  0.69853823395587888  0.71820142239499285  0.73859153366545238
  0.75820296943462873  0.77608716248702714  0.79236246472651117  0.80819711283643270
  0.82429819218964784  0.84127164780075381  0.85816490647290589  0.87463429239983337
  0.89231994493241396  0.91174293405178342  0.92853450913653968  0.94412034701105829
  0.95888205595756537  0.97220633503926723  0.98524053431447878  1.00000000000000000
 -0.00280219738964588  0.01133323367580235  0.02059862569961687  0.02745696080581963
  0.03406694836836706  0.04174987629832837  0.04869108238386467  0.05582139066005472
  0.06351625851511095  0.07266857989221208  0.08185211118341298  0.09218310952434157
  0.10300917566805520  0.11367447771032138  0.12428730148463996  0.13523853879193351
  0.14604055872000901  0.15573593139425509  0.16469233563694929  0.17407309786905240
  0.18409255067283192  0.19598380407234589  0.20794737104615515  0.22100063736977191
  0.23284348836837812  0.24205378925034671  0.25254877421668076  0.26248219066160405
  0.27255291387229097  0.28178922936540651  0.29092429567043315  0.30126100571113212
  0.31312799926983004  0.32628505234105393  0.33876940076567175  0.34850153162343817
  0.35785912875073672  0.36741985659355120  0.37822110747211413  0.38964438844888816
  0.39969137768039975  0.40885831660019978  0.41788747409188609  0.42719145114011414
  0.43765923218778902  0.44913486166360700  0.46091312940839557  0.47284398673405753
  0.48528187422017993  0.49713147213433967  0.50965004961417204  0.52153540716232893
  0.53304748491983001  0.54444906836965845  0.55551976930351354  0.56672496019797269
  0.57754846325050502  0.58792950216491857  0.59878745912980091  0.61107187715851430
  0.62471319166157613  0.63783357925464579  0.64949339964407549  0.66028311613422497
  0.67037016571438768  0.67989637840915174  0.68975734269283262  0.70030508631589206
  0.71138515809735914  0.72269565204330499  0.73382696976558481  0.74427127584713337
  0.75504711708147820  0.76615169873201805  0.77668969891202544  0.78685324739618090
  0.79734148548623218  0.80820849016646024  0.81885305047669898  0.82923443880864267
  0.84012784211973868  0.85198719203176454  0.86431771781389455  0.87648392197128888
  0.88744605868291304  0.89718814624029497  0.90638549477933339  0.91502681287903054
  0.92451902747134496  0.93444702354350218  0.94550851570871264  0.95562860279950212
  0.96557109378581130  0.97588961805735064  0.98687026379078024  1.00000000000000000
 -0.00266926005545979  0.01281701073348212  0.02259265003249925  0.03236202341557375
  0.04221266835150057  0.05318211346019001  0.06527339136483695  0.07561686428555492
  0.08595519420905362  0.09558140535536443  0.10554334302501288  0.11471703961693192
  0.12433512981904658  0.13440346353578497  0.14485317817635787  0.15615370122331323
  0.16753230354491902  0.17874237060176673  0.18995435011659728  0.20060719840401764
  0.21012121616594995  0.21902521071647155  0.22769869188882508  0.23745322268331384
  0.24835533373308263  0.26104580426095897  0.27454890063081627  0.28793543216237910
  0.29989430030466468  0.31103093758304068  0.32194652070416657  0.33272845334952028
  0.34391852442797238  0.35557368915422838  0.36699726953000777  0.37942000270071718
  0.39156344596033765  0.40412585218445701  0.41649079174637432  0.42743438203765721
  0.43717917284126717  0.44644831794640594  0.45453659701806115  0.46457036987031070
  0.47503899244768583  0.48596530199233440  0.49776685051042879  0.51022838127035375
  0.52274110025758014  0.53408839913916706  0.54464444483401853  0.55428061449536103
  0.56431216782218041  0.57339387820127397  0.58225856594151038  0.59116884841317230
  0.60027175518661380  0.61039017314565203  0.62115210262504428  0.63056382582503989
  0.64013193220022879  0.65000101190514703  0.66009966954145216  0.67030040871705343
  0.68141064926816053  0.69349817739885311  0.70477937099602905  0.71610406937713666
  0.72701745254288419  0.73861437152064446  0.74971367886192475  0.76070792456638503
  0.77205951867493705  0.78358232936054029  0.79476957345141885  0.80478494134355827
  0.81432725527117833  0.82243709542433396  0.83060397679470455  0.83846755005224982
  0.84604111285394856  0.85324653111084114  0.86060139769968869  0.86930395793517801
  0.87916468574493023  0.88896017525165250  0.89879101565638164  0.90891754678552339
  0.91964271869466141  0.93226041524911107  0.94378508594104182  0.95543890257746644
  0.96635194657309476  0.97799342361761643  0.98896732458812620  1.00000000000000000
  0.06792824838508883  0.09961858059208045  0.13975720826627522  0.16310743579289741
  0.18381084793845345  0.20072903475565274  0.21882916577804304  0.23473861449402539
  0.24583284702317448  0.25412891729228670  0.26371773000318338  0.27280295912644320
  0.28396332855390416  0.29539114210313128  0.30709398931072701  0.31796288663472305
  0.32919382146796866  0.34152786839866173  0.35449411447117446  0.36755005244753025
  0.38197259930831512  0.39641547514626280  0.41100377740547483  0.42433154417857427
  0.43765180367299161  0.45002348680808330  0.46218665540001447  0.47483171307704392
  0.48706592602106963  0.49797928020348364  0.50725461892841928  0.51623274177584444
  0.52556633307067879  0.53446230120366556  0.54336203260060278  0.55278749837040808
  0.56294204887964527  0.57400759321956885  0.58485720402564512  0.59555752775870274
  0.60662451901839254  0.61835844314957389  0.62948171393768537  0.64007904801582416
  0.64983581845323768  0.65942919420685331  0.66909378096503225  0.67863427152318612
  0.68782568104029218  0.69683501834472583  0.70493950415284790  0.71295485062558039
  0.72113176888095332  0.72923610569654507  0.73739437333052060  0.74575854442640921
  0.75411861780884648  0.76191936484669998  0.76944763317715847  0.77698540081143241
  0.78437703526569647  0.79179697858103160  0.79944172641066114  0.80734298275767702
  0.81523693533480945  0.82301442371484179  0.83081050539653067  0.83817859757011381
  0.84501848306744964  0.85157894553205660  0.85767961707010165  0.86342836417285440
  0.86929794989960407  0.87529256852646031  0.88080567758235573  0.88569090445996645
  0.89017404124483579  0.89454291157004162  0.89947881780193761  0.90478213870322732
  0.91036958718352179  0.91619136125565837  0.92194691970383746  0.92735776436492667
  0.93272722565366917  0.93787240787803328  0.94318130672072253  0.94860857595491999
  0.95400333179882613  0.95943851960330373  0.96496331238145849  0.97008858773168372
  0.97556127829323713  0.98213363409660548  0.99049203073677794  1.00000000000000000
 -0.01380858567050759  0.09761200311760135  0.14181425732012407  0.16631563822874759
  0.18292056231541476  0.19748384517899872  0.21231698127137857  0.22615123460307021
  0.23887964609100115  0.25116773458004721  0.26149492089296816  0.27036131746281061
  0.27889981032755568  0.28683537528803660  0.29447892799013248  0.30161419320975608
  0.30820793128949370  0.31537178176081915  0.32183998299226479  0.32836374585413952
  0.33453118514292013  0.34053686031103136  0.34728364413337937  0.35412406254360335
  0.36033848328223983  0.36648034507127114  0.37275004572700915  0.37879686269135732
  0.38495331638972263  0.39042885487308759  0.39619494208268613  0.40206526553145533
  0.40737437652335184  0.41264400914364507  0.41788368909627754  0.42329045953550110
  0.42913650809753079  0.43502993820520924  0.44028559237814607  0.44504650394651074
  0.45007796915448350  0.45498220726002514  0.46086185405848540  0.46649527167610644
  0.47190921446731116  0.47735661809831720  0.48326128987747791  0.48979474786490679
  0.49675405681713752  0.50346592482407759  0.50951563455176063  0.51531179280279449
  0.52114865673805189  0.52710197485953769  0.53265043229800446  0.53865781045728289
  0.54450910599015712  0.55088639881808377  0.55681171916184646  0.56228063320871602
  0.56736097695153342  0.57239013600143440  0.57786708240875140  0.58357208736711852
  0.58911114343616100  0.59471768558723659  0.60021081600827664  0.60626828496637319
  0.61235122443196410  0.61817258924391538  0.62400506339751149  0.63090584443267073
  0.63860689091037082  0.64640368466338982  0.65341993831113965  0.66008099053727198
  0.66684730671550918  0.67390525683433722  0.68144192088084043  0.68854698939202574
  0.69454048277088976  0.70068573983363192  0.70789281913493551  0.71680548280635359
  0.72664231288537173  0.73613703050059831  0.74475850650503306  0.75351621718498851
  0.76519666702288314  0.77835984765005528  0.79350029086675411  0.80989023220764866
  0.82853273121633320  0.85252085749004058  0.89155494705353999  1.00000000000000000
   5.6261080334687852E-005  -1.0000000000000000     
 F F F F F F F F F F F F F F F F F F F F F F F F F F F F F F F F F F F F F F F F F F F F F F F F F F F F F F F F F F F F F F F F F F F F F F F F F F F F F F F F F F F F F F F F F F F F F F F F F F F F F F F F F F F F F F F F F F F F F F F F F F F F F F F F
  <DiscreteSampler_grid>
  grouped_processes
  1 # 1 for a reference and 2 for a running grid.
  10 # Attribute 'min_bin_probing_points' of the grid.
  1 # Attribute 'grid_mode' of the grid. 1=='default',2=='initialization'
  0.0000000000000000 # Attribute 'small_contrib_threshold' of the grid.
  0.5000000000000000 # Attribute 'damping_power' of the grid.
 # binID   n_entries weight   weight_sqr   abs_weight
    70   10   2.969074072081788E+002   5.844878405541991E+005   2.969074072081788E+002
    100   10   8.208036445302932E+002   4.411829527758872E+006   8.208036445302932E+002
    101   10   8.208036445302938E+002   4.411829527758898E+006   8.208036445302938E+002
    130   10   2.969074072081787E+002   5.844878405541986E+005   2.969074072081787E+002
    190   10   2.969074072081791E+002   5.844878405542006E+005   2.969074072081791E+002
  </DiscreteSampler_grid>
