 -0.00243214791610738  0.00951706192657202  0.01968003312734944  0.03019635509706089
  0.04074732992023166  0.05128985645989005  0.06182090807248284  0.07235011990242546
  0.08288196319794047  0.09342254465488324  0.10396406625124714  0.11450450661026058
  0.12504791058500980  0.13558396648813231  0.14612702121287893  0.15667416342718132
  0.16722353846284646  0.17777229676702777  0.18831759306614862  0.19886040072139827
  0.20939785570287617  0.21993659855155354  0.23048257569044492  0.24102996374131508
  0.25157664319402778  0.26212345926452157  0.27266768800498220  0.28321003256962324
  0.29374382830461365  0.30428413326051074  0.31482847122623908  0.32537978558136854
  0.33593087826434875  0.34648055444411247  0.35703418229026096  0.36758018489874095
  0.37812985031183372  0.38866318947307060  0.39920346616438879  0.40973655558526184
  0.42027951883859299  0.43082211510910257  0.44137026181075678  0.45191963514332012
  0.46246024365405702  0.47300104786417563  0.48354535050522424  0.49408659110064596
  0.50462244492188624  0.51516072692538306  0.52570780364335523  0.53625212134354239
  0.54679454222321444  0.55733065948972971  0.56786769306160934  0.57840378652594082
  0.58894749293628690  0.59949298601757151  0.61003484596953061  0.62057671087689170
  0.63111392026759650  0.64165314891365344  0.65219698573532503  0.66273223767215628
  0.67326348885792286  0.68379339317316923  0.69433281373670397  0.70486216713317984
  0.71539038641862029  0.72592322587055225  0.73647167206228092  0.74701453164254583
  0.75755568101351289  0.76808474275359861  0.77862133938748457  0.78916245144412245
  0.79971104608023835  0.81025765956027407  0.82080354183306925  0.83135161003167102
  0.84190038753391094  0.85244630394057230  0.86299663146717909  0.87353850168964575
  0.88408374960438463  0.89462507943620018  0.90517293440505731  0.91572269381878413
  0.92626867697679616  0.93681495909809676  0.94735608309959363  0.95789712911216374
  0.96842835266696725  0.97895371050484226  0.98947625486023760  1.00000000000000000
 -0.00252754780921697  0.00952001571594741  0.01969272969208767  0.03021794496055185
  0.04076856636021473  0.05131811751911820  0.06186443920760554  0.07240868530298737
  0.08295226022073497  0.09350115972467368  0.10404871668889348  0.11459051572909497
  0.12512243736593825  0.13565590494052274  0.14619602342294835  0.15673935908061312
  0.16727949034241202  0.17781495824349100  0.18835399970152589  0.19889630837369998
  0.20944065325007313  0.21998207956812951  0.23052203799492191  0.24106039572166554
  0.25160203084947508  0.26213164615953272  0.27266493695024613  0.28319763253603203
  0.29374769439301823  0.30429119415774297  0.31483804461648252  0.32537856774293733
  0.33592571685504408  0.34647225371868384  0.35702540242835351  0.36757670054641484
  0.37812823261445372  0.38867941206301987  0.39923297203176150  0.40977218354290951
  0.42031035250166227  0.43084514445184530  0.44138449248829537  0.45192195955370501
  0.46245544481226875  0.47299127164886928  0.48352530841524488  0.49405087115837043
  0.50458158860466062  0.51511724237335343  0.52566448931980758  0.53621299140150436
  0.54675535066107939  0.55729398478512138  0.56783129744466598  0.57836955861622930
  0.58890776339119499  0.59944909405678892  0.60999065520203066  0.62053107966792720
  0.63106654427012365  0.64159934541481811  0.65213560586250097  0.66266714643134184
  0.67319022787566940  0.68371782964216288  0.69425120339308821  0.70479141054139105
  0.71532864266094853  0.72586657701663748  0.73641408135453312  0.74695677428682594
  0.75750203198742405  0.76804735837993554  0.77859178008679941  0.78913286117063974
  0.79967317540489491  0.81022171914886976  0.82076766254288358  0.83131091026730242
  0.84185567508769998  0.85239779801907201  0.86294038879492363  0.87347545109801461
  0.88401272945206300  0.89455070677352266  0.90509558831293457  0.91564351618117890
  0.92619174137593596  0.93673679659641862  0.94728363705238428  0.95783214218681045
  0.96836992033418134  0.97891032395693445  0.98944833455893955  1.00000000000000000
   2.5653507725042366E-008  -1.0000000000000000     
 F F F F F F F F
  <DiscreteSampler_grid>
  grouped_processes
  1 # 1 for a reference and 2 for a running grid.
  10 # Attribute 'min_bin_probing_points' of the grid.
  1 # Attribute 'grid_mode' of the grid. 1=='default',2=='initialization'
  0.0000000000000000 # Attribute 'small_contrib_threshold' of the grid.
  0.5000000000000000 # Attribute 'damping_power' of the grid.
 # binID   n_entries weight   weight_sqr   abs_weight
    10   10   1.322623097372511E+010   1.749331857703255E+020   1.322623097372511E+010
  </DiscreteSampler_grid>
