 -0.00231154924861333  0.00966502810709564  0.01985644364685021  0.03038657081899123
  0.04093571543942646  0.05147292135388731  0.06200305878898456  0.07253510369281536
  0.08307417869299039  0.09362129003912850  0.10416474388142227  0.11470838309292516
  0.12525499212644550  0.13580514742661220  0.14635185911290893  0.15689766325793944
  0.16744004202368970  0.17798756864356205  0.18852946087619221  0.19907561894743972
  0.20961007668117360  0.22014258535315437  0.23067219389478180  0.24121480979135515
  0.25175678547582792  0.26229456808297824  0.27282812253140681  0.28336207674535624
  0.29389419402614203  0.30442454254694584  0.31496225025259467  0.32550620375485234
  0.33605201629774972  0.34658867329798254  0.35712399340548123  0.36765671214254364
  0.37820022999852743  0.38874242225820371  0.39928692131405380  0.40983127639596939
  0.42037813635208038  0.43092006183125697  0.44146064384864597  0.45200075391011368
  0.46254882651394491  0.47309028381049562  0.48363384528571196  0.49416856542644566
  0.50470413435914907  0.51523874550718951  0.52577779004906566  0.53631554888966415
  0.54685264251861276  0.55739326090739283  0.56793738987112730  0.57848092428229758
  0.58902027637087917  0.59955994328710016  0.61009383067577916  0.62061874824116692
  0.63114452116273623  0.64167151569508318  0.65221380385949124  0.66275520325811621
  0.67329040150602126  0.68381973903852367  0.69435021908165462  0.70489106503998955
  0.71543074317686306  0.72596741599922687  0.73650017053597472  0.74703184380868770
  0.75756904470889563  0.76810518486168000  0.77864671474760294  0.78918468207648107
  0.79972838472012908  0.81026912238245907  0.82080229110372993  0.83133855000870949
  0.84187919065224859  0.85242619576795886  0.86296407557358346  0.87350252837177911
  0.88404349440326346  0.89459338035814528  0.90513236802376884  0.91566778087463019
  0.92620224485588731  0.93674108414788493  0.94728692958774774  0.95783070401459036
  0.96837900564450963  0.97892217837312778  0.98946260541558373  1.00000000000000000
 -0.00251488559405247  0.00956406738869206  0.01974396371999755  0.03026088146557107
  0.04080598474648678  0.05135524102750031  0.06190135771366267  0.07244578633243591
  0.08298472605646533  0.09352624819586455  0.10407025263279912  0.11461342368286932
  0.12515810271433042  0.13569968420354081  0.14624656752123799  0.15678579355416855
  0.16732316726089805  0.17785649353097066  0.18839630304136770  0.19894099810470439
  0.20949071615568682  0.22003690070199963  0.23058238774658757  0.24112597616682557
  0.25167169246947568  0.26221645677711919  0.27276251077043384  0.28331156702555710
  0.29386267791761028  0.30439460241833854  0.31491673782926410  0.32543254898725438
  0.33596423694969335  0.34650425208951197  0.35704734686211592  0.36759436884190727
  0.37813254316460354  0.38866715168758953  0.39920255668140608  0.40974879643380518
  0.42029576241893141  0.43083919537134718  0.44137646076221798  0.45191811015694505
  0.46245939091410926  0.47299809345349181  0.48353217222062272  0.49406216728855590
  0.50459531159293847  0.51512963286813218  0.52567212017494602  0.53621821943854475
  0.54676834273984021  0.55731020514683660  0.56784670010381910  0.57838235512392810
  0.58892390323813970  0.59947359314779225  0.61000683558821456  0.62054197824130708
  0.63106966186544011  0.64161045879253031  0.65214050138921176  0.66267911767956866
  0.67320571289646736  0.68373658763590439  0.69426089188869411  0.70480120314433237
  0.71534246087286046  0.72588794119405209  0.73643346874578597  0.74698322780640247
  0.75753383423150078  0.76807966404202122  0.77861998545267441  0.78915336224807808
  0.79969063945804020  0.81023471852040230  0.82077383365006973  0.83131482362719922
  0.84185370988965869  0.85240359295175527  0.86295411553264911  0.87349660118013850
  0.88403531940094149  0.89456625385883193  0.90510788867018210  0.91565395015136675
  0.92620150969370030  0.93674672998310493  0.94729160395447465  0.95784181781253186
  0.96838259200748833  0.97892335675821385  0.98945747509402993  1.00000000000000000
   2.5515351722247779E-008  -1.0000000000000000     
 F F F F F F F F
  <DiscreteSampler_grid>
  grouped_processes
  1 # 1 for a reference and 2 for a running grid.
  10 # Attribute 'min_bin_probing_points' of the grid.
  1 # Attribute 'grid_mode' of the grid. 1=='default',2=='initialization'
  0.0000000000000000 # Attribute 'small_contrib_threshold' of the grid.
  0.5000000000000000 # Attribute 'damping_power' of the grid.
 # binID   n_entries weight   weight_sqr   abs_weight
    10   10   1.322623097372511E+010   1.749331857703254E+020   1.322623097372511E+010
  </DiscreteSampler_grid>
