  0.00000487272424938  0.00000501398034229  0.00000519818872712  0.00000541082158135
  0.00000564515855202  0.00000588837231955  0.00000614037026189  0.00000639046105317
  0.00000663125826702  0.00000686842573817  0.00000710481076991  0.00000736493476876
  0.00000759451303432  0.00000783206430663  0.00000807825572661  0.00000832714117598
  0.00000857276403307  0.00000882126180498  0.00000907565681571  0.00000937364204601
  0.00000965814532305  0.00000991324147721  0.00001015102092903  0.00001037554547677
  0.00001060164325261  0.00001085400673993  0.00001116334679874  0.00001152079690142
  0.00001185624373624  0.00001218138234535  0.00001253084299729  0.00001288949184644
  0.00001324958929285  0.00001360307375378  0.00001394736942267  0.00001430263564968
  0.00001474905995705  0.00001523831413179  0.00001573279802247  0.00001621342964103
  0.00001669985644168  0.00001722847670908  0.00001778800044786  0.00001841000451842
  0.00001905728251942  0.00001975874509807  0.00002051773231344  0.00002128933950680
  0.00002205844736122  0.00002284737415124  0.00002365832845888  0.00002450906537113
  0.00002539482756918  0.00002623182009700  0.00002722199010972  0.00002825525869739
  0.00002938607580962  0.00003062175198464  0.00003184837151173  0.00003304458847659
  0.00003418916370559  0.00003537187433554  0.00003661038020886  0.00003791036068684
  0.00003932099771455  0.00004094907293458  0.00004258271477156  0.00004412411634990
  0.00004575382364500  0.00004763836076312  0.00004968968186888  0.00005205926482152
  0.00005488202294368  0.00005794400843691  0.00006094713463195  0.00006433648108442
  0.00006788082293457  0.00007226878526435  0.00007749677724420  0.00008336928790481
  0.00009001618953067  0.00009744966109308  0.00010671868165075  0.00011773269058192
  0.00013027003749117  0.00014493911434708  0.00016191360427093  0.00018190885431987
  0.00020777227889664  0.00024988591055723  0.00031725745093421  0.00041840734881035
  0.00061774336920285  0.00131591000634544  0.04047562609359805  1.00000000000000000
  0.00002332511537206  0.00002715593232805  0.00002954281129385  0.00003231740641738
  0.00003551044838268  0.00003940521135240  0.00004326891262212  0.00004641789075065
  0.00004951569957302  0.00005273769774758  0.00005630324997251  0.00006036072637888
  0.00006421530634710  0.00006802851347628  0.00007211040277142  0.00007636156862932
  0.00008040572298868  0.00008457174565987  0.00008883951242005  0.00009374002961602
  0.00009877763091735  0.00010291238468051  0.00010721789534074  0.00011221522743663
  0.00011766444619187  0.00012351566974529  0.00012957372855309  0.00013576473680846
  0.00014179985455014  0.00014751121418929  0.00015323251152292  0.00015911511304414
  0.00016530046662669  0.00017206848726081  0.00017933467593371  0.00018699170061609
  0.00019478021928613  0.00020249690189081  0.00021009090443947  0.00021760924528339
  0.00022612288152373  0.00023476097555552  0.00024360514349838  0.00025240577245720
  0.00026150538226954  0.00026983603374777  0.00027864310249214  0.00028808284778786
  0.00029896977576904  0.00031097939117142  0.00032351326414389  0.00033642009468789
  0.00034986508991401  0.00036407505898672  0.00037798239549776  0.00039141197233178
  0.00040497737079241  0.00041932665982869  0.00043498354930375  0.00045355149011405
  0.00047411639302077  0.00049454544779435  0.00051614046925647  0.00053964062817547
  0.00056372570381366  0.00058906529872780  0.00061777033578581  0.00064845943873173
  0.00068171638183898  0.00072195079803063  0.00076474138249531  0.00081170806671274
  0.00086616807481801  0.00092626729822198  0.00099444939167801  0.00107205339827850
  0.00115275538822125  0.00122710745826808  0.00128960661362903  0.00135091707544377
  0.00142967637867433  0.00151262569551829  0.00159077093499052  0.00166733766045853
  0.00175117433275056  0.00187325891815945  0.00208489288960340  0.00235179887036975
  0.00272799987353436  0.00305124556939354  0.00330083040198920  0.00356270243184468
  0.00391362308314706  0.00474275780359086  0.56855457090337613  1.00000000000000000
 -0.00000266240591936  0.00012334598728742  0.00061937362986449  0.00146673477726600
  0.00300221948730183  0.00479562335566373  0.00693342986385319  0.00952896979699497
  0.01249426626137668  0.01559501247758750  0.01921967766742046  0.02334177983537685
  0.02765346313214887  0.03264676819195795  0.03794653926198375  0.04276045428309709
  0.04736033547103534  0.05215013056624232  0.05748357342639712  0.06345826800598837
  0.06965937755251876  0.07604735071462275  0.08245135789842999  0.08934823144458336
  0.09709621164248079  0.10484190684914106  0.11287350035862144  0.12097838698423576
  0.12922297561753515  0.13839801266696630  0.14786012561060768  0.15611762726213024
  0.16434801852322883  0.17299917222805811  0.18210414617011120  0.19203329946883849
  0.20289258621472331  0.21423001372056100  0.22519002441954900  0.23630960096728637
  0.24829794059709689  0.26087635287190492  0.27405968489242399  0.28805463914868867
  0.30166097493371030  0.31460640169825782  0.32800733316944153  0.34088399963504429
  0.35394106520537616  0.36692176028232221  0.37959588544284367  0.39306709668218348
  0.40644658577992354  0.41955802245006990  0.43260533738350426  0.44593048038729904
  0.45901805544098645  0.47143822142338077  0.48280388404343733  0.49401619292839627
  0.50527210149556268  0.51700065470307610  0.52966324842150481  0.54406787869453566
  0.56054824571082917  0.57516850454190360  0.58968569208735067  0.60395601541458632
  0.61775408214155669  0.63102871381690451  0.64419630458612764  0.65738433571959720
  0.67013778524114942  0.68367766952481590  0.69831228518857025  0.71396649363238684
  0.73018834680921596  0.74628373882755095  0.76199321567925471  0.77731113108692906
  0.79167485151638795  0.80578578679685020  0.81999124704690118  0.83464252066400979
  0.84862538827764644  0.86218716828449238  0.87534032683710716  0.88813153666941946
  0.90141357367798858  0.91532272177393637  0.92934345131394236  0.94268819109838486
  0.95694849838259999  0.97087558851715883  0.98513056579210978  1.00000000000000000
 -0.00216817469399311  0.00892882357037405  0.01743726189415403  0.02528113663168997
  0.03340058145370595  0.04306679264620532  0.05262850566212064  0.06322583453296871
  0.07425219625979211  0.08390503267221651  0.09384909705884453  0.10357653359102634
  0.11400730414232438  0.12402956396229242  0.13190603804583534  0.13901498732549006
  0.14660913940522544  0.15528444353654541  0.16291780171990869  0.17054487808556990
  0.17808111446516703  0.18710314117807655  0.19894923915189475  0.21158705328328334
  0.22475341611434854  0.23851211938796676  0.25182954079084618  0.26357432125791169
  0.27468559325852054  0.28613939952007977  0.29889568477714568  0.31319887869930518
  0.32810686815786294  0.34252061227892627  0.35557406234345162  0.36815877429337052
  0.37958637288059821  0.39002696329680409  0.40003077703495715  0.40963904229703496
  0.41879859503173822  0.42793965107689402  0.43618108584770571  0.44361337259666039
  0.45106292329622205  0.45844517629952081  0.47019892778346856  0.48083494071702509
  0.49158992703891019  0.50163280238456742  0.51176193595268371  0.52167333872842470
  0.53113369109243747  0.54041565209868847  0.54967215863193863  0.55883618164218407
  0.56849819652885458  0.57886216519874245  0.58955155602034914  0.60077608957562845
  0.61135468666447057  0.62323502787040896  0.63273482600724262  0.64240690281206547
  0.65295800844082830  0.66401985235293526  0.67380916829895254  0.68402967328996434
  0.69458396688837543  0.70643305939141021  0.71608325695480712  0.72635350661420939
  0.73670970962729720  0.74781554886790902  0.76009457796505597  0.77330423873698706
  0.78780463716017946  0.80102812028751003  0.81286461882736349  0.82403476931776753
  0.83530573247898499  0.84620842132987684  0.85646068713746681  0.86709024708974192
  0.87861021275103790  0.89055529331984185  0.90179760977564216  0.91266627824285351
  0.92376106298052485  0.93479256818843848  0.94621327306339165  0.95739526462327484
  0.96911530463309048  0.98029429264790402  0.99037365571761560  1.00000000000000000
 -0.00121374882286545  0.00743808757161411  0.01461094607675630  0.02125031542317356
  0.02781945632038994  0.03424904915534432  0.04106072852196790  0.04874609866936547
  0.05727346228666742  0.06741782686472819  0.07841091403645056  0.08816262093163223
  0.09663154162545765  0.10421354925928421  0.11137893717226771  0.12004760627376990
  0.12924034658374522  0.13970632593002683  0.15021410499393337  0.16146264150856707
  0.17209389540100239  0.18184003874704593  0.19146787804361293  0.20140711645728920
  0.21178072311724677  0.22277013386861122  0.23394513043215484  0.24441286158727404
  0.25501962861397609  0.26648661412292746  0.27808378805589928  0.28955212182371931
  0.30030666605573542  0.30997473406287207  0.31916856550525630  0.32934820107131729
  0.34183831054913227  0.35462904029148867  0.36858210961980503  0.38162082293294208
  0.39311082593154051  0.40440368980079178  0.41616435194582263  0.42935119305244807
  0.44349838954293186  0.45655828857957992  0.46875630072313923  0.48165435146104746
  0.49522564281916676  0.50924517200222985  0.52124175283056717  0.53211723589148441
  0.54277070242282177  0.55338665917989982  0.56636526101883489  0.58103021143998501
  0.59575891538715331  0.60824081224700610  0.61941194053352766  0.63119613750931480
  0.64244302407774045  0.65311455055649026  0.66372113385018272  0.67569507804019902
  0.68911285467476235  0.70273662603189080  0.71586693599658890  0.72789684521947562
  0.73845553926761387  0.74864149358487209  0.75895854157841158  0.76988301741554632
  0.78074950154712253  0.79177881069430023  0.80243529469449648  0.81415749879674504
  0.82514090121079009  0.83680936342029699  0.84830811312323562  0.85997425270706551
  0.87237311489363356  0.88514689800526869  0.90003914650036931  0.91258050934994928
  0.92343181302446786  0.93301183845399016  0.93965281529911826  0.94645877310732840
  0.95405365583092139  0.96155439367790274  0.96843372884152390  0.97535870619429899
  0.98209631507582662  0.98840035725068287  0.99420576488638346  1.00000000000000000
 -0.00356349747341392  0.01245072837159412  0.02545128390295043  0.03875878368614229
  0.05285446794690753  0.06522674945644746  0.07683992332307009  0.08886025209182509
  0.10128834998383751  0.11340150735130099  0.12500163962819255  0.13546598284386638
  0.14521632644180094  0.15447716197102299  0.16327851196647869  0.17210568576136442
  0.18104090874690237  0.19070715950428294  0.20174360383222409  0.21359292986722742
  0.22547287945757194  0.23668340865321816  0.24671715805664557  0.25617919694084423
  0.26534104910736539  0.27477543559467360  0.28405680444250486  0.29307122950196468
  0.30176360132568031  0.31057142926852105  0.32121914519950989  0.33319978330758665
  0.34621096060861128  0.35971236412183105  0.37228997593258861  0.38369871786002363
  0.39462312311021153  0.40392590202994655  0.41446048357280590  0.42454171477993558
  0.43352343043448621  0.44182028801638890  0.45128358303438748  0.46179105032588791
  0.47381965617377325  0.48322386525365862  0.49124295923807082  0.49863559984720729
  0.50748383827607424  0.51666405641972246  0.52629330903512772  0.53489818202511707
  0.54392531255175969  0.55479102443456829  0.56737464246102520  0.57830667926006696
  0.58833759563519250  0.59909115848655448  0.61148581260307400  0.62540798354815730
  0.63910481517289641  0.65097031000695171  0.66076115238479183  0.66989400730666793
  0.67849272901017288  0.68704419087170421  0.69563031588315449  0.70438938097994674
  0.71430627395813850  0.72453425840260433  0.73442178939326663  0.74483700619468463
  0.75462572539468908  0.76369541432843346  0.77382624327724780  0.78692305573926391
  0.80112083830003467  0.81399500432386596  0.82712963180911780  0.83848190604292139
  0.84858758046521954  0.85799897483699117  0.86716236857764317  0.87648394052856715
  0.88634134804207854  0.89723878503824894  0.90901475548529331  0.92054985104650378
  0.93190329982887377  0.94252410486387639  0.95246641704385393  0.96288729741087598
  0.97276498617833274  0.98255814421301602  0.99166347328459648  1.00000000000000000
  0.00331002386270868  0.01670985253840703  0.02941748235955977  0.04154762047977695
  0.05248255514808988  0.06125436454166415  0.06928240595008113  0.07770635707864806
  0.08611752648939239  0.09535555559018101  0.10463332916797252  0.11501189515605587
  0.12462695489534489  0.13497541369820124  0.14562193929919143  0.15606437593260758
  0.16643336347834237  0.17692424892713213  0.18777764777963352  0.19923040911753800
  0.21042480574717581  0.22011099267197376  0.23049099959865793  0.24149370065828002
  0.25242860890714952  0.26343255596775855  0.27422250181125296  0.28571838890860957
  0.29758582097388098  0.30923588887148867  0.32005942347291372  0.32970098827254429
  0.33854088062348953  0.34642286768098846  0.35520910937592537  0.36484002204331606
  0.37734484469999197  0.39108579119832715  0.40257787347494722  0.41296559078624928
  0.42287073041055223  0.43311369205357086  0.44263175163194796  0.45179383729789296
  0.46138914112019586  0.47220809451178852  0.48299157870050913  0.49341384127146881
  0.50262874322523488  0.51247609796131444  0.52370411308323128  0.53574802316504033
  0.54640581288637069  0.55622934817089609  0.56606652283319281  0.57624504824851275
  0.58677291668941267  0.59761016795272914  0.61052879590119868  0.62425010388999269
  0.63805124957748971  0.65196004052293488  0.66504450005367077  0.67680493868365210
  0.68779046655600795  0.69923535779984181  0.71130091536448059  0.72208004944132165
  0.73210760212566717  0.74243091516485393  0.75262644736441775  0.76288810656976369
  0.77395377387462172  0.78602444614971734  0.79638135492197626  0.80546560234922404
  0.81421438489851561  0.82283303956042420  0.83139277839001713  0.83993073281116049
  0.84946153012089054  0.86061358646259456  0.87310530470180936  0.88587955647369721
  0.89818490507001059  0.91197545243072697  0.92670127042708206  0.93867907544712337
  0.94704567357898151  0.95385533921784260  0.96019604305447914  0.96662632156628603
  0.97391227251963330  0.98206278103091027  0.99083665872489379  1.00000000000000000
 -0.00203695314583294  0.00935570206848285  0.01906961270044598  0.02771020239899683
  0.03643645265720181  0.04469940505658458  0.05494739167434508  0.06610507290167469
  0.07710415851210810  0.08837850524909557  0.09765314522281744  0.10603341707252432
  0.11390763671160112  0.12219015404911521  0.13201515812933301  0.14265155148251868
  0.15339368100541390  0.16577326586179797  0.17786010874814331  0.19057988414338145
  0.20104250840039131  0.21107969754374323  0.22087395872310081  0.23159270906920759
  0.24407997585533098  0.25571902062807905  0.26811067365179986  0.27840085399219722
  0.28777766388617293  0.29751359632675700  0.30721040900672220  0.32062569044487560
  0.33319302166399600  0.34602910038269458  0.35949947119788855  0.37172587939288310
  0.38255699659761622  0.39284798556582606  0.40327640580476759  0.41365981749648173
  0.42317323577318827  0.43217461911299154  0.44295290741681337  0.45263838911639565
  0.46165000028058134  0.47012622945080540  0.47981684114469958  0.48873097333236659
  0.49740858985408731  0.50576802007096711  0.51422950280699964  0.52378425553351393
  0.53422059074155126  0.54434342017994630  0.55361807394119289  0.56304381606164777
  0.57452293459112813  0.58696947319374337  0.60027502444130565  0.61636179382479173
  0.62990320288202706  0.63897883828623214  0.64621718840398390  0.65286460419697312
  0.66006437809473062  0.66785483675416535  0.67564942886909951  0.68290063436588211
  0.69220973039755818  0.70305198297262628  0.71329380895692152  0.72296522605226388
  0.73234723142671587  0.74184688719173064  0.75271585055535850  0.76503903061063494
  0.77868143852409288  0.79365649129519866  0.80958943745162237  0.82598732362170246
  0.84225123157054116  0.85702124789691914  0.87305798079702956  0.88423307931357942
  0.89440156025017137  0.90410374396771820  0.91339508493744914  0.92329351264901083
  0.93287719724437423  0.94263316574765976  0.95277350029947283  0.96210886219942660
  0.97067001928713670  0.97961674237117524  0.98933274171290819  1.00000000000000000
  0.11941259364523886  0.12463414094324222  0.13204423903956045  0.13981570781154790
  0.14959893879189864  0.15969912285556540  0.16923381663358070  0.17444684171556496
  0.18165976063389527  0.19153051929836665  0.19912526997263169  0.20837250129781182
  0.21637651985475284  0.22356172547294070  0.23056268294177543  0.23778283133884284
  0.24564046492517227  0.25444730117827052  0.26365765366876781  0.27268096870941061
  0.28051876857337865  0.28783143784367271  0.29479656144980226  0.30069307629668618
  0.30615689899501247  0.31265760653103442  0.31871846225294220  0.32543337155452895
  0.33177447559117262  0.33791253483991063  0.34443174047309533  0.35126821044520390
  0.35809194777860809  0.36520642665584818  0.37288664332305793  0.38130580292182181
  0.38985544580260828  0.39796601492106165  0.40532380299574433  0.41220309062710103
  0.41912540501645595  0.42622787137409052  0.43423482490426085  0.44295718855574578
  0.45273978907598805  0.46083404248392262  0.46744444436090621  0.47424880381470202
  0.48137063771861538  0.48866482486161716  0.49663262406636249  0.50294624205553340
  0.50846175347931000  0.51403908375282192  0.52073844046829254  0.52960560089269393
  0.53811097104900074  0.54604933519450305  0.55383266099689543  0.56229606709306312
  0.57133412638894998  0.58011724464350811  0.58899271765409500  0.59725224668453525
  0.60590650900160670  0.61568024673385335  0.62645487484328655  0.63729595225370328
  0.64679301508370723  0.65543228795320840  0.66410767928018666  0.67298320297513126
  0.68225576707868918  0.69177396965284554  0.70138710531724491  0.71233192708142612
  0.72409078541209926  0.73547433498654169  0.74662501306159290  0.75827836494256995
  0.77030757582963572  0.78249555918096181  0.79425423049546029  0.80458241646297368
  0.81416853036147752  0.82439603791446914  0.83604925495890248  0.84819013347789651
  0.86011523049177330  0.87227664843388053  0.88504147902678543  0.89805644816522390
  0.91112425347852677  0.93070414670617374  0.95594141016114809  1.00000000000000000
 -0.01802829090144116  0.10837274659837021  0.14273564847237580  0.16379105264647631
  0.17771937120952597  0.18939335058531429  0.20002109003721438  0.21113640777873002
  0.22126575034348106  0.23102088236758456  0.24014683959767816  0.24902144855846337
  0.25649437294408439  0.26502753844437499  0.27304993960291618  0.28149124996026303
  0.28978223945808540  0.29888208394669791  0.30860126178563435  0.31854739634306034
  0.32860200225670588  0.33798718661270988  0.34647103010781444  0.35492306629013493
  0.36388668779216837  0.37271471698052422  0.38102834346158532  0.38939915016065368
  0.39704989718198408  0.40436304367420439  0.41169074081651541  0.41788644436714106
  0.42260038098372354  0.42651515243018778  0.43041218564758915  0.43424777157245031
  0.43817311253917507  0.44266942322082509  0.44746936145348454  0.45259670471037777
  0.45768219408186517  0.46317513252504239  0.46900425541046553  0.47457588022252689
  0.48040017571032773  0.48651695831705555  0.49266985393446727  0.49913266459137323
  0.50632134738553503  0.51413978841374930  0.52181608399812485  0.52946389485727496
  0.53645210556935041  0.54266454364918926  0.54935338235243103  0.55597410319666984
  0.56230659517311421  0.56829354643193197  0.57410731987969887  0.58008446828131610
  0.58556796300075797  0.59107168584982783  0.59669505166130499  0.60228263367708412
  0.60780420456621864  0.61328528532421966  0.61903883254936753  0.62519007846368135
  0.63140725784527996  0.63757865899817912  0.64393582218899792  0.65125954742709435
  0.65765983463191013  0.66398258208693450  0.67034608029822262  0.67697004610554301
  0.68497009024559496  0.69251824841503196  0.69907113149571098  0.70491087856787715
  0.71125885392128962  0.71829765483879193  0.72680046605664839  0.73511651419346102
  0.74277847993479074  0.75004223974630413  0.75934483613646597  0.77016670346274330
  0.78427395466979943  0.79746494747163343  0.81053792656971790  0.82367029106600531
  0.83968637780615918  0.86157820783686112  0.89616993091196695  1.00000000000000000
   4.7883713515743460E-005  -1.0000000000000000     
 F F F F F F F F F F F F F F F F F F F F F F F F F F F F F F F F F F F F F F F F F F F F F F F F F F F F F F F F F F F F F F F F F F F F F F F F F F F F F F F F F F F F F F F F F F F F F F F F F F F F F F F F F F F F F F F F F F F F F F F F F F F F F F F F
  <DiscreteSampler_grid>
  grouped_processes
  1 # 1 for a reference and 2 for a running grid.
  10 # Attribute 'min_bin_probing_points' of the grid.
  1 # Attribute 'grid_mode' of the grid. 1=='default',2=='initialization'
  0.0000000000000000 # Attribute 'small_contrib_threshold' of the grid.
  0.5000000000000000 # Attribute 'damping_power' of the grid.
 # binID   n_entries weight   weight_sqr   abs_weight
    13   10   3.670873007356324E-002   3.902017824149196E-003   3.670873007356324E-002
    16   10   1.371961307681335E-001   5.380696829218951E-002   1.371961307681335E-001
    22   10   3.187999882976175E-002   3.329713799754690E-003   3.187999882976175E-002
    25   10   1.539817701089676E-001   7.252464007908499E-002   1.539817701089676E-001
    31   10   3.670873007356323E-002   3.902017824149194E-003   3.670873007356323E-002
    40   10   3.187999882976175E-002   3.329713799754691E-003   3.187999882976175E-002
    49   10   3.670873007356324E-002   3.902017824149195E-003   3.670873007356324E-002
    58   10   3.187999882976175E-002   3.329713799754691E-003   3.187999882976175E-002
    67   10   3.670873007356323E-002   3.902017824149194E-003   3.670873007356323E-002
    70   10   1.371961307681335E-001   5.380696829218947E-002   1.371961307681335E-001
    76   10   3.187999882976175E-002   3.329713799754691E-003   3.187999882976175E-002
    79   10   1.539817701089676E-001   7.252464007908499E-002   1.539817701089676E-001
  </DiscreteSampler_grid>
