 -0.00246563282396137  0.00952897549483706  0.01969682201780904  0.03021878781300707
  0.04077296873837397  0.05132253977969654  0.06186999238829619  0.07241642262950738
  0.08296523887437637  0.09349847228743592  0.10403083847833587  0.11455832347174842
  0.12510167123269006  0.13564121300058588  0.14618506643459273  0.15672947092367767
  0.16727511203110479  0.17781021803268152  0.18834458928383818  0.19888096718365603
  0.20942107215172820  0.21995663214279862  0.23048988509122889  0.24102765097418913
  0.25156204667354326  0.26209725737564860  0.27263681592349731  0.28317757140198735
  0.29371973606155061  0.30425445549233748  0.31479659254614639  0.32533453480166746
  0.33587589362773074  0.34641922617259757  0.35696038879090769  0.36750327045281239
  0.37804231003135036  0.38858860596499506  0.39913604969727456  0.40968392500613487
  0.42022882338829803  0.43076036417592212  0.44129462280610904  0.45183184006354987
  0.46237915115355566  0.47292502386845675  0.48347227006046456  0.49402291661167558
  0.50457299849881554  0.51512220896437833  0.52567188845642288  0.53621798582819846
  0.54676090362096474  0.55729583634511992  0.56783208743804359  0.57836739857961583
  0.58891074934699850  0.59945798043648579  0.61001087043386293  0.62056186819071990
  0.63110630083918051  0.64164691937737228  0.65218747355813289  0.66272755185758114
  0.67326781771153410  0.68380435381129800  0.69434856938683842  0.70489279127360405
  0.71544224836241421  0.72599040128568482  0.73653738683221470  0.74708013452078437
  0.75761996099198925  0.76816241868802659  0.77870153127136787  0.78923298033868095
  0.79976637026608322  0.81029814300323788  0.82084082857521579  0.83137610320711086
  0.84191791019016482  0.85246106051326620  0.86299974415202785  0.87354088514505723
  0.88407359586526935  0.89461365323393494  0.90515306712256838  0.91569524429829530
  0.92623862149081393  0.93678137149989160  0.94732687466140442  0.95787937199926476
  0.96841892508584881  0.97895623204115678  0.98948108506533317  1.00000000000000000
 -0.00247987082751102  0.00960111588635217  0.01979035971350647  0.03032161951866146
  0.04086430629217998  0.05139725942576770  0.06192655315550619  0.07246095832283335
  0.08300424979449560  0.09354748780236401  0.10409141266398726  0.11463139408631517
  0.12516839241793645  0.13569994763856569  0.14622569457741078  0.15675231211953092
  0.16728546465483257  0.17782034253689527  0.18836032634404404  0.19889286508716866
  0.20942980340586539  0.21996871267840284  0.23051311735672120  0.24105876739408627
  0.25160179040277308  0.26214804153933791  0.27269583706771527  0.28324579172970310
  0.29379811100960146  0.30434053689034513  0.31488299252583024  0.32541774404035750
  0.33595442220389443  0.34648335022236698  0.35701177870827761  0.36754615210746522
  0.37807938307474909  0.38861908102360826  0.39916088010728989  0.40970953970770152
  0.42025911136679728  0.43080937619952531  0.44135449550983769  0.45189465470400592
  0.46243441594028245  0.47298030308938904  0.48352165711598821  0.49406390672436495
  0.50460480056598156  0.51515377708240950  0.52570229592950579  0.53625123889621640
  0.54680188058925905  0.55734969931617617  0.56789935287473292  0.57844879591524501
  0.58900212539266505  0.59954085041281635  0.61007219705729065  0.62059434972036498
  0.63112980937714824  0.64166670374857360  0.65221244792447353  0.66275125361016352
  0.67327596968775827  0.68379478112934122  0.69432000452472908  0.70486254314353836
  0.71540949423497791  0.72595490362673309  0.73650322410904534  0.74704992106899870
  0.75759981382556241  0.76814967360694320  0.77869957810819002  0.78925090413593091
  0.79979093462631712  0.81033500619723675  0.82086520186858147  0.83140770631447247
  0.84194439113834163  0.85249462857292679  0.86303383004453760  0.87357504403764208
  0.88411563508168989  0.89466019311993694  0.90519055401389570  0.91571503165297341
  0.92623999006558488  0.93677374764502486  0.94731413825952293  0.95784614136510826
  0.96838311538093602  0.97891810743182739  0.98946008435732269  1.00000000000000000
   2.5645820346160924E-008  -1.0000000000000000     
 F F F F F F F F
  <DiscreteSampler_grid>
  grouped_processes
  1 # 1 for a reference and 2 for a running grid.
  10 # Attribute 'min_bin_probing_points' of the grid.
  1 # Attribute 'grid_mode' of the grid. 1=='default',2=='initialization'
  0.0000000000000000 # Attribute 'small_contrib_threshold' of the grid.
  0.5000000000000000 # Attribute 'damping_power' of the grid.
 # binID   n_entries weight   weight_sqr   abs_weight
    10   10   1.322623097372507E+010   1.749331857703243E+020   1.322623097372507E+010
  </DiscreteSampler_grid>
