  0.00000044127252781  0.00000048358054146  0.00000052136819954  0.00000055257205101
  0.00000057894479083  0.00000060215442495  0.00000062388326630  0.00000064224813919
  0.00000065769903417  0.00000067404542675  0.00000069161973831  0.00000071027535827
  0.00000072879808953  0.00000074663392857  0.00000076513975318  0.00000078502630015
  0.00000080507119267  0.00000082538247739  0.00000084534854148  0.00000086324630021
  0.00000088058096621  0.00000090090603097  0.00000092643376349  0.00000095543565912
  0.00000098689791632  0.00000101957339047  0.00000105264823371  0.00000108754275357
  0.00000112260798878  0.00000115742442626  0.00000119130394745  0.00000122468107272
  0.00000126302825815  0.00000131096076213  0.00000136053285376  0.00000141404587329
  0.00000147181500707  0.00000152844738971  0.00000159313515155  0.00000166093004426
  0.00000172929604298  0.00000180153713156  0.00000188099004144  0.00000195364255137
  0.00000202796472713  0.00000210924356202  0.00000220522483448  0.00000230342458728
  0.00000240635631695  0.00000251684253324  0.00000263639950625  0.00000276299749514
  0.00000290566940375  0.00000307375800538  0.00000326069545317  0.00000341724923719
  0.00000352274321984  0.00000362894972360  0.00000373748587172  0.00000385442135122
  0.00000397047642076  0.00000409405299874  0.00000437497184103  0.00000466452146790
  0.00000493126117540  0.00000521791820670  0.00000551015374298  0.00000590142965358
  0.00000636334002696  0.00000687368078794  0.00000742874573553  0.00000804509209240
  0.00000879012693813  0.00000973892362406  0.00001087243404190  0.00001180727741400
  0.00001279201832101  0.00001383667196424  0.00001493311166861  0.00001626120764722
  0.00001814958592825  0.00002027471869463  0.00002313532659919  0.00002696447755242
  0.00003061684076263  0.00003506011879978  0.00003979599208955  0.00004663634240142
  0.00005769768790789  0.00007429929068240  0.00009803934225237  0.00013778539146319
  0.00020826309394254  0.00049245356853947  0.04757646839770186  1.00000000000000000
  0.00000059617697163  0.00000215084577269  0.00000352145816588  0.00000491828147830
  0.00000609358119202  0.00000734201836422  0.00000900133968098  0.00001090292546047
  0.00001235995209624  0.00001372863182176  0.00001514755085560  0.00001655968931665
  0.00001801235953299  0.00001974360716338  0.00002185185844215  0.00002393808730037
  0.00002595956519933  0.00002788577524096  0.00002924001429153  0.00003050449221268
  0.00003200639291352  0.00003353857605315  0.00003505986211842  0.00003652498465210
  0.00003879100929305  0.00004095037554806  0.00004319886212566  0.00004541426950485
  0.00004744765315332  0.00004953457950626  0.00005153718616398  0.00005350191250898
  0.00005571687226004  0.00005817218298414  0.00006054632715001  0.00006287756108355
  0.00006541828098741  0.00006787588768380  0.00007024812241063  0.00007268437561441
  0.00007550869847720  0.00007874492733965  0.00008222993815269  0.00008611880625154
  0.00009083150023267  0.00009599805375433  0.00010100166543471  0.00010584401099405
  0.00011057580875654  0.00011529972577957  0.00012044468295088  0.00012627494493758
  0.00013307715148689  0.00014017880418107  0.00014712065207760  0.00015402701353584
  0.00016122119921112  0.00016833292071882  0.00017742559740301  0.00018688867006979
  0.00019688146359539  0.00020650347266411  0.00021535728440988  0.00022390221152470
  0.00023264518139123  0.00024324309660049  0.00025683230266955  0.00027347107707034
  0.00029116947586312  0.00030823829919852  0.00032307593450635  0.00033894544176288
  0.00035773058862403  0.00037855885448202  0.00040215303866476  0.00043146127089215
  0.00047057312294982  0.00051870333689371  0.00057186723587459  0.00062373914124265
  0.00066910065957593  0.00072482326536527  0.00079310562896985  0.00089577463382916
  0.00104569018746401  0.00122979294609882  0.00141082182950285  0.00166357010150520
  0.00196280087947373  0.00219178201497012  0.00245690587692346  0.00275200990401314
  0.00312039507059212  0.00460510188862198  0.15392113670455521  1.00000000000000000
 -0.00002352869598647  0.00115176450327901  0.00442861855998940  0.00870945961368114
  0.01413075420869282  0.02076872550396603  0.02715249301157768  0.03462619289234113
  0.04325975173775157  0.05275397103099658  0.06240874533011411  0.07122843997455774
  0.07889812042816562  0.08704971540866541  0.09568742344964365  0.10751639468188269
  0.11946589512395440  0.13169618170651931  0.14278649020092091  0.14973396708017048
  0.15532454986588609  0.16093741264561931  0.16694269485254534  0.17312711658956226
  0.18289701709838763  0.19628197075870438  0.20975390819404829  0.22255850988714321
  0.23497704981629650  0.24415875041417393  0.25448261684450096  0.26545280184373904
  0.27703992091935059  0.28837095353627151  0.29907646328827708  0.30967816652913943
  0.32031572064100150  0.33225252244487208  0.34560818112593589  0.35950397694928005
  0.37271553668319163  0.38568029852250146  0.39867709547348307  0.41206377811582129
  0.42528271785691091  0.43780714692146411  0.44785051470252679  0.45648792428958584
  0.46494462941810188  0.47360237910099695  0.48373666779245666  0.49491447416167389
  0.50590652398645131  0.51567814823094849  0.52517987993401094  0.53439177506840596
  0.54373656985551422  0.55359880963947827  0.56391031641060774  0.57451559556023069
  0.58434415364961412  0.59307949462849296  0.60230488205632871  0.61083924126853517
  0.62008582290105374  0.63047715792395032  0.64223024357430158  0.65529963935282332
  0.66834324023819514  0.67999124935652355  0.68999745696950510  0.69946083225514588
  0.70882024918833209  0.71878349724164603  0.73006820744309986  0.74149736575729308
  0.75364619913015041  0.76612841098160545  0.77960586981470548  0.79365594288321684
  0.80607885463788675  0.81713742264782463  0.82816685981462779  0.83827421449622841
  0.84822934930359972  0.85983326825806650  0.87290802139630530  0.88618839985468190
  0.89890630576376485  0.91206771796745489  0.92563505614676411  0.93928576140183784
  0.95397942229451427  0.96898398074191172  0.98408826956165152  1.00000000000000000
 -0.00175964840237596  0.00839394461646863  0.01728598986307103  0.02552490048910520
  0.03343331674820965  0.04118877231762085  0.04903095271002682  0.05753563472414731
  0.06734905922074465  0.08047057938726034  0.09352177600597487  0.10549577263211166
  0.11876310106426985  0.13214136776746330  0.14597668660128527  0.16003240813652478
  0.17357112120243226  0.18597788418526492  0.19830316550843774  0.20906623989486514
  0.21790087830422761  0.22887176450040803  0.24069107094276157  0.24813663096244098
  0.25417589135960850  0.26019295260009795  0.26614083459450161  0.27258775321779655
  0.27841669683717274  0.29164153133626119  0.30483173944168029  0.31702169457973634
  0.32868502559599089  0.33793471622501026  0.34655659925992505  0.35362190555073414
  0.36088463037513652  0.36762454371905551  0.37535852451996221  0.38427036331436970
  0.39429424965267457  0.40362441799458915  0.41311262997089965  0.42460713017845819
  0.43684873415100373  0.44874268706611825  0.45593612143467865  0.46311552399964839
  0.47023722544162394  0.47848507318439415  0.48980968743813241  0.50078683348228881
  0.51313412293970673  0.52503876890361056  0.53582268712906689  0.54574595607862331
  0.55523207469846980  0.56427761312282598  0.57340731481794549  0.58194099141394440
  0.59245645853238105  0.60375732509582192  0.61507841404050456  0.62762797034086004
  0.64032607179757040  0.65266126407517444  0.66319356115096206  0.67265649484683399
  0.68199356279764534  0.69126629582262944  0.70057633216749848  0.71044794141519241
  0.72037668813935507  0.73043515572628137  0.74016671941541734  0.74930934901838220
  0.75815787849942162  0.76771415433398948  0.77889303769351881  0.79132127619338277
  0.80488548268408877  0.81952397892885187  0.83464844882383249  0.84887408386998175
  0.86062520640974272  0.87204137451541242  0.88355910202489374  0.89507567422850709
  0.90856987413488410  0.92532763138148699  0.94174493435062900  0.95509854789580828
  0.96758003143630822  0.97942964369884322  0.98989189878143424  1.00000000000000000
 -0.00468528357350684  0.02164010853923921  0.03423027460865835  0.04630865873037839
  0.05789503451322921  0.06824320603819954  0.07870933938942806  0.08757473958658699
  0.09647637844990169  0.10651485209615988  0.11685245900702759  0.12582188295276259
  0.13384500827498461  0.14092577903013925  0.14878119098840362  0.15805803339851052
  0.16867467036251124  0.18226337694382311  0.19513695090568020  0.20847092492233041
  0.21985723033484908  0.23021853451795668  0.23931795028031039  0.24759518063505040
  0.25548434936952202  0.26328618871023379  0.27059167569810977  0.27774179096282520
  0.28573969842236874  0.29577845463265529  0.30638176713710819  0.31730719474262270
  0.32870429576723287  0.34102045829940947  0.35410801862553093  0.36874854600916152
  0.37899492593098971  0.38787556762665421  0.39455198075631831  0.39902290085323699
  0.40377475376206001  0.40840723607547796  0.41279209530704281  0.41971655572919475
  0.42854487118455542  0.43700532237874490  0.44524018536255910  0.45410407533823077
  0.46378844282444937  0.47276524612064880  0.48123219569173142  0.49156125038048509
  0.50177654062891430  0.51130380272002274  0.52102083396931098  0.53097763909120232
  0.54113945751606995  0.55232806372601684  0.56419034142652447  0.57647345133452288
  0.58958565991910461  0.60292118849601029  0.61349828445013077  0.62375653325372593
  0.63437728591057940  0.64441172609117159  0.65214896036180048  0.66012176308817749
  0.66852065400327376  0.67711610745258088  0.68558339373690436  0.69373178098807076
  0.70175337406402272  0.71115879888889766  0.72414363117980074  0.74017979064147821
  0.75446853109342304  0.77177514850425100  0.78576818997880393  0.79815071394347759
  0.81023645469848138  0.82205887393259169  0.83370901644514805  0.84676676898080150
  0.85971229851467779  0.87122609839104403  0.88022480267728098  0.88901609577176544
  0.89862781559448823  0.90935556139433815  0.92160655852662277  0.93448590529554021
  0.94724867238080024  0.96195274900816019  0.98032458633357655  1.00000000000000000
 -0.00368980512305636  0.01200547045191784  0.02292881213365619  0.03299725698452188
  0.04339858744489172  0.05401842703219632  0.06429265197228161  0.07388306249987082
  0.08390195883970651  0.09471011958058527  0.10688015419800165  0.11733600829376419
  0.12761557478992810  0.13809584283834725  0.14918646867082577  0.16000147179973623
  0.17253803564448297  0.18633082540175322  0.19887734720550290  0.21119111427972775
  0.22273237827369299  0.23452895418331876  0.24727821208619813  0.26028137055837763
  0.27265618299970645  0.28256323969087449  0.29347731879793898  0.30379438381376433
  0.31204686828932798  0.31889337254700134  0.32643929893306517  0.33368226210615709
  0.34222665400578356  0.35092458794440767  0.35994388189809562  0.36833203438797157
  0.37838086314342845  0.39176296073259265  0.40022380550643166  0.40741708300569729
  0.41638890542579809  0.42647735380834267  0.43677508904340295  0.44676978386708044
  0.45667357061823149  0.46833092307253421  0.48090221897170665  0.49319287327319533
  0.50440241691489096  0.51611322352432998  0.52770555569450706  0.53859975064228494
  0.54767577048304028  0.55651911964784317  0.56552803525823225  0.57591410667183152
  0.58319501833826715  0.58971891413984889  0.59634420907353680  0.60300796601751339
  0.61008007010681087  0.61682415978653138  0.62561665425223612  0.63381281806659573
  0.64197386653740784  0.65131327069762035  0.66145994048923329  0.67166490223257536
  0.68265973184647477  0.69643165429156040  0.71221095842541460  0.72572575028698616
  0.73716571369399952  0.74764615573852033  0.75805974044243229  0.76905003048344345
  0.78033755534130389  0.79533082110712261  0.81187021283296068  0.82730908913591483
  0.84032008136835301  0.85094083251125241  0.86058616540012212  0.86950945725156437
  0.87813879030247599  0.88870070821527314  0.89934401668151698  0.90943782454589184
  0.91888795045992755  0.92817353618542542  0.93887565582747179  0.95109318128684950
  0.96437478071759630  0.97697619630253085  0.98905856167540807  1.00000000000000000
 -0.00028781458855234  0.02767684305933582  0.03874324279308128  0.04675178462760606
  0.05385496231607152  0.06272179511643003  0.07327608724833354  0.08609864938082099
  0.10105489707697071  0.11574378806236035  0.12982402759131154  0.14149018605322905
  0.15242614435429758  0.16315484044501180  0.17305738973863372  0.18096903192288530
  0.18848388958160561  0.19637441231121497  0.20472243438779780  0.21365563170816468
  0.22450711142519519  0.23662187616872610  0.24914805353152200  0.26124979533180176
  0.27304897624160079  0.28478413200782998  0.29647308644964732  0.30776593626457155
  0.31870445605566378  0.33006553178413417  0.34212340909720257  0.35340263552991952
  0.36296986543871684  0.37179363639091700  0.38112487649854082  0.39089290154964301
  0.40138760519745992  0.41256647343361663  0.42254081024263201  0.43181299659203376
  0.44112329453131088  0.45043512944339498  0.45877080318381452  0.46666080771332780
  0.47782536904216172  0.49099247105065796  0.50414152802577805  0.51697042703394813
  0.52936249948782577  0.54166486263982172  0.55142736474816489  0.56145698469858918
  0.57158598720944886  0.58018140751368874  0.58771441467653907  0.59606751858765350
  0.60413090362510469  0.61191368278625613  0.62020809601553017  0.62951316965291848
  0.63887631503889020  0.64775916666422406  0.65527061889521310  0.66299992504417993
  0.67119949011772218  0.67869717789519957  0.68578689318542052  0.69290827377546638
  0.70029231335140452  0.70825560216268579  0.71958401489682955  0.73095538298385621
  0.74093406079323088  0.75108188713606350  0.75940227129138249  0.76645192988122079
  0.77290962214830239  0.78055235600833617  0.78853703863304081  0.79912023010054134
  0.81211168725418270  0.82424130903996351  0.83541972925789298  0.84577089546530992
  0.85528307566642203  0.86397889995057076  0.87272597311701239  0.88153693968086577
  0.89097895381162406  0.90174890843403566  0.91272673177498898  0.92342425612211299
  0.93408958847517198  0.94939424243563075  0.97179795643397027  1.00000000000000000
 -0.00270213570719366  0.01042728740622850  0.02209363001907789  0.03328250101407348
  0.04451867649015265  0.05431925461079195  0.06366455139846722  0.07330560401614927
  0.08368135850788547  0.09528483284477278  0.10551338549976014  0.11382503942352447
  0.12050012024135349  0.12742923280243651  0.13580216944988796  0.14693399534287011
  0.15846259289972722  0.16985980247488111  0.18229676504036460  0.19730984543050337
  0.21051148857844929  0.21772224664200629  0.22559037761442322  0.23327544843114473
  0.24064559589560502  0.24718933222272196  0.25447648996978367  0.26377177654673284
  0.27412757885254319  0.28599364528058213  0.29951045959076500  0.31222830369892512
  0.32274344826521989  0.33225841538919432  0.34107379136548083  0.35007477247635221
  0.35905111353491687  0.36782507931824893  0.37668637167176783  0.38521011533300908
  0.39304980984324689  0.40160476598956563  0.41110420006720477  0.42071208249803899
  0.42991754843083252  0.43904743485505693  0.45405751742724082  0.46943684631278831
  0.48693612728506330  0.50294958892005837  0.51614721553926790  0.52943723672624621
  0.54299519749762681  0.55672101760814752  0.56945197293258787  0.57907872256609505
  0.58756705627880546  0.59627446759586888  0.60526265166199855  0.61622378331704086
  0.62535173134654043  0.63153020998558751  0.63832821909092063  0.64502731050816531
  0.65019005471447933  0.65491355367410897  0.66312433951834560  0.67158124404789832
  0.68113077220781693  0.69132203958820182  0.70190799520748703  0.71348454240338377
  0.72698676396085382  0.74143464800294767  0.75557405388508425  0.76998682750743130
  0.78216614433577947  0.79390376766738469  0.80542196231203600  0.81868376788220643
  0.82685249305947006  0.83715488178198327  0.84878212083688098  0.86137817700161112
  0.87469863952737725  0.88801017499611257  0.90093976931863062  0.91309770215024810
  0.92434277733945192  0.93558099787904292  0.94673844353021064  0.95734988286547507
  0.96858078079466825  0.97908257093176443  0.98958397353530136  1.00000000000000000
  0.23866603646033288  0.24240412705040906  0.24556487280417666  0.24880286126073403
  0.25207047604376598  0.25534922844467406  0.25873866060467759  0.26212343482157441
  0.26568678634408288  0.26923782481208697  0.27284139796820794  0.27628846561052722
  0.27811440314058239  0.27990048978438659  0.28169511902410843  0.28350458676125700
  0.28503982648583381  0.28987890545106959  0.29466265950684112  0.29785899800172566
  0.30104196341961614  0.30397439014311545  0.30686296986230072  0.30990989094147475
  0.31329119369521086  0.31721747006797379  0.32192534776115661  0.32744763118871606
  0.33180369700339102  0.33556736716879254  0.33988121684298395  0.34552262372102077
  0.34979132295528054  0.35385486033170144  0.36008371525460042  0.36909945312830095
  0.37739368485988162  0.38416104225143932  0.38983610830387766  0.39527613631036956
  0.40057848407769803  0.40593449719199670  0.41140685408953609  0.41656994593247088
  0.42099343849551707  0.42522919136758131  0.42957026402943904  0.43412987264103847
  0.43986906547762927  0.44656142588327852  0.45284997282880601  0.45922273445624323
  0.46645190847928530  0.47399628537653260  0.48055919368051325  0.48655002716784823
  0.49277446905306499  0.49896040512323686  0.50526975085104320  0.51152741713162198
  0.51771664986843469  0.52401026202682877  0.53042102559812321  0.53726122205846194
  0.54567004488586035  0.55546190058179312  0.56495376393967212  0.57401291954482170
  0.58273149691698700  0.59229659374259724  0.60150274585781904  0.61086571635964393
  0.62020038751239626  0.62969701437772641  0.63999275117751064  0.65099608449779434
  0.66157683720427396  0.67229041737637030  0.68287756498727881  0.69315519908646650
  0.70555357898674220  0.72132804857487853  0.73569730273795220  0.74801380236402215
  0.75999591830859925  0.77181990194369232  0.78459987655798080  0.79997900993182269
  0.81745763365005641  0.83559564834337863  0.85543430403399956  0.87966965056085644
  0.90232013329090821  0.92356585106931699  0.95044514794205048  1.00000000000000000
 -0.03197088226314165  0.15808066326793496  0.20545638507061845  0.23493272267751664
  0.25675416025401160  0.27533579322365481  0.29701629651159978  0.31849330791232977
  0.34301041159917356  0.36159411482807435  0.37720356480646972  0.39008382592581570
  0.39803246801846653  0.40672142824505930  0.41551254868398502  0.42479276062422344
  0.43642910099491278  0.44661610059907592  0.45683961486349911  0.46404584800303472
  0.47090535887401658  0.47737629406306320  0.48396635441697999  0.49068292651156048
  0.49769919280479991  0.50483240256768580  0.51187498771086837  0.51922994095153263
  0.52661667757322117  0.53320752894665391  0.53939593199891900  0.54520399471077763
  0.54828675576100605  0.55116307803061970  0.55415759951675159  0.55724453305049104
  0.56040340315225057  0.56341555024156953  0.56775864762399553  0.57183610533087348
  0.57661113265759756  0.58246092358879820  0.58993593158949098  0.59742945576662687
  0.60392171262370520  0.60990213897632395  0.61574704098392941  0.62171196620170244
  0.62776914005409945  0.63405257512273749  0.64053439810123802  0.64728362815710994
  0.65438658714691100  0.66158279267571030  0.66834076094947603  0.67535074909292692
  0.68170070284075834  0.68766147204785955  0.69329306521770295  0.69846049183788494
  0.70347377485117113  0.70886408310545967  0.71270730785679703  0.71679135094413848
  0.72086137843245912  0.72498739625407260  0.72928464380656544  0.73418268004239862
  0.73855379575458191  0.74256201618370621  0.74668606932163728  0.75073043067363621
  0.75474891104625774  0.75857925132475645  0.76247866397257891  0.76688387611843090
  0.77223149218951037  0.77810536234722971  0.78367494407469718  0.78912070650718169
  0.79445487157359596  0.80049272076687150  0.80665561856401513  0.81317470744329512
  0.82017281327465552  0.82685268921590405  0.83345002838853821  0.84066796425792045
  0.84861727255339026  0.85754256999487710  0.86724103636039240  0.87817326659834416
  0.89130735007195394  0.90652615470762543  0.93233254958025980  1.00000000000000000
   2.1187913324620962E-005  -1.0000000000000000     
 F F F F F F F F F F F F F F F F F F F F F F F F F F F F F F F F F F F F F F F F F F F F F F F F F F F F F F F F F F F F F F F F F F F F F F F F F F F F F F F F F F F F F F F F F F F F F F F F F F F F F F F F F F F F F F F F F F F F F F F F F F F F F F F F
  <DiscreteSampler_grid>
  grouped_processes
  1 # 1 for a reference and 2 for a running grid.
  10 # Attribute 'min_bin_probing_points' of the grid.
  1 # Attribute 'grid_mode' of the grid. 1=='default',2=='initialization'
  0.0000000000000000 # Attribute 'small_contrib_threshold' of the grid.
  0.5000000000000000 # Attribute 'damping_power' of the grid.
 # binID   n_entries weight   weight_sqr   abs_weight
    31   10   6.849262029752439E+002   3.859044540391845E+006   6.849262029752439E+002
    32   10   6.849262029752442E+002   3.859044540391849E+006   6.849262029752442E+002
    40   10   4.158499793360560E+002   1.381705765713022E+006   4.158499793360560E+002
    41   10   4.158499793360562E+002   1.381705765713023E+006   4.158499793360562E+002
    55   10   6.650758570573253E+002   3.661178626590943E+006   6.650758570573253E+002
    56   10   6.650758570573258E+002   3.661178626590950E+006   6.650758570573258E+002
    64   10   5.106916352785685E+002   2.257653260223414E+006   5.106916352785685E+002
    65   10   5.106916352785687E+002   2.257653260223416E+006   5.106916352785687E+002
  </DiscreteSampler_grid>
