  0.00000590509724377  0.00000628472886407  0.00000652586969112  0.00000679496875183
  0.00000709043465085  0.00000745699523561  0.00000784232764043  0.00000825565426867
  0.00000875724517290  0.00000929519400838  0.00000982941030033  0.00001038105363186
  0.00001090610511836  0.00001145395545268  0.00001205221857571  0.00001266885888482
  0.00001331036605563  0.00001397827066620  0.00001467344469206  0.00001538907171619
  0.00001618665544270  0.00001712090754133  0.00001810269713671  0.00001905422916744
  0.00001994730507182  0.00002079730379693  0.00002164891131880  0.00002256384405858
  0.00002353223036628  0.00002453648702582  0.00002554902984365  0.00002662280658288
  0.00002776426628216  0.00002897083122026  0.00003024530463365  0.00003156614415568
  0.00003291500965687  0.00003435792355433  0.00003590170171773  0.00003742456179934
  0.00003893781081327  0.00004087042341320  0.00004294649217788  0.00004526235197380
  0.00004761915664906  0.00004969941979145  0.00005186855335450  0.00005410010143358
  0.00005647707385547  0.00005914397846840  0.00006217955295374  0.00006561395484079
  0.00006939808065442  0.00007345208853020  0.00007803270727439  0.00008264713833028
  0.00008768181227941  0.00009270420321413  0.00009747230525984  0.00010242557345423
  0.00010804610094728  0.00011424146507748  0.00012039780530474  0.00012679139087601
  0.00013326681740157  0.00013978669745869  0.00014779124230918  0.00015745717309235
  0.00016738582257955  0.00017769107711196  0.00018846488591046  0.00020137753720841
  0.00021604650978831  0.00023335012969563  0.00025296069191251  0.00027644004359768
  0.00030304776583249  0.00033290241690665  0.00036968999354461  0.00041444561564169
  0.00046754165289206  0.00053228452446681  0.00060988472989954  0.00069991811442822
  0.00080965439530682  0.00096450956075800  0.00118040369367143  0.00145833640822612
  0.00183897911569451  0.00242370363187394  0.00326718313873141  0.00443958696621444
  0.00654844631056523  0.01121821104769742  0.17959322228582125  1.00000000000000000
  0.00000043402502523  0.00000051253161321  0.00000058508309926  0.00000066050776402
  0.00000073441899817  0.00000081589649743  0.00000090279590574  0.00000098769467025
  0.00000108273372980  0.00000119796611618  0.00000132120557322  0.00000145435847054
  0.00000160419327329  0.00000177189851789  0.00000194862087865  0.00000213800196244
  0.00000234656686357  0.00000257252892971  0.00000281829746795  0.00000308801315349
  0.00000339496792741  0.00000373190666705  0.00000407101051302  0.00000443558330108
  0.00000484753740888  0.00000531612388926  0.00000584264787464  0.00000640004967583
  0.00000702174773717  0.00000778564852201  0.00000863497751477  0.00000954102390532
  0.00001056569161854  0.00001167934012042  0.00001300141509272  0.00001445161967498
  0.00001600663516952  0.00001783754361161  0.00001998762345548  0.00002241440576708
  0.00002515756598496  0.00002815103264211  0.00003145416460159  0.00003535562375469
  0.00003999058931718  0.00004529453762607  0.00005114020560761  0.00005769141955086
  0.00006465949877853  0.00007148589199015  0.00007813942667135  0.00008508503131699
  0.00009317245736607  0.00010235831534025  0.00011572060268793  0.00012876353169957
  0.00014235461107922  0.00015705453608619  0.00017353996077551  0.00019148495071675
  0.00021168256247501  0.00023388483244140  0.00025704352269469  0.00028273232084241
  0.00031328769522292  0.00034530352924261  0.00038087919584796  0.00042394606664320
  0.00047717291431671  0.00053379003905848  0.00059140997234055  0.00065527045901884
  0.00073040770798098  0.00082541549199422  0.00095388016674407  0.00107452641954633
  0.00121547973271006  0.00135208513261693  0.00150079073060861  0.00167551550308486
  0.00189009543408638  0.00216272565122491  0.00247888654255083  0.00281605441624050
  0.00318976127213718  0.00362196838661050  0.00424903489557748  0.00491268316620157
  0.00563190658870004  0.00649458122023360  0.00753180409322227  0.00952087294267434
  0.01337230421553736  0.01752860282737073  0.04469163182918201  1.00000000000000000
  0.00000024144817490  0.00000037584196494  0.00000056586044252  0.00000069235440288
  0.00000086622572231  0.00000112145957070  0.00000145548397028  0.00000181880996363
  0.00000222450114325  0.00000273170511492  0.00000336998419714  0.00000419693103558
  0.00000536927883467  0.00000686723138346  0.00000871978473699  0.00001114480690519
  0.00001417881864196  0.00001808478408137  0.00002321301110325  0.00002916688682778
  0.00003542608709504  0.00004259972934502  0.00005096860078745  0.00006027592609714
  0.00007019341389949  0.00008125652842225  0.00009437584890956  0.00011039758196622
  0.00012923981566114  0.00014946097161494  0.00017066816219471  0.00019543616062771
  0.00022374823948845  0.00025413022557815  0.00028774838141719  0.00032149263983902
  0.00035580220162696  0.00038904599062495  0.00042242558044131  0.00045656456151066
  0.00049195377156345  0.00052938090903338  0.00056909961360014  0.00061376232530596
  0.00066177269842369  0.00071402463638168  0.00077100700230897  0.00083507315056039
  0.00090558035617071  0.00098128922328840  0.00106150757083971  0.00114337955999396
  0.00123098852794199  0.00132362466154610  0.00142623086706691  0.00153650448445030
  0.00164722169145107  0.00176738247090456  0.00189567392636294  0.00203110620520448
  0.00217918996085826  0.00233659509748416  0.00250092056582876  0.00267274475069014
  0.00285031016351776  0.00304555719466870  0.00327259433372930  0.00351476785425042
  0.00373231334178981  0.00395526556120360  0.00418394605998351  0.00441523757656081
  0.00465214411576045  0.00490052118581006  0.00517198340996872  0.00551173156498235
  0.00583502178210746  0.00616236405626589  0.00658052216866216  0.00709554455614640
  0.00760279320831660  0.00804855939782301  0.00847614282066062  0.00896905420643162
  0.00954389376256917  0.01023942406026374  0.01145189984120282  0.01295394827186455
  0.01524947322993385  0.01796419960170095  0.02121380009600780  0.02460155467983660
  0.02838775703614040  0.03237006420241927  0.43971794554296695  1.00000000000000000
 -0.00152735623047224  0.00689214428661042  0.01402949632918754  0.02119309608249868
  0.02891286015628975  0.03677228170693003  0.04597162663893654  0.05543792739884424
  0.06530673881914573  0.07662521997829326  0.08889761507523671  0.10076540223592070
  0.11110907456156804  0.12048575144957129  0.13007142300394722  0.14038026840338205
  0.15104126392081299  0.16175503328109980  0.17212957223405512  0.18249840055339828
  0.19310631246254178  0.20400351989525309  0.21482714645196754  0.22541658280416824
  0.23578366900308595  0.24634115398895548  0.25758103413498579  0.26949829441167650
  0.28129380780324137  0.29245607388613198  0.30387529067626273  0.31435691146504313
  0.32387950081586503  0.33295204421701818  0.34226898437521874  0.35199898976769028
  0.36139477581645385  0.37066814483265037  0.38048112421276303  0.39117677767996850
  0.40213109751962833  0.41305502681551320  0.42390489743540971  0.43511267687137695
  0.44691781532904135  0.45890891791946387  0.47078808601021899  0.48224433792739230
  0.49339429592597805  0.50484240317219087  0.51700364760502526  0.52987078595926906
  0.54238513048983317  0.55180726110314948  0.56053671205144717  0.56933431001653068
  0.57794625659851984  0.58697961917200647  0.59621997083608269  0.60618825740572324
  0.61708548158406018  0.62794616666006764  0.63919237495732550  0.65110312474594012
  0.66311708253205759  0.67446918932500455  0.68572983888175387  0.69727918720230464
  0.70914743775438593  0.72129423181858232  0.73348894382053109  0.74532126634860596
  0.75804694123727623  0.77008499519092899  0.78228693680363781  0.79483374872814938
  0.80771146856123299  0.81947263072461041  0.82955254403426348  0.83992457279487032
  0.84935746137121326  0.85887243968527138  0.86868666717140475  0.87846294516870027
  0.88839241235952393  0.89893363031938711  0.90957809293176972  0.92055730674476355
  0.93226964225215703  0.94410789263484907  0.95485981338786463  0.96450949685737664
  0.97392387015685966  0.98285109542969684  0.99103656861661127  1.00000000000000000
 -0.00218392755172821  0.00829255983698586  0.01875275924625811  0.02918124812830085
  0.04081987457794035  0.05136941054957128  0.06142134076545407  0.07148142195597235
  0.08091874152338695  0.09031456867778952  0.10025005730304100  0.11192609134529398
  0.12366942872303255  0.13428253917816960  0.14502872167677644  0.15613044503684106
  0.16692276658820987  0.17712599292217068  0.18761347272862994  0.19871536460739203
  0.21021816296576482  0.22181265592536670  0.23334050377652776  0.24488725516265331
  0.25656407796140834  0.26800839907547230  0.27954269590546599  0.29088748694752525
  0.30171075528710584  0.31178999730982065  0.32125497250729002  0.33082611704605214
  0.34102863403342387  0.35153312615159771  0.36180922606749438  0.37204809544008899
  0.38277250883952374  0.39403608455082301  0.40565710065308475  0.41693830941579907
  0.42796525254853940  0.43901736834039407  0.45007513867194399  0.46128562632645709
  0.47283798141966482  0.48452871655898300  0.49542399772046825  0.50628437637300272
  0.51727805970067930  0.52880358793638416  0.54032631214195492  0.55166472047478177
  0.56298184661912221  0.57432771393269166  0.58543794972668028  0.59591511575817413
  0.60599274048607066  0.61571411817978816  0.62520558050562713  0.63389687216467161
  0.64263310515941219  0.65204311217634825  0.66194823558735860  0.67106788414500318
  0.68022467879737303  0.69013738990521811  0.70035460483279044  0.71119946492991648
  0.72277038569750762  0.73469553595680703  0.74652369901078053  0.75792006080115615
  0.76916412841123116  0.78020985988183567  0.79069428557867538  0.80072131064859409
  0.81075773974224108  0.82138965542185438  0.83252942411098152  0.84400194113207261
  0.85496920665369280  0.86526058404341610  0.87499832606273675  0.88363046059468631
  0.89145013926720484  0.89923007904371588  0.90681587052007007  0.91511481940609485
  0.92533754486684139  0.93686277538964091  0.94763768953531702  0.95833944205530930
  0.96893405195017712  0.97938053414402537  0.98969935076617854  1.00000000000000000
 -0.00271133276918050  0.01202889490043779  0.02329342575181402  0.03417092807558380
  0.04490963742653058  0.05617850171583316  0.06841843516223725  0.08071070640127317
  0.09284667274185732  0.10494973983908652  0.11709722462943316  0.12997865331797995
  0.14305561212912202  0.15627402061398579  0.16842175655387065  0.18039596448762563
  0.19105479223595687  0.20082354613327172  0.21041732993428552  0.22060824745318322
  0.22984848133467950  0.23874736456210752  0.24770196702194047  0.25912199557962728
  0.27032684510981975  0.28043354501254725  0.29043501868170435  0.30159521021776459
  0.31324293737781067  0.32416687458726695  0.33514071476443108  0.34597534004463071
  0.35654875285877602  0.36683713849451555  0.37749952864082287  0.38801750093334825
  0.39831823118140613  0.40867598182074033  0.41947254251849198  0.42890752592510328
  0.43790038016171950  0.44757779809093318  0.45886816341276976  0.47071411986260592
  0.48187321196342431  0.49252457051265719  0.50155229749607178  0.51049001687619988
  0.51951190170556727  0.52941154687247938  0.53989383067069086  0.55108976203184967
  0.56287163689038333  0.57426256563127553  0.58541747239941710  0.59635971365178264
  0.60704869577658049  0.61655303340791501  0.62667887397594169  0.63739321976132235
  0.64906727611128456  0.66074838922624191  0.67258345447869261  0.68410941643466572
  0.69529222042748107  0.70575050641498926  0.71569218531877876  0.72599401663009966
  0.73533405868213564  0.74439799690750275  0.75351365320318586  0.76328145579226436
  0.77249881726154790  0.78183568826829541  0.79168440738393742  0.80223291375050065
  0.81306815883224703  0.82343429531036172  0.83310430012169501  0.84213159700035767
  0.85097230156596748  0.86000969128370353  0.86941105139206531  0.87903916413215621
  0.88935636440004551  0.89993351538371225  0.91057977754991593  0.92090092558405012
  0.93108861230849638  0.94085932039728737  0.95033451155306492  0.95945573312918631
  0.96932689196429300  0.97939694258162058  0.98964369100787308  1.00000000000000000
 -0.00257162836333734  0.01086209222196712  0.02220289318457048  0.03338615943164221
  0.04442350251196468  0.05550501015272832  0.06667458811244703  0.07799416688715843
  0.08949189141023106  0.10105749627556376  0.11187639537336586  0.12249031550921732
  0.13444113792981077  0.14625060607912033  0.15686501628114077  0.16694317353913005
  0.17823375007685890  0.18882440296088224  0.19902088566905560  0.20943802261450772
  0.21993177648118181  0.23000742311531205  0.23983183871743330  0.25025250360551715
  0.26161315176349215  0.27198811443270249  0.28096074795164949  0.28994901252110916
  0.29914578434585076  0.30849868155664684  0.31705721550114785  0.32510408837324090
  0.33263670062268552  0.34149009741469843  0.35140739672460442  0.36251349271887023
  0.37374060624374023  0.38425082108073971  0.39423968134856857  0.40439125264206910
  0.41510833474674436  0.42661127699158213  0.43899454063765175  0.45120436674279585
  0.46326180769466718  0.47448291569608092  0.48604293658149267  0.49671093673753097
  0.50739149208453582  0.51809774821734655  0.53004463197540364  0.54263879493073530
  0.55454097102706368  0.56588762348512744  0.57689320048893933  0.58825424846332830
  0.60004040320932284  0.61148186266827520  0.62195198792793993  0.63155337444631798
  0.64109264439171421  0.65122157598243291  0.66222362155721404  0.67328592698616718
  0.68412237461339365  0.69281053833701189  0.70092680459051149  0.70879109290327780
  0.71651961897379879  0.72574807543146602  0.73517249888429437  0.74560895308054964
  0.75574151782669308  0.76540023555128978  0.77553185489375243  0.78548505610539288
  0.79565250604622528  0.80562070222258209  0.81608850890634410  0.82677103888923231
  0.83706287418158642  0.84710420761317518  0.85702052960321362  0.86723389514209681
  0.87747298126158579  0.88801908618623493  0.89909584926427621  0.91082314677404341
  0.92241429528614594  0.93344339346545802  0.94445153809312554  0.95590832177457974
  0.96728533613315792  0.97846343488328702  0.98920153998560689  1.00000000000000000
 -0.00313499146891286  0.01138019508701187  0.02211210060186479  0.03277166939446971
  0.04285758561839846  0.05309780623124148  0.06396145928134687  0.07461529452899753
  0.08485853670769501  0.09319998403672609  0.10125748736661000  0.10907824539431135
  0.11637441355516392  0.12385355432503571  0.13143652171471151  0.13955501495564065
  0.14962757503044821  0.16085022581879624  0.17180958392748757  0.18311952779361687
  0.19403334713424172  0.20456351518898364  0.21488958228606103  0.22488955754678727
  0.23494602287028052  0.24543743468942378  0.25675166537223965  0.26842070587890554
  0.27957577004666989  0.28940052974005548  0.29822734398150641  0.30703381588425960
  0.31689716817990776  0.32807884163759654  0.33963307288500860  0.35037455551024610
  0.36096789823328068  0.37155814744964499  0.38279407089393902  0.39531849414893866
  0.40790461876259387  0.41937044673763774  0.42977626522351703  0.44002946920025904
  0.45087386811691466  0.46185545167066167  0.47231159543642126  0.48259365879133376
  0.49264293119653751  0.50250661388963513  0.51181896544145866  0.52061555855996378
  0.52943904121537844  0.53871014222515134  0.54841901633367229  0.55792559152516918
  0.56765936416481533  0.57809381995177367  0.58899776362947986  0.60020929535926693
  0.61143596840909265  0.62174069356663519  0.63076289362933813  0.63906083922466783
  0.64826849682356202  0.65857492057778011  0.67021691403166461  0.68170943201815526
  0.69302689939089723  0.70442825962055311  0.71560480107220525  0.72695497236253492
  0.73800067962371318  0.74854730146086768  0.75876998431874498  0.76907289751281749
  0.77950370676358482  0.78956659431983789  0.79990418802069019  0.81011967530942597
  0.82160617627779553  0.83316371291792735  0.84537185563222117  0.85833693185692395
  0.87197817987941673  0.88555486960616869  0.89824667797917368  0.90974609012220320
  0.92123553340289899  0.93278176222688458  0.94431349728321523  0.95582093179124639
  0.96759881347375387  0.97854901078325729  0.98949255996975027  1.00000000000000000
  0.10956088234396837  0.18021173675172283  0.22013299238600162  0.22853090811381924
  0.24244505333899943  0.25621434806873894  0.26527999432518629  0.27183940941053536
  0.27808113178587857  0.28427307785482669  0.29142597247110980  0.30508165607832416
  0.32018001029849769  0.33546428302169856  0.34667401541853365  0.35614862921791007
  0.36527229646933185  0.37356029820825765  0.38196772533605761  0.38994441600788887
  0.39998307434770947  0.41095413617525728  0.42111585174264426  0.43113564219506784
  0.44060752100215944  0.45090765136997851  0.46143232979611526  0.47182152762394763
  0.48167858252177581  0.49104973564070992  0.50013150237171278  0.50898952491401717
  0.51787156607103113  0.52688320079518769  0.53613481869947011  0.54506408518660421
  0.55511617782289446  0.56532952423785987  0.57571672288622622  0.58610994922795145
  0.59634014829236126  0.60653493885894139  0.61663786216451844  0.62633705062564660
  0.63482624107881935  0.64283295638087845  0.65036133371936966  0.65823805296266724
  0.66684548274181610  0.67498514257398567  0.68329424910121683  0.69194033928950160
  0.70091729809556413  0.70869729330010089  0.71611460771661561  0.72336942414735050
  0.73079545746858399  0.73839858881191556  0.74605613643467195  0.75397662523542686
  0.76190148044037664  0.76991314144379663  0.77776621800093237  0.78556362580571437
  0.79303780025240012  0.80000218243637355  0.80679888584721837  0.81334177032184152
  0.81946070665432502  0.82541288838606097  0.83154708124412369  0.83808650855900568
  0.84464419884277397  0.85074136560999558  0.85670159352451580  0.86238962810504449
  0.86821151770560934  0.87429385052408126  0.88063133509081348  0.88709913201298474
  0.89343191601053351  0.89928630211900962  0.90489931908055976  0.91062814288083116
  0.91647961938155220  0.92239271429741165  0.92832494191333403  0.93439589451255511
  0.94065128171377044  0.94696820129628001  0.95333965825224365  0.95994012412909924
  0.96735444886090372  0.97578398738152727  0.98625834548871605  1.00000000000000000
 -0.02084259210983815  0.13117153748445329  0.18451966500844474  0.21870656279197140
  0.24491322781455727  0.26527667640624158  0.28312822623922662  0.29899624489993915
  0.31372570994244658  0.32781419444622967  0.34118760464965986  0.35406880646164163
  0.36608433418299907  0.37735065696345760  0.38782080568356486  0.39825261053021982
  0.40804843965213672  0.41767772389058200  0.42693703965536151  0.43613230718665280
  0.44526096822687439  0.45371705990914307  0.46240835372911582  0.47127005846129844
  0.47977575694469748  0.48723688943181176  0.49460831285929036  0.50201681204538962
  0.50972725363513249  0.51740364094190205  0.52472103272558990  0.53151998739141104
  0.53793399089280036  0.54420692240831647  0.55047801317414613  0.55692162703424908
  0.56332982590894387  0.56954620319795790  0.57564367951780704  0.58176974363017231
  0.58751494146206118  0.59295287320650014  0.59830414945319754  0.60367812185591607
  0.60904307442620154  0.61422952504103423  0.61932100056103667  0.62427018325721995
  0.62924303311763108  0.63446350350890734  0.63952035357480475  0.64477376296952482
  0.65012173506547211  0.65570597163857114  0.66132523380246644  0.66694974145395136
  0.67235048608035797  0.67719764846867092  0.68206923572614175  0.68684405679967109
  0.69147878386637585  0.69627100057270397  0.70162365807245353  0.70690501535899453
  0.71236404836245892  0.71785685553499889  0.72324228330442786  0.72839130383756756
  0.73307736617826225  0.73756226204601050  0.74219079168755020  0.74737054718393880
  0.75269069101565744  0.75804735609785101  0.76340315031396677  0.76834837227633512
  0.77373154347446937  0.77960209769997557  0.78547509779977631  0.79151345349532554
  0.79767345058851558  0.80355434084413990  0.80968471269462505  0.81597690842690163
  0.82255297866381305  0.82962858627561276  0.83706718786040635  0.84493535665727226
  0.85279346642365250  0.86215583239359295  0.87191533411066735  0.88360018616101721
  0.89628656277009611  0.91372868808348295  0.94018877074492757  1.00000000000000000
   3.4611305371434205E-005  -1.0000000000000000     
 F F F F F F F F F F F F F F F F F F F F F F F F F F F F F F F F F F F F F F F F F F F F F F F F F F F F F F F F F F F F F F F F F F F F F F F F F F F F F F F F F F F F F F F F F F F F F F F F F F F F F F F F F F F F F F F F F F F F F F F F F F F F F F F F
  <DiscreteSampler_grid>
  grouped_processes
  1 # 1 for a reference and 2 for a running grid.
  10 # Attribute 'min_bin_probing_points' of the grid.
  1 # Attribute 'grid_mode' of the grid. 1=='default',2=='initialization'
  0.0000000000000000 # Attribute 'small_contrib_threshold' of the grid.
  0.5000000000000000 # Attribute 'damping_power' of the grid.
 # binID   n_entries weight   weight_sqr   abs_weight
    10   10   2.456700606349789E+004   5.294685766621035E+009   2.456700606349789E+004
    11   10   2.456700606346459E+004   5.294685766605736E+009   2.456700606346459E+004
  </DiscreteSampler_grid>
