  0.00000012730069217  0.00000015078771539  0.00000017275614006  0.00000019523629744
  0.00000022433331117  0.00000025800305425  0.00000029857149171  0.00000033747220338
  0.00000037508040040  0.00000041334244756  0.00000045215513956  0.00000049234468570
  0.00000054017856383  0.00000059171255989  0.00000064378713845  0.00000069978432315
  0.00000075762561538  0.00000081719815485  0.00000087709938626  0.00000093892781942
  0.00000100565235591  0.00000107937620609  0.00000115399225998  0.00000122644039394
  0.00000129675453299  0.00000136878941685  0.00000144345741459  0.00000152086272177
  0.00000160365102543  0.00000169086670343  0.00000178126340136  0.00000186925995045
  0.00000195653589642  0.00000204791618117  0.00000214994641777  0.00000227213809942
  0.00000241555432599  0.00000256675497830  0.00000271909970103  0.00000287379040452
  0.00000303672382043  0.00000322462753346  0.00000341980812292  0.00000361884527064
  0.00000383091635368  0.00000410576987940  0.00000436300495631  0.00000461982463763
  0.00000486579210106  0.00000514023441984  0.00000544576209589  0.00000577271973834
  0.00000610041104587  0.00000644801231350  0.00000682079204701  0.00000722233994559
  0.00000766095484149  0.00000813393012079  0.00000871224872191  0.00000936726418377
  0.00001007251524872  0.00001080398396793  0.00001167106195250  0.00001267516901229
  0.00001372622032782  0.00001479379383939  0.00001588159728532  0.00001706346837899
  0.00001836169941704  0.00001985021463061  0.00002150701934344  0.00002345171427037
  0.00002550444622747  0.00002784700930534  0.00003065371645639  0.00003438433084259
  0.00003889675153581  0.00004437626310602  0.00005018481462470  0.00005669844286803
  0.00006507809266533  0.00007610128242716  0.00008945135490270  0.00010586598576618
  0.00012756227222504  0.00015475922054453  0.00018998695821685  0.00023657208630309
  0.00029722486766946  0.00038273456573016  0.00053823060771720  0.00072980303976250
  0.00120447409390424  0.00272109844115373  0.35825608119288133  1.00000000000000000
  0.00000251376480563  0.00000281078512803  0.00000303593678256  0.00000319419284382
  0.00000332421265860  0.00000346456340817  0.00000361642724684  0.00000376843514182
  0.00000391247661780  0.00000405125034888  0.00000418764655286  0.00000433249827453
  0.00000447779712876  0.00000463414427833  0.00000478123641946  0.00000492301343075
  0.00000506952500839  0.00000523429176285  0.00000542056065228  0.00000562165006606
  0.00000583610908678  0.00000602612513913  0.00000621803782271  0.00000641696564068
  0.00000662195799697  0.00000682792301997  0.00000707342983045  0.00000738147732597
  0.00000771771449580  0.00000806825992552  0.00000842373390427  0.00000880920417613
  0.00000920115777160  0.00000964307844171  0.00001010310736801  0.00001069552130701
  0.00001135453672826  0.00001201701679653  0.00001278083916526  0.00001355056339115
  0.00001435193757521  0.00001518176508636  0.00001604127336389  0.00001692196052324
  0.00001783884228702  0.00001886727112581  0.00002008826204970  0.00002144984614688
  0.00002303870949047  0.00002480450113743  0.00002677814661758  0.00002875943698407
  0.00003082597886067  0.00003291849287229  0.00003535016001156  0.00003794237424971
  0.00004075430345257  0.00004384800365831  0.00004716220428903  0.00005074211523201
  0.00005465559872831  0.00005881284974129  0.00006328065365985  0.00006809245365502
  0.00007353274403176  0.00008003786595963  0.00008803150956888  0.00009755499433781
  0.00010806876931850  0.00011982551282806  0.00013364215658277  0.00015062920657290
  0.00017007574194097  0.00019221654187991  0.00021717639924558  0.00024983898015419
  0.00028936442804776  0.00032611225848441  0.00036386775143805  0.00040393301786524
  0.00046006050578640  0.00053973675233345  0.00065049972202677  0.00080474581527308
  0.00103102219626234  0.00131571760372093  0.00166324369241695  0.00209474545501385
  0.00274059342243365  0.00379977272791794  0.00527756824914092  0.00768887337706262
  0.01284668855453045  0.02807781668339946  0.69730810282247524  1.00000000000000000
  0.00000682632332971  0.00000867142581870  0.00000926150214160  0.00000999995887659
  0.00001095151982754  0.00001213572426056  0.00001471829182929  0.00001823553191093
  0.00002137337858570  0.00002427994738830  0.00002667387508929  0.00002912574136211
  0.00003184691787959  0.00003502165052977  0.00003896713888131  0.00004451652269922
  0.00004957726295893  0.00005436369031830  0.00005867765676536  0.00006243201052222
  0.00006670542553201  0.00007124301727493  0.00007620623466747  0.00008170409037057
  0.00008854180299545  0.00009589983908242  0.00010175246627541  0.00010870861919115
  0.00011608665724804  0.00012364638134480  0.00013062636736046  0.00013684858650362
  0.00014314065850074  0.00015033643560515  0.00015814237532403  0.00016719313559504
  0.00017562553811741  0.00018373067687986  0.00019315692447073  0.00020304832651974
  0.00021352803296270  0.00022410111343417  0.00023535610072314  0.00024676963994068
  0.00025913288697391  0.00027153772646475  0.00028465246889856  0.00029838613386727
  0.00031276822127307  0.00032747703209839  0.00034235229367262  0.00035807597162831
  0.00037469742800195  0.00039458359572463  0.00041539308280802  0.00043628157178976
  0.00045810825401908  0.00048005695468661  0.00050322143224340  0.00052920125922839
  0.00055792086758515  0.00058912583315967  0.00062371025066795  0.00065949303966592
  0.00069643110451741  0.00073387641472810  0.00077270829207055  0.00081478382037356
  0.00086417086270373  0.00092483847732063  0.00099387774282843  0.00108021766367260
  0.00117442289372719  0.00127217760024021  0.00137620409387322  0.00149024547195557
  0.00161739476965494  0.00175317615665459  0.00188378518160032  0.00200417660441414
  0.00214151803560946  0.00229139675311796  0.00243756324994946  0.00261160619281548
  0.00282074793909973  0.00309123804203151  0.00346822221167413  0.00389455573162794
  0.00436658027062864  0.00498757959909792  0.00576941501168688  0.00741802096870247
  0.00949648238241548  0.01478025407133952  0.14698545834489510  1.00000000000000000
 -0.00207234806019951  0.00561721688874519  0.01362143437394896  0.02276113612650374
  0.03366347402360537  0.04474241263136772  0.05413369042934643  0.06330535464417789
  0.07290877146563890  0.08305642900316033  0.09305071112836483  0.10288600121962414
  0.11266874017914999  0.12269767903999937  0.13186374119687280  0.14087287302656620
  0.15050571731345849  0.16106398366365518  0.17321816162544701  0.18677178673553352
  0.20057552205621298  0.21536808431212370  0.22849433135870559  0.24055729796361280
  0.25199419943532125  0.26439149809252882  0.27750557691409483  0.29083770538455406
  0.30213939709368548  0.31287445952754961  0.32327291682289683  0.33286799642438369
  0.34139283265666653  0.34947568174525756  0.35932043438233557  0.36961709892671923
  0.37988608526972772  0.39013171747271380  0.40081272312256921  0.41300906655230851
  0.42575937557055477  0.43888656667354581  0.45133802849531496  0.46308532036767402
  0.47290152682840575  0.48301749482149320  0.49236085520226275  0.50153001547949183
  0.51133742773049418  0.52150996780710157  0.53268901547591518  0.54305604529216278
  0.55370242625878241  0.56407359450289318  0.57455475629051234  0.58710828883168087
  0.59983426853422084  0.61138836522627904  0.62162895424178521  0.63085142773581337
  0.63926292252293382  0.64887399430936143  0.65778534394976429  0.66658211841270953
  0.67512544018859322  0.68437219977261121  0.69484870014619460  0.70565680074055193
  0.71574579756547452  0.72573426297697363  0.73773702282075670  0.75111279035688949
  0.76467940358481923  0.77698417702303513  0.78814427879086713  0.79851685319660581
  0.80907259791140029  0.82003669186635553  0.83033032017907227  0.84016106462212936
  0.84940059947927282  0.85937624923195899  0.86972281445397959  0.87939257748920197
  0.88857731024355324  0.89775768723242366  0.90725782783254416  0.91737208048786345
  0.92743771071778025  0.93679970042370864  0.94646239699954782  0.95582209557857589
  0.96524974514790585  0.97527408011432093  0.98636115116695333  1.00000000000000000
 -0.00243851349407619  0.00936159445971809  0.01898648326990449  0.02961994131001003
  0.04052958033854985  0.05139099480209202  0.06272006044995104  0.07502794053801853
  0.08639561097134092  0.09670516641110538  0.10704376881144684  0.11850083579761347
  0.13077667000635843  0.14228986835428095  0.15193481759908228  0.16042005919104177
  0.16914656264666367  0.17874899996259558  0.18952478658859734  0.20050530807986744
  0.21086035878691717  0.22129994036921016  0.23177556224922660  0.24303978286612038
  0.25532395536209873  0.26744455836491926  0.27898335906476673  0.28997694568026366
  0.30145298228089762  0.31296399815163234  0.32316755600789193  0.33305302999979230
  0.34275094799483441  0.35223471289002839  0.36338597420669339  0.37360461733938533
  0.38561625530755150  0.39798133693621429  0.41009792596912897  0.42253713661221909
  0.43461093865069228  0.44617776274856474  0.45928483427137295  0.47212362752479720
  0.48668585591378311  0.49962367317969070  0.51288110290956024  0.52362464139229026
  0.53398360276408985  0.54445398450708160  0.55537845035653999  0.56623448508154139
  0.57638712141394377  0.58669313767742104  0.59761021792291102  0.60829539169324043
  0.61861033792533437  0.62833503895673770  0.63718135199547332  0.64575374243697647
  0.65553030971885851  0.66504762627027403  0.67426207398305804  0.68310250876433209
  0.69218122635848900  0.70193136363094222  0.71172861808141652  0.72095826415572839
  0.73034122601032991  0.73944110191655887  0.74836793372657018  0.75687130900385780
  0.76558006627678443  0.77451074558168109  0.78355021530096203  0.79279577957555991
  0.80361953802248942  0.81680978291235906  0.83133224682424267  0.84490625996236268
  0.85732736703665657  0.86904033645526046  0.87981249764644875  0.89183480655711755
  0.90221225529775206  0.91107050562989134  0.91883086510724699  0.92615923655633658
  0.93401286439513398  0.94160715587018284  0.94919256607272262  0.95739486495604997
  0.96788481051801811  0.97746565437254829  0.98877710563525112  1.00000000000000000
 -0.00293980493614494  0.01325974840146884  0.02645765941101393  0.03788160573683316
  0.04903211617757723  0.06075252974486043  0.07331481936392310  0.08558320270609049
  0.09497492304131175  0.10394820907106136  0.11331243575380184  0.12287065763548016
  0.13401855716212138  0.14464167848836398  0.15829527098840329  0.17241761171852929
  0.18655142882891743  0.19626251951345464  0.20622213264181063  0.21773164510680754
  0.22967349037773055  0.24028265396036300  0.25074234315875982  0.26245644395078360
  0.27429755427052077  0.28559785877103072  0.29651103274777335  0.30554531837844284
  0.31574694958475508  0.32514127148265715  0.33726426028225248  0.34819435890703188
  0.36149029793761717  0.37529316750884406  0.38909712718268757  0.40192982247107117
  0.41539628651556038  0.42669734577452023  0.43775026582723953  0.44766982459284482
  0.45762288626252212  0.46839614254799261  0.47905011336575554  0.48930291596380798
  0.49910694626112118  0.50893383775123624  0.51932067105736957  0.53027881953662515
  0.54254912744385664  0.55498567586514047  0.56776119021510973  0.58029921213676250
  0.59300399747912669  0.60536658478739069  0.61760868325931717  0.62795238023131272
  0.63749927733992795  0.64724512504647147  0.65703861389833085  0.66605285612680376
  0.67493488104328314  0.68398665911514378  0.69484196136824050  0.70692159285103917
  0.71906018432055652  0.73012987627796755  0.74086848029376950  0.75145563612729749
  0.76173660515517572  0.77170382731790921  0.78141486235223501  0.79073807598650714
  0.79974519729678872  0.80888940654157637  0.81761702824290439  0.82624450654352288
  0.83495640652460801  0.84362995386385509  0.85249417094463575  0.86172889023908950
  0.87063038414203087  0.87936568430277584  0.88854681625490695  0.89773118318994738
  0.90741201764818880  0.91712867764540873  0.92745047838524475  0.93753969293962491
  0.94598464479186950  0.95337744533961943  0.96083944632426976  0.96815732460467208
  0.97689507899172257  0.98470327376579680  0.99252799234054045  1.00000000000000000
 -0.00218662478055847  0.00959142947465562  0.02052748385308534  0.03203665682255491
  0.04446162026563464  0.05692878988192264  0.06854940599262688  0.07943121812582596
  0.08967803753060229  0.09986726086365796  0.11064978195835802  0.12168637112534222
  0.13271987627469395  0.14367772717367441  0.15537711595723178  0.16778568787356560
  0.18015188502954582  0.19187671142378054  0.20271143690699503  0.21313296453128536
  0.22375573109282146  0.23438958216879632  0.24569101934968854  0.25749724821532050
  0.26882345186515894  0.27987651343166658  0.29047522426791306  0.30061133273377660
  0.31052487056323352  0.32009809595140792  0.32930618882693957  0.33992069817879217
  0.35251140350151572  0.36598643078977627  0.37814417542393680  0.38952162212759595
  0.40080086567079709  0.41193076606674645  0.42207042202494649  0.42963389836836108
  0.43826515878669425  0.44747537684815386  0.45728910869916262  0.46716610170348644
  0.47715270999668802  0.48813579053248352  0.49875124991135272  0.50818199121806507
  0.51758927107424124  0.52728533326356974  0.53679651552031382  0.54599853976873414
  0.55450049199818086  0.56319713477327304  0.57336583637499516  0.58463175314480675
  0.59689865090381833  0.60911684229424423  0.61980998135120735  0.62994164534661334
  0.63963607726134664  0.64981883901520132  0.66029785137735597  0.67089526871703897
  0.68144182472943782  0.69193093283277052  0.70270744908139327  0.71399343710143870
  0.72602088529308340  0.73772920370017037  0.74873605973230228  0.75969748301237694
  0.77070160043216773  0.78578849246790661  0.79934834469233229  0.81128448302252443
  0.82192183395290730  0.83210145801993307  0.84198831575914190  0.85118848971170236
  0.85956314861694805  0.86729447804131565  0.87541946438239360  0.88399454718704229
  0.89373870213093876  0.90343873230239624  0.91312196862705242  0.92265704728715658
  0.93239761227309603  0.94200301451075708  0.95132532142964699  0.96056377271830895
  0.96993094401631197  0.97951989396443406  0.98954457199603962  1.00000000000000000
 -0.00242403850240171  0.00993847960139460  0.02011539588904919  0.02943834700352029
  0.03917799708264968  0.05008256231453684  0.06050058091071856  0.07050243357917640
  0.08008009596206334  0.09041256795820521  0.10122833011093052  0.11236310869051447
  0.12318898096282432  0.13307076364623510  0.14224811994487224  0.15160797033583415
  0.16164297500596880  0.17176634044230046  0.18123015158704409  0.19130332071693090
  0.20193554945611683  0.21313728054617931  0.22490165685659708  0.23606794805678949
  0.24683413335156318  0.25750104529988044  0.26815190783016413  0.27893210621474129
  0.29011678978949251  0.30146839713266033  0.31283204282831045  0.32441696316014718
  0.33697004360994626  0.35066055914057764  0.36431008915528618  0.37776676129642989
  0.39119319578674216  0.40296675713474944  0.41305581441769346  0.42334948702895464
  0.43447134483839511  0.44715289797589114  0.46103528260393239  0.47357986718810385
  0.48524623838056224  0.49532090514874966  0.50468444475003260  0.51349555797530211
  0.52280898743742443  0.53221061426763983  0.54235691120456930  0.55276135815035055
  0.56332404640718359  0.57319093546041799  0.58238415617546180  0.59097483964948505
  0.60003260926284319  0.61001787303156074  0.62164150600154122  0.63279044000837792
  0.64264847114638213  0.65187285878233459  0.66101162924311807  0.66998098465767741
  0.67911840500268061  0.68832816302996402  0.69770025907122424  0.70667002027857551
  0.71642181283741102  0.72684132684045799  0.73793036422450031  0.75016907904760155
  0.76368574073285789  0.77606051612379590  0.78684929530146308  0.79800006083150654
  0.80935536877809300  0.81931304486363565  0.82847610151049622  0.83776116177401627
  0.84871029886594251  0.86088777243825165  0.87314021902496275  0.88489553893744477
  0.89538208264843810  0.90521481808064086  0.91505220571699608  0.92539691584132655
  0.93618858413961126  0.94733245265321842  0.95821608661865021  0.96751853312338254
  0.97585192062504655  0.98368227566667321  0.99157070438650796  1.00000000000000000
  0.07161551771856234  0.15467270557549267  0.20793363532379147  0.25574379620622523
  0.27003970225090362  0.28433560829558202  0.29415722843097802  0.30249393464868835
  0.31137391902302952  0.32227585554093380  0.33462652156757144  0.34342469739385506
  0.35261231645849078  0.36265842443145663  0.37357656619098684  0.38320822370857260
  0.39198582854674080  0.39926078079052468  0.40510119382059473  0.41195184207390140
  0.41868609201912121  0.42638901816074254  0.43495138131989269  0.44233872539244679
  0.44710306954092577  0.45164683172318321  0.45583887786488869  0.46423449990118854
  0.47347782417801493  0.48242467128113736  0.49159751789477085  0.50040409705646094
  0.50866011494603358  0.51651524214592393  0.52346489651559347  0.52999053920410899
  0.53660746889090205  0.54363081554552506  0.55129371640581337  0.55927815550098581
  0.56745707968524117  0.57572946580876505  0.58368255355445287  0.59089924495376944
  0.59744317916590528  0.60384758736941690  0.61018919579949604  0.61705397676230500
  0.62405129382348068  0.63019488101982601  0.63605428572864364  0.64206402556047337
  0.64840789007662658  0.65532345147118820  0.66259273831120036  0.66945798845488347
  0.67569220699151211  0.68176917064997300  0.68807526700891641  0.69591273459105019
  0.70385833891559346  0.71175539966479906  0.71930857958609029  0.72653812289915976
  0.73336915628032928  0.74024880090298095  0.74744620383770466  0.75459695694618589
  0.76180330141238661  0.76888257997461518  0.77573162579215038  0.78178489242189508
  0.78749751058402007  0.79349841436011936  0.79977831886499062  0.80618964349287914
  0.81283835233479362  0.82036746975124442  0.82862368569375111  0.83694645745737795
  0.84489785465496781  0.85250675172856816  0.86088029674137634  0.87014666089768800
  0.87964949112861124  0.88884518681084801  0.89768616592989470  0.90646152022117699
  0.91573855996678100  0.92589327181188108  0.93631803557271998  0.94625074555050837
  0.95651467757576303  0.96841679463424968  0.98281427343745420  1.00000000000000000
 -0.01846638467921283  0.10679363551986071  0.14485818101509143  0.16732775506018849
  0.18439779493295957  0.19808470813411788  0.20992272740080492  0.22185127476035343
  0.23381710274501832  0.24519254263778020  0.25526658341928754  0.26458630517136533
  0.27328191715389183  0.28113239521780009  0.28793219789457580  0.29454699302933873
  0.30109212310834060  0.30801903195501218  0.31468912286681777  0.32130168444850266
  0.32807976516315973  0.33485471864736044  0.34276738481104935  0.35128431025612272
  0.35889823110672958  0.36562752306951268  0.37191717684403802  0.37767082053249146
  0.38330854802738501  0.38845901947575173  0.39346858969784021  0.39859229988378542
  0.40404393916138442  0.40952434375987284  0.41452796156674532  0.41949365916524750
  0.42477734006835549  0.43029472344915037  0.43577502513395916  0.44120208311945985
  0.44699982691742213  0.45267651775938234  0.45832984153218626  0.46475310121172714
  0.47126202237948484  0.47745116955823491  0.48330004535907661  0.48905830842868020
  0.49490885783932675  0.50073583545621658  0.50677802645162140  0.51313605256537720
  0.51912159113224443  0.52479596400746054  0.53027277282482255  0.53570313337672137
  0.54150301626078334  0.54790421269433376  0.55451938934562384  0.56093235588148116
  0.56679025494345014  0.57248253615547640  0.57806723947716787  0.58376272611325630
  0.58986025838217060  0.59539831212183836  0.60092139193242644  0.60653583132064981
  0.61190071926858536  0.61773585169165757  0.62349640461860500  0.62914949740421211
  0.63498739465379295  0.64097987105969700  0.64732116356076053  0.65428397289655926
  0.66173296220310973  0.67029784174409091  0.67966964404437447  0.68783191673368760
  0.69575153177604621  0.70361489591050097  0.71175155838617210  0.72102041685947083
  0.73122411203026916  0.74057402791592097  0.75072755921751910  0.76086384100534732
  0.77072864292941534  0.78075095822647744  0.79275407711546342  0.80945828522146623
  0.83111431156437776  0.85584266511472395  0.89035800552403765  1.00000000000000000
   9.8912659219086325E-003  -1.0000000000000000     
 F F F F F F F F F F F F F F F F F F F F F F F F F F F F F F F F F F F F F F F F F F F F F F F F F F F F F F F F F F F F F F F F F F F F F F F F F F F F F F F F F F F F F F F F F F F F F F F F F F F F F F F F F F F F F F F F F F F F F F F F F F F F F F F F
  <DiscreteSampler_grid>
  grouped_processes
  1 # 1 for a reference and 2 for a running grid.
  10 # Attribute 'min_bin_probing_points' of the grid.
  1 # Attribute 'grid_mode' of the grid. 1=='default',2=='initialization'
  0.0000000000000000 # Attribute 'small_contrib_threshold' of the grid.
  0.5000000000000000 # Attribute 'damping_power' of the grid.
 # binID   n_entries weight   weight_sqr   abs_weight
    10   10   1.042940415746266E+003   6.522578661040632E+006   1.042940415746266E+003
    16   10   1.042940415746266E+003   6.522578661040631E+006   1.042940415746266E+003
    22   10   1.042940415746266E+003   6.522578661040627E+006   1.042940415746266E+003
    28   10   1.042940415746266E+003   6.522578661040628E+006   1.042940415746266E+003
  </DiscreteSampler_grid>
