 -0.00252934685132792  0.00949366310194957  0.01965472197585546  0.03017220743236253
  0.04072217168781219  0.05126586832541950  0.06180716954128986  0.07233347714674386
  0.08286015571566643  0.09339007471236063  0.10393328681798744  0.11448275915211946
  0.12502953275500936  0.13557826018584870  0.14612805664451148  0.15667836546356800
  0.16721973134099269  0.17775591727408888  0.18829137065623291  0.19883286704890815
  0.20937334681194328  0.21991677407657684  0.23045273461824897  0.24098936338987753
  0.25152577398191056  0.26204985358625749  0.27257269500611142  0.28309647620138401
  0.29363740365886049  0.30418558388779493  0.31473419639288264  0.32528008605325581
  0.33582694588259804  0.34636359211296669  0.35690811583096799  0.36744838656194956
  0.37799738226659457  0.38854084608795780  0.39908633233957053  0.40963157278174350
  0.42018242569177305  0.43073463120448119  0.44128951460075000  0.45183352272423444
  0.46237897786928689  0.47290942332626551  0.48344386917259657  0.49397394055994903
  0.50451428469101056  0.51505972909778452  0.52560666308490089  0.53615261015532234
  0.54668594923724179  0.55722180627989637  0.56775594664951767  0.57829497949485631
  0.58883126735093705  0.59936806416034660  0.60991238922455004  0.62045768776555366
  0.63100902281183202  0.64155525362038690  0.65210021875215785  0.66264359542926499
  0.67319331487513845  0.68372871193092166  0.69425959372715218  0.70478569419010606
  0.71532544116964814  0.72586604053110937  0.73641066767973440  0.74695416703408157
  0.75749557120773781  0.76803815420612442  0.77857835954060828  0.78912418039752008
  0.79966742317549788  0.81021050360983826  0.82075513816052337  0.83130207076894780
  0.84184200884108995  0.85238117172888517  0.86291753473741462  0.87346468245120756
  0.88400048029362288  0.89453670551571063  0.90507220852111869  0.91561597422388930
  0.92616082786759601  0.93670599648527619  0.94725471743024692  0.95780518498925871
  0.96835823227055018  0.97891181241515102  0.98945772128655185  1.00000000000000000
 -0.00246341410961109  0.00949376886394016  0.01964701181355720  0.03015842780835473
  0.04070306677761542  0.05124844186613818  0.06179672564870349  0.07233761867083634
  0.08288286616372162  0.09341797396047996  0.10395220075429694  0.11447935139101321
  0.12501540588185153  0.13556225366086747  0.14611701439449395  0.15667069485585713
  0.16722151794881426  0.17776450539590768  0.18830624148186559  0.19884942286430279
  0.20939639538025698  0.21993958765171376  0.23047547362438406  0.24101565961097654
  0.25155967270885715  0.26211511169414270  0.27266413393161787  0.28320762307275321
  0.29375358025103337  0.30428553554728488  0.31482074219067013  0.32534452984534606
  0.33588679918775177  0.34643211034839150  0.35697779771843025  0.36752760778908822
  0.37806193948151728  0.38859836205580400  0.39912671649810649  0.40966568116279534
  0.42020348972418664  0.43074672963469585  0.44128631345001307  0.45181623528681608
  0.46234764039061044  0.47288215002036871  0.48343131841921660  0.49397587397607595
  0.50451734266138615  0.51504370614539130  0.52556568643834545  0.53609866054975552
  0.54664242616997294  0.55719449767856877  0.56774415536496592  0.57829053766387961
  0.58883768294034100  0.59938141801890887  0.60993574347243174  0.62048711480937202
  0.63104354034012333  0.64159591720338827  0.65214493114795036  0.66267294879690397
  0.67319766408139858  0.68372783330626086  0.69427283205511681  0.70481153595338508
  0.71534461613078459  0.72587036405574656  0.73638891732631451  0.74691383414153456
  0.75745019580315021  0.76800741377252868  0.77855102821832134  0.78909018776016859
  0.79962652645871934  0.81016607793938666  0.82071205707882922  0.83126029336213259
  0.84181765690259003  0.85236895199720519  0.86292033181625016  0.87346031402173763
  0.88400274986618321  0.89454494750206148  0.90509641328555324  0.91564760802797107
  0.92619222813491120  0.93673562726359050  0.94727958907465459  0.95782951910593428
  0.96836797416643638  0.97890695586730647  0.98944656609318826  1.00000000000000000
   2.5653758720131938E-008  -1.0000000000000000     
 F F F F F F F F
  <DiscreteSampler_grid>
  grouped_processes
  1 # 1 for a reference and 2 for a running grid.
  10 # Attribute 'min_bin_probing_points' of the grid.
  1 # Attribute 'grid_mode' of the grid. 1=='default',2=='initialization'
  0.0000000000000000 # Attribute 'small_contrib_threshold' of the grid.
  0.5000000000000000 # Attribute 'damping_power' of the grid.
 # binID   n_entries weight   weight_sqr   abs_weight
    10   10   1.322623097372511E+010   1.749331857703254E+020   1.322623097372511E+010
  </DiscreteSampler_grid>
