 -0.00252611350732078  0.00944154164435678  0.01958925703750253  0.03010812953298202
  0.04065627739660613  0.05120163501052538  0.06173951519408822  0.07228175080109191
  0.08282501388352603  0.09337779656552235  0.10392899955944036  0.11447887017679416
  0.12502199004324802  0.13554897549670003  0.14607451289943346  0.15660322225129816
  0.16714539377795026  0.17768886325316754  0.18822681320256907  0.19876903039607391
  0.20930788747196261  0.21984143524120844  0.23037096505434054  0.24090117067115988
  0.25144373549451998  0.26199031731874600  0.27253254706746077  0.28307655828165951
  0.29361766103152037  0.30416658542612607  0.31471536371679670  0.32526503391893369
  0.33581219065709689  0.34635800851478687  0.35690521425376054  0.36745567919020089
  0.37800136696241893  0.38854562198087023  0.39908648187394719  0.40962632873023125
  0.42016778964874280  0.43071240588035081  0.44126113728270910  0.45181155028127529
  0.46235166036687919  0.47289602964221272  0.48342971449616445  0.49397312696000473
  0.50450289389019498  0.51503631232692593  0.52556405910931625  0.53610277287269925
  0.54664539868125839  0.55718962147341644  0.56773577804195163  0.57827972138513406
  0.58882723592115993  0.59937490455690368  0.60990593292762085  0.62043679865783219
  0.63096580398342372  0.64151387763218259  0.65206098275154345  0.66261028882417505
  0.67315444212128828  0.68369125201655145  0.69421926309544202  0.70475301764166987
  0.71529425540281366  0.72583924990946180  0.73638327540212278  0.74692909842170674
  0.75747915799992460  0.76803185174549315  0.77857232051884828  0.78911226617277919
  0.79964983987276117  0.81019966054337023  0.82075034887070553  0.83130001802477016
  0.84184405215172098  0.85238393684404157  0.86292631644086770  0.87347207330536003
  0.88402048363262875  0.89456336964105221  0.90510764932967369  0.91565113812986931
  0.92619140097962172  0.93673324827996318  0.94727555233536509  0.95782770124971783
  0.96837245236043812  0.97891487638685282  0.98945524081621294  1.00000000000000000
 -0.00239879245253763  0.00951341412055231  0.01966191272227141  0.03016570157708941
  0.04070667193336044  0.05124898199137221  0.06179433895849958  0.07233960432888725
  0.08288465630091404  0.09343017279626165  0.10396410345055437  0.11449928379786421
  0.12503350796629598  0.13557773374381663  0.14612428825474036  0.15666810100240569
  0.16721377915581340  0.17776072196855314  0.18830847059607980  0.19885162977785215
  0.20939396073934211  0.21994191112580702  0.23048958081264737  0.24103795781298903
  0.25157992611306046  0.26212488995914851  0.27266750923168542  0.28321614498975023
  0.29375925618966209  0.30429966556008370  0.31482522585912431  0.32536052146343691
  0.33589492450883185  0.34644087834629050  0.35697977251373392  0.36751849679696796
  0.37806056702504465  0.38860423581050640  0.39915174333896464  0.40969075230881091
  0.42022659518393096  0.43076247657450545  0.44129808517123609  0.45183048750578547
  0.46236001574017077  0.47288418720154868  0.48341696803223477  0.49394875935072358
  0.50448720050109352  0.51502603820332193  0.52556821338104931  0.53611751133493757
  0.54666525498723662  0.55721360462844971  0.56775600176889240  0.57829724183095654
  0.58883236790838012  0.59937454469920270  0.60991361725227922  0.62046016685173355
  0.63100226622349986  0.64155269614938681  0.65209801963472214  0.66264694773051480
  0.67319524476454462  0.68374820537766090  0.69429911800386013  0.70485075654891349
  0.71539585338242873  0.72593980411114178  0.73646980398172035  0.74700739432076280
  0.75754722520992457  0.76809518231878371  0.77863596885526720  0.78917614641574307
  0.79972144199926798  0.81026750694584382  0.82081451136178596  0.83135704606588023
  0.84190376036696524  0.85244955318207793  0.86299852303811897  0.87354219468661143
  0.88407830684331490  0.89461060295691153  0.90514673846215632  0.91568983837376872
  0.92623942212774479  0.93677948710126824  0.94732212263440618  0.95786214374207246
  0.96839939964268174  0.97893868869847034  0.98947003311302073  1.00000000000000000
   2.5515985776508137E-008  -1.0000000000000000     
 F F F F F F F F
  <DiscreteSampler_grid>
  grouped_processes
  1 # 1 for a reference and 2 for a running grid.
  10 # Attribute 'min_bin_probing_points' of the grid.
  1 # Attribute 'grid_mode' of the grid. 1=='default',2=='initialization'
  0.0000000000000000 # Attribute 'small_contrib_threshold' of the grid.
  0.5000000000000000 # Attribute 'damping_power' of the grid.
 # binID   n_entries weight   weight_sqr   abs_weight
    10   10   1.322623097372511E+010   1.749331857703253E+020   1.322623097372511E+010
  </DiscreteSampler_grid>
