  0.00000463729261836  0.00000494070626504  0.00000509432361554  0.00000526063032509
  0.00000546051443522  0.00000566480995186  0.00000587740920164  0.00000609182530677
  0.00000633805293891  0.00000657577240062  0.00000679975481415  0.00000704128260598
  0.00000731833684542  0.00000761599788302  0.00000792087248819  0.00000822291479540
  0.00000853705526001  0.00000886544918069  0.00000920105462382  0.00000952338177998
  0.00000982314313569  0.00001013301286318  0.00001044766346347  0.00001077902384590
  0.00001112753911622  0.00001148193303490  0.00001182143728092  0.00001215508501583
  0.00001250412329199  0.00001286980116393  0.00001326515112331  0.00001367422186189
  0.00001407599889159  0.00001453324936232  0.00001503710549800  0.00001555543717295
  0.00001608662752598  0.00001663969737652  0.00001726469273377  0.00001789372309334
  0.00001849444301630  0.00001912823801263  0.00001980518687976  0.00002051752242798
  0.00002124925779745  0.00002199748395639  0.00002285830663059  0.00002375970391535
  0.00002470455490481  0.00002569021511384  0.00002670238720092  0.00002771677435214
  0.00002871965820048  0.00002975221051634  0.00003087502276224  0.00003209876411294
  0.00003335012416049  0.00003471251309662  0.00003612920673519  0.00003756994606313
  0.00003913631900800  0.00004087153931146  0.00004263340461802  0.00004434849207004
  0.00004625747206646  0.00004834024648227  0.00005065145812683  0.00005316055862959
  0.00005582785167543  0.00005870221024626  0.00006190714806614  0.00006548930961298
  0.00006932095381830  0.00007339267161864  0.00007781885249430  0.00008281288549753
  0.00008833759051221  0.00009465493871451  0.00010175666625673  0.00011007858427612
  0.00011971442001731  0.00013164792701453  0.00014536521684085  0.00016153119196892
  0.00017934157152927  0.00019975959149524  0.00022553525015468  0.00026290229388080
  0.00031562505594947  0.00038878792320326  0.00050394038049381  0.00069827893014706
  0.00106532694611053  0.00205109707381176  0.26761424357133207  1.00000000000000000
  0.00004293994305147  0.00004416051893936  0.00004524685251198  0.00004641008392809
  0.00004763528914294  0.00004910724827389  0.00005051211940929  0.00005192997604460
  0.00005348193768181  0.00005509969646818  0.00005689349225759  0.00005858221808402
  0.00006026586860902  0.00006195688266156  0.00006371851579945  0.00006544779556817
  0.00006709733157482  0.00006871383470177  0.00007102433061180  0.00007349701254716
  0.00007604794032424  0.00007855361525702  0.00008117790532010  0.00008402364246965
  0.00008668363402543  0.00008915485526166  0.00009172873607580  0.00009471663497317
  0.00009806691090272  0.00010133322554203  0.00010488249347981  0.00010853252413301
  0.00011253968965049  0.00011657754991874  0.00012061544849383  0.00012487006923020
  0.00012939589085805  0.00013394818541962  0.00013846370269345  0.00014329193693331
  0.00014891388420959  0.00015461833034275  0.00016039731871608  0.00016697131235191
  0.00017408948784311  0.00018145155762667  0.00018896234624830  0.00019712341689117
  0.00020594114169654  0.00021532774601877  0.00022566006840174  0.00023647836192616
  0.00024724104793405  0.00025840097966999  0.00027014983241127  0.00028226534445689
  0.00029613426399722  0.00031205900111582  0.00032715728023763  0.00034366072174856
  0.00036129971271159  0.00038079937986224  0.00040256089513311  0.00042581990881349
  0.00045007498583647  0.00047630205795489  0.00050392924928570  0.00053270831729638
  0.00056278090085552  0.00059574245888728  0.00063360239511240  0.00067646506585934
  0.00072433474463353  0.00077693177992540  0.00083657991224888  0.00089955966645482
  0.00096965895114255  0.00104597029826934  0.00113363110002665  0.00124372695601251
  0.00137794570728646  0.00153880746101093  0.00171932891465674  0.00191626801729725
  0.00215895903711863  0.00245524625673880  0.00278984414427424  0.00311920568779162
  0.00342673471896712  0.00384319033908280  0.00452139193451985  0.00605082180608027
  0.01037253559228040  0.01738049153046995  0.45584243871917729  1.00000000000000000
  0.00000580625757301  0.00000613181153902  0.00000642994079768  0.00000668863688385
  0.00000693758586369  0.00000718464540337  0.00000745197015961  0.00000775826750508
  0.00000808602986162  0.00000844888274965  0.00000885641872429  0.00000926563569989
  0.00000974784671373  0.00001029358679356  0.00001085770137082  0.00001146304554032
  0.00001207123002591  0.00001268774498190  0.00001331385279444  0.00001393425507724
  0.00001457506502960  0.00001527357600057  0.00001604138201778  0.00001687628263585
  0.00001779705638303  0.00001868757120746  0.00001964471100544  0.00002066278613815
  0.00002175712590387  0.00002300689682414  0.00002437363914445  0.00002578494337467
  0.00002736729922800  0.00002896533357373  0.00003070989397171  0.00003263762883136
  0.00003464465092026  0.00003683019779440  0.00003915274532776  0.00004162787127743
  0.00004431019205853  0.00004723153164966  0.00005038730610864  0.00005390367825358
  0.00005743894497288  0.00006111847939924  0.00006491856858323  0.00006877610332426
  0.00007279942378989  0.00007711827244929  0.00008210857184847  0.00008777996816998
  0.00009380879445230  0.00010036046458300  0.00010688218694289  0.00011369134107446
  0.00012068831634777  0.00012892806155276  0.00013762696903084  0.00014708519011007
  0.00015693825132630  0.00016813132766996  0.00018051319948641  0.00019415098749202
  0.00020851148549497  0.00022282277701130  0.00023952570249275  0.00025765260056907
  0.00028060140209427  0.00030467570976473  0.00033162453211563  0.00036291442635722
  0.00039611477153497  0.00043236719173809  0.00047278265104697  0.00052006316523865
  0.00057587499193478  0.00063297127956130  0.00069832600028799  0.00077809204065168
  0.00086970572307940  0.00098926087565004  0.00113429815291225  0.00129405739136246
  0.00150387968368756  0.00177051510914523  0.00209721299934654  0.00254017145641277
  0.00311161253684264  0.00378876459934222  0.00446058123107888  0.00505499076634607
  0.00571610490481816  0.00751152787239382  0.08426062006105497  1.00000000000000000
 -0.00124130444234951  0.00913054808665248  0.01904290908251082  0.03003440105881598
  0.04188980135495153  0.05536949487975391  0.06805081502054408  0.07868691818035776
  0.08883315852394451  0.09947621663708592  0.11129102144803983  0.12323218089301990
  0.13456662761268409  0.14601289278066185  0.15767236594898063  0.16978821549223272
  0.18124582959222310  0.19239678009090691  0.20382738815818752  0.21570513151596202
  0.22768217940223870  0.23934449446321179  0.25060807023387610  0.26191003462752527
  0.27320678739537912  0.28431964565818479  0.29427812789834573  0.30389007654208006
  0.31364389487891031  0.32513524085487377  0.33661460126325227  0.34736730792501452
  0.35723056913114731  0.36750898355950645  0.37804551332186154  0.38956702232590812
  0.40230175723493472  0.41461727431221573  0.42614518801249501  0.43651298140635020
  0.44655233844699577  0.45662868610256208  0.46684369377660062  0.47719612923881088
  0.48724260833667715  0.49753002475568359  0.50801363436001812  0.51823087905614007
  0.52821703202181336  0.53820189239043559  0.54854750559656895  0.55888288088736304
  0.56907730698794079  0.57927021868992712  0.58900048714560982  0.59904161611566298
  0.60927665027309041  0.62006347386715255  0.63080349719116702  0.64120078837520977
  0.65118244373560519  0.66129070377681842  0.67166666588511004  0.68256494196489148
  0.69331839164823517  0.70369329746669518  0.71355196374497543  0.72306560192278668
  0.73207079978851641  0.74092551199261403  0.74980666195492895  0.75921979910349413
  0.76902992385593938  0.77882088386230786  0.78928713618032365  0.80011002472244219
  0.81166746138770629  0.82365776731319573  0.83589953529418071  0.84783468809413853
  0.85983806597015744  0.87220255764252985  0.88421551874726656  0.89509301325788948
  0.90503071304835625  0.91419602999439786  0.92266619562973218  0.93095533748886949
  0.93936507444157102  0.94750398790709045  0.95575188854999893  0.96396025102049077
  0.97292215301165197  0.98142128196443168  0.99101999506551675  1.00000000000000000
 -0.00208506709267968  0.00985201343530035  0.02147053352836754  0.03322836694718800
  0.04505870925178716  0.05482107371798579  0.06359082943001508  0.07214505363784643
  0.08105020057703702  0.09135747704341692  0.10227197783845918  0.11355842027729729
  0.12525372671798626  0.13488722568293693  0.14348093810364818  0.15252124902553205
  0.16200620923985715  0.17193363600995312  0.18110820481945850  0.18980048640675290
  0.19907491004674033  0.20895604760765249  0.21924510385522225  0.22930147083033783
  0.23908913285452374  0.24899320069165487  0.25872049225173122  0.26774030197841869
  0.27688010834469179  0.28579729317923780  0.29556774135210961  0.30675607256212001
  0.31759948821078626  0.32835720749460034  0.33886900850619017  0.34947876433271191
  0.35968920783392871  0.36885674884815628  0.37735885421518400  0.38652614988052025
  0.39613385110347771  0.40682717503681004  0.41788321305223119  0.42954101142224721
  0.44102634004699381  0.45183519146999862  0.46229170621187188  0.47281779408401919
  0.48331852547546506  0.49388377246471638  0.50473032354060632  0.51590552565433623
  0.52695273869308468  0.53783088677125079  0.54886154054711556  0.55993916930957011
  0.57063231763980005  0.58093393452944475  0.59112513612948336  0.60142412689998148
  0.61202669936178555  0.62286856550300618  0.63363979581199226  0.64508709155938382
  0.65760075883752123  0.67074983414841827  0.68326353486803271  0.69545492136403231
  0.70710775230541678  0.71692822949290547  0.72647143688816962  0.73609607091573159
  0.74559997520286903  0.75470476164210443  0.76337454237614921  0.77251772000212726
  0.78267963486499093  0.79322961464530017  0.80409402604440361  0.81504753633487903
  0.82610191911873609  0.83758554634181470  0.84959659888454608  0.86170965514607101
  0.87357325976277111  0.88567874620757880  0.89785573690537523  0.90995600444414859
  0.92216731733403523  0.93409527686726579  0.94564824413466941  0.95674074368107098
  0.96737774765046092  0.97800243615847737  0.98858536055978108  1.00000000000000000
 -0.00322683720220265  0.00951245792944466  0.02068609578668296  0.03092554454617956
  0.04269504148928439  0.05562594926520825  0.06686515404755392  0.07640599139199904
  0.08539665399804393  0.09443720914571695  0.10493210833941789  0.11502810873375151
  0.12560943342650574  0.13364196841235404  0.14279744439935646  0.15223061374929231
  0.16158970708785422  0.17092141976484460  0.17952105111714325  0.18802026281991038
  0.19756499767932884  0.20768198065415000  0.21809185672329523  0.22884675794736287
  0.23971924159952954  0.25055712264572627  0.26061564822101485  0.27090459250354637
  0.28062015532594747  0.29049822321808039  0.30028286502641471  0.31010020437159491
  0.32005446430135409  0.33011627232517787  0.33975159531410015  0.34921175197513438
  0.35918133359969445  0.36933716581441456  0.37918879724951315  0.38898387855717220
  0.39910062664059248  0.40912466443129214  0.41888180162197880  0.42847185951187605
  0.43817966080196719  0.44816563706402912  0.45812638281106044  0.46832415990916554
  0.47866387278933958  0.48884968417507152  0.49893263959068840  0.50846868329723816
  0.51797656253053537  0.52767724409504491  0.53734388923314791  0.54692076114207433
  0.55697955095690987  0.56765052067465027  0.57829808260840354  0.58832147815543978
  0.59820665010150154  0.60770992493386522  0.61707347221666864  0.62675130979339677
  0.63692396805724572  0.64709636640198265  0.65706925736587141  0.66697939491709923
  0.67781481797828724  0.68859346987381065  0.69929651631710277  0.70962732424508179
  0.71987254322104666  0.73023453013267925  0.74090861864883995  0.75160711363062094
  0.76173531184604837  0.77219900223972515  0.78285212202079957  0.79339934543940793
  0.80338580815397331  0.81351765950022614  0.82411581915384469  0.83540070770407104
  0.84744871533758015  0.86061080559010839  0.87489368158486325  0.88949829883474230
  0.90440295653930192  0.91919075961467989  0.93157830332489011  0.94423351578955161
  0.95743291352768578  0.97130429138733088  0.98565334044502029  1.00000000000000000
 -0.00217968464274481  0.01049839615074370  0.02132179342207179  0.03332742611942065
  0.04531787226648119  0.05688687214326124  0.06775478437684801  0.07948203957266639
  0.09119433399088614  0.10367955935103762  0.11618091038009271  0.12833262233745563
  0.13856552661247123  0.14932819437224190  0.16017367238272104  0.17135923197114236
  0.18256861059958135  0.19448674682719505  0.20633885313124237  0.21730718969763940
  0.22830141546830390  0.23977369184613193  0.25067899470214955  0.26029114520709629
  0.26944577632880451  0.27922522673598232  0.28971359878002056  0.30034067085281130
  0.31046677591358202  0.32024772013077191  0.33019930022212368  0.33997190909266317
  0.34950504759503781  0.35823033431412377  0.36657396511095841  0.37491230331270031
  0.38400836274328581  0.39320116122060617  0.40304733293812095  0.41340476167509277
  0.42559069938286415  0.43800104123262829  0.44832480077771852  0.45824799613196759
  0.46771387197596326  0.47719614643487113  0.48666805911154698  0.49636136923732699
  0.50838177357220782  0.52098614363499107  0.53310409603317510  0.54444779954926759
  0.55499498692839810  0.56541912794938010  0.57544999722325130  0.58552592691721728
  0.59571480846570246  0.60621180106908090  0.61693968509680841  0.62711841896356701
  0.63683535981139539  0.64641866631292322  0.65629050908848008  0.66583080546155771
  0.67506228533115609  0.68443469202196483  0.69505848127397585  0.70597778187659721
  0.71722211833558436  0.72880617427776206  0.74086744545455208  0.75207818303838447
  0.76283973802400318  0.77301780756500005  0.78349667623605324  0.79369717821354824
  0.80331649812774164  0.81313208238379620  0.82295755295765549  0.83268247201171264
  0.84169118758388106  0.85117452108860747  0.86122347263496324  0.87223990119365202
  0.88327658932243436  0.89433337467894702  0.90538680443385455  0.91556754502507209
  0.92568163117364022  0.93613765528648984  0.94692958683319395  0.95784900513367899
  0.96848032077700652  0.97890658662599739  0.98916691685555869  1.00000000000000000
 -0.00238721542045667  0.00979472672105793  0.01996428387642146  0.03042681144568889
  0.04053014060012772  0.05042162277111623  0.05976728933327873  0.06894090672839807
  0.07810897065321853  0.08788176729949314  0.09868760361715838  0.10978060658069649
  0.12090803958422107  0.13178762150794746  0.14337824729523732  0.15466395817459194
  0.16623387143834720  0.17719199173157252  0.18842134338089084  0.19680161123786746
  0.20541815013756795  0.21448458573827447  0.22413072451245827  0.23327802011094173
  0.24208118662586772  0.25198713166907011  0.26339538706159460  0.27505286371451743
  0.28607547567366109  0.29740420780760635  0.30896245184387017  0.32089836612375783
  0.33283029403718645  0.34387600949284935  0.35424119959502620  0.36412005159740091
  0.37382186641287668  0.38419261456336967  0.39442911166843386  0.40475428838217814
  0.41531417322807263  0.42679312449186046  0.43856648337780529  0.44914332592086575
  0.45906862116032460  0.46834329562398658  0.47843572298312909  0.48894990163905255
  0.49958690631663816  0.51068692200320331  0.52108417858590461  0.53179552616366754
  0.54251356727885347  0.55458359614846686  0.56675719419508408  0.57862142126195237
  0.58941987591458866  0.59946106484883199  0.60941595880514232  0.61925104534880904
  0.62986655036406658  0.64036312561578879  0.65120705220270125  0.66230953328834119
  0.67406379471223621  0.68600446271843152  0.69766636433480289  0.70901364823793811
  0.72067114349418460  0.73225431537208052  0.74414789372716705  0.75585598144805455
  0.76770948996951227  0.77896810318508014  0.79034220565933022  0.80126371730308255
  0.81188944943176711  0.82281574788308876  0.83299737783698324  0.84297515775691656
  0.85255782676944247  0.86181589668510339  0.87117598634943694  0.88002002075392083
  0.88894728712494631  0.89802225520225210  0.90738863600693986  0.91735441350957314
  0.92702097056581534  0.93730878975585952  0.94825138694586042  0.95867932781987719
  0.96862133816544838  0.97817463389085657  0.98881909578171201  1.00000000000000000
  0.06233726236927056  0.10430865383729800  0.11320345924881905  0.12162015043156063
  0.13249892962971652  0.14303466811310764  0.15264223986411113  0.16161364689723956
  0.17015881754546508  0.17863354050872463  0.18776425434160507  0.19755534589796989
  0.20664895246784090  0.21444498587905056  0.22174498940724913  0.22980619216332521
  0.23814536020558166  0.24661641919840260  0.25403501736451845  0.26110596619984106
  0.26811894557567167  0.27600305548849807  0.28465549374514543  0.29357689615013166
  0.30239985991908835  0.31095998367832972  0.31958821973526252  0.32854414847410202
  0.33805334867903414  0.34752538761968998  0.35651013726153297  0.36543956036446801
  0.37443598001812045  0.38452586569664327  0.39520572427038819  0.40538899496328940
  0.41530083409267193  0.42480485970074855  0.43388091722461236  0.44247804916653855
  0.45098605458046609  0.46000394294464914  0.46951138709774659  0.47885536930289918
  0.48763722600444620  0.49626893323852062  0.50493704771156689  0.51320210439210956
  0.52143763388426101  0.53019325466704825  0.53909631040445094  0.54811095833678458
  0.55685436204121586  0.56567380525306488  0.57485408978913810  0.58440630279700412
  0.59413655142760635  0.60393796540277001  0.61381390821918269  0.62350190843615416
  0.63251902950820493  0.64138463908037469  0.65030781614330868  0.65916209021775574
  0.66780540010735401  0.67608812207004065  0.68428752024126438  0.69247025038695353
  0.70044303970607891  0.70842386492702736  0.71646418975616044  0.72462423868314163
  0.73305604682829684  0.74195822841477099  0.75083001939055316  0.75970205701363680
  0.76860033361250091  0.77864273938171402  0.78887311973519170  0.79793998832487500
  0.80670549417442639  0.81615146187682996  0.82573539115190031  0.83496312339921208
  0.84367183379825661  0.85252561928855453  0.86262058563552957  0.87355210327475641
  0.88624169282229992  0.89940507248165746  0.91162288418836079  0.92423841416183106
  0.93759189162805601  0.95350773989150184  0.97352380702594521  1.00000000000000000
 -0.01658206720382509  0.10253522701167407  0.13765378927594549  0.15951876834858925
  0.17668509893820597  0.19203778488548234  0.20555353037046928  0.21824996249789361
  0.22984926764292010  0.24097203274874548  0.25132593708668138  0.26122090501644585
  0.27040753928304040  0.27893380109551597  0.28713758208017315  0.29453111342355304
  0.30131467054247441  0.30797709676873758  0.31461583757004608  0.32139928603499363
  0.32837807980867340  0.33538241851991496  0.34215310612817368  0.34873727953151890
  0.35510829695416396  0.36153699664241845  0.36812069123236940  0.37483541438954099
  0.38158757795540621  0.38827464658107430  0.39513665306777040  0.40189656441272498
  0.40806972175392076  0.41371586980644348  0.41887116261349805  0.42437984939796974
  0.43026975045068488  0.43621513302669707  0.44204693620029206  0.44769728013598115
  0.45334845641465793  0.45886680203809554  0.46452190040611280  0.47042790173842197
  0.47629780280788647  0.48210548817351873  0.48776849228122021  0.49346297813835427
  0.49925750027129534  0.50516807533774233  0.51132119615877669  0.51748334601251877
  0.52346764310029958  0.52972146525391706  0.53617611024837153  0.54261794154686149
  0.54889077176272849  0.55497013518261507  0.56092280127927163  0.56658722214689416
  0.57187371868705872  0.57744969697968862  0.58326552247562646  0.58922183624296964
  0.59540708264405628  0.60128562263370788  0.60685427748398080  0.61209406204099415
  0.61753397240259289  0.62315871518209798  0.62961307956869328  0.63611177420678922
  0.64248870644814082  0.64883542322286969  0.65552194441150591  0.66287325524988505
  0.67076295170352629  0.67885623234083814  0.68674863812499332  0.69434606534717414
  0.70182741833486340  0.70950732184709586  0.71741565700437382  0.72537667538024686
  0.73373534297305376  0.74268689861094106  0.75251323327633557  0.76353744142694602
  0.77584054862976093  0.78957470065651214  0.80466501356567566  0.82086769737253784
  0.83853211751782708  0.85985479949163224  0.89568648915391857  1.00000000000000000
   3.0693293072048588E-003  -1.0000000000000000     
 F F F F F F F F F F F F F F F F F F F F F F F F F F F F F F F F F F F F F F F F F F F F F F F F F F F F F F F F F F F F F F F F F F F F F F F F F F F F F F F F F F F F F F F F F F F F F F F F F F F F F F F F F F F F F F F F F F F F F F F F F F F F F F F F
  <DiscreteSampler_grid>
  grouped_processes
  1 # 1 for a reference and 2 for a running grid.
  10 # Attribute 'min_bin_probing_points' of the grid.
  1 # Attribute 'grid_mode' of the grid. 1=='default',2=='initialization'
  0.0000000000000000 # Attribute 'small_contrib_threshold' of the grid.
  0.5000000000000000 # Attribute 'damping_power' of the grid.
 # binID   n_entries weight   weight_sqr   abs_weight
    10   10   5.811490395006572E+001   1.418983098408492E+004   5.811490395006572E+001
    16   10   5.811490395006571E+001   1.418983098408491E+004   5.811490395006571E+001
    22   10   5.811490395006571E+001   1.418983098408491E+004   5.811490395006571E+001
    28   10   5.811490395006570E+001   1.418983098408491E+004   5.811490395006570E+001
  </DiscreteSampler_grid>
