 -0.00252866279237441  0.00953089498362084  0.01970439445758789  0.03023038406413443
  0.04077448125504567  0.05131540895173466  0.06185597026847318  0.07240256400969984
  0.08295081011189781  0.09349875070763719  0.10404856947495193  0.11459776562906955
  0.12514185708012823  0.13568440222939901  0.14622601543255712  0.15677339988463287
  0.16731561724763117  0.17785983104831390  0.18839843452496913  0.19893010192903704
  0.20946117573823334  0.21999787239794588  0.23054673663342742  0.24109430409753993
  0.25164252029459677  0.26218130856853444  0.27272160033744197  0.28325919064354971
  0.29379610073445672  0.30433310040470712  0.31487034662792962  0.32541915908007357
  0.33596872827485064  0.34651211455881725  0.35704899082240771  0.36758166720072871
  0.37811835135341720  0.38866195160097855  0.39920693775812394  0.40975404561319612
  0.42030062575287541  0.43084926601312318  0.44139945851829315  0.45195025938889843
  0.46249647824159740  0.47303472333899477  0.48356981930164500  0.49410747483627399
  0.50465234235317125  0.51518494119127078  0.52571790047688738  0.53625026750500904
  0.54679776328774210  0.55734639704942901  0.56789352585006658  0.57843410443891752
  0.58896845105950468  0.59950514701622715  0.61003880135545929  0.62057492826025706
  0.63110868742205239  0.64165290472556802  0.65217931649169758  0.66270387133549957
  0.67322910216339993  0.68377126637522889  0.69431930385659857  0.70485677914152922
  0.71539957139096222  0.72594000282397775  0.73648797322490678  0.74703211251295920
  0.75757437417815510  0.76811678961458096  0.77865595277658239  0.78919412753891471
  0.79973274326382093  0.81027080146322195  0.82080201976797229  0.83133288081752110
  0.84186925783984512  0.85241764573843215  0.86295645117495223  0.87349745222878294
  0.88403741618265719  0.89458507560561951  0.90513115366270647  0.91567574095532833
  0.92622348340673522  0.93676859731372175  0.94731393069586090  0.95785772998841223
  0.96840562019795184  0.97894785637451087  0.98947897333313029  1.00000000000000000
 -0.00235148207879397  0.00951007294687800  0.01965603999830633  0.03016616278658742
  0.04070366498998117  0.05124669397138409  0.06178842183270345  0.07233555605124099
  0.08288684907455503  0.09343416143777430  0.10398179934226315  0.11451101641770740
  0.12504418589873761  0.13557758349966129  0.14612323149602788  0.15667060784960571
  0.16720972755851135  0.17774167407329106  0.18825677676288943  0.19877803072002551
  0.20931047795145402  0.21985983931934289  0.23040728423579013  0.24095460231176635
  0.25150201815754974  0.26205302290232696  0.27260612537612250  0.28315812750679703
  0.29371033650666911  0.30426090137980522  0.31480632624560800  0.32534707824671200
  0.33588803237376669  0.34643575554992367  0.35698623480796704  0.36753865258416651
  0.37808471568632440  0.38862676643154154  0.39916432781881500  0.40970770783867355
  0.42025600228199500  0.43079783561693713  0.44133386321857887  0.45187165266517620
  0.46241439839324910  0.47296318204038029  0.48351169929042132  0.49405986139789165
  0.50459353590402778  0.51512356003983850  0.52565922504473084  0.53620938032367216
  0.54676291480041672  0.55731036237685472  0.56784967182539103  0.57838050461609991
  0.58891750895349271  0.59944559047062040  0.60998274169220046  0.62051796218478583
  0.63106719517692544  0.64161191274509366  0.65215945486695992  0.66270112465112219
  0.67324454206317208  0.68378797327418539  0.69433166398929591  0.70487808747853808
  0.71542028340599673  0.72596337426525537  0.73649329999162683  0.74702349684995384
  0.75755970885184076  0.76810730277679340  0.77864100312759044  0.78917558991728309
  0.79970346382912483  0.81024685565758348  0.82078625688743467  0.83133342151523903
  0.84187352863325959  0.85241865942055040  0.86295316027036695  0.87349224505984779
  0.88403025699316906  0.89457844505499151  0.90512716538887417  0.91567548498375129
  0.92622129910596573  0.93676197415292028  0.94729739748331532  0.95783437865134302
  0.96837838421863354  0.97892460952314275  0.98946456556350026  1.00000000000000000
   2.5643320067208282E-008  -1.0000000000000000     
 F F F F F F F F
  <DiscreteSampler_grid>
  grouped_processes
  1 # 1 for a reference and 2 for a running grid.
  10 # Attribute 'min_bin_probing_points' of the grid.
  1 # Attribute 'grid_mode' of the grid. 1=='default',2=='initialization'
  0.0000000000000000 # Attribute 'small_contrib_threshold' of the grid.
  0.5000000000000000 # Attribute 'damping_power' of the grid.
 # binID   n_entries weight   weight_sqr   abs_weight
    10   10   1.322623097372511E+010   1.749331857703255E+020   1.322623097372511E+010
  </DiscreteSampler_grid>
