  0.00000013117055489  0.00000016466627132  0.00000019003723945  0.00000021520186412
  0.00000024342219664  0.00000027239534688  0.00000031762515416  0.00000036267769573
  0.00000040664092944  0.00000045268729591  0.00000050589238250  0.00000056092899272
  0.00000061804038519  0.00000067957122831  0.00000074370732931  0.00000081363627459
  0.00000088689755842  0.00000096360664200  0.00000104459977434  0.00000112783122520
  0.00000121422316974  0.00000130306377048  0.00000139334155987  0.00000148840383600
  0.00000158920362892  0.00000169652566885  0.00000181245392317  0.00000194052658354
  0.00000207495073469  0.00000221882121563  0.00000236766993809  0.00000251699108740
  0.00000266347049644  0.00000281299697943  0.00000295621931534  0.00000311126314974
  0.00000327733041594  0.00000346868586446  0.00000367627742007  0.00000388690893213
  0.00000411768785602  0.00000436933191799  0.00000463574088624  0.00000492494650142
  0.00000523961282244  0.00000557631076326  0.00000593426849647  0.00000634522213878
  0.00000679997280263  0.00000726287380355  0.00000770119957768  0.00000811878941164
  0.00000855784898423  0.00000903188940344  0.00000959817772612  0.00001021310547841
  0.00001089920494100  0.00001170749486239  0.00001255176184655  0.00001341817823720
  0.00001435551886782  0.00001545052396342  0.00001665951454418  0.00001792986462060
  0.00001923930618380  0.00002072516020706  0.00002246912022730  0.00002450342882148
  0.00002706906731910  0.00002985181025863  0.00003288653380171  0.00003609427041159
  0.00003926783939985  0.00004256092334648  0.00004644347472679  0.00005247103453302
  0.00005898602614216  0.00006636961631290  0.00007455371183174  0.00008401722581773
  0.00009553271778624  0.00010977909538960  0.00012671103513904  0.00014688719713087
  0.00017314473703886  0.00020502681698666  0.00024605444223747  0.00030374760506307
  0.00038944211053602  0.00048006098240566  0.00060055259462933  0.00088839445028324
  0.00178244247592184  0.00474030101996722  0.35767418851541272  1.00000000000000000
  0.00000227664441081  0.00000238702877746  0.00000252269549903  0.00000267595218469
  0.00000283206163166  0.00000298509970208  0.00000313162547054  0.00000327430603085
  0.00000342753275810  0.00000361200237599  0.00000375944627484  0.00000390718691637
  0.00000408938994755  0.00000430918919708  0.00000457409141057  0.00000484092941862
  0.00000511204397507  0.00000539134420276  0.00000567498686311  0.00000593110573349
  0.00000621518819433  0.00000653567581648  0.00000683446186335  0.00000714614847256
  0.00000756094858135  0.00000798637101783  0.00000844209981952  0.00000896685135422
  0.00000957744043919  0.00001022640238147  0.00001089400703068  0.00001164183853309
  0.00001251823320854  0.00001361133541363  0.00001468695663539  0.00001575620410137
  0.00001691786279416  0.00001823321529661  0.00001969898585706  0.00002127572211845
  0.00002304757974024  0.00002475339450008  0.00002635841061305  0.00002791634207894
  0.00002953447053798  0.00003150866505264  0.00003348710891208  0.00003537728429975
  0.00003741992872763  0.00003965673849802  0.00004231989569877  0.00004516569371531
  0.00004802164985622  0.00005142444468141  0.00005579863082302  0.00006088375820819
  0.00006650887647464  0.00007297975044949  0.00007967428107298  0.00008702417149081
  0.00009542930613670  0.00010502650553119  0.00011558761807438  0.00012696884927557
  0.00013914088780712  0.00015239641033537  0.00016711327143870  0.00018303583886538
  0.00020072375657301  0.00022000898157836  0.00024018997407214  0.00026157480244825
  0.00028561100457813  0.00031395903554297  0.00034560745465579  0.00039194151504602
  0.00044616912956555  0.00050910493840911  0.00058314133139596  0.00066545823057807
  0.00077273182116311  0.00091337536350696  0.00109151267204763  0.00131714030259096
  0.00159641790689130  0.00198525168189611  0.00247833032202457  0.00308748823759808
  0.00403923283950455  0.00597065725975429  0.00857945940258131  0.01109675742970757
  0.01520151175177278  0.03969746938341679  0.74654652017065781  1.00000000000000000
  0.00000553276894896  0.00001746034262967  0.00002116728778016  0.00002468384563658
  0.00002782296455406  0.00003083679279372  0.00003410921061766  0.00003751573383523
  0.00004077431440456  0.00004510010049213  0.00004922302163238  0.00005356245237583
  0.00006006203919506  0.00006682929067883  0.00007542955529321  0.00008277517693494
  0.00008857295280691  0.00009390472620956  0.00009933351941400  0.00010506007432566
  0.00010998995129635  0.00011454428685294  0.00011886915709748  0.00012313571560708
  0.00012762726364563  0.00013305235573049  0.00013847811488176  0.00014380364387290
  0.00014897511227555  0.00015413748317581  0.00016013964432655  0.00016603151650727
  0.00017260015627291  0.00017897489282165  0.00018525863015177  0.00019185889579102
  0.00019898919621817  0.00020659098776974  0.00021476777539269  0.00022371650397281
  0.00023253656095691  0.00024088341151642  0.00024880323305276  0.00025702968902590
  0.00026501852048101  0.00027331043539314  0.00028187304543735  0.00029227158289665
  0.00030419642343090  0.00031655488666773  0.00032901345319436  0.00034172666891503
  0.00035592002274255  0.00036902501018453  0.00038296361858226  0.00039793880647230
  0.00041412691982642  0.00043177041099219  0.00045093631259600  0.00047326300232221
  0.00049763050625372  0.00052232000021105  0.00055242104822501  0.00058224825628698
  0.00061660787838795  0.00065303355530698  0.00069397315598472  0.00074346945842767
  0.00079540758182888  0.00084970116024927  0.00090653325935885  0.00096370036515051
  0.00102594768874032  0.00109588480981522  0.00118112975265642  0.00127741001847464
  0.00137626820592278  0.00148531341423417  0.00161218690736963  0.00177135291157916
  0.00195340953881511  0.00216036367388079  0.00240290137920331  0.00268729647131856
  0.00302145900182816  0.00343667559571362  0.00394336060135021  0.00457525685600378
  0.00537213315451912  0.00653584420275602  0.00814702631065595  0.01057353197503534
  0.01528236849458463  0.02408457474504011  0.29863886716175519  1.00000000000000000
 -0.00210295024268657  0.00945925709563226  0.01835174537790128  0.02838089764029489
  0.03918993117299206  0.04923311719464147  0.05817334282449503  0.06732235459631744
  0.07641747155296312  0.08485179771952414  0.09341118062362087  0.10239076437542968
  0.11245894937281418  0.12367310790096596  0.13477391401532773  0.14496686403782766
  0.15469916415382165  0.16439753223048093  0.17517373484802787  0.18708878319139560
  0.19975633587059799  0.21353734944123295  0.22706366360983621  0.23989305849636983
  0.25225195507883419  0.26308133130910738  0.27328507328145690  0.28353820079697217
  0.29406737893149698  0.30436886792765100  0.31495991373023263  0.32733761161994096
  0.33953018048972022  0.35055980816314308  0.36137267940995177  0.37321009669949667
  0.38290388895445865  0.39290228403220850  0.40269817115659157  0.41516819159644136
  0.42711965483126330  0.44070754756435615  0.45225684747562550  0.46364769282687934
  0.47461925090993118  0.48608488093739044  0.49752364653251668  0.51017289620318651
  0.52381697885070311  0.53692652694622633  0.54860146162868395  0.56041054686051450
  0.57133188130581503  0.58317152012918427  0.59360792686904185  0.60421287782458555
  0.61563984463912880  0.62758757025951151  0.63948004554863647  0.64967961207441782
  0.65883767946831817  0.66852064037002756  0.67922795995083107  0.69001222406085061
  0.70012257723266058  0.71147083826408464  0.72675071882088038  0.73837292853020331
  0.74873792435021247  0.75855604557604561  0.76825071514489596  0.77822072091043837
  0.78866194292758340  0.79983422604144772  0.81103704515479791  0.82118106387074541
  0.83081219023358743  0.84064618673201141  0.85064218559193028  0.86047433594637501
  0.86949870366671944  0.87877847002488152  0.88940504567703915  0.90010528168952852
  0.91110301557661011  0.91894850745464374  0.92611677333387687  0.93354606941504259
  0.94169723911407166  0.95135103167438073  0.96003841398362733  0.96810053192656764
  0.97607677569365181  0.98412932265516473  0.99158000081385955  1.00000000000000000
 -0.00141842122353460  0.00803487662197761  0.01607387324013682  0.02461424957222787
  0.03366155594151912  0.04227150977172048  0.05140475884558932  0.06078965607814268
  0.07268183953997230  0.08420512349273020  0.09532815514181718  0.10642692141728451
  0.11795505383364445  0.13043651888032470  0.14181439852535854  0.15140637542443519
  0.16044732189828120  0.16945966398844037  0.17878776107207514  0.18821623231114001
  0.19791773317440894  0.20864027676378116  0.21990466503358888  0.23068689686485080
  0.24043176328493471  0.25062691746641519  0.26158109950881914  0.27161260241022339
  0.28127426893340229  0.29071199586196045  0.30202563905596647  0.31320327636250456
  0.32424611172594098  0.33437311816226073  0.34487035570316460  0.35525151406686123
  0.36750059148677455  0.37901221738212376  0.39120861884748775  0.40434914842873199
  0.41801669902878902  0.43092712414271422  0.44318860034942043  0.45523497820838049
  0.46741228374291915  0.47816333680777801  0.48791567320661428  0.49668914430343097
  0.50538140598296266  0.51424504468606269  0.52333576028117490  0.53340413679389009
  0.54390597962480947  0.55458205728549792  0.56577178877973866  0.57697369929647824
  0.58781846712556218  0.59859227263924741  0.60952976640543466  0.62079856531560107
  0.63173131656427239  0.64245627438936337  0.65229332228954162  0.66137892777165463
  0.67051762218682431  0.67996652643315636  0.68983899521688230  0.70078658628144419
  0.71209748581835886  0.72366365875208538  0.73411046545752756  0.74404095728528274
  0.75494467773300056  0.76574627853573174  0.77566666948466789  0.78530743024521588
  0.79564786472953408  0.80620293369326712  0.81680737696417827  0.82776232789297888
  0.83885174883475611  0.85248611485622816  0.86327057538497409  0.87466816884500909
  0.88530672627715079  0.89537981986473836  0.90539378515881086  0.91508526636414178
  0.92605011098651346  0.93658473577759271  0.94709942912048128  0.95790333174353659
  0.96886654287795726  0.97946856138978389  0.98962503459720086  1.00000000000000000
 -0.00139643983612830  0.00528103989171577  0.01250539068437657  0.01956976494340212
  0.02712758657784383  0.03484063018412542  0.04185682904913112  0.04843794200764321
  0.05541163154299809  0.06324499912704040  0.07124909670813498  0.07924649145917319
  0.08741827231601705  0.09603723753951074  0.10545617023166627  0.11442229101610400
  0.12282529632290293  0.13099455515552744  0.13947507630862024  0.14837594368775908
  0.15701175100698345  0.16524923212348108  0.17377916288868192  0.18255377228197017
  0.19189425645148780  0.20203705552318135  0.21275061081492044  0.22282681701488194
  0.23216774057138159  0.24130502412691743  0.25086511559748725  0.25970151523025392
  0.26739151834365971  0.27465288671716415  0.28245635439588851  0.29125311611560628
  0.30010587440922876  0.30912220805439383  0.31894791821389329  0.32858588055051874
  0.33851326739138371  0.34829824962889039  0.35863885809377694  0.36983857699328199
  0.38112316234886856  0.39237111075113978  0.40331773642939112  0.41430616156136740
  0.42447691937816012  0.43421807838145288  0.44496636500513076  0.45649015880065547
  0.46790032912840401  0.47984072604583350  0.49339219316681415  0.50767931854319637
  0.52114207151905656  0.53314305928064132  0.54505139555002180  0.55763233065335249
  0.57085092728346998  0.58486481479941821  0.59901704000086831  0.61303826937836448
  0.62642862306865688  0.63913589659793646  0.65192129808125421  0.66559566399551728
  0.67846409911750838  0.69180989148776328  0.70422267156236462  0.71556614536580754
  0.72620803749969398  0.73654828614095047  0.74888003132269487  0.76048277483016424
  0.77269814320111507  0.78554215255848214  0.79887071139465815  0.81241697052045592
  0.82316012966570185  0.83275560100819457  0.84254661455783175  0.85330115840349696
  0.86478310271896996  0.87711662710142835  0.89079580229264244  0.90466774224079227
  0.91859881932868337  0.93251233910307230  0.94498347139392880  0.95669343604953105
  0.96768788335046696  0.97803713545514859  0.98841692351681631  1.00000000000000000
 -0.00243232068199320  0.00750800861929135  0.01738051070427079  0.02758535033542660
  0.03881886505419529  0.05164915950588460  0.06390380960989744  0.07608443582449238
  0.08760471892056627  0.09857112442379543  0.10926649153477551  0.12038175684445288
  0.13204626683340104  0.14447928591336226  0.15675702834209132  0.16800814478015824
  0.17867191421415210  0.18932933058979715  0.20051360471742791  0.21134747739717316
  0.22050863616023211  0.22992023250162258  0.23873213395600382  0.24705918190807868
  0.25509319141658854  0.26308968270081357  0.27174269531444628  0.28026379739319879
  0.28836315762345527  0.29687794888764135  0.30574401503174387  0.31442044836031052
  0.32323957985812696  0.33220543789500551  0.34195229261896598  0.35232672973898249
  0.36433079179495065  0.37730920677974827  0.39143959450629567  0.40408445338614968
  0.41563887973790903  0.42580420748060371  0.43611102952529462  0.44687409932376143
  0.45784005619104362  0.46924415566649103  0.48093128731277096  0.49183241362990615
  0.50206699377693298  0.51145273783742584  0.52058925829297542  0.53029862740635225
  0.54042837852759562  0.55115401707567513  0.56207655012924551  0.57260134341419378
  0.58357058973449460  0.59581637270219490  0.60770668529834915  0.61936438975582975
  0.63225111799970024  0.64544190218285369  0.65728137943705423  0.66803157539243874
  0.67755189447636621  0.68753326324388775  0.69646835381583638  0.70415973216208239
  0.71159005913126405  0.71961676405391695  0.72930016267923303  0.73917240648929083
  0.74860834751899552  0.75814339452154178  0.76795596807547206  0.77733221459548651
  0.78623514365441205  0.79499306171028994  0.80471597132094519  0.81393208544222961
  0.82277781690665197  0.83262490154372881  0.84409944923932678  0.85580253429222686
  0.86683971932763393  0.87794044507787738  0.89016313312512096  0.90266295680017961
  0.91394665242476891  0.92504405781328913  0.93598910515903744  0.94724579025795774
  0.95964924529941376  0.97301740680008564  0.98597675762322934  1.00000000000000000
 -0.00184193552168164  0.00868496774793513  0.01772601569287376  0.02782181188918114
  0.03743959269370022  0.04723338976588995  0.05704027599098204  0.06752654922625986
  0.07868079879860199  0.09001531709509905  0.10167409406946805  0.11390733990788765
  0.12629785347340397  0.13870119925167362  0.14889465137402785  0.15895412107488355
  0.16673748207004480  0.17441373791247197  0.18249641247134188  0.19234460660112737
  0.20350874919257406  0.21421182030509409  0.22511536596234727  0.23729736734381848
  0.25037247273066776  0.26131007497655812  0.27169519795336278  0.28131721825556255
  0.29199460646802056  0.30307769439523302  0.31506206406236181  0.32760961652769605
  0.33923418323142102  0.34991964416629096  0.36018124725259348  0.37080693498067596
  0.38130350601983032  0.39182616280557231  0.40285665615912503  0.41359485052357653
  0.42512961494660734  0.43661117464465704  0.44804363542327358  0.46006806892800556
  0.47171397579406876  0.48308446379377451  0.49438286261374348  0.50581987762493552
  0.51896230721688219  0.53229177300159036  0.54520878167071651  0.55792295328548402
  0.56947597808278771  0.57970609338611723  0.58953151839340800  0.59937872916979462
  0.60966325220283790  0.62022624360223888  0.63076206757104414  0.64126014739091397
  0.65026804233577762  0.65907351915827317  0.66874189488984004  0.67791275286891739
  0.68651166850548218  0.69563013610050739  0.70360804376512787  0.71263858278934222
  0.72129459149063002  0.72962314726541411  0.73782799512430486  0.74566578341141732
  0.75383075882954065  0.76309607420001813  0.77324773660590795  0.78442755955009102
  0.79619795677753180  0.80784470816069620  0.81914309289903209  0.83000500223448515
  0.84038386399651832  0.85137720023537578  0.86357245066968646  0.87647327834354583
  0.88839764908582575  0.89921470121209557  0.91000683315083830  0.92158434357220775
  0.93317948425027242  0.94380495798604402  0.95349578263354462  0.96304294721955608
  0.97217630962895929  0.98098729401936180  0.98954572802288954  1.00000000000000000
  0.28827654792886859  0.29555231567463569  0.30757001118108995  0.32078023444930648
  0.33386083684071277  0.34306170245993323  0.35157712534009572  0.35884843351193269
  0.36587955201434413  0.37413752798302341  0.38193778599664224  0.39349621549536584
  0.40175724696135051  0.40845065821907028  0.41421216612769268  0.42048205760119683
  0.42693831845291919  0.43535259437855267  0.44332456690023397  0.45111998768487299
  0.46031685864725608  0.46959200777075910  0.47706862617859891  0.48339862305420966
  0.48973630193986017  0.49682915205237910  0.50521779303009939  0.51391894330997512
  0.52266101401546494  0.53149709992548400  0.53941348835229519  0.54727061455782078
  0.55507716406240448  0.56531928051057978  0.57689916942174568  0.58662222862801350
  0.59521331382153342  0.60340217677551056  0.61180235412461925  0.62035815185221221
  0.62914920245617756  0.63790701724750698  0.64551910753643182  0.65356313782801911
  0.66172606716267102  0.66869205578713087  0.67602581027572661  0.68393602374601059
  0.69279417369255802  0.70107799007919447  0.70843589873307589  0.71452681790583417
  0.72037779837490490  0.72612603291625621  0.73189742773474065  0.73786416893578266
  0.74413706854654538  0.74938337840196778  0.75468065190498623  0.76002833958074756
  0.76600326120223672  0.77268811553142958  0.77966487739234858  0.78643921197966715
  0.79326772214040520  0.80029371776313063  0.80725147786334961  0.81408923099072106
  0.82096639515155190  0.82769181891082766  0.83471255396546096  0.84159155995123569
  0.84839044123558416  0.85526049301684359  0.86212987655609274  0.86877465594032122
  0.87534830127872709  0.88128316645705196  0.88709061205384765  0.89323746884726796
  0.89936707912248515  0.90590208714687770  0.91225106993072191  0.91829800321820665
  0.92437679697770581  0.93036114718223584  0.93648600526524672  0.94276329631274858
  0.94901544357970058  0.95516829825738125  0.96144471081463945  0.96813364859617235
  0.97516016561297147  0.98296627605355591  0.99131713196610716  1.00000000000000000
 -0.00835604345335489  0.05194334741195666  0.08034058323949260  0.09635032476496347
  0.10842539968991757  0.11734318367907405  0.12582994031300418  0.13350625274774294
  0.14152494269149002  0.14972424048751681  0.15814549394645630  0.16644889496971466
  0.17309354012546618  0.17922066897770569  0.18531781533834030  0.19151827229345175
  0.19757643529496072  0.20349574248315189  0.20930853060415364  0.21512751048484685
  0.22120492579548340  0.22732472757629493  0.23381268661194424  0.24002245076866768
  0.24586773362407544  0.25185993822674407  0.25780901444566534  0.26323565616501782
  0.26916947664865232  0.27483654752783138  0.28095641779885788  0.28683278303315235
  0.29241425262746296  0.29805233925396885  0.30387884103034463  0.30959443693023464
  0.31577627656675267  0.32144118020341333  0.32702028546521211  0.33260876066117195
  0.33767573073985419  0.34260683490913924  0.34775780423969094  0.35276270952803401
  0.35778388740588402  0.36283033376317136  0.36816925341849766  0.37265280854224048
  0.37715763556445153  0.38139683548007891  0.38577242416319651  0.39029355558140999
  0.39482400804863832  0.40134321930676448  0.40823293202067312  0.41415453603811209
  0.42126961563353887  0.42829053486955349  0.43545455000696548  0.44323035436034031
  0.45142219437745029  0.45941884442811431  0.46675470983840800  0.47412154394628930
  0.48135455216352097  0.48885754401412024  0.49664487928864576  0.50452985679641560
  0.51244131806450011  0.52051669596341543  0.52852224842516360  0.53628890332306622
  0.54432276892960707  0.55227520030599386  0.56106826526627607  0.56980514484183464
  0.57709792901757284  0.58502922256195977  0.59414758062816131  0.60533923160773462
  0.61758509441832488  0.62986637398441592  0.64176829460235629  0.65351855065623388
  0.66641655235691499  0.68030885678966480  0.69576897840218010  0.71213069441697152
  0.72867663394266291  0.74643108950294601  0.76490204974776632  0.78659567084761783
  0.80916450547025898  0.83456590166628242  0.87462908923736038  1.00000000000000000
   8.8962743126742103E-003  -1.0000000000000000     
 F F F F F F F F F F F F F F F F F F F F F F F F F F F F F F F F F F F F F F F F F F F F F F F F F F F F F F F F F F F F F F F F F F F F F F F F F F F F F F F F F F F F F F F F F F F F F F F F F F F F F F F F F F F F F F F F F F F F F F F F F F F F F F F F
  <DiscreteSampler_grid>
  grouped_processes
  1 # 1 for a reference and 2 for a running grid.
  10 # Attribute 'min_bin_probing_points' of the grid.
  1 # Attribute 'grid_mode' of the grid. 1=='default',2=='initialization'
  0.0000000000000000 # Attribute 'small_contrib_threshold' of the grid.
  0.5000000000000000 # Attribute 'damping_power' of the grid.
 # binID   n_entries weight   weight_sqr   abs_weight
    13   10   7.678723415329719E+002   1.973700248251243E+006   7.678723415329719E+002
    14   10   7.678723415329716E+002   1.973700248251240E+006   7.678723415329716E+002
    16   10   8.904835329920792E+002   2.807287221681694E+006   8.904835329920792E+002
    17   10   8.904835329920788E+002   2.807287221681691E+006   8.904835329920788E+002
    22   10   8.904835329920792E+002   2.807287221681694E+006   8.904835329920792E+002
    23   10   8.904835329920792E+002   2.807287221681694E+006   8.904835329920792E+002
    25   10   7.678723415329719E+002   1.973700248251243E+006   7.678723415329719E+002
    26   10   7.678723415329716E+002   1.973700248251241E+006   7.678723415329716E+002
  </DiscreteSampler_grid>
