  0.00000008841431726  0.00000016917072668  0.00000024992713609  0.00000031313900538
  0.00000036041004695  0.00000041591503849  0.00000048637523988  0.00000056795310372
  0.00000065304647447  0.00000074325995240  0.00000084674568952  0.00000095332732970
  0.00000107377862128  0.00000120632592972  0.00000134418833871  0.00000148392676827
  0.00000162138896683  0.00000176432573654  0.00000192467295280  0.00000211679238672
  0.00000238018684434  0.00000271993312007  0.00000303607612322  0.00000335366610662
  0.00000370420963516  0.00000411741733579  0.00000456101598063  0.00000495569252353
  0.00000531636286194  0.00000568963653508  0.00000605482614329  0.00000644866860210
  0.00000686640762136  0.00000732321387902  0.00000806127517869  0.00000879106960501
  0.00000964280273655  0.00001043123715014  0.00001109326815900  0.00001174420348913
  0.00001245596451056  0.00001332435333550  0.00001438098629092  0.00001530486678038
  0.00001610052504875  0.00001694330327115  0.00001793347190198  0.00001915224841822
  0.00002050368628127  0.00002199575715799  0.00002366225175251  0.00002556710463850
  0.00002764969807883  0.00002998590898267  0.00003253663850322  0.00003555764827829
  0.00003865321083170  0.00004180876126652  0.00004477945322852  0.00004802933042038
  0.00005179528388484  0.00005669593608577  0.00006302517736058  0.00006973980217407
  0.00007625312556542  0.00008275504117887  0.00008964234685620  0.00009815058244409
  0.00010890594361991  0.00012109696266535  0.00013180632208401  0.00014305230806503
  0.00015594852549690  0.00017011110045507  0.00018485250962513  0.00020161695165934
  0.00022096968471297  0.00023898327203194  0.00025996888465466  0.00028351674078386
  0.00031516378594058  0.00035515759746788  0.00040019233704406  0.00045218997333493
  0.00051618361673426  0.00060893029142694  0.00075188122116657  0.00093782214071841
  0.00112632336091310  0.00134569705286757  0.00170733761120183  0.00260845146926081
  0.00387308699142027  0.00659075421956258  0.18478518103587543  1.00000000000000000
  0.00000012706847292  0.00000013677591547  0.00000014913415509  0.00000016971847528
  0.00000019419282418  0.00000022213468456  0.00000027907466867  0.00000034228704086
  0.00000040540705847  0.00000047619328164  0.00000055503514825  0.00000064539790233
  0.00000074723165784  0.00000085630385648  0.00000096659472285  0.00000108934754718
  0.00000126078758661  0.00000144855131813  0.00000165056291450  0.00000185806659295
  0.00000208459691514  0.00000234150575427  0.00000263034705512  0.00000296217377766
  0.00000326126828676  0.00000355087565834  0.00000386489280518  0.00000415828948446
  0.00000442365115630  0.00000468428583106  0.00000496661137646  0.00000530220787358
  0.00000568306063129  0.00000611837141859  0.00000659568998942  0.00000712974816434
  0.00000769302458177  0.00000830546781740  0.00000902412544342  0.00000983091188584
  0.00001067336767163  0.00001148315129958  0.00001241182987624  0.00001336490288422
  0.00001442741142101  0.00001559452446037  0.00001683896279529  0.00001795839437714
  0.00001906760857205  0.00002021451509223  0.00002139006357835  0.00002257321664019
  0.00002391713180427  0.00002540608660052  0.00002730735136553  0.00002950526821912
  0.00003192936892155  0.00003476854870042  0.00003776558069874  0.00004099248988548
  0.00004464212679099  0.00004899504112793  0.00005428064022270  0.00005974978638136
  0.00006546277608091  0.00007183528168857  0.00007943332643330  0.00008846645711084
  0.00009890521926460  0.00010958587534384  0.00012072035325004  0.00013428041602102
  0.00015153505957238  0.00016759263246088  0.00017912318615325  0.00019194629426750
  0.00020607379166723  0.00022278110174596  0.00023963731308983  0.00026123694116704
  0.00030018056602356  0.00034472080322307  0.00039227094741571  0.00045684495225281
  0.00052100343639446  0.00059322000939651  0.00067710657024114  0.00080329853013498
  0.00099893051652766  0.00122811369783761  0.00167009954389703  0.00230120406029455
  0.00357420553332082  0.00698560933847713  0.51842759967983831  1.00000000000000000
 -0.00000669432583475  0.00017992303726923  0.00078064705883794  0.00190672227400801
  0.00377301573814071  0.00638287240594342  0.00946020866268296  0.01286549711958428
  0.01664647288029893  0.02127320788640369  0.02596353746140942  0.03014982803509531
  0.03452337799308557  0.03937455791411267  0.04376137340483091  0.04807498992065464
  0.05287701849877231  0.05673801335941523  0.06018001739351739  0.06392918370539050
  0.06777261428189191  0.07182070680117739  0.07602995560873910  0.08179400232504984
  0.08929586818981136  0.09694187988158913  0.10451580607442720  0.11241148213251025
  0.12090998734748304  0.12944185066003719  0.13772267238176164  0.14632268284849123
  0.15562459060992795  0.16427187608514734  0.17267923126514220  0.18157043371741571
  0.19327238279471956  0.20830026794007953  0.22428025994616746  0.24038922068042501
  0.25627028191113393  0.27243561087307083  0.28918280041528832  0.30647387132693632
  0.32356880036964958  0.33941560843150426  0.35450674017278172  0.37046467454928766
  0.38694460479106030  0.40345292637730396  0.41962308003493282  0.43528285291546043
  0.45016209549092845  0.46586551289564826  0.48151459211008535  0.49651323831237054
  0.51061230234838562  0.52491261792144051  0.53979167451319410  0.55571314102086766
  0.57301044790447309  0.59040332958842734  0.60569325744259928  0.62058890079129203
  0.63516742842495233  0.64948144468966884  0.66481418685795046  0.67827704161091040
  0.68937351453338291  0.69993618903133081  0.71137124540156771  0.72262504504497393
  0.73371744212904688  0.74422564009005288  0.75650267990700537  0.76849241254268930
  0.78119736034494558  0.79499891908593945  0.80940311335082638  0.82316746317875789
  0.83588317202842222  0.84786412107163556  0.85902086395214006  0.87103393436546639
  0.88339001577956033  0.89542159692165468  0.90675427931181374  0.91753998817751092
  0.92833662434384423  0.93859207088597219  0.94840245157413328  0.95809578830935294
  0.96874779125451727  0.97916926648560254  0.98956526768464492  1.00000000000000000
 -0.00217415279578651  0.00757608614532040  0.01783325917960789  0.02826949455645654
  0.04061422733070726  0.05248548881273476  0.06602243707495434  0.08012835965120141
  0.09478441700987361  0.10905679433334745  0.12421954574693352  0.13736980410624078
  0.15017861012641953  0.16073479265844964  0.16899653580597124  0.17577840638923703
  0.18297067277322082  0.19233006801334745  0.20198967351847610  0.21115383001917282
  0.21958492805595467  0.22741463148106159  0.23831861735228382  0.25132124559657187
  0.26217004299469882  0.27284681145172024  0.28300017742112676  0.29328152439959537
  0.30373143536148683  0.31369911397504469  0.32415192926279890  0.33389136564367317
  0.34152839743063040  0.34943685987946388  0.35685171492745321  0.36258867728553817
  0.36862894084387809  0.37624047667526112  0.38476026068388169  0.39257450642945579
  0.40003560983967390  0.40801087669965674  0.41649084173794737  0.42808782837189230
  0.44168360947718227  0.45410723436303818  0.46542720663744092  0.47534692307575704
  0.48344350287017546  0.49041637016726253  0.49857383978865422  0.50803927779548008
  0.51860900719163061  0.52842235502238188  0.53685227408118352  0.54609386679126526
  0.55762357418221176  0.56907508594014755  0.58036963450148682  0.59224783998817110
  0.60450781287596989  0.61632240458182008  0.62834171399238281  0.64095220665073116
  0.65415297857400334  0.66836594557823215  0.68424930220259983  0.69885116583655038
  0.71026610289898395  0.72017725334380367  0.72907133578215788  0.73767772327561776
  0.74651036369838641  0.75557263386612794  0.76493372775621815  0.77534062645163027
  0.78621051383573892  0.79779565390318274  0.81012024093963864  0.82208424486335763
  0.83447601758028866  0.84652354989556178  0.85795195736960461  0.86945637170228762
  0.87961582641650293  0.89099243995064914  0.90087510103400192  0.91207994838128204
  0.92250672658689770  0.93215568491733936  0.94182755073517999  0.95077964401456672
  0.96089865800262908  0.97313139128337300  0.98662487773569307  1.00000000000000000
 -0.00285005950150599  0.00988258666763195  0.02063683211197250  0.02953852049975570
  0.03755620827539824  0.04513608672652953  0.05234678760953200  0.06128113565874269
  0.06982613574263635  0.07823668260061994  0.08690842302556864  0.09558142463033442
  0.10473632521065872  0.11455413277146646  0.12587264083098240  0.13886354275202661
  0.14874924088700991  0.15498712902502274  0.16102222622350407  0.16701128475186147
  0.17351306757130203  0.18020297293917578  0.18751861007940820  0.19391707470347538
  0.19958850941665465  0.20419500910393287  0.21117220112075002  0.22218461744353654
  0.23296172666473194  0.24289541084991972  0.25243168113494940  0.26150156301861038
  0.27019887757164829  0.27921778417952703  0.28862211571746998  0.29931916727534269
  0.31089767645329125  0.32335969802878506  0.33677319637849401  0.34963020456131860
  0.36073182218187144  0.37082973042296791  0.38082722189092244  0.39154632162041930
  0.40311080336705846  0.41581172697176566  0.42729072489520298  0.43896788667573483
  0.45142941829209476  0.46374755645830240  0.47560804980611088  0.48818073020062969
  0.50121184072079905  0.51454274299946623  0.52884271295269092  0.54433577398740851
  0.55846565166924722  0.57279317882664804  0.58688503307173467  0.60128280603520556
  0.61512276800588039  0.62810256211047655  0.64038297115875309  0.65280844337521127
  0.66639557336435840  0.68143860044877225  0.69458317264428859  0.70719149588330510
  0.71915122813716625  0.73141440811341685  0.74397192389240263  0.76052209605660070
  0.77458673518084575  0.78667172940687979  0.79747502202346821  0.80797168369266914
  0.81731696571789481  0.82758933367058918  0.83636841709741661  0.84381993166538294
  0.85156299550221415  0.85938531123835049  0.86873041313603716  0.87906006053022234
  0.88950389483962033  0.90150129998408224  0.91330430010572905  0.92507122717867707
  0.93798997522289196  0.95071059650337764  0.96162101020512625  0.96839389043959334
  0.97506713577941029  0.98169611664371792  0.98983424521414853  1.00000000000000000
 -0.00328047853982525  0.01353333064948895  0.02861327642654356  0.04336012374914486
  0.05891774045877259  0.07474575270354175  0.08848954145084274  0.09878809052791690
  0.10932128437762079  0.11862639346886958  0.12814635632537483  0.13714927542403288
  0.14892104294481287  0.16220548895117115  0.17424351042822711  0.18519211087705562
  0.19614119578248990  0.20672850984276961  0.21655775886054590  0.22702096541714661
  0.23885245992191059  0.25138088823329990  0.26270212061047071  0.27217123383785019
  0.28064274241745163  0.28938223930149914  0.29857986076337067  0.30741846760306896
  0.31560690651817486  0.32337475810668598  0.33193318751502493  0.34190975906543791
  0.35264310479306576  0.36363644375194704  0.37213850965487166  0.38547047019489866
  0.39869747969589925  0.41077187156118405  0.42113452991612632  0.43176424607168856
  0.44279233647055921  0.45523428558273082  0.46846699825873733  0.47977172985331251
  0.48962247468058911  0.49896279425962115  0.50822655926284521  0.51830899150200016
  0.52939544934320282  0.54272194056535794  0.55483649345860730  0.56485045441695270
  0.57431632703089053  0.58370624180724451  0.59464919236548031  0.60580910362374363
  0.61429234650570519  0.62184520460138137  0.62992960037336698  0.63753162075887770
  0.64471652620819497  0.65252889647932488  0.66043987852848329  0.66905665171384698
  0.67996318676696954  0.69235754834540542  0.70556374328825433  0.71746652845999825
  0.72822416438430704  0.73865674291025984  0.74884358228229397  0.75833467491906437
  0.76725455035527401  0.77607594242772160  0.78623936205722411  0.79756548288321782
  0.81101547231304250  0.82407417556391827  0.83706643707042172  0.84972888460535279
  0.86157796844379031  0.87334249653131235  0.88562188226468064  0.89758263448752318
  0.90886028412392839  0.92062608548408231  0.93224689164020502  0.94172972924955145
  0.94886646713377631  0.95549240274505920  0.96183701342018479  0.96847664354224017
  0.97595071321750260  0.98411201864225617  0.99205226122203871  1.00000000000000000
  0.00565126203631479  0.01025490172658136  0.02171193093250638  0.03908426646955265
  0.05598622574258043  0.06835561914663350  0.07904136954339208  0.08998165413154609
  0.10342234985553317  0.11733134672769710  0.13057019011614193  0.14236084027611742
  0.15594535587266203  0.16808404527787849  0.17919618382865535  0.19004855285942196
  0.20092896723678386  0.21147407018609984  0.22083633878457479  0.22964482333031072
  0.23899988653351933  0.24798599351174272  0.25734175403316173  0.26657504918264574
  0.27632402627843944  0.28665119299124514  0.29608915514158757  0.30555002988001001
  0.31391936207053056  0.32054440247124516  0.32734002464881856  0.33432868875906652
  0.34145135752520672  0.34792246672648497  0.35429872823328357  0.36104032862789520
  0.36803448948005102  0.37507496176478672  0.38310676219299067  0.39172259928149261
  0.39988886825675390  0.40678462799764908  0.41283857129890400  0.41824157453733696
  0.42423736028022213  0.43098101802814748  0.43882923597082052  0.44726852382517412
  0.45443739692651602  0.46437988880678738  0.47645903953005836  0.48835338544396556
  0.49966822814364886  0.51185740488462328  0.52447925875540868  0.53783087739396063
  0.54955149107285528  0.55988073038498365  0.56973148135735230  0.57966745456591540
  0.58977763359451918  0.60029136717472109  0.61088423436086692  0.62048331863619277
  0.62947564162242031  0.63848196345836783  0.64774477095634464  0.65839271958223400
  0.66858826214311728  0.68068686018381130  0.69230126911882550  0.70437735187396933
  0.71780970497882690  0.73093803534252333  0.74155267262596403  0.75325486934283536
  0.76365212667093840  0.77349702072122162  0.78235248037556959  0.79264918699032449
  0.80384616223291971  0.81518885196358437  0.82594111237143031  0.83628477723219563
  0.84596305287195073  0.85614642914474604  0.86716314258150318  0.87964170420851562
  0.89375262942014777  0.91018899891053751  0.92659438774278757  0.94146326089528587
  0.95256017588426423  0.96269961063428000  0.97313799239329890  1.00000000000000000
 -0.00361825216787970  0.01380711106511873  0.02637743753462144  0.03740572570892892
  0.04879076872069060  0.05916637924230626  0.06938079318248808  0.07927641368618379
  0.09025864376165162  0.10113954384386227  0.11170839699881641  0.12337295057170784
  0.13523036048644302  0.14537811835261974  0.15414851722136144  0.16293547782363688
  0.17355663896439752  0.18501783384907344  0.19655137311694698  0.20612567968553128
  0.21357738159821835  0.22001356080535878  0.22715447384945942  0.23425775585934414
  0.24132742050756831  0.24877825761581684  0.25678334751580151  0.26504830294723680
  0.27437454111993154  0.28772415899110465  0.30231764700008462  0.31704298357271787
  0.33112758959983535  0.34356052055779962  0.35482311877084455  0.36595930611129968
  0.37732743079445291  0.38927966677363079  0.40187047783204755  0.41392796115321417
  0.42774271182977247  0.44043224610089227  0.45199643194825201  0.46305255382348942
  0.47423310262145740  0.48506464311951014  0.49471002048026175  0.50436136657983321
  0.51389268103886021  0.52317608937317917  0.53308491378188361  0.54381597967105622
  0.56336513249958275  0.57466793860825649  0.58607854995347763  0.59753530188014792
  0.60842692322791381  0.61845675372483755  0.62757428285401806  0.63533263340221280
  0.64327917032275195  0.65080364471260277  0.65874876779531322  0.66631290479129324
  0.67518727532735590  0.68400365733937252  0.69646642987233642  0.71275473378708853
  0.72859688042372628  0.74366943290381438  0.75648649167828663  0.76639617515333647
  0.77536252644203085  0.78380593007425836  0.79215360053395956  0.80192299131182143
  0.81283199075306523  0.82384290989447551  0.83421543983831337  0.84408376521674999
  0.85434723373408505  0.86343590975066042  0.87312413191686877  0.88353464602418985
  0.89297925259637434  0.90158967409723867  0.90968014843317391  0.91870272362376304
  0.92798421132049980  0.93621344452892197  0.94467050714885870  0.95415948163448494
  0.96534200309292162  0.97785997536924796  0.98869140682672918  1.00000000000000000
  0.40539254895788962  0.42144599296156948  0.43462729509021009  0.45467596809674327
  0.47126734062694475  0.48130286043644549  0.48745853757528518  0.49106116864438537
  0.50246674060435981  0.51203882546763069  0.51983334579289364  0.52603254126540433
  0.53104231818972081  0.53516277535606260  0.53898607753215289  0.54402227716805240
  0.54971413514735334  0.55641102902552841  0.56353754880113782  0.57134137125578888
  0.58000937752487414  0.58736280067262814  0.59419667863240822  0.60033823616345683
  0.60460060937830107  0.60839958657046778  0.61218182417212830  0.61793922628572551
  0.62317544663929469  0.62745375233462319  0.63170415294975091  0.63739868428981006
  0.64452912583820632  0.65245011351454341  0.66107978991114469  0.67018486367653429
  0.67782533090232611  0.68498367794653459  0.69041487117621714  0.69562148869480744
  0.70049237280811727  0.70621879686981115  0.71198168279199758  0.71816742162884317
  0.72442724799660652  0.73051400599323246  0.73626418041349695  0.74166445682610671
  0.74722468219173077  0.75364306586089069  0.76021449539463848  0.76661059906044193
  0.77227344781432761  0.77630723946731317  0.78126696647327276  0.78650084355438210
  0.79165503293600836  0.79692231099029565  0.80263134500260425  0.80790104247185479
  0.81226605310667255  0.81616286490265000  0.82015970081587619  0.82468007477920391
  0.82933058464888998  0.83388066710845543  0.83891681434244503  0.84412337104919766
  0.84993048931676041  0.85557938579392367  0.86115544172406655  0.86672627120499890
  0.87209032843426559  0.87771753825664534  0.88408652617513372  0.89052594516086780
  0.89654648957526295  0.90184846802282137  0.90690942678241571  0.91216053955657661
  0.91735541660104380  0.92183545122074195  0.92581802540889591  0.92952367816627668
  0.93314163313980192  0.93693093363036883  0.94098362896648702  0.94551842923387119
  0.95008642983259783  0.95451563070289880  0.95926689708645452  0.96480407056113549
  0.97100906746951943  0.97748326789035411  0.98729656985826275  1.00000000000000000
 -0.01995871342744168  0.14438713792182536  0.19097340417711170  0.21629912479002886
  0.23868735314556960  0.26017162247661724  0.27925928401221878  0.29671165397217303
  0.31341051437093392  0.32797238959432934  0.34110613255010463  0.35408609813521508
  0.36654249907978409  0.37708371752660508  0.38784432903997185  0.39753751864969622
  0.40606742019021225  0.41397590693178493  0.42130767914357381  0.42879935320230905
  0.43631214034000199  0.44420680776145827  0.45308788414397044  0.46271904850505791
  0.47195526672496968  0.48004001761106463  0.48731504357400030  0.49408937220191101
  0.50057861759260247  0.50741425056700573  0.51602074482036653  0.52481838953219939
  0.53370141469351140  0.54388677202415736  0.55342559543283909  0.56215368367789109
  0.57007297601198426  0.57712369772758199  0.58347190498577384  0.58837260837609118
  0.59245834240288575  0.59645768530891385  0.60040364556769354  0.60436723677828774
  0.60853954099300822  0.61261596164606669  0.61674909022288293  0.62082720502587696
  0.62464140726186246  0.62829230653397783  0.63183216027077971  0.63533312195326352
  0.63858645236812073  0.64285939158601146  0.64740144124934740  0.65166742790185839
  0.65655651187378961  0.66136963487975442  0.66683355974417202  0.67343153929625377
  0.68111284365872093  0.68915826440391048  0.69640640940178711  0.70283043385295296
  0.70851549406945669  0.71302135995793181  0.71774623672644833  0.72283465609225650
  0.72822927144255500  0.73377575168317644  0.73906681483771963  0.74378671034381671
  0.74875272150945826  0.75416981528665938  0.76121685562389074  0.76756537728394714
  0.77484301404915279  0.78225994789389208  0.78956617655850636  0.79674213976699504
  0.80376050028214063  0.81099144855342886  0.81867354393193081  0.82699859627808203
  0.83452854493436146  0.83988300300932084  0.84511422863359409  0.85132487544583590
  0.85841197581785345  0.86650236193647023  0.87482080762084091  0.88329104864942976
  0.89200396914977509  0.90673534841091508  0.93378155994425882  1.00000000000000000
   5.1091510800348460E-005  -1.0000000000000000     
 F F F F F F F F F F F F F F F F F F F F F F F F F F F F F F F F F F F F F F F F F F F F F F F F F F F F F F F F F F F F F F F F F F F F F F F F F F F F F F F F F F F F F F F F F F F F F F F F F F F F F F F F F F F F F F F F F F F F F F F F F F F F F F F F
  <DiscreteSampler_grid>
  grouped_processes
  1 # 1 for a reference and 2 for a running grid.
  10 # Attribute 'min_bin_probing_points' of the grid.
  1 # Attribute 'grid_mode' of the grid. 1=='default',2=='initialization'
  0.0000000000000000 # Attribute 'small_contrib_threshold' of the grid.
  0.5000000000000000 # Attribute 'damping_power' of the grid.
 # binID   n_entries weight   weight_sqr   abs_weight
    10   10   1.869683956594274E+004   2.700966625518306E+009   1.869683956594274E+004
    11   10   1.869683956594277E+004   2.700966625518302E+009   1.869683956594277E+004
    16   10   1.869683956594274E+004   2.700966625518305E+009   1.869683956594274E+004
    17   10   1.869683956594277E+004   2.700966625518304E+009   1.869683956594277E+004
  </DiscreteSampler_grid>
