  0.00000494508775105  0.00000503617982115  0.00000512256551543  0.00000521180274874
  0.00000530687302395  0.00000541819046602  0.00000555916055277  0.00000571440480489
  0.00000588273539592  0.00000605885117720  0.00000624422712243  0.00000644166592368
  0.00000664835459188  0.00000686412924224  0.00000709100349375  0.00000734134007160
  0.00000760821965457  0.00000788208981836  0.00000817740284176  0.00000848093803258
  0.00000879154004854  0.00000911493082138  0.00000946727196784  0.00000986014513625
  0.00001029402271119  0.00001074502405550  0.00001121473823300  0.00001169767344951
  0.00001219426584958  0.00001271433634541  0.00001326758804515  0.00001383952918592
  0.00001442875636986  0.00001503727578846  0.00001566563354538  0.00001632070404155
  0.00001701372233324  0.00001774323020086  0.00001850139054014  0.00001929036256779
  0.00002012620444433  0.00002099908726241  0.00002194238794046  0.00002296739662456
  0.00002402816094610  0.00002511063848897  0.00002623815474586  0.00002742417941844
  0.00002867265825291  0.00002999458689365  0.00003139290815511  0.00003286314928698
  0.00003441874607748  0.00003606522516933  0.00003779037120860  0.00003958622994995
  0.00004150629560010  0.00004351811669488  0.00004563679396296  0.00004784624341665
  0.00005018648713829  0.00005270104509459  0.00005540232587322  0.00005829354606856
  0.00006139393101876  0.00006469350771476  0.00006826013053995  0.00007214414339424
  0.00007630169857609  0.00008072729268326  0.00008549657603101  0.00009076462345698
  0.00009663631845365  0.00010312510422480  0.00011032616859336  0.00011845465176180
  0.00012775276288035  0.00013835672350121  0.00015047046291696  0.00016448118230226
  0.00018079392374877  0.00020023736373058  0.00022389944763331  0.00025277964764206
  0.00028770210378671  0.00033172689238611  0.00038972129984586  0.00046871609457992
  0.00058106438361521  0.00076482441229393  0.00114453037072956  0.00175927829601733
  0.00288937111532231  0.02509160687413726  0.50204037682162128  1.00000000000000000
  0.00000513005873629  0.00000588865476398  0.00000641720962250  0.00000700276342092
  0.00000759977023055  0.00000821730359154  0.00000886126133437  0.00000953464561549
  0.00001024943969249  0.00001100624738232  0.00001179120674905  0.00001260022244872
  0.00001344585396744  0.00001434244856897  0.00001529398730891  0.00001628325717481
  0.00001730193676307  0.00001836126605608  0.00001947343824887  0.00002063899029444
  0.00002185523206347  0.00002310877152703  0.00002440499609941  0.00002574912854385
  0.00002714037241086  0.00002857349335253  0.00003003556977840  0.00003153748674206
  0.00003309141095151  0.00003471547226312  0.00003641948640996  0.00003815663289299
  0.00003991371375072  0.00004173992712220  0.00004361878831025  0.00004554055378177
  0.00004761448480818  0.00004968907127896  0.00005194589605437  0.00005431710710666
  0.00005680957971678  0.00005940769331631  0.00006212022024032  0.00006498037673009
  0.00006796026100147  0.00007105207791708  0.00007427319896273  0.00007765007146791
  0.00008120169506747  0.00008494194607482  0.00008887395742999  0.00009301609930374
  0.00009726384699540  0.00010166342059416  0.00010637194573110  0.00011149176408021
  0.00011690410580628  0.00012252765637925  0.00012844373528739  0.00013463922142022
  0.00014117441321795  0.00014811655752387  0.00015550034782671  0.00016355959999637
  0.00017240214398307  0.00018192541220055  0.00019222353871639  0.00020305859913397
  0.00021347397509636  0.00022395414009193  0.00023509438066883  0.00024785862716325
  0.00026305184421307  0.00028067590565696  0.00030035830035036  0.00032161788809898
  0.00034390451199087  0.00036752862923862  0.00039443535151530  0.00042698938197303
  0.00046550676315630  0.00051120572037690  0.00056391929958999  0.00062321757719408
  0.00069342455415829  0.00078179252539767  0.00089107393697720  0.00103123832101392
  0.00121113159750971  0.00148746868732192  0.00193914925004144  0.00270900922970153
  0.00397157627833951  0.05952928782499850  0.24779934151736133  1.00000000000000000
  0.00000541066673173  0.00000652098294227  0.00000692700315860  0.00000743970148140
  0.00000797539600223  0.00000852874558947  0.00000912409964663  0.00000971034633011
  0.00001027503990144  0.00001083179737256  0.00001139076979020  0.00001193623085984
  0.00001246234961407  0.00001298944774734  0.00001351764052275  0.00001406373311873
  0.00001463190267952  0.00001520566687457  0.00001578645529728  0.00001637420684355
  0.00001699460245318  0.00001764357079029  0.00001828571321780  0.00001893117093265
  0.00001957268433397  0.00002024708871968  0.00002093526513206  0.00002165055893806
  0.00002240093395211  0.00002316984260316  0.00002394662692407  0.00002471131182444
  0.00002547175522058  0.00002626749227940  0.00002711575823566  0.00002798220657660
  0.00002888244633166  0.00002981037643025  0.00003079289461876  0.00003179371326872
  0.00003281191093623  0.00003381070230814  0.00003487283742687  0.00003579311499617
  0.00003671186746219  0.00003766736902732  0.00003865600632000  0.00003982832787447
  0.00004108474362053  0.00004240137616736  0.00004381715928845  0.00004529708295131
  0.00004681837964036  0.00004837780054763  0.00004998076204801  0.00005162793449764
  0.00005330056192222  0.00005500252014255  0.00005677851162152  0.00005866687964640
  0.00006068316155454  0.00006288107846203  0.00006517387332761  0.00006745626285603
  0.00006990922027750  0.00007251767119937  0.00007531236111329  0.00007830512725163
  0.00008148112907862  0.00008493820424653  0.00008855814194859  0.00009268102476857
  0.00009733342111164  0.00010241900450110  0.00010789013659494  0.00011391071429519
  0.00012064766775842  0.00012830656439137  0.00013717314721065  0.00014746878747941
  0.00015962912627907  0.00017398823753098  0.00019125330268194  0.00021290797619394
  0.00024005508144894  0.00027450952007447  0.00031864907612384  0.00037764784690175
  0.00046376817829232  0.00059962839987094  0.00083288153182773  0.00126810801437970
  0.00194736803867152  0.19506367571267852  0.54832431481115373  1.00000000000000000
 -0.00234180268008726  0.00957649448213928  0.01937699356337326  0.03067270151354352
  0.04142977689161946  0.05291259017204700  0.06374280192747235  0.07477930225598377
  0.08585597976523429  0.09662632340379798  0.10742519994905447  0.11778140785865321
  0.12814342047712929  0.13871439940515770  0.14962094289118344  0.16074796714413814
  0.17179334355210069  0.18258022620074410  0.19391633511431755  0.20519255701520070
  0.21633086415710071  0.22649135493858222  0.23639040603499206  0.24604627077264518
  0.25603015016402303  0.26657772302801108  0.27701153618192886  0.28758587896938276
  0.29824752718567688  0.30887260571624736  0.31969388524262471  0.33028203126578110
  0.34116081980136176  0.35214273430152082  0.36313308145002154  0.37381401424276994
  0.38447279209566670  0.39519023995915992  0.40582738944843305  0.41636057488128969
  0.42690091457970852  0.43741315112117563  0.44801224257957167  0.45843363267711112
  0.46891751597652975  0.47966625901580812  0.49084470023542276  0.50230280391269699
  0.51286043854872565  0.52186445427575257  0.53026063887884523  0.53823918233321411
  0.54707241648965121  0.55742285374208633  0.56788151749069093  0.57831035690543631
  0.58863483271070960  0.59918116103872576  0.61011029567272312  0.62099890026895155
  0.63172285689793672  0.64198915414421598  0.65212311436300940  0.66244724202497740
  0.67298460831966056  0.68371895641951019  0.69450407208105103  0.70535999970833396
  0.71650132239286490  0.72753307940838019  0.73888077709907041  0.74989805858128722
  0.76048567099552455  0.77094444377044224  0.78165582335550665  0.79254961947617852
  0.80359921469207385  0.81452209581224300  0.82541789021866663  0.83562652933829251
  0.84587512551015187  0.85624146150490033  0.86624984235600666  0.87612857952516521
  0.88578132445293567  0.89582173264193499  0.90608500130672054  0.91644333291325419
  0.92696440444927142  0.93733564491141697  0.94740595365174751  0.95758421732082988
  0.96754422200680201  0.97826040752454346  0.98878687989636338  1.00000000000000000
 -0.00010080453146556  0.00047913931065735  0.00126921964549309  0.00195446158516594
  0.00256557947820624  0.00313781959756251  0.00368812142004409  0.00422151946601226
  0.00474089995052957  0.00525158654077722  0.00575070111964146  0.00624709917574095
  0.00675095565319340  0.00724677231972891  0.00771777754120700  0.00815709524444272
  0.00858171227086551  0.00901117682304241  0.00945407713445307  0.00991146184077418
  0.01037374417534785  0.01085315274386662  0.01134857132704251  0.01185559691040025
  0.01234365055585936  0.01281894610591279  0.01328462319475247  0.01373979660506150
  0.01417740313908251  0.01458493205803336  0.01502654921181171  0.01544557773804147
  0.01585025621593686  0.01626115119747873  0.01669838917175510  0.01717122468350412
  0.01771672741384343  0.01835878414427599  0.01895887865855164  0.01951962514124606
  0.02004607175763007  0.02057727415355301  0.02121225214925835  0.02183467562549696
  0.02243455624474002  0.02299450224528201  0.02348104437513985  0.02395885212556786
  0.02445041593212845  0.02493975313880344  0.02540419893176827  0.02596780379182596
  0.02662075980884656  0.02728078018466005  0.02795146321200202  0.02867717678126497
  0.02950457078085847  0.03018417586372824  0.03072629876977184  0.03126175451471785
  0.03184763828275360  0.03281959283824492  0.03368895712250448  0.03435375658321864
  0.03494575359887336  0.03541396517792877  0.03596082118205996  0.03666561067871744
  0.03739297957935372  0.03822039929138361  0.03932067710880485  0.04044438568103184
  0.04152248622096204  0.04262593920893354  0.04376460912921711  0.04522878290579518
  0.04749838844444337  0.05041379139555805  0.05244891203045807  0.05334111809904925
  0.05406507274159183  0.05500886708400863  0.05591469830273809  0.05678706229497572
  0.05762980882308492  0.05824055589077870  0.05878256540695503  0.06076288061003451
  0.06178839172690880  0.06298074694891277  0.06488894005954629  0.07319410803651094
  0.08062032052724709  0.09517520413292675  0.77911033398098029  1.00000000000000000
 -0.00255162756973444  0.00971844377141980  0.02063700556485898  0.03306250009969296
  0.04506027433844184  0.05694743676266309  0.06906222944998432  0.08142013795361645
  0.09367304264332546  0.10553668924953447  0.11684108497718773  0.12777560034789245
  0.13900463129001842  0.15004276913080866  0.16138628613738668  0.17289849937595111
  0.18457853453142153  0.19608445681389905  0.20762634295700186  0.21930461741776833
  0.23096614957347394  0.24237944941223541  0.25380809203867893  0.26495020051540003
  0.27548063874772588  0.28591649403227121  0.29645682775722410  0.30711569510732883
  0.31769690945139084  0.32831157718715531  0.33876164392248193  0.34885388758204855
  0.35882767299094398  0.36869754761283990  0.37853941673229358  0.38822619934571190
  0.39789543376290087  0.40748485750572866  0.41693990841953826  0.42618395250955954
  0.43523979355951353  0.44428628155171129  0.45333649992024044  0.46245586590862098
  0.47138879768908937  0.48017806298525312  0.48895101917860462  0.49772018437358523
  0.50664769199083037  0.51568305996919150  0.52471450713115342  0.53362568667773347
  0.54231077047588283  0.55082589115531866  0.55931329473567337  0.56801949213255076
  0.57716920592420284  0.58676189734462192  0.59658141280215826  0.60644636702886823
  0.61628799863532646  0.62607598104614848  0.63579732051034676  0.64556546097695056
  0.65564837068695037  0.66611740764694671  0.67669231203462965  0.68717898597641047
  0.69760368824869268  0.70792522860654716  0.71810192183015253  0.72839989534223626
  0.73900364490423065  0.74987486627658995  0.76099965028751093  0.77211630016612920
  0.78320542254395276  0.79394441725943021  0.80489162644041168  0.81441410683039472
  0.82366300380376312  0.83337429898048854  0.84296300673437041  0.85505765299277203
  0.86714949285839382  0.87929613131192619  0.89168015806725620  0.90377654804839913
  0.91598587496516259  0.92833383533923175  0.94094600697571218  0.95351890997702970
  0.96508710696835598  0.97674684534395906  0.98789830323746064  1.00000000000000000
 -0.00019506432875122  0.00091848218113840  0.00202180372574158  0.00278743864395865
  0.00347784286143031  0.00412376328830223  0.00473353726340355  0.00531121441803232
  0.00586592509583266  0.00639962990946805  0.00690687175772566  0.00737255313402837
  0.00781811226298597  0.00827449086191791  0.00875782846965136  0.00923003521866472
  0.00968105447648374  0.01016146106298164  0.01065172679966197  0.01117084467468775
  0.01167507239239087  0.01215669749740771  0.01260598576524638  0.01303978397914212
  0.01344504896338672  0.01381570652298461  0.01419846636277817  0.01456929586385530
  0.01497177529977111  0.01545308403214617  0.01592374648722661  0.01646343017453831
  0.01697837948663663  0.01741786404273018  0.01783089017298305  0.01823965336648760
  0.01864231020060003  0.01916380481842519  0.01972160509308031  0.02022402934750826
  0.02074709204157538  0.02122628505967182  0.02166794648197811  0.02204091323966357
  0.02236032984339165  0.02266605346277898  0.02309106532864999  0.02354502046771970
  0.02400665543479414  0.02447987869226766  0.02490389002839048  0.02531468691834137
  0.02577873184869470  0.02639246082270581  0.02721071112511983  0.02798886488943447
  0.02853426408114253  0.02902943476753174  0.02944158547856796  0.02990631146174030
  0.03041567294442249  0.03095447219244180  0.03171473049233848  0.03239185497003036
  0.03304488964222388  0.03351713551784660  0.03395368762359359  0.03453764505181985
  0.03495887709262347  0.03523114667227294  0.03547775241615794  0.03575069349326164
  0.03602989943381156  0.03639053923215110  0.03703380561312706  0.03787827523490227
  0.03862374095034774  0.03935051346689199  0.04048586807993224  0.04183719763511559
  0.04339932243031048  0.04536893876446965  0.04738355635939944  0.04988872086551335
  0.05156431739828202  0.05230317017385473  0.05303315126607192  0.05376453281992415
  0.05437508791265665  0.05499054295127449  0.05551888367889069  0.05588570894932496
  0.05617463070442163  0.05652291107812465  0.05735734860192163  1.00000000000000000
 -0.00278030813794746  0.01059392210393461  0.02198621506810826  0.03476061093290537
  0.04675627749439799  0.05907453048580188  0.07100307060390985  0.08240628373126191
  0.09385760929497350  0.10550504649990600  0.11751675851336417  0.12953459697923020
  0.14202967041595363  0.15406447529983605  0.16581919572487158  0.17751478761819109
  0.18958434362142634  0.20152393676088626  0.21327448700724844  0.22454949077560274
  0.23570899817810187  0.24682389061045529  0.25784734088833428  0.26831768217135166
  0.27859924539043834  0.28877449400263688  0.29902015179015989  0.30886422705094368
  0.31851860864260995  0.32821895445479915  0.33804824370026665  0.34757235681019660
  0.35698854146057873  0.36647374629670137  0.37612611536477619  0.38574031899612465
  0.39525887116943015  0.40440871767617642  0.41327328273505914  0.42202745888524740
  0.43085164628935679  0.43991516213643167  0.44918803701260829  0.45877215786762987
  0.46861543355512281  0.47844657374316174  0.48835233071704454  0.49825518169294153
  0.50807197047127461  0.51773727996914609  0.52729153305778775  0.53683138512866091
  0.54637817109672127  0.55596745601393893  0.56534056286583856  0.57442852578207204
  0.58318961603250619  0.59179692968831066  0.60064608149470478  0.60986719505967946
  0.61906391441189379  0.62802757577500523  0.63701385835214330  0.64633703973054746
  0.65589372685529890  0.66550704632514168  0.67528234003648080  0.68528462463098372
  0.69554757752766094  0.70577363530143011  0.71603327835821340  0.72626413835504533
  0.73680812988823108  0.74648992843046191  0.75532545815905605  0.76417296932681722
  0.77288772796749916  0.78415931622373969  0.79628113537800382  0.80811098323741193
  0.81985464757309745  0.83181479113602408  0.84378591300621286  0.85580111245301693
  0.86735973249519627  0.87902423143869424  0.89116715297164484  0.90333418918643749
  0.91551899880602128  0.92778412974229529  0.94003974586721573  0.95215806516014234
  0.96448481286824828  0.97675370799033101  0.98845128430122386  1.00000000000000000
  0.03961997680486953  0.10223164352288454  0.13793691060238550  0.17136810864507013
  0.20049936666774942  0.22520222978251964  0.24867351281766595  0.27093692018281396
  0.29077486492174165  0.31028733726842167  0.32972138587226396  0.34904726011209475
  0.36799863536843919  0.38651534001033389  0.40436140414969773  0.42150925908764419
  0.43803932192252232  0.45447457481051073  0.47021713954138566  0.48565779666581510
  0.50073003916692704  0.51573129126005024  0.53004505539028512  0.54432916951252419
  0.55795655020845114  0.57115371016342931  0.58389271271953747  0.59590284005465488
  0.60764836326452321  0.61941766346774341  0.63112697708995458  0.64245173746547046
  0.65342896852724419  0.66417629950273305  0.67472396059384410  0.68486444522619105
  0.69462018689293903  0.70405488322368981  0.71320444856019838  0.72211507251460805
  0.73080903855665658  0.73927978049857290  0.74750525251514932  0.75537164685052083
  0.76298838347042341  0.77046140146689490  0.77780672370487758  0.78509071998213542
  0.79229646813370092  0.79928328988406383  0.80601620309934152  0.81251819342161569
  0.81883120322239344  0.82501636236116249  0.83107835644296890  0.83702932081308368
  0.84291007800842355  0.84859076780173526  0.85416544961172547  0.85963577261757573
  0.86496206790314689  0.87022366031052889  0.87537327689765332  0.88046521436451453
  0.88538214891111333  0.89020653578867048  0.89482688845321678  0.89943570518903060
  0.90394758497281735  0.90844373492913033  0.91280663686390262  0.91699612471176772
  0.92103469316047959  0.92499594422777742  0.92889033261064546  0.93266865739163163
  0.93633707947662981  0.93994980853059951  0.94356594343611666  0.94712797958637607
  0.95058398553609702  0.95397553097176546  0.95731404422947142  0.96054926800692397
  0.96366805905309483  0.96671485902690946  0.96974294261684535  0.97275629910205197
  0.97572365443707632  0.97864546697402999  0.98159227050356890  0.98459669788148119
  0.98775801888804071  0.99121948802934690  0.99528148328939714  1.00000000000000000
 -0.01732145274859256  0.07398730654705166  0.10034458508804898  0.11600437953702246
  0.12836812243698797  0.13900479355110065  0.14838576943252907  0.15690034730104349
  0.16482861995011125  0.17234922844364084  0.17937967116530532  0.18608832858936003
  0.19265675130877508  0.19901725910212090  0.20521596262010075  0.21124964700505908
  0.21715432006420399  0.22300877882877757  0.22877241728610467  0.23432190609174691
  0.23968186729727273  0.24490898834636532  0.25015468386986794  0.25518525061271569
  0.26015240521274036  0.26507905086408279  0.26994430561522237  0.27470511779257728
  0.27940476576965378  0.28407919610902321  0.28883268911248422  0.29375056224223323
  0.29877983041769757  0.30384538026522301  0.30886078076857321  0.31372551771011498
  0.31840401087826814  0.32301809662394293  0.32768272365745554  0.33238342799378545
  0.33721391325027072  0.34212554040010978  0.34695822257067171  0.35173172712766670
  0.35643587603860472  0.36122640178591597  0.36600665522280651  0.37086725553531524
  0.37584925827400489  0.38117939794063804  0.38672496042333410  0.39229837504801662
  0.39796934864561639  0.40359007396194879  0.40914860552345167  0.41465430426502631
  0.42017686294729995  0.42576657662145739  0.43143735782548959  0.43724874785578233
  0.44315467935045449  0.44909304393133564  0.45522012006078355  0.46155569053000178
  0.46811196588198989  0.47471611064351604  0.48144129412390352  0.48824502383322577
  0.49511476858372905  0.50211920280821665  0.50920125925967830  0.51642902684434844
  0.52382688674302780  0.53153381045244763  0.53945693264875405  0.54747017460408087
  0.55546370065931050  0.56338109781125778  0.57141182507505051  0.58001077206545493
  0.58925198076623719  0.59932123877102661  0.60792203227566211  0.61646452499220639
  0.62534295932822959  0.63513947956442307  0.64738211804360746  0.66066726042015245
  0.67480579166941224  0.68963203773211190  0.70556511238547537  0.72413848583943452
  0.74719641676295856  0.77704905068105656  0.82408393452884565  1.00000000000000000
   1.3504875796296346E-002  -1.0000000000000000     
 F F F F F F F F F F F F F F F F F F F F F F F F F F F F F F F F F F F F F F F F F F F F F F F F F F F F F F F F F F F F F F F F F F F F F F F F F F F F F F F F F F F F F F F F F F F F F F F F F F F F F F F F F F F F F F F F F F F F F F F F F F F F F F F F
  <DiscreteSampler_grid>
  grouped_processes
  1 # 1 for a reference and 2 for a running grid.
  10 # Attribute 'min_bin_probing_points' of the grid.
  1 # Attribute 'grid_mode' of the grid. 1=='default',2=='initialization'
  0.0000000000000000 # Attribute 'small_contrib_threshold' of the grid.
  0.5000000000000000 # Attribute 'damping_power' of the grid.
 # binID   n_entries weight   weight_sqr   abs_weight
    13   10   9.555364542981485E+005   7.231322736925474E+012   9.555364542981485E+005
    14   10   9.555364542981517E+005   7.231322736925518E+012   9.555364542981517E+005
    16   10   9.555364542981485E+005   7.231322736925474E+012   9.555364542981485E+005
    17   10   9.555364542981517E+005   7.231322736925518E+012   9.555364542981517E+005
    22   10   9.555364542981482E+005   7.231322736925467E+012   9.555364542981482E+005
    23   10   9.555364542981514E+005   7.231322736925514E+012   9.555364542981514E+005
    25   10   9.555364542981479E+005   7.231322736925464E+012   9.555364542981479E+005
    26   10   9.555364542981511E+005   7.231322736925508E+012   9.555364542981511E+005
    31   10   9.555364542981486E+005   7.231322736925477E+012   9.555364542981486E+005
    32   10   9.555364542981517E+005   7.231322736925518E+012   9.555364542981517E+005
    34   10   9.555364542981485E+005   7.231322736925474E+012   9.555364542981485E+005
    35   10   9.555364542981520E+005   7.231322736925523E+012   9.555364542981520E+005
    40   10   9.555364542981482E+005   7.231322736925467E+012   9.555364542981482E+005
    41   10   9.555364542981517E+005   7.231322736925518E+012   9.555364542981517E+005
    43   10   9.555364542981486E+005   7.231322736925477E+012   9.555364542981486E+005
    44   10   9.555364542981514E+005   7.231322736925518E+012   9.555364542981514E+005
    49   10   9.555364542981486E+005   7.231322736925474E+012   9.555364542981486E+005
    50   10   9.555364542981519E+005   7.231322736925521E+012   9.555364542981519E+005
    52   10   9.555364542981491E+005   7.231322736925482E+012   9.555364542981491E+005
    53   10   9.555364542981520E+005   7.231322736925526E+012   9.555364542981520E+005
    58   10   9.555364542981483E+005   7.231322736925467E+012   9.555364542981483E+005
    59   10   9.555364542981511E+005   7.231322736925508E+012   9.555364542981511E+005
    61   10   9.555364542981483E+005   7.231322736925471E+012   9.555364542981483E+005
    62   10   9.555364542981513E+005   7.231322736925514E+012   9.555364542981513E+005
  </DiscreteSampler_grid>
