 -0.00253539354400606  0.00949236811769321  0.01965282668692256  0.03017257237294794
  0.04071250742173357  0.05125452973013260  0.06178810082497889  0.07232067176762452
  0.08284797950079351  0.09337925772935780  0.10391864124282954  0.11445887386471673
  0.12499459090292490  0.13553120936783838  0.14607236925244829  0.15661648560318850
  0.16715621741055428  0.17769534140483242  0.18823414447568140  0.19877729564320562
  0.20930709544434284  0.21983750101576266  0.23036118960176366  0.24089924767573434
  0.25143692878548257  0.26198175228327608  0.27252769490899437  0.28307456490254740
  0.29361989704139935  0.30416314274259992  0.31470901137620205  0.32525092901431163
  0.33579441039468921  0.34633815747049013  0.35688735148578915  0.36743297972591937
  0.37797992074725306  0.38852747485277633  0.39907340526522334  0.40961805427257242
  0.42016032010072690  0.43070602203643071  0.44124557268732495  0.45178074415857455
  0.46231415609752541  0.47285377421246522  0.48339796368371113  0.49394429407362322
  0.50448998761724384  0.51503685104221641  0.52557493031784286  0.53611532550699670
  0.54665344161044571  0.55719295085706000  0.56772263385480959  0.57825218835638725
  0.58879151534270324  0.59933010388306129  0.60986541084806056  0.62040013913385472
  0.63093924628448417  0.64148088179343221  0.65201899336828817  0.66256308364036787
  0.67311174990571965  0.68365722653038019  0.69419845630452148  0.70473565420283513
  0.71527900509911535  0.72582706657635077  0.73637366478640254  0.74692065434692156
  0.75746372379497717  0.76801146175877300  0.77855902695667334  0.78911040591303205
  0.79965750044634198  0.81020507714973666  0.82074710184248723  0.83129351111326411
  0.84183793175696320  0.85238567694013290  0.86293432752348109  0.87347992606883984
  0.88402343836730013  0.89455898864384331  0.90509969526114298  0.91564432923797001
  0.92619262233711253  0.93673287377886161  0.94727143189599294  0.95781336857663957
  0.96836292151963477  0.97891451176950961  0.98945897895554025  1.00000000000000000
 -0.00244575510718150  0.00963182555692801  0.01982869864059354  0.03034619063233207
  0.04088615933120973  0.05142875984323750  0.06197031498237682  0.07250794932612288
  0.08304546754644129  0.09358323145029000  0.10412623960449270  0.11466894003892940
  0.12521654642658311  0.13576246363694386  0.14630553923292275  0.15684340533021007
  0.16737879477340417  0.17791034037077461  0.18844929546920977  0.19898271415816965
  0.20951969573831314  0.22005187166403242  0.23059165056283681  0.24113069513159049
  0.25167174357846722  0.26221410472177786  0.27275247320782459  0.28328421990113639
  0.29381526826999543  0.30435251821164067  0.31489975686003108  0.32544099189353581
  0.33598319685851696  0.34651366932306160  0.35704345758380390  0.36756521596616132
  0.37809626315475509  0.38862682301813711  0.39916641030535854  0.40970687464300654
  0.42025174528078824  0.43079604868528931  0.44133454524608928  0.45187248565392335
  0.46240385179853755  0.47293690778962488  0.48346679583489427  0.49400340329933062
  0.50454458479697339  0.51509218999528184  0.52563733304134219  0.53617893615041956
  0.54672258906626381  0.55726938510468116  0.56781153141474816  0.57835192910354394
  0.58889208988106201  0.59943918015807907  0.60998604027484282  0.62053079429040647
  0.63107196692214407  0.64161467985787979  0.65215802321651861  0.66269656766240970
  0.67323559625078377  0.68377568177330428  0.69432079195408813  0.70485789129274656
  0.71538833264456936  0.72592260008872533  0.73645561670610704  0.74699570274502047
  0.75753699921507722  0.76808851568027314  0.77862231013619476  0.78915569591276902
  0.79968155399869101  0.81022622428647717  0.82076090152716641  0.83129870604296818
  0.84183484832343392  0.85237962751968488  0.86292757379996288  0.87347609156139128
  0.88402610189232067  0.89457175603317240  0.90511682272632232  0.91565995600306238
  0.92620733938299526  0.93675546006832300  0.94729695865570640  0.95783978512799217
  0.96837146815698971  0.97891280669109637  0.98945127826350376  1.00000000000000000
   2.5516386159248274E-008  -1.0000000000000000     
 F F F F F F F F
  <DiscreteSampler_grid>
  grouped_processes
  1 # 1 for a reference and 2 for a running grid.
  10 # Attribute 'min_bin_probing_points' of the grid.
  1 # Attribute 'grid_mode' of the grid. 1=='default',2=='initialization'
  0.0000000000000000 # Attribute 'small_contrib_threshold' of the grid.
  0.5000000000000000 # Attribute 'damping_power' of the grid.
 # binID   n_entries weight   weight_sqr   abs_weight
    10   10   1.322623097372511E+010   1.749331857703254E+020   1.322623097372511E+010
  </DiscreteSampler_grid>
