  0.00000044619029559  0.00000047433365939  0.00000050182829232  0.00000052482738514
  0.00000054748232429  0.00000056987535147  0.00000059461774018  0.00000062011873092
  0.00000064697879943  0.00000067543148025  0.00000070684816736  0.00000074060445936
  0.00000077456917833  0.00000080952722050  0.00000084395473157  0.00000087396335700
  0.00000090131274442  0.00000092655309814  0.00000095836404213  0.00000099283065020
  0.00000103077231360  0.00000106794028629  0.00000110915558106  0.00000115702354901
  0.00000119842135773  0.00000123834748148  0.00000127595810664  0.00000131058649228
  0.00000135511194085  0.00000140367778434  0.00000145070198382  0.00000150157377883
  0.00000155740464016  0.00000161394962900  0.00000167063753145  0.00000174340852479
  0.00000181867172434  0.00000189119068963  0.00000197171205916  0.00000205778709046
  0.00000213505356619  0.00000225239932516  0.00000237667479544  0.00000249541905069
  0.00000260439083639  0.00000270897506788  0.00000282418478584  0.00000296033714815
  0.00000310787198222  0.00000327022216861  0.00000343929641980  0.00000362920970566
  0.00000382767236346  0.00000398898456272  0.00000417372187344  0.00000438626257681
  0.00000454100440072  0.00000468456380641  0.00000493195770425  0.00000532736660769
  0.00000571741918201  0.00000611365857312  0.00000646406192841  0.00000677514984059
  0.00000708487889562  0.00000742376418793  0.00000784599715516  0.00000831557410671
  0.00000888434193061  0.00000952058201674  0.00001025507287852  0.00001113499018110
  0.00001210983926680  0.00001312903538275  0.00001430710857668  0.00001587796216183
  0.00001761883445961  0.00001939832757851  0.00002146182964678  0.00002334092964932
  0.00002572974591450  0.00002795389515151  0.00003054965701248  0.00003381420457954
  0.00003853421202676  0.00004572520951916  0.00005656437904430  0.00007229801573462
  0.00009348156157883  0.00012180193571612  0.00016832464139996  0.00023679133961012
  0.00034378016298290  0.00082970348767886  0.32688312197712721  1.00000000000000000
  0.00000763226332128  0.00000896142263097  0.00001011008694591  0.00001136658277618
  0.00001263745314762  0.00001352103792855  0.00001428060191619  0.00001513554127918
  0.00001614575890283  0.00001747541981810  0.00001944412585134  0.00002165052472343
  0.00002367637556058  0.00002549145997742  0.00002717971885826  0.00002880615215633
  0.00003042367667485  0.00003163439254398  0.00003306727086173  0.00003433113552456
  0.00003551775593175  0.00003742064427485  0.00004095423462897  0.00004429174308178
  0.00004721745910085  0.00004963673039807  0.00005176041511361  0.00005354642724852
  0.00005535736680611  0.00005718255321312  0.00005907072812667  0.00006116112588977
  0.00006423158895013  0.00006734293427339  0.00007048854105874  0.00007308513294868
  0.00007548864538194  0.00007775489290602  0.00008011589240029  0.00008295074914690
  0.00008578087144673  0.00008824666036310  0.00009052964088120  0.00009283511781238
  0.00009515376207466  0.00009736698706167  0.00009969130384940  0.00010247671711000
  0.00010567868623786  0.00010898566590539  0.00011218341441431  0.00011497077641340
  0.00011767476796631  0.00012037195676327  0.00012333051528227  0.00012678177802184
  0.00013061896613370  0.00013457220199119  0.00013811033774119  0.00014146530949501
  0.00014508907724362  0.00014862091991992  0.00015250379990999  0.00015706666024854
  0.00016143188331785  0.00016692482412299  0.00017321300645073  0.00017970139775437
  0.00018621338368849  0.00019326362581689  0.00020123511566842  0.00021054059240355
  0.00022094416421337  0.00023114841834528  0.00024135434723981  0.00025261086117239
  0.00026669406443070  0.00028369628268548  0.00030262036016227  0.00032669258291295
  0.00035239591243023  0.00038234777930437  0.00041397887622913  0.00045412788343953
  0.00051043628981110  0.00059295930981266  0.00069962642776016  0.00081408350785739
  0.00095493110371672  0.00116751206701333  0.00159811998179607  0.00237842623552545
  0.00388053445836845  0.00920297175371372  0.30979598309170658  1.00000000000000000
 -0.00000002278242952  0.00000048478651375  0.00000088647590429  0.00000133719114583
  0.00000187711092627  0.00000270237647011  0.00000362952876994  0.00000435317832481
  0.00000519364290659  0.00000632922736997  0.00000796740518063  0.00000976563141024
  0.00001152748298421  0.00001340526253321  0.00001582842771906  0.00001824251390221
  0.00002065702836975  0.00002309483334960  0.00002550826667976  0.00002767239901994
  0.00003036541271331  0.00003378164789765  0.00003811010385820  0.00004314228685482
  0.00004830629352978  0.00005353367638184  0.00005890070121396  0.00006456639963710
  0.00006996631913305  0.00007539752291299  0.00008211497219876  0.00008989357423622
  0.00009974856327289  0.00011204801982137  0.00012621312593281  0.00014171827230869
  0.00015889185744225  0.00017852080466295  0.00020026327537324  0.00022344527760177
  0.00024692145374440  0.00027139724711769  0.00030146060138444  0.00033684554965330
  0.00037383851875063  0.00041673918939632  0.00046381747443752  0.00051485222243400
  0.00057059263482705  0.00063127105811443  0.00069500489015505  0.00075638782636358
  0.00081907955782995  0.00089312399012854  0.00096528103258677  0.00104911816083821
  0.00113295035051407  0.00122898302964557  0.00134429659198572  0.00147186629161650
  0.00158873853099808  0.00167720366553138  0.00176747541887372  0.00185081575319208
  0.00192636596261539  0.00201201208442494  0.00215148320245375  0.00230735957346752
  0.00244506217428341  0.00255699532935583  0.00266228109688684  0.00277337659910869
  0.00291636902099796  0.00304944180145032  0.00317380867726621  0.00335094985627905
  0.00361238810816070  0.00384895716103146  0.00408968591866450  0.00440099964300018
  0.00470972480045026  0.00518043575378104  0.00597095376079306  0.00659462297917125
  0.00711056271637375  0.00748643024680544  0.00784349374781564  0.00817785909481853
  0.00848873565262811  0.00879301902155029  0.00906681954773670  0.00932599540503128
  0.00962881102161463  0.00996709263415726  0.38744758068854085  1.00000000000000000
 -0.00239076627728900  0.01042742185485630  0.02245694777069586  0.03427458870816338
  0.04958550084539969  0.06690502621583275  0.08275084268316975  0.09958431242367062
  0.11278313227219652  0.12480275243388317  0.13796626654990815  0.14942562117390124
  0.16383531909782933  0.17741770879459204  0.18934059280831098  0.19779420922645763
  0.20493923218507437  0.21245946042245412  0.22088389246144180  0.22969976727826549
  0.23967005146050063  0.25317167305975846  0.26501492046287090  0.27633036286685686
  0.28694914873444216  0.29620091493089429  0.30503210497264399  0.31460146169718789
  0.32343828424701515  0.33230684172327102  0.34081849211007209  0.34852887316297126
  0.35764245488450525  0.36561256927724012  0.37438180346784006  0.38156961467024192
  0.38787594295207017  0.39533939368604110  0.40496271068262757  0.41508599092212145
  0.42598418013526751  0.43881920005004815  0.45239320884718548  0.46477716361824978
  0.47587085100921417  0.48564914184937041  0.49708470629802681  0.50624114705008227
  0.51321846579358266  0.52052481201928658  0.52951848266826329  0.53947392614668177
  0.54928355229280423  0.55983670666142304  0.57097355779166448  0.58187620724605194
  0.59155141507066666  0.60009383368753622  0.60911462363673385  0.61938899880903542
  0.63029296662778056  0.64172390949992120  0.65365748424197689  0.66583231147678101
  0.67608015626533657  0.68574383362221625  0.69458849540359402  0.70246677874885444
  0.71049300428144413  0.71838225533115396  0.72523514184133819  0.73290570336068950
  0.73968383789736902  0.74614746371562646  0.75435533938171662  0.76424173313643584
  0.77429383859277745  0.78454758226747912  0.79411622229569800  0.80258701552374079
  0.81147699323836686  0.82258610854588377  0.83477620478863479  0.84588596189343301
  0.85671876447630690  0.86760778203271505  0.88074345346803551  0.89394004039861485
  0.90654196732983150  0.91963930297865881  0.93330917675940051  0.94732782560620432
  0.96103270583008693  0.97445083657697684  0.98672190450045794  1.00000000000000000
 -0.00236125360763437  0.01015427667564429  0.02184085170737764  0.03490763865741444
  0.04751029005192411  0.05831603946021349  0.06818656461576870  0.07705521939957269
  0.08601044898721717  0.09435303197989665  0.10252009066597498  0.10847429329912738
  0.11397734310052307  0.12118727856815764  0.13200862170737396  0.14438519877730102
  0.15559009069695950  0.16767158901380660  0.18028306815270037  0.19168146413134737
  0.20128798310312546  0.20998608933501645  0.21852675785756279  0.22686580754758368
  0.23579434825043158  0.24542076139554117  0.25612048826604428  0.26649832315628430
  0.27848582661324084  0.29198684869639374  0.30289836763550332  0.31059231050760905
  0.31769532481080531  0.32438621209666146  0.33231037530287222  0.34332698504625209
  0.35584568297098668  0.36739142077801529  0.37544765964631993  0.38306503404705683
  0.39069676228687505  0.39830391487749328  0.40917993126246816  0.42066808947201084
  0.43496655291872099  0.44917749972397158  0.46245959438434542  0.47508022039148190
  0.48699664295231326  0.49879261370026667  0.51072039715237350  0.52249843282511432
  0.53459488297657132  0.54754644853708667  0.56104361572993644  0.57464230207741829
  0.58750714694359185  0.59835055662228787  0.60653516788704998  0.61485191415220763
  0.62507148754859587  0.63764288722351181  0.65073548058489239  0.66279075653027064
  0.67386687634223852  0.68364711317236038  0.69535561074215646  0.70713967062779903
  0.71880055422731648  0.73067156041750836  0.74264669958975393  0.75214981094358424
  0.76162981472941271  0.77194727485259307  0.78366240742960425  0.79575175342667059
  0.80616969263411142  0.81830518882277548  0.83167551809299345  0.84263693679763907
  0.85429424382505958  0.86559714999037884  0.87695301677920878  0.88674349913236294
  0.89402443809406207  0.90125851730366835  0.91100164241395953  0.92153667413304574
  0.93254827256764539  0.94432114974371373  0.95491185296456571  0.96429762561173260
  0.97365827918286985  0.98205030763894774  0.99058117944828750  1.00000000000000000
 -0.00253663702111627  0.01085135871075708  0.02029519529964739  0.02945989139331235
  0.03980615879499257  0.04981504065006469  0.05930942022681510  0.06856866932581242
  0.07903703924310843  0.09020805300381747  0.10097483205161790  0.11045085890967316
  0.12048333392502827  0.13055482821910103  0.14023141057042970  0.15069919196831649
  0.16201526431064645  0.17435336305671004  0.18668786284258734  0.19909709770179659
  0.21098502339189262  0.22228612688576299  0.23307936063017151  0.24318846862936080
  0.25269809024817158  0.26120697004256965  0.26911021854039702  0.27703404204900089
  0.28481255936260846  0.29271650498777757  0.30163952979996173  0.30999669208272917
  0.31953514174029329  0.32889021801883667  0.34414119822323946  0.35601877792760700
  0.36625387483453253  0.37484530563618235  0.38161884535875856  0.38931333057980938
  0.39762982274190251  0.40771516024055277  0.41984801313911307  0.43595088646858987
  0.45363128805227798  0.46911016048004728  0.48133602219076166  0.49197898806562873
  0.50265441927302956  0.51415399295134612  0.52764096887597889  0.54176277250619465
  0.55496743280756666  0.56626281451263250  0.57667895247443901  0.58812965451317634
  0.60041919085398299  0.61546824078676998  0.62925692975641168  0.64045758909693407
  0.65104377029533600  0.66164693605843494  0.67240124370455723  0.68281416673960038
  0.69189227940227183  0.70005654902838932  0.70836382414322185  0.71579451157076612
  0.72368515663066424  0.73438571486395021  0.74551474901718173  0.75779713396962767
  0.77087253882649953  0.78574248425703930  0.79921402056287194  0.81090746373127809
  0.82128041767433257  0.83121239580019213  0.84213057697845362  0.85351864257734611
  0.86508689804839789  0.87557779025327132  0.88377803747429007  0.89062766818360750
  0.89725873905170406  0.90475048224470778  0.91422080805557415  0.92760471469906902
  0.94134725806214770  0.95183405310251790  0.95919006243494143  0.96651628530307143
  0.97534963288178689  0.98327509446897210  0.99107723095400002  1.00000000000000000
 -0.00000616894999037  0.00000430036764804  0.00001657197224898  0.00003643269221899
  0.00005921506962701  0.00008569034132337  0.00011493218703586  0.00014525838348740
  0.00017798164466964  0.00021264671220831  0.00024930090974809  0.00028892561947971
  0.00032933550461007  0.00037038995618092  0.00041343817472413  0.00045896100225886
  0.00050561033761471  0.00054934629591414  0.00059125875983488  0.00063761506468935
  0.00068651447077806  0.00073463251998215  0.00078272417526553  0.00083013109565254
  0.00087996244320584  0.00093028977078612  0.00097916174817847  0.00102751249110705
  0.00107677161508473  0.00112998705190315  0.00118536315576589  0.00125341011069339
  0.00133582316560824  0.00141868140120726  0.00150658173564987  0.00159438870844523
  0.00167583314602808  0.00174418528545847  0.00181344416825113  0.00188358982634220
  0.00195065368120278  0.00202445609888818  0.00210434818412123  0.00218669840201259
  0.00227921524996421  0.00239044020246663  0.00249417872932863  0.00260435521095459
  0.00271283270388699  0.00281732427468541  0.00291860443260654  0.00303788873753775
  0.00317863739252648  0.00331182090881715  0.00343197261661190  0.00352788108953114
  0.00363744129573767  0.00375510087797412  0.00388025246919209  0.00400463172779711
  0.00411377535752006  0.00422059356090794  0.00433607364834640  0.00447093795584597
  0.00467416138278578  0.00497096345922543  0.00528445168240020  0.00563093156251371
  0.00605488462398548  0.00652435227627519  0.00693078648199085  0.00716789429213454
  0.00741606986087048  0.00766223804832419  0.00788955882160470  0.00807682284387787
  0.00825229423769071  0.00840135740868457  0.00852850117517284  0.00867030161967757
  0.00894853130794859  0.00918628881885735  0.00935235611438164  0.00950539005779195
  0.00974280362431746  0.01008244232551524  0.01112889565134133  0.01160881811632050
  0.01208610375882308  0.01287654572874817  0.01494114503211581  0.01792065105569428
  0.02259155189001433  0.02858411320763357  0.04031956679797255  1.00000000000000000
 -0.00348277883500044  0.01983526357444919  0.04260606188966184  0.06808532953919462
  0.09392572575419574  0.11829833636987765  0.14165712128219354  0.16609417572997401
  0.18791984060673000  0.20816381353009761  0.22271121200077335  0.23948010348042434
  0.25810323738424634  0.27396566445328685  0.28984127530748610  0.30743779675938276
  0.31649432305195807  0.32580099089907821  0.33617131217917395  0.35037105621430215
  0.36328387000771978  0.37303842116097025  0.38206101727644626  0.39065163816049547
  0.39876319548100697  0.40679158407002430  0.41512436912086970  0.42229743790378360
  0.42822736638049569  0.43309543495846303  0.43726519103546535  0.44135629400266552
  0.44597718320240481  0.45144112206588877  0.45720747127376488  0.46199021150359193
  0.46589413575469135  0.46942771151750123  0.47277786725766069  0.47568706812887496
  0.47834204792043361  0.48112179160764418  0.48421766676205846  0.48763548592203942
  0.49148463045221591  0.49483742565886912  0.49756120567801393  0.50058888227200993
  0.50311338802777861  0.50532097097366890  0.50723625003044504  0.50922073466879558
  0.51114851741886758  0.51376376717142802  0.51668312603015865  0.51982068345336796
  0.52317113718000319  0.52710744330203951  0.53112210969654539  0.53548953899104001
  0.54026479657127036  0.54491886664193201  0.54931015887211998  0.55333441922670601
  0.55790638011675076  0.56335276141224855  0.56900433482361401  0.57558481759555968
  0.58205053048348243  0.58806659393439331  0.59349705156877719  0.59868234587504743
  0.60342198031269811  0.60975754808082228  0.61646137606355789  0.62342576244043113
  0.63134159203430229  0.63901648068263528  0.64531819905351251  0.65295156849627267
  0.66118251309440013  0.67133757787476944  0.68558985120855265  0.70281258538984670
  0.72187161071149841  0.73971094310817731  0.75631453681226435  0.77425082874575468
  0.79367511969847193  0.82089657492278412  0.85080594870061477  0.87903542303911109
  0.90562256374984595  0.93826364616877722  0.96956571770998479  1.00000000000000000
  0.19780126224970340  0.21309910187719819  0.22176421747664549  0.23311178682773254
  0.25286049069913619  0.27621134026480915  0.29647449698247558  0.30976994038391903
  0.31828805642255337  0.32728000279975650  0.33600992533208168  0.34395946462514421
  0.35288295600288339  0.36388726235007068  0.37518810794425284  0.38533101887113397
  0.39566197097302985  0.40503212149943829  0.41413637207214005  0.42273742928818403
  0.43086359175681227  0.43959684705934099  0.44899944569572986  0.45764118202525661
  0.46669468218659943  0.47716111562020069  0.48781111561129487  0.49810804151851723
  0.50823204509699293  0.51954876709194164  0.53067840922830056  0.54067408059905209
  0.54902955037701728  0.55748360553144227  0.56601326729740120  0.57431119283803023
  0.58318487876864689  0.59134589148258276  0.59830297731418969  0.60499142464779632
  0.61270403129592022  0.62029267199531068  0.62750537263094242  0.63454038924846878
  0.64189491478102001  0.65153923365882627  0.66284894724235066  0.67225277014195295
  0.68100060385620798  0.68924949569122818  0.69749383673605503  0.70578471719736535
  0.71339171173427429  0.72033015609260598  0.72698180594076467  0.73396680627357525
  0.74477217412519825  0.75614966085190238  0.76590766379126562  0.77481224107682878
  0.78342537922150046  0.79220311976503877  0.80117837922726687  0.81010095120356929
  0.81895007161052513  0.82774626271814888  0.83622614690300989  0.84390443032812301
  0.85115920403890710  0.85798544869405036  0.86556353067898650  0.87382261872320077
  0.88249567087932324  0.89123731694936370  0.89955848713118602  0.90734655656623775
  0.91467141929354701  0.92076776938284832  0.92610858176074007  0.93098027014812545
  0.93554726942437261  0.94022275997339810  0.94499812475115086  0.94965597287212900
  0.95469858110860661  0.95992635787951042  0.96469540031594603  0.96893848393749560
  0.97242598599592867  0.97594714049213316  0.97944886140425691  0.98271828271423878
  0.98576396532314259  0.98919549790447203  0.99400580061455002  1.00000000000000000
 -0.02756477743704667  0.11936800125361351  0.15635920290832656  0.17957479130536252
  0.19906735442679763  0.21543628300027562  0.22847831300317428  0.24044052058958937
  0.25620216154516784  0.26960342733864434  0.28065058626969469  0.29251000784806075
  0.30484515253947531  0.31592805575760619  0.32492241906499914  0.33282037540345505
  0.34119638850471290  0.35094026896062230  0.36168125455184130  0.37020951448331413
  0.37679357171372180  0.38322874612423602  0.39080832821374373  0.40034574003941326
  0.41089084333015524  0.42087772875489471  0.43030588478519699  0.43909546814340494
  0.44731874967378465  0.45488247326331699  0.46128695809129533  0.46732126045670597
  0.47296031123443510  0.47968878159654865  0.48803236820963214  0.49689993230683904
  0.50628705082393333  0.51508343971956616  0.52208569097624735  0.52768547269991173
  0.53298594229060081  0.53855576681620654  0.54359067138257444  0.54929517097709391
  0.55564271396706211  0.56194579333143369  0.56866556764048171  0.57584425058076349
  0.58334222565213334  0.59217454649039214  0.60044270687279544  0.60785125448844612
  0.61498868676093976  0.62165692081744783  0.62893451288400315  0.63373294807787917
  0.63865579700950637  0.64306494024288641  0.64801246947535485  0.65362966473102824
  0.65930100917516699  0.66580454202680783  0.67131446859747845  0.67701076912987457
  0.68305909963344535  0.68956970505898774  0.69636800595365578  0.70272123868166358
  0.70895535063841830  0.71582180558073860  0.72278751338435843  0.72870872181161206
  0.73417165632395243  0.74037808215962397  0.74707483313809120  0.75280485359858551
  0.75836641746711453  0.76342386254472638  0.76839737566808941  0.77384432615850585
  0.77996184657425760  0.78591625132144360  0.79157788256229500  0.79748758875170334
  0.80365769556670508  0.81030851385422253  0.81859359443857460  0.82965725890684094
  0.84239656462507018  0.85583001477828247  0.86606144865657686  0.87507215959168672
  0.88429731779244936  0.89915344914340900  0.92661860492000703  1.00000000000000000
   1.0920060412027493E-003  -1.0000000000000000     
 F F F F F F F F F F F F F F F F F F F F F F F F F F F F F F F F F F F F F F F F F F F F F F F F F F F F F F F F F F F F F F F F F F F F F F F F F F F F F F F F F F F F F F F F F F F F F F F F F F F F F F F F F F F F F F F F F F F F F F F F F F F F F F F F
  <DiscreteSampler_grid>
  grouped_processes
  1 # 1 for a reference and 2 for a running grid.
  10 # Attribute 'min_bin_probing_points' of the grid.
  1 # Attribute 'grid_mode' of the grid. 1=='default',2=='initialization'
  0.0000000000000000 # Attribute 'small_contrib_threshold' of the grid.
  0.5000000000000000 # Attribute 'damping_power' of the grid.
 # binID   n_entries weight   weight_sqr   abs_weight
    28   10   7.116695971214334E+003   2.374488323901978E+008   7.116695971214334E+003
    34   10   7.112750460176345E+003   2.373514597958134E+008   7.112750460176345E+003
    52   10   7.116695971214336E+003   2.374488323901979E+008   7.116695971214336E+003
    55   10   1.885082631429414E+004   1.601342383747676E+009   1.885082631429414E+004
    56   10   1.885082631429412E+004   1.601342383747674E+009   1.885082631429412E+004
    58   10   7.112750460176348E+003   2.373514597958137E+008   7.112750460176348E+003
    61   10   1.837307092397036E+004   1.662484283937212E+009   1.837307092397036E+004
    62   10   1.837307092397035E+004   1.662484283937211E+009   1.837307092397035E+004
    67   10   1.812721356814798E+004   1.446657827273444E+009   1.812721356814798E+004
    68   10   1.812721356814796E+004   1.446657827273441E+009   1.812721356814796E+004
    70   10   1.836699495532089E+004   1.662126405478364E+009   1.836699495532089E+004
    71   10   1.836699495532087E+004   1.662126405478362E+009   1.836699495532087E+004
  </DiscreteSampler_grid>
