 -0.00249259680502174  0.00958091080954849  0.01976109796425234  0.03027412152282908
  0.04081291662757110  0.05135761046697581  0.06190446323896056  0.07244732235813107
  0.08299207833858349  0.09353345165290618  0.10407846442301338  0.11461927492061760
  0.12515800036441985  0.13569256469523142  0.14622634235176216  0.15676334727041424
  0.16730643345727594  0.17785314122001858  0.18839972020113724  0.19894526367144302
  0.20948527525898955  0.22002369507064995  0.23055658322160752  0.24109667499244869
  0.25164041924997116  0.26219187034881519  0.27273811143500049  0.28328304497567258
  0.29382183508560789  0.30436262487636601  0.31490279692199763  0.32544661168950845
  0.33599342512705788  0.34654416839060148  0.35709259839075363  0.36762918444775655
  0.37816372676664251  0.38870244559589745  0.39925285479859185  0.40980192380909070
  0.42034621472891465  0.43088747842831471  0.44143290829564208  0.45197013440965994
  0.46250823231956362  0.47303534980560613  0.48356838003717822  0.49409744528505156
  0.50462835090360347  0.51515275886934075  0.52567799438346596  0.53619969493294728
  0.54673396491041260  0.55726400930582431  0.56779464038600047  0.57831615183121954
  0.58884591982521028  0.59938644237920913  0.60993732860763161  0.62048450190127968
  0.63102686413669329  0.64156876405963958  0.65211386123420600  0.66266355178286418
  0.67321369359926786  0.68376082131021332  0.69430894822125366  0.70485180478429843
  0.71539423012387293  0.72593742389951488  0.73647762841623754  0.74702210331836116
  0.75755980666155964  0.76810246837189444  0.77863847142012976  0.78918219418944058
  0.79971462706812557  0.81025362588666949  0.82078977735679726  0.83133911881731870
  0.84188295904653110  0.85242223929160099  0.86296156183959749  0.87350767553593700
  0.88404734750692326  0.89458378701713659  0.90512058791275718  0.91566197117101655
  0.92620118020781050  0.93673898087273488  0.94728224468201105  0.95783042404788543
  0.96837779111288946  0.97892102547474169  0.98946195409238835  1.00000000000000000
 -0.00248443256907520  0.00950795965901290  0.01966226433568796  0.03017305657371043
  0.04071723491555429  0.05126325816757291  0.06181085620420151  0.07235785735244275
  0.08290741268771953  0.09345492265363591  0.10399781098671028  0.11454009253920619
  0.12508463605109810  0.13563472903973911  0.14617741409642948  0.15671657488987115
  0.16725468874183719  0.17780051584841933  0.18834970694791761  0.19889321518400999
  0.20943290363831429  0.21996806537317007  0.23050736723604379  0.24105257460593316
  0.25159628031100334  0.26213722255793209  0.27266817185084191  0.28319743365227446
  0.29372281095239300  0.30425198408797088  0.31478724181362028  0.32532488814201288
  0.33586703619847896  0.34641188849617505  0.35695311624328296  0.36749460939419309
  0.37803149456745605  0.38856104824313858  0.39908729328669479  0.40960493030259271
  0.42013527136431611  0.43067005110323331  0.44121718103706126  0.45176655712933089
  0.46231148693464230  0.47285450178309435  0.48339498725789143  0.49393848016147485
  0.50448578463895399  0.51503816459957963  0.52558728342097583  0.53613139804683752
  0.54667017784515837  0.55720845262263652  0.56774799848377855  0.57827645300898156
  0.58880669227611560  0.59934029194342242  0.60988704803325466  0.62043230110899217
  0.63097042823577942  0.64151061166080092  0.65204209440068228  0.66257973844129892
  0.67310440444099251  0.68364308246553984  0.69418226220577328  0.70472917414814651
  0.71527595973252500  0.72582204333852252  0.73636826348260809  0.74691416247622799
  0.75745909166307190  0.76800777919990781  0.77855480991050785  0.78909909360293529
  0.79964622074104408  0.81018856401521755  0.82073467327228389  0.83128028255454645
  0.84182727624480502  0.85237513600764536  0.86291644831242953  0.87345820285394593
  0.88399918728849769  0.89454103841685728  0.90508407277423819  0.91562626638873279
  0.92617403189622605  0.93672375129317542  0.94727374245026297  0.95782178902380277
  0.96837178333801566  0.97891901788381497  0.98946224731634236  1.00000000000000000
   2.5524825082979754E-008  -1.0000000000000000     
 F F F F F F F F
  <DiscreteSampler_grid>
  grouped_processes
  1 # 1 for a reference and 2 for a running grid.
  10 # Attribute 'min_bin_probing_points' of the grid.
  1 # Attribute 'grid_mode' of the grid. 1=='default',2=='initialization'
  0.0000000000000000 # Attribute 'small_contrib_threshold' of the grid.
  0.5000000000000000 # Attribute 'damping_power' of the grid.
 # binID   n_entries weight   weight_sqr   abs_weight
    10   10   1.322623097372511E+010   1.749331857703254E+020   1.322623097372511E+010
  </DiscreteSampler_grid>
