  0.00000011618960421  0.00000017998742344  0.00000023999269758  0.00000030259546842
  0.00000037005195467  0.00000044800700326  0.00000053250986216  0.00000062261405503
  0.00000071969862651  0.00000082990089013  0.00000094850861005  0.00000107334389332
  0.00000120649030855  0.00000135126156291  0.00000150848693007  0.00000168970060470
  0.00000189033380840  0.00000211306354314  0.00000234271677565  0.00000257373866049
  0.00000281026481906  0.00000305697710342  0.00000331683149968  0.00000361533558542
  0.00000392111554748  0.00000423699057121  0.00000457573188049  0.00000495279748724
  0.00000535626130434  0.00000579774303572  0.00000625387395815  0.00000673773045434
  0.00000725198271966  0.00000783345969607  0.00000848094686830  0.00000918798308059
  0.00000994215179313  0.00001068996419428  0.00001145236721840  0.00001228133908498
  0.00001321464268686  0.00001430216923837  0.00001540358469420  0.00001655768210335
  0.00001788992586834  0.00001925976005080  0.00002075533504817  0.00002228868836803
  0.00002416286956550  0.00002624198821930  0.00002850356235400  0.00003095939092486
  0.00003363063064696  0.00003673563443620  0.00004031999422040  0.00004429244247110
  0.00004862133518429  0.00005341600572492  0.00005857105938500  0.00006381789080155
  0.00006926841290447  0.00007553220626151  0.00008269988683558  0.00009039384742276
  0.00009898492497195  0.00010899519437448  0.00012064563984677  0.00013373820741126
  0.00014783411818274  0.00016398395708655  0.00018277807508715  0.00020497778421554
  0.00022983451030629  0.00025772939297472  0.00028881038837412  0.00032512310522233
  0.00036979883446230  0.00042566401897553  0.00049138503976405  0.00056897221181831
  0.00065705787168080  0.00075737815958920  0.00087987175543434  0.00102451506588653
  0.00119005042505762  0.00138685540612134  0.00164438210908548  0.00200399891550264
  0.00248250520868627  0.00320864666167019  0.00437668497685738  0.00600243815451012
  0.00848602661420150  0.01416666340412877  0.10930813582811981  1.00000000000000000
  0.00000001735453717  0.00000003188025002  0.00000004640596287  0.00000005828060262
  0.00000006880862396  0.00000007724938833  0.00000008463286393  0.00000009538186788
  0.00000010695379686  0.00000011938487060  0.00000013365307843  0.00000015034426976
  0.00000016969481691  0.00000019135141862  0.00000021246324071  0.00000023480105050
  0.00000025977978993  0.00000028414089313  0.00000030763298249  0.00000033262727426
  0.00000036290995171  0.00000040223384370  0.00000044829232281  0.00000049900590415
  0.00000055963969587  0.00000062550206625  0.00000069380617791  0.00000077043847001
  0.00000085541002683  0.00000094933968983  0.00000106601403798  0.00000119664177727
  0.00000134047459533  0.00000149208678058  0.00000164711043666  0.00000180916291114
  0.00000197985646691  0.00000215918175614  0.00000235354184995  0.00000258013966802
  0.00000285789748955  0.00000318790272374  0.00000356284440935  0.00000397957448883
  0.00000442642328340  0.00000489517629224  0.00000537082049530  0.00000586678053335
  0.00000638811383094  0.00000698443391328  0.00000768086887294  0.00000854113856552
  0.00000952115378418  0.00001063781314821  0.00001193331315622  0.00001336653275887
  0.00001501821003033  0.00001680430053285  0.00001875910539880  0.00002106314212836
  0.00002377912257565  0.00002709520340422  0.00003081405801204  0.00003472699665546
  0.00003892640576865  0.00004356601228892  0.00004863945410871  0.00005464935475623
  0.00006128721104183  0.00006962199893615  0.00007833207041062  0.00008874961748227
  0.00010058901540638  0.00011406878259088  0.00012962073857276  0.00014642129866766
  0.00016647922529717  0.00018979593706262  0.00021707572876706  0.00024978662914588
  0.00029029015244933  0.00034230704477952  0.00041134975861731  0.00049164199064518
  0.00056379628545471  0.00063106732759323  0.00070069053904409  0.00078708631289542
  0.00094551426362591  0.00118408966751419  0.00155258622245270  0.00229121580606642
  0.00358297525940801  0.00785540417212361  0.07930893214765487  1.00000000000000000
  0.00000881929498077  0.00001449771811104  0.00001609604259163  0.00001872857055412
  0.00002168257296290  0.00002559250312382  0.00002942822337979  0.00003409284248979
  0.00003875319068061  0.00004301164912533  0.00004686194421550  0.00005051649430051
  0.00005489411523439  0.00005958610733190  0.00006417200130682  0.00006898791678135
  0.00007384001356424  0.00007870417548602  0.00008370211586162  0.00008898996299840
  0.00009472095869305  0.00010058808792927  0.00010655915898462  0.00011282509746743
  0.00011974618360331  0.00012720972065202  0.00013450895255808  0.00014184181620140
  0.00014923915750848  0.00015721335956536  0.00016624094321499  0.00017566694179046
  0.00018544756524220  0.00019568125840268  0.00020599369629851  0.00021658569755816
  0.00022748306460163  0.00023888395618051  0.00025104046736463  0.00026421862899499
  0.00027782367487052  0.00029176444497778  0.00030636623109714  0.00032184803394807
  0.00033853980464301  0.00035738293441558  0.00037725037480504  0.00039930003654542
  0.00042293173957878  0.00044737386800086  0.00047196694374018  0.00049744758407946
  0.00052350798736070  0.00055006027942057  0.00057682944389819  0.00060325193870218
  0.00063067498151861  0.00065831553993207  0.00069011965550068  0.00072896608324766
  0.00077135337613070  0.00081719751020752  0.00086497411196794  0.00091388524964605
  0.00096487613477901  0.00101731464228687  0.00107141030850605  0.00112790157054883
  0.00118603412265183  0.00124239742971199  0.00129337490321423  0.00135047744670086
  0.00141594107714819  0.00150035530857768  0.00158660746252036  0.00167639070977708
  0.00177065568713841  0.00188428449981550  0.00204188513710981  0.00220673184589980
  0.00236507544084256  0.00253702159255241  0.00273843242138787  0.00292591899159438
  0.00312611954849773  0.00332988101939109  0.00353316205659867  0.00380152579689700
  0.00422782938718538  0.00480006613583327  0.00562051257445866  0.00695477624272147
  0.01083923073960095  0.01805645337701484  0.02820819697428460  1.00000000000000000
 -0.00241870026726299  0.00952945447787152  0.01995956778284606  0.02902889329562248
  0.03875630425430499  0.04812072256841313  0.05865613120950179  0.06900689791244706
  0.07925061208077311  0.08897286731932251  0.09804703473126000  0.10723881664719329
  0.11664917884041714  0.12628936349291719  0.13566355466820029  0.14525157094039920
  0.15646914502542225  0.16824753101864423  0.17914782088933609  0.18956312717030910
  0.19975526768223772  0.21013442604832513  0.22021949122504741  0.23018888700497389
  0.24055680729795448  0.25044824205520522  0.25922615405143323  0.26726868197324499
  0.27577781381132616  0.28450753648891280  0.29408633911941384  0.30382682851447634
  0.31452742705196057  0.32684747305468709  0.33840799646940578  0.34931202548961299
  0.36048289447283333  0.37166971112684444  0.38323263803197777  0.39485810685063516
  0.40600325139658899  0.41577338524951590  0.42516384725139234  0.43459447955565256
  0.44487499802050490  0.45596108279898262  0.46755414101165516  0.47967846951317045
  0.49242184456679694  0.50422010148227836  0.51557693750507194  0.52668515421839956
  0.53731110683477745  0.54793626553624042  0.55835849141581884  0.56847412180359480
  0.57854144376866457  0.58846919170413314  0.59864006410503467  0.60871600119715807
  0.61858244976013610  0.62885680200336724  0.63912887458053247  0.64891641866811423
  0.65872676233068728  0.66874240322918610  0.67950869114087853  0.69097861436472252
  0.70292206623000830  0.71483572726213407  0.72678753368854732  0.73893535700588953
  0.75074534715228547  0.76256609493789773  0.77434241308424379  0.78663707330897803
  0.79866485905260398  0.81042834384428764  0.82211040991368256  0.83364822723274845
  0.84547852883308683  0.85715585666624861  0.86835498055855098  0.87901421244217992
  0.88940330426910619  0.90073971408058973  0.91152333426267829  0.92196832240453030
  0.93245868038070368  0.94274245931406497  0.95276278365865941  0.96249260353085686
  0.97141069307549643  0.98070926870854169  0.99021525705819946  1.00000000000000000
 -0.00228627649209620  0.00976716661267254  0.01842505185916459  0.02822262642916071
  0.03829572937560354  0.04951396809827464  0.06126457817981219  0.07186748957362014
  0.08215643075778986  0.09263039681589327  0.10372015353104651  0.11525302272046220
  0.12671700002416750  0.13811831812314174  0.15008121171664196  0.16228382550049061
  0.17289660285039818  0.18245700068280893  0.19180265179437642  0.20014336511484598
  0.20796505281061556  0.21583186020341794  0.22432618168364282  0.23420368926455554
  0.24508108788625069  0.25615483603788208  0.26736427400035323  0.27902324752845603
  0.29034172973276429  0.30135178165018811  0.31235479337820221  0.32335760937161462
  0.33356139139466146  0.34293649411480609  0.35215356848619866  0.36110513570344427
  0.36964365596249310  0.37811999020198578  0.38679472154167921  0.39626387565451804
  0.40650256065025819  0.41742245102731879  0.42964803007629970  0.44242618566518299
  0.45435299894148229  0.46506311400300898  0.47484710737013153  0.48449314064241189
  0.49414779317867519  0.50457922355218288  0.51529106873563635  0.52628170180660339
  0.53777371545456820  0.54987596026382191  0.56220344238009023  0.57386038954128693
  0.58488685495286319  0.59592724983862821  0.60727468048535826  0.61893007506534437
  0.63026132761485554  0.64100608220498589  0.65186046743376858  0.66308046663371822
  0.67427518445277057  0.68573175846997858  0.69650757079380965  0.70715723555975740
  0.71758066380201790  0.72816447976335741  0.73790172039369173  0.74729837025406354
  0.75651936069137871  0.76581089677800485  0.77526471475637515  0.78455027565968749
  0.79397793223856505  0.80340051056085926  0.81324102237086249  0.82291516591318337
  0.83338558058015599  0.84384096193454883  0.85372913803387895  0.86373705173636417
  0.87383846740940629  0.88589682062562414  0.89832724297166111  0.91048913970895273
  0.92226449689236478  0.93396147756896164  0.94664853356314227  0.95837263569862896
  0.96870000347589735  0.97919248018769700  0.98973837282069710  1.00000000000000000
 -0.00233365046329648  0.01038128968032291  0.01968561460808326  0.02923283883227984
  0.03860620290560626  0.04906838595807226  0.06024934999989400  0.07185707019603220
  0.08430141900115659  0.09659922643813290  0.10793075222036354  0.11853586400125930
  0.12925488877246474  0.14015275208302985  0.15101284748977112  0.16109939585408997
  0.17106003545690568  0.18163150455564589  0.19160904661327274  0.20134097649572788
  0.21086072077015225  0.22117395008065419  0.23125704256664908  0.24132813254034194
  0.25109981241308704  0.26056523983583707  0.26961096550412789  0.27853068572477663
  0.28777415605502643  0.29780702122246189  0.30720712617019869  0.31719379725999097
  0.32765930982654690  0.33851040114948855  0.34940075715885449  0.35984413235434126
  0.37014376502729579  0.38032997967303800  0.39108118127391034  0.40282214570572256
  0.41457899664395187  0.42560984388459538  0.43603987133020922  0.44669021773130646
  0.45735240895508639  0.46752185161483306  0.47755958064286358  0.48774755847189188
  0.49806442297067638  0.50895258630855122  0.51886806445373235  0.52954179780161359
  0.54062748605310373  0.55187721939539014  0.56289031956516689  0.57289938659747630
  0.58289450923144681  0.59327203257309191  0.60424337372886550  0.61686905252454505
  0.62960381777078056  0.64239171252369498  0.65388626518516935  0.66457845776257762
  0.67517261917643345  0.68369933780468517  0.69229160730795269  0.70040807064529076
  0.70855681191900499  0.71749473616706938  0.72678496769277812  0.73676478583564808
  0.74812702937353037  0.75980828480350660  0.77196812900728340  0.78396627446519818
  0.79585585965556827  0.80701151762046652  0.81890467643669296  0.83053373838176869
  0.84173347669943122  0.85316094064618708  0.86483312339858520  0.87698746193785171
  0.88841410260399745  0.89909451756292080  0.90883023689824438  0.91846032645517750
  0.92782922121120237  0.93744525083014341  0.94613223356519971  0.95505084189624834
  0.96464856290612266  0.97544906997677283  0.98737738770427952  1.00000000000000000
 -0.00000063363750087  0.00017990841582870  0.00037826010531979  0.00060012078072344
  0.00072133084013513  0.00083658565269445  0.00095319830510905  0.00106618858508791
  0.00119247667940792  0.00132973711640964  0.00147500606611212  0.00161894970707630
  0.00176188175294165  0.00190680969883052  0.00204867796709123  0.00218786065673478
  0.00233247876788265  0.00247687237343085  0.00262083929563813  0.00277805956803643
  0.00294285819859906  0.00311614102554771  0.00330233688055722  0.00348417072939410
  0.00366721200334453  0.00384144872850656  0.00399659044711603  0.00416299578019470
  0.00432875295692434  0.00448700157246036  0.00466142246547090  0.00484294603266408
  0.00502287825238660  0.00519369715375413  0.00535866039882275  0.00551744397096514
  0.00567725933855082  0.00585074973306536  0.00604858616548918  0.00626272388270751
  0.00649959426929105  0.00672984483820206  0.00696918436057345  0.00722922076408622
  0.00749684066382858  0.00773824378403398  0.00795431098555186  0.00816949664891179
  0.00839529740674297  0.00864480284574129  0.00889094943379170  0.00913437745726980
  0.00940166145047594  0.00968899173457117  0.01000479113350264  0.01032305305610977
  0.01069754625683289  0.01110166901870710  0.01147745705544390  0.01185026532640001
  0.01222635409311589  0.01256811558863832  0.01299673666813830  0.01345349182010044
  0.01403966345286541  0.01476586110216847  0.01547950728649754  0.01619911862772054
  0.01684720759602269  0.01739124549800700  0.01771818167491769  0.01809011151650092
  0.01854579790957743  0.01909420355858073  0.02028119443791668  0.02143888424169511
  0.02372708658528046  0.02545577239410083  0.02650287300745900  0.02745780671278902
  0.02853520338641833  0.03169481481451204  0.03240336577341175  0.03299457571278386
  0.03374846326997195  0.03506693426918150  0.03639584170301381  0.03768117794823216
  0.03979275403408807  0.04181098361841486  0.04572372890024788  0.05095521604344574
  0.06523069357396852  0.10210102579589779  0.43205996010572456  1.00000000000000000
 -0.00177840349756295  0.00868471062177958  0.01835550363389422  0.02919645246717646
  0.04014043741046432  0.05047821267654197  0.06070619544594177  0.07285393798257443
  0.08633309792774528  0.09981688098895856  0.11319771347098359  0.12611984047520999
  0.13941796350325669  0.15383665923384929  0.16848953234764280  0.18177332267797688
  0.19474564661920549  0.20711658586378653  0.21847572619194752  0.22951207036264817
  0.24097258252625747  0.25239813065191219  0.26329435417867036  0.27377483126160185
  0.28346579183108589  0.29320538512394095  0.30322283282504930  0.31433109061358644
  0.32517221431696652  0.33574116645750218  0.34576162411703859  0.35587941277801316
  0.36561733501186605  0.37505141166606731  0.38366946103592925  0.39187340746466859
  0.39969942071371145  0.40768988970294023  0.41565435599809991  0.42402286950254325
  0.43285046399915195  0.44179625626279206  0.45098002594428832  0.45990512347426493
  0.46793343449069474  0.47628542009949493  0.48486897330929063  0.49322543527919899
  0.50120767614551265  0.50895948271528213  0.51711319722200455  0.52651959958185235
  0.53572885565721873  0.54476062886945986  0.55367776562291937  0.56285593975499304
  0.57209861206644264  0.58087676589398363  0.58970172156829426  0.59897880652078617
  0.60780693999936908  0.61755007602840462  0.62735166416769139  0.63742002731472047
  0.64748583220632216  0.65760124994655489  0.66788524349336031  0.67772088134306163
  0.68731041104291302  0.69691354399187810  0.70663458253076994  0.71671917817416331
  0.72697135150455194  0.73711374213952174  0.74740244788982502  0.75792881074183027
  0.76905977003238246  0.78054097967826241  0.79197981475413759  0.80354749089542110
  0.81547935829872842  0.82679552340855678  0.83754295432305603  0.84821224607646906
  0.85999855758072963  0.87119554053033910  0.88262258163735718  0.89440100353097418
  0.90654909420859331  0.91935670776413891  0.93310234590991847  0.94758015501672899
  0.96128216943321565  0.97442204553081635  0.98694599100408087  1.00000000000000000
  0.22832521209146084  0.23976872037196487  0.25183666345625350  0.26221823957506196
  0.27194274930879880  0.28342846886071277  0.29716074653059482  0.31115029778904385
  0.32369936327950988  0.32750550951365637  0.33222368062352792  0.33883790781528050
  0.34660997757084433  0.35466753729143990  0.36244314378621945  0.37020599178110264
  0.37789544677781745  0.38527614759685053  0.39286762112898616  0.39948521694206057
  0.40432436492985807  0.40981359150889496  0.41587446458621635  0.42272171091095628
  0.42942032178857487  0.43521796639957772  0.44035130867619093  0.44559033515009694
  0.45082853506616860  0.45609307656897508  0.46187138985842824  0.46823941395529856
  0.47504866446300442  0.48210980992624819  0.48974030743440711  0.49716734386676881
  0.50462787148314758  0.51207162392421735  0.51979455842813238  0.52758554449811090
  0.53561373927731626  0.54351517574070485  0.55142901805727040  0.55855265359609896
  0.56456615756749751  0.57040759921513928  0.57658234955178977  0.58398366244494071
  0.59124466668390863  0.59831473994923623  0.60564454196017115  0.61342916978823681
  0.62090091639484379  0.62841760611927378  0.63656539223285735  0.64509424208307731
  0.65373444861595287  0.66167991817680694  0.66932294685754690  0.67689373578203449
  0.68455273200888345  0.69208363083942648  0.69955182813858030  0.70750952866763772
  0.71544174780607150  0.72315726014459158  0.73095038541374446  0.73904090109105125
  0.74717913334206765  0.75537938644046121  0.76322719434178665  0.77064505536526606
  0.77803237062966468  0.78567599614540884  0.79333050341425271  0.80105673803917499
  0.80909654651521878  0.81709089637121590  0.82519627633522985  0.83318950537488423
  0.84179596901605891  0.84928984134985064  0.85721338227912858  0.86438846029802108
  0.87177210843047592  0.87950684073112806  0.88821731330277642  0.89756488692812442
  0.90661082800397885  0.91550455602517078  0.92497627281927730  0.93533269471584535
  0.94637917436619678  0.95855981279391433  0.97506486505271095  1.00000000000000000
 -0.01529346115754101  0.09220417860975724  0.12259163391522306  0.14148029505789381
  0.15565975702292176  0.16856800153621515  0.18072305886132578  0.19296267720870855
  0.20437673374745513  0.21486090500243746  0.22501874536073987  0.23510306779305845
  0.24473913593053603  0.25267296980263110  0.25972453807935630  0.26648976350662107
  0.27334257884598895  0.28068690347114394  0.28816948296530936  0.29499811385601998
  0.30142379329815400  0.30796626943096528  0.31415739965399847  0.32011053194994532
  0.32608730833088845  0.33204951798657684  0.33780963429667182  0.34341147161791780
  0.34907014549002846  0.35470729488553548  0.36054061268070597  0.36576970685601062
  0.37128365887441345  0.37665298606417652  0.38195297149040153  0.38732122550128723
  0.39276222217138973  0.39845157662675740  0.40440102210852386  0.41060959983471068
  0.41682047370521086  0.42294490892289721  0.42897647660266147  0.43481858256889178
  0.44063145081379779  0.44669876873553244  0.45292128881059823  0.45950981146011849
  0.46495871878305511  0.47045411832455225  0.47597074933819583  0.48175812366232862
  0.48775526187760887  0.49365454452158108  0.49961699690388828  0.50588911588106489
  0.51188824839186686  0.51756345223393163  0.52334174255274246  0.52950855562604238
  0.53606287499886951  0.54273081481542318  0.54936205487156198  0.55606517405019729
  0.56307054294350989  0.57035599917998092  0.57755210865317497  0.58466572367625913
  0.59156402392036878  0.59835262980983073  0.60539081969453445  0.61234411062637040
  0.61948310496690351  0.62688978944372886  0.63466594634834350  0.64274714154540513
  0.65091980010420136  0.65907022934529247  0.66710696570692196  0.67514743882071448
  0.68338654872976101  0.69178632246890182  0.70034804781436344  0.70934743527412070
  0.71963337616384893  0.73146702410599396  0.74414794565432374  0.75664352079095709
  0.76918844234736083  0.78250808120831605  0.79619915129883778  0.81023758182215322
  0.82731750345797805  0.85124423677245242  0.89014621630260016  1.00000000000000000
   1.1087652346457697E-003  -1.0000000000000000     
 F F F F F F F F F F F F F F F F F F F F F F F F F F F F F F F F F F F F F F F F F F F F F F F F F F F F F F F F F F F F F F F F F F F F F F F F F F F F F F F F F F F F F F F F F F F F F F F F F F F F F F F F F F F F F F F F F F F F F F F F F F F F F F F F
  <DiscreteSampler_grid>
  grouped_processes
  1 # 1 for a reference and 2 for a running grid.
  10 # Attribute 'min_bin_probing_points' of the grid.
  1 # Attribute 'grid_mode' of the grid. 1=='default',2=='initialization'
  0.0000000000000000 # Attribute 'small_contrib_threshold' of the grid.
  0.5000000000000000 # Attribute 'damping_power' of the grid.
 # binID   n_entries weight   weight_sqr   abs_weight
    10   10   1.429926104987162E+003   5.610554358921510E+006   1.429926104987162E+003
    16   10   1.429926104987162E+003   5.610554358921511E+006   1.429926104987162E+003
    22   10   1.429926104987163E+003   5.610554358921511E+006   1.429926104987163E+003
    28   10   1.429926104987162E+003   5.610554358921509E+006   1.429926104987162E+003
  </DiscreteSampler_grid>
