 -0.00253600753912354  0.00948975263006617  0.01965396318876293  0.03017832656197142
  0.04073146153469578  0.05128153734081947  0.06183372587694801  0.07238286472751833
  0.08292492990818069  0.09346077908338786  0.10400170658164540  0.11454582109124245
  0.12509161750663259  0.13563884927466513  0.14616797238820367  0.15669741899481887
  0.16722411700995651  0.17776726448509211  0.18830989273261994  0.19884786910781488
  0.20938690314407421  0.21993068201576330  0.23047246154242398  0.24101649765216640
  0.25155631099763121  0.26209063834990265  0.27262509031662269  0.28316364482251355
  0.29371478964945402  0.30426062392340836  0.31480415999653211  0.32534705464680985
  0.33589786274535033  0.34644218994393067  0.35698892917864972  0.36753559293085702
  0.37808379162742256  0.38862263975740668  0.39915301718574320  0.40967877688905280
  0.42020823491118886  0.43074104450019030  0.44128066112026487  0.45182557885001384
  0.46237572170828534  0.47292373806221527  0.48347174787982444  0.49401913262795116
  0.50457335665161329  0.51512898085967718  0.52566362615137197  0.53619650923295592
  0.54672625818963938  0.55727727667703331  0.56782834670378068  0.57837972960547612
  0.58893172303168173  0.59947176953016756  0.61001184843370526  0.62054877786693452
  0.63109413718520668  0.64163848281123947  0.65218548007334343  0.66272983089366633
  0.67326844855811430  0.68379912579559210  0.69432353560159465  0.70485355824808338
  0.71538942895877422  0.72593784178848342  0.73648845248239214  0.74703921098226300
  0.75758466815819259  0.76812935542139726  0.77866965663486598  0.78920592144380719
  0.79974056505252444  0.81027926884501289  0.82082738858403448  0.83137773207867605
  0.84192786600271241  0.85247831363810767  0.86301747815147689  0.87355786366774490
  0.88408027949232693  0.89460765853256263  0.90513440915505294  0.91567808802197170
  0.92620993153349152  0.93674045363258462  0.94727353185857055  0.95782484675051383
  0.96837788572827510  0.97891924666776819  0.98946175972289263  1.00000000000000000
 -0.00253238760586898  0.00949099359570535  0.01965532082073959  0.03017731437139066
  0.04072356710255078  0.05126786041878253  0.06180231726317422  0.07233715587241286
  0.08286611187192496  0.09340592660318994  0.10394283155148375  0.11448224497033030
  0.12502121404257269  0.13555908503083233  0.14609354957250276  0.15662890445680058
  0.16717149173377618  0.17772129064974843  0.18826733064610582  0.19881350415258017
  0.20935793424449003  0.21990324580913836  0.23045179590649165  0.24100138732390572
  0.25154725381025728  0.26208453080185551  0.27261490897619572  0.28315183564271595
  0.29369110374295182  0.30423815746208505  0.31478179207166246  0.32532473051434291
  0.33586592611129407  0.34640863630716057  0.35695191706493240  0.36749451102722447
  0.37802503026008272  0.38855669254519898  0.39909053172397430  0.40963130462750047
  0.42017821144312739  0.43072637124657387  0.44127291387418199  0.45180656515331569
  0.46233464219776021  0.47286643349679763  0.48340376323847850  0.49393693247249715
  0.50446762895493613  0.51500701161818008  0.52555029823121091  0.53608373147367117
  0.54661696324068942  0.55715459198306450  0.56770724288370067  0.57824910993995260
  0.58878594256554562  0.59932061047492935  0.60986011321093947  0.62040258912464197
  0.63093195067762153  0.64146532261862077  0.65200076156912079  0.66254954543420619
  0.67309569595077889  0.68364074054471657  0.69418782455912176  0.70473731223587910
  0.71528654404874281  0.72583704164910967  0.73638878525948215  0.74694275775376151
  0.75749167187611122  0.76803089113838996  0.77856828545177281  0.78911215666026024
  0.79965517708312339  0.81019594850276111  0.82073522355875617  0.83128532360037144
  0.84183706127028801  0.85238905834256773  0.86294189085389028  0.87348370414781495
  0.88402011967398542  0.89455473336654034  0.90509539380391502  0.91564279377017088
  0.92618334535667524  0.93672791170875291  0.94726923852332490  0.95781891821734222
  0.96836324410981711  0.97890789944365897  0.98945063486111851  1.00000000000000000
   2.5648888518977577E-008  -1.0000000000000000     
 F F F F F F F F
  <DiscreteSampler_grid>
  grouped_processes
  1 # 1 for a reference and 2 for a running grid.
  10 # Attribute 'min_bin_probing_points' of the grid.
  1 # Attribute 'grid_mode' of the grid. 1=='default',2=='initialization'
  0.0000000000000000 # Attribute 'small_contrib_threshold' of the grid.
  0.5000000000000000 # Attribute 'damping_power' of the grid.
 # binID   n_entries weight   weight_sqr   abs_weight
    10   10   1.322623097372511E+010   1.749331857703253E+020   1.322623097372511E+010
  </DiscreteSampler_grid>
