  0.00000537792874610  0.00000549331620210  0.00000557660246317  0.00000567071990655
  0.00000577669372903  0.00000589318803187  0.00000600562445108  0.00000612485664644
  0.00000625143978185  0.00000638590456161  0.00000652108719052  0.00000665466233767
  0.00000679646013056  0.00000695430879721  0.00000710782886876  0.00000725951976045
  0.00000742467452244  0.00000761866973318  0.00000782907534366  0.00000805432158979
  0.00000833232808006  0.00000861103812173  0.00000887682111504  0.00000914162384524
  0.00000941095145287  0.00000968764541192  0.00000996529850505  0.00001024443682010
  0.00001053981551171  0.00001086440604406  0.00001122421404484  0.00001161142516710
  0.00001199960686399  0.00001238838259150  0.00001279891398583  0.00001323386057249
  0.00001368766444611  0.00001416457356656  0.00001467538553405  0.00001521970492509
  0.00001579490456294  0.00001639169051616  0.00001700146878553  0.00001762125634251
  0.00001824900891904  0.00001889610789518  0.00001959385016226  0.00002034952834050
  0.00002114147294434  0.00002197443723217  0.00002286305217222  0.00002380550015189
  0.00002478977485877  0.00002582980283359  0.00002693226665436  0.00002809431555101
  0.00002931137102612  0.00003059947521135  0.00003196215774008  0.00003338031380628
  0.00003482541542950  0.00003632952901170  0.00003793117279851  0.00003959975259615
  0.00004154169532274  0.00004356288243731  0.00004579012900197  0.00004821185087895
  0.00005076252235785  0.00005349812623092  0.00005649432751433  0.00005983041259201
  0.00006350028964792  0.00006745389731061  0.00007172107277850  0.00007640132322166
  0.00008169033822189  0.00008773391681553  0.00009464980813918  0.00010258678503184
  0.00011155396005453  0.00012148729497430  0.00013267490696913  0.00014575234609514
  0.00016136002958976  0.00018021158672565  0.00020297551212689  0.00023106816106432
  0.00027088142110575  0.00032805726402928  0.00042427368037782  0.00060720020671104
  0.00095730655970294  0.00247682979464147  0.45366398880494530  1.00000000000000000
  0.00000533111254835  0.00000540760533922  0.00000546359609265  0.00000553216055384
  0.00000560375812796  0.00000568120341364  0.00000576845984318  0.00000586098659732
  0.00000594443071393  0.00000602112864318  0.00000610998448723  0.00000621023956877
  0.00000631971066741  0.00000643888889682  0.00000656136529391  0.00000668178174080
  0.00000681018957885  0.00000693464476847  0.00000706964832173  0.00000722668103665
  0.00000738483508499  0.00000754813268981  0.00000771696378413  0.00000789278653560
  0.00000807708476756  0.00000827189599257  0.00000846847202088  0.00000866089837161
  0.00000885747769945  0.00000906916375241  0.00000929738697234  0.00000954103529188
  0.00000979986433424  0.00001006795888857  0.00001034460913749  0.00001063763171066
  0.00001094840401954  0.00001127713351244  0.00001162718566926  0.00001200466870145
  0.00001241769107390  0.00001285812672334  0.00001331197615740  0.00001377329510288
  0.00001425536072125  0.00001477206917671  0.00001531136151793  0.00001586421565286
  0.00001641850550287  0.00001701214038494  0.00001765418948890  0.00001834445236199
  0.00001909888601960  0.00001990035276718  0.00002076091841160  0.00002165458809379
  0.00002257747692457  0.00002352058808682  0.00002449099677780  0.00002554163297056
  0.00002667450276182  0.00002788896681267  0.00002919745517678  0.00003059234606778
  0.00003206976358640  0.00003365572973744  0.00003537078195000  0.00003720967387653
  0.00003918490868471  0.00004134672534897  0.00004367295161782  0.00004611827748480
  0.00004878585497862  0.00005178271874707  0.00005505017289575  0.00005860875298149
  0.00006255636386474  0.00006682393578466  0.00007191887348968  0.00007775006431689
  0.00008417101465511  0.00009141741780882  0.00009980061841491  0.00010993874986687
  0.00012234617297707  0.00013737518649309  0.00015584938451369  0.00018075214545182
  0.00021771245253152  0.00027433115350544  0.00036331284800998  0.00052285162170975
  0.00099316938559133  0.02679990264644555  0.34858547546057272  1.00000000000000000
  0.00000446845794161  0.00000687623744191  0.00000822912588834  0.00000955336434551
  0.00001095639620124  0.00001241279689660  0.00001381393189242  0.00001520303465341
  0.00001667427944862  0.00001814686161939  0.00001960103453110  0.00002116083351898
  0.00002282194000735  0.00002449774887967  0.00002622526670962  0.00002804359065239
  0.00002995931561426  0.00003199221588541  0.00003407843929046  0.00003619621769805
  0.00003838994134862  0.00004070520575508  0.00004309635240078  0.00004551227213325
  0.00004806821133682  0.00005071372087070  0.00005356045387368  0.00005663381217537
  0.00005992368696134  0.00006341014884252  0.00006707031400962  0.00007097450640543
  0.00007517600545280  0.00007959517010725  0.00008422006788738  0.00008910003506490
  0.00009420177394932  0.00009984987212676  0.00010607875976483  0.00011285693634045
  0.00012034406845086  0.00012840988270603  0.00013685932586305  0.00014539707223160
  0.00015450332240325  0.00016394182183442  0.00017421634957550  0.00018497462200561
  0.00019642662487139  0.00020888813581435  0.00022288931733153  0.00023814621516092
  0.00025418889844866  0.00027127796333655  0.00028980978850919  0.00031033510725899
  0.00033308637436193  0.00035794973643385  0.00038407302594157  0.00041155259937795
  0.00044036693735214  0.00047278474096863  0.00050893214221146  0.00054858734647512
  0.00059472590673492  0.00064858450346692  0.00070812222601212  0.00077182711714683
  0.00084067130550367  0.00091776868875375  0.00100367346902725  0.00110105298925608
  0.00121121559702628  0.00133423882611754  0.00146272066251476  0.00158845425995133
  0.00171709441029223  0.00186519644558459  0.00204869375657980  0.00228357250916032
  0.00254795683893527  0.00281737959429797  0.00310900255873540  0.00345076251999884
  0.00382675322088151  0.00422911444265361  0.00466707220307835  0.00509405439602779
  0.00553351722075611  0.00603400445859243  0.00673488646738243  0.00761812735942647
  0.00897330032366245  0.01988339001889666  0.15475104730674072  1.00000000000000000
 -0.00245245951632704  0.00975799386617885  0.01883883267037524  0.02876257171230915
  0.03870346776086754  0.04997964834546617  0.06205134419909050  0.07315425760480504
  0.08391094850228133  0.09413871027461702  0.10471979721761476  0.11544501436064071
  0.12615332155517364  0.13699057475678933  0.14734972088887677  0.15764870309024107
  0.16812682600063664  0.17929876244468512  0.19024341098965511  0.20065734844685329
  0.21049397186187471  0.22066893772091614  0.23065235962958813  0.24069609867079436
  0.25117508193149390  0.26214282227468866  0.27344787920493546  0.28477684311139939
  0.29569975311959612  0.30614064812227071  0.31635024710837223  0.32659708658236913
  0.33682365275174025  0.34709155698057059  0.35724895813417928  0.36818165944425585
  0.37927937101239523  0.38998501313694844  0.40065451880024971  0.41110530174747789
  0.42197280510145496  0.43282743570466936  0.44374695037090617  0.45456218261940912
  0.46562066283783332  0.47644895915360080  0.48703444142251606  0.49801749822896590
  0.50961136199517865  0.52130992782014041  0.53239368322268588  0.54286385618009059
  0.55287443569103856  0.56308032595033375  0.57405290685933674  0.58515200176800275
  0.59557412395683595  0.60540383563489364  0.61523178805863699  0.62567221561279307
  0.63689209558167026  0.64795005747781709  0.65868389329712973  0.66899464706591649
  0.67931070603315824  0.69006331690589173  0.70090389703796874  0.71180471116447686
  0.72214369184714888  0.73265023256821882  0.74328685454021781  0.75440782280508190
  0.76501801044260398  0.77517045237627880  0.78415482542092918  0.79367902025584813
  0.80343923867257139  0.81374855639848376  0.82382237993547891  0.83374791116927716
  0.84380124365052789  0.85437706884813547  0.86483514587849064  0.87506814898930463
  0.88521351843576868  0.89538292692645705  0.90557092660408456  0.91552099089573868
  0.92552117858271021  0.93565811194994664  0.94601725330671260  0.95669131288685161
  0.96748862391019941  0.97833593116361006  0.98946602210862822  1.00000000000000000
 -0.00005020483945574  0.00034391665543411  0.00119093212700577  0.00180268372731113
  0.00236180503090228  0.00290388410043730  0.00344082080873767  0.00396755797874235
  0.00448331689969641  0.00498548260829446  0.00547891661014324  0.00597501299892611
  0.00645866077419798  0.00693799709072876  0.00742587510480173  0.00791701630246063
  0.00841139067079492  0.00886155384519350  0.00929047836318718  0.00973993586374458
  0.01021227813008780  0.01071396646789763  0.01121193783649937  0.01172441287370040
  0.01223659959665288  0.01278560252114117  0.01336887666306547  0.01397234174893372
  0.01460445249405345  0.01525713724969729  0.01591861823160545  0.01658457621918308
  0.01722783097294447  0.01786548712115705  0.01848458530025570  0.01901401289166270
  0.01952404181263395  0.02002790326858641  0.02058771781594543  0.02119279716155497
  0.02186721096282335  0.02246854944150191  0.02303640643250535  0.02363220056395693
  0.02420503171889644  0.02483860357890080  0.02543043277596064  0.02604354562124501
  0.02668290104397666  0.02741678058527379  0.02827789965627981  0.02927321709222236
  0.03014672426617305  0.03073426658722867  0.03123036430759710  0.03175118343143066
  0.03224742083628572  0.03275470689449020  0.03336342757643506  0.03418833044538485
  0.03530425641853775  0.03635242628383795  0.03754622329189734  0.03869704620261947
  0.03984562332849725  0.04099248557349016  0.04213779794533380  0.04331633014860339
  0.04453103011074925  0.04582856128576305  0.04727959205012426  0.04878372178762420
  0.05025910750971294  0.05182518918677175  0.05328079828114603  0.05512698841668320
  0.05716780532496161  0.05948830397262184  0.06217007714784987  0.06519848114658582
  0.06870593874770244  0.07100426283488243  0.07284451780037306  0.07495509432055822
  0.07730776826735763  0.08023546052560764  0.08281655668160093  0.08841290493597354
  0.09481044436979469  0.10168225005543838  0.10862972129413498  0.11621728808582180
  0.12725073201096856  0.15889300277455726  0.70428145836426270  1.00000000000000000
 -0.00203173345827193  0.00748543153561849  0.01752642863940650  0.02712910038645254
  0.03781268205667315  0.04829754474078322  0.05837314967521434  0.06787091948935997
  0.07702710662085749  0.08593014387282009  0.09488894678209930  0.10398875737159745
  0.11321203526420333  0.12282056142595181  0.13262638827446688  0.14263645441055708
  0.15289587756386330  0.16307981829946569  0.17311359587869488  0.18293460855372037
  0.19285085414310704  0.20266568829162471  0.21246354582632196  0.22239195921238658
  0.23281194902540600  0.24397038451185693  0.25481306998327458  0.26578461853419227
  0.27703795126603548  0.28838536060220804  0.29972275548695670  0.31110054794142644
  0.32255445334249760  0.33404000501063236  0.34573069690356550  0.35769604211891254
  0.36972188129267430  0.38148374513302974  0.39328031086160226  0.40511885986489116
  0.41702145354865550  0.42900372299005979  0.44066326752206464  0.45190793994955752
  0.46294898258021550  0.47373345099247793  0.48415508840349147  0.49479730681838657
  0.50630158216845045  0.51796491449592119  0.52922823615694414  0.54062594113986684
  0.55213344445733448  0.56377746979270627  0.57542112803675638  0.58712395620425817
  0.59880536398681361  0.61030633183472149  0.62180934410637823  0.63310681001756208
  0.64459805195097652  0.65589931045437722  0.66706549251362457  0.67808282288979838
  0.68920331711846461  0.70052710331432200  0.71250871604878507  0.72416771339912511
  0.73513548036691245  0.74560391000799986  0.75652207493381696  0.76722089096201740
  0.77797281872940172  0.78813334916297106  0.79846798979059541  0.80823927759830760
  0.81775216973063480  0.82747006062196171  0.83739257233217868  0.84780875796817745
  0.85809385881245004  0.86837684784387259  0.87831732538910912  0.88843311692933868
  0.89811108794384797  0.90778264748043114  0.91768291058359963  0.92774818843884010
  0.93761867008605360  0.94700415175443542  0.95553499055307989  0.96420674718044608
  0.97248311564993617  0.98111876850850843  0.99084166214685887  1.00000000000000000
 -0.00000099117263723  0.00002221644770927  0.00005242253604803  0.00008806830618177
  0.00013170389520123  0.00019433114031150  0.00025562502885986  0.00031721385058797
  0.00038138434378352  0.00045163070689036  0.00052556967361547  0.00060343557072336
  0.00068600675553052  0.00077430568274669  0.00086545539208912  0.00095849645507690
  0.00105397664045289  0.00115445311218829  0.00126136069627828  0.00137738112469339
  0.00150174199234903  0.00163264582577574  0.00176959973735682  0.00191197254679275
  0.00206263023269080  0.00222029623453773  0.00238707963879823  0.00255866975669690
  0.00273183480505809  0.00290832495909934  0.00308303973975125  0.00325358251223963
  0.00342169948836492  0.00359554246633188  0.00377936005498502  0.00398351490567552
  0.00418790887331825  0.00438980503568395  0.00459304334685430  0.00480552709408420
  0.00501353426407048  0.00522676062627240  0.00544331337477915  0.00566024178616380
  0.00587868766584950  0.00611123866718580  0.00637786931941874  0.00667225892046882
  0.00700270571816088  0.00734038482422361  0.00768029926012000  0.00799295989553883
  0.00830956951884193  0.00863789309611145  0.00902157970549167  0.00939318267915345
  0.00978575946381902  0.01016361358639449  0.01054665804106647  0.01091298377496100
  0.01130687656653751  0.01174033595959965  0.01221620656657144  0.01273915927085279
  0.01331270385918281  0.01393521060195807  0.01458301286521245  0.01529589830881425
  0.01604736926509278  0.01684790389612077  0.01764478537058727  0.01846743333655535
  0.01908987084309730  0.01980132317384928  0.02060210603627138  0.02149923441142425
  0.02239379561188521  0.02319629344438305  0.02402279774487955  0.02497412328897856
  0.02627060799662123  0.02805790149223758  0.02963485422558220  0.03081439429844096
  0.03186170944837401  0.03293332505106247  0.03395949070686151  0.03523570448360262
  0.03690827587202953  0.03884111289678272  0.04166788054112362  0.04446454891571837
  0.04765136520494225  0.05200914532208305  0.41483195518785398  1.00000000000000000
 -0.00181102429973020  0.00685707100149885  0.01517534033810474  0.02396039311337300
  0.03252827831022699  0.04111225810811971  0.04980606840101404  0.05857073800978069
  0.06726307626157856  0.07582974121785538  0.08437776630209812  0.09293207738688349
  0.10146766135432109  0.11000542751432288  0.11860884699932524  0.12746277422570371
  0.13668670371752278  0.14614357082663701  0.15557037798651197  0.16503008856911658
  0.17492497501964011  0.18486919654676520  0.19465931828734490  0.20462017598532767
  0.21510467436462483  0.22625199797253950  0.23733785622843565  0.24859452342892185
  0.26042849129612633  0.27249826831817825  0.28417478923099665  0.29569328767959896
  0.30732028180896054  0.31930554559818813  0.33153605124291502  0.34368994829518501
  0.35584527231087493  0.36826881016957891  0.38090987999311049  0.39338478689214046
  0.40581791619792545  0.41877331922697669  0.43222624242621371  0.44537570330556719
  0.45863799207266603  0.47266346713129848  0.48758710212046874  0.50225501037794795
  0.51640812895829180  0.53023238347234003  0.54408959176231453  0.55788893228664349
  0.57088838807702857  0.58366932354421319  0.59662601741072629  0.60932691759035940
  0.62135514177051465  0.63318358105181294  0.64486966956239644  0.65646157717412879
  0.66789765202151086  0.67983515196743272  0.69201112127412201  0.70385071555001444
  0.71534357369281421  0.72685607320908818  0.73894821030084057  0.75116895911161696
  0.76281691414208042  0.77403091893796250  0.78507421032154800  0.79589504660663846
  0.80665043915525814  0.81693481944847102  0.82717251725479013  0.83700378549209264
  0.84572623859505403  0.85391795128206516  0.86231980713814926  0.87094337919564291
  0.88013912192252530  0.88969316246850294  0.89841909381368590  0.90661377202425064
  0.91422728947740506  0.92182333428498764  0.92938382505189987  0.93730634338180008
  0.94545634940424228  0.95313673988223946  0.96125855380688607  0.96906562099385318
  0.97765126772484101  0.98508064184019883  0.99267714842477917  1.00000000000000000
  0.02486985525212611  0.09709163033059789  0.13534477826624403  0.16992218730270325
  0.20169277072303798  0.23088483802258367  0.25822492047040085  0.28434922321648826
  0.30872529067129867  0.33127144016229132  0.35333192038807765  0.37461396898606669
  0.39449628184144442  0.41355610948647231  0.43219557982614853  0.45054570906977642
  0.46800474467011544  0.48501122841474137  0.50111881203209852  0.51687855313023623
  0.53196199488579687  0.54588927064258985  0.55902437331250743  0.57179663663000813
  0.58396541858491968  0.59579336315079878  0.60705572143271935  0.61798481948370898
  0.62893582774107948  0.63947316802651988  0.64991820671343514  0.65995130582195882
  0.66998541997426353  0.67956904792278983  0.68885793314188482  0.69793166054791511
  0.70690158215644394  0.71595092813871430  0.72468836559312166  0.73305716270568855
  0.74088568596305870  0.74848953271523211  0.75606270696401090  0.76359954854086742
  0.77091278983523348  0.77782685735968760  0.78454587090223482  0.79107242031464553
  0.79746491647818141  0.80368044558407203  0.80973231413190871  0.81567561425531676
  0.82143939172590374  0.82709128379733177  0.83273609324734743  0.83841678318526525
  0.84402995507991108  0.84948017583101165  0.85472842037750840  0.85975402392181555
  0.86473252711148696  0.86973803958026064  0.87467686292747449  0.87963266775791948
  0.88451430988533830  0.88928016754506389  0.89392835082503108  0.89844756708808948
  0.90277762878468970  0.90708595372374212  0.91127807514965220  0.91544092306973968
  0.91953016000295651  0.92357385855238949  0.92757532872838266  0.93147829010721339
  0.93526001790248181  0.93900945488791732  0.94267343912237034  0.94620645258185565
  0.94961681495477179  0.95288576322929897  0.95613279041324828  0.95940882056081545
  0.96264508435712881  0.96580233870207866  0.96888548534748642  0.97189662406298016
  0.97486678485462541  0.97791966735265601  0.98102561808831901  0.98415160924674183
  0.98728321990045942  0.99063749765054809  0.99488555852703020  1.00000000000000000
 -0.01788714603910163  0.07612873041712784  0.10182484000464261  0.11736572835324854
  0.12957365694808326  0.14018984154361158  0.14978289917782295  0.15868450673426771
  0.16691230369946020  0.17463759304753754  0.18191367459649299  0.18881128445931783
  0.19533832043364519  0.20167584768881910  0.20790906361288353  0.21390173113459460
  0.21942277966826640  0.22477421816205453  0.23000226009205624  0.23517986417489725
  0.24026165092609089  0.24514387597268025  0.24981171091429963  0.25434721589656817
  0.25882549208001160  0.26330032897400663  0.26798892238769650  0.27295019774083812
  0.27815598884589959  0.28331272874358626  0.28814653403611545  0.29258279914406593
  0.29700855887698224  0.30139785519805762  0.30584693621431264  0.31068453270491087
  0.31559213368962996  0.32049931574128743  0.32546327896773758  0.33033726046051254
  0.33527831112083389  0.34037033524438404  0.34544210978488893  0.35046815996008951
  0.35534908128108456  0.36019506250188738  0.36514004770566810  0.37001193511897396
  0.37486758843773482  0.37972148483364038  0.38445027878401300  0.38946612407885106
  0.39485981455128666  0.40034429149878231  0.40586707768198554  0.41129425925800078
  0.41664502146177052  0.42212241945567847  0.42766639202210405  0.43317101988802598
  0.43903508828070609  0.44487243101864032  0.45107340929094586  0.45735126752710947
  0.46355908121112421  0.46970634170269121  0.47582651507031365  0.48194542855924744
  0.48818114662043238  0.49498049131728111  0.50211606184664148  0.50934854093339577
  0.51662198115552649  0.52402363768794302  0.53182377911566758  0.53972916977601249
  0.54766420939458016  0.55557236861724457  0.56329264278500180  0.57107414415653635
  0.57913285689097183  0.58786117382689007  0.59724561874309978  0.60780972853969484
  0.61950415387394608  0.63172200397436207  0.64410168470014628  0.65717608517605353
  0.67124059447288820  0.68657044672235912  0.70361238273952298  0.72272916139351839
  0.74547961037243016  0.77513799053324561  0.82183048782777179  1.00000000000000000
   2.4684220958493111E-002  -1.0000000000000000     
 F F F F F F F F F F F F F F F F F F F F F F F F F F F F F F F F F F F F F F F F F F F F F F F F F F F F F F F F F F F F F F F F F F F F F F F F F F F F F F F F F F F F F F F F F F F F F F F F F F F F F F F F F F F F F F F F F F F F F F F F F F F F F F F F
  <DiscreteSampler_grid>
  grouped_processes
  1 # 1 for a reference and 2 for a running grid.
  10 # Attribute 'min_bin_probing_points' of the grid.
  1 # Attribute 'grid_mode' of the grid. 1=='default',2=='initialization'
  0.0000000000000000 # Attribute 'small_contrib_threshold' of the grid.
  0.5000000000000000 # Attribute 'damping_power' of the grid.
 # binID   n_entries weight   weight_sqr   abs_weight
    13   10   5.857051345356154E+005   3.198452209054583E+012   5.857051345356154E+005
    14   10   5.857051345356273E+005   3.198452209054717E+012   5.857051345356273E+005
    16   10   5.857051345356153E+005   3.198452209054583E+012   5.857051345356153E+005
    17   10   5.857051345356273E+005   3.198452209054717E+012   5.857051345356273E+005
    22   10   5.857051345356154E+005   3.198452209054583E+012   5.857051345356154E+005
    23   10   5.857051345356271E+005   3.198452209054715E+012   5.857051345356271E+005
    25   10   5.857051345356154E+005   3.198452209054583E+012   5.857051345356154E+005
    26   10   5.857051345356274E+005   3.198452209054719E+012   5.857051345356274E+005
    31   10   5.857051345356153E+005   3.198452209054583E+012   5.857051345356153E+005
    32   10   5.857051345356271E+005   3.198452209054715E+012   5.857051345356271E+005
    34   10   5.857051345356151E+005   3.198452209054580E+012   5.857051345356151E+005
    35   10   5.857051345356274E+005   3.198452209054719E+012   5.857051345356274E+005
    40   10   5.857051345356153E+005   3.198452209054583E+012   5.857051345356153E+005
    41   10   5.857051345356270E+005   3.198452209054714E+012   5.857051345356270E+005
    43   10   5.857051345356153E+005   3.198452209054583E+012   5.857051345356153E+005
    44   10   5.857051345356276E+005   3.198452209054720E+012   5.857051345356276E+005
    49   10   5.857051345356154E+005   3.198452209054583E+012   5.857051345356154E+005
    50   10   5.857051345356271E+005   3.198452209054715E+012   5.857051345356271E+005
    52   10   5.857051345356153E+005   3.198452209054583E+012   5.857051345356153E+005
    53   10   5.857051345356276E+005   3.198452209054720E+012   5.857051345356276E+005
    58   10   5.857051345356153E+005   3.198452209054583E+012   5.857051345356153E+005
    59   10   5.857051345356273E+005   3.198452209054717E+012   5.857051345356273E+005
    61   10   5.857051345356153E+005   3.198452209054583E+012   5.857051345356153E+005
    62   10   5.857051345356276E+005   3.198452209054720E+012   5.857051345356276E+005
  </DiscreteSampler_grid>
