  0.00000480503946593  0.00000488598098993  0.00000496724199592  0.00000506461950074
  0.00000516957055299  0.00000530031896570  0.00000547331580431  0.00000564885794363
  0.00000580464807516  0.00000596139331815  0.00000613235390879  0.00000630753837237
  0.00000649453986415  0.00000668118818911  0.00000687026250565  0.00000706629359234
  0.00000726550859022  0.00000746383297754  0.00000766284861154  0.00000786600320305
  0.00000808708350924  0.00000832456752374  0.00000858140458665  0.00000883422560578
  0.00000908642011598  0.00000934563301358  0.00000961507865614  0.00000990378949517
  0.00001020779801553  0.00001051638826481  0.00001084283958004  0.00001118273187756
  0.00001152900766727  0.00001187414417780  0.00001222295737852  0.00001260341148810
  0.00001302173865908  0.00001345957489752  0.00001389839446805  0.00001434618160763
  0.00001485476471513  0.00001539099988347  0.00001593623900311  0.00001646524955228
  0.00001701967844068  0.00001759618466214  0.00001818037699649  0.00001876918611236
  0.00001936684597255  0.00001999342280517  0.00002063959078657  0.00002133261316884
  0.00002207693373938  0.00002291380462774  0.00002377717551108  0.00002458317100404
  0.00002536776198666  0.00002621549705164  0.00002712991426484  0.00002815509849784
  0.00002927202234461  0.00003052394227709  0.00003181796524770  0.00003313696491571
  0.00003453908586295  0.00003602593760898  0.00003751751512008  0.00003911809241028
  0.00004097272067231  0.00004294141039445  0.00004505982111722  0.00004743133355078
  0.00005019699182168  0.00005316411683827  0.00005636879854836  0.00005977934254132
  0.00006373518946080  0.00006809176086375  0.00007300290804393  0.00007856178620546
  0.00008543694049319  0.00009334589377405  0.00010295347519811  0.00011507774291950
  0.00013037862373200  0.00014984759025646  0.00017557457185660  0.00021148860433475
  0.00026323180482095  0.00034369650799583  0.00046963081766630  0.00068902818729128
  0.00126176504304228  0.00320341821408916  0.16257826608020362  1.00000000000000000
  0.00002643747534884  0.00002778236198318  0.00002865751955096  0.00002943558166601
  0.00003020155582159  0.00003099256428958  0.00003180263071167  0.00003276626795634
  0.00003372869971951  0.00003476263423889  0.00003576833312344  0.00003684221497717
  0.00003796877918895  0.00003909053278864  0.00004024889050175  0.00004162813096338
  0.00004295701511503  0.00004448330249475  0.00004620179865087  0.00004815919413239
  0.00005010968816165  0.00005200920179985  0.00005381414138471  0.00005546451090142
  0.00005694749172274  0.00005842825746034  0.00006008122903038  0.00006197735631044
  0.00006407066157959  0.00006630555980372  0.00006855508498485  0.00007081809372872
  0.00007308777434196  0.00007536060933525  0.00007756866716140  0.00007986513145010
  0.00008246772156668  0.00008537094279530  0.00008834706004283  0.00009161262559522
  0.00009521932520905  0.00009903378778361  0.00010274927960967  0.00010616495856179
  0.00011119901365249  0.00011621148978624  0.00012152656631327  0.00012735019590342
  0.00013331185475277  0.00013915385733864  0.00014610664636777  0.00015389794567881
  0.00016247303210556  0.00017199578334145  0.00018225383342612  0.00019407869940662
  0.00020729679519962  0.00022142078814305  0.00023694091267732  0.00025343154129419
  0.00027232511056042  0.00029236762629188  0.00031559836063270  0.00034058142729947
  0.00036683078637676  0.00039622428679988  0.00043060434145266  0.00046904152846225
  0.00050827547272679  0.00055187119367397  0.00060052025877215  0.00065643909491405
  0.00071977858136460  0.00079451262796711  0.00087963216651747  0.00097387782028241
  0.00107593283344043  0.00119667554310222  0.00134374172177606  0.00152485177182050
  0.00173800736923957  0.00195644145223892  0.00217936936187243  0.00243332762067238
  0.00275657773391864  0.00315122290674085  0.00365297273795512  0.00437551177601618
  0.00526836598885154  0.00621249407757606  0.00751836793663209  0.00959446141604406
  0.01255362968804099  0.01913674614882594  0.31914199443633084  1.00000000000000000
  0.00000513434132960  0.00000581775993839  0.00000629918438976  0.00000679010653956
  0.00000734172185435  0.00000799422845357  0.00000872124856247  0.00000959496661346
  0.00001062532650257  0.00001169855567192  0.00001279174937989  0.00001395051183794
  0.00001514865364789  0.00001643395440825  0.00001781339843179  0.00001922025129627
  0.00002068266985336  0.00002224531189895  0.00002404162188824  0.00002600825544551
  0.00002811951442856  0.00003048174171601  0.00003310110077847  0.00003612025108221
  0.00003949635313198  0.00004305335659136  0.00004692081573520  0.00005127764532476
  0.00005651046088052  0.00006240304271472  0.00006869109318243  0.00007544076256232
  0.00008297886914683  0.00009136561380845  0.00010000155789495  0.00010893812801025
  0.00011893539186493  0.00012920497231511  0.00014030649848431  0.00015244547023966
  0.00016592152189200  0.00017927080634077  0.00019319088266879  0.00020775383985576
  0.00022298355629627  0.00023894196491774  0.00025573753489251  0.00027390952631206
  0.00029303315186397  0.00031385255367201  0.00033767739320450  0.00036439286980882
  0.00039274880220103  0.00042317430023175  0.00045420401011999  0.00048646419614131
  0.00051980089054402  0.00055451171743397  0.00059331561300601  0.00063672211910188
  0.00068131943414990  0.00072665735272808  0.00077250774728846  0.00082461188740751
  0.00088265031608648  0.00094000660497133  0.00100130164802041  0.00109194860856743
  0.00119746105824551  0.00129790948249661  0.00138357334457015  0.00146189033633367
  0.00154545850636470  0.00163375816790904  0.00172885125647353  0.00182607070927733
  0.00194669222874784  0.00207146206611570  0.00219424464802367  0.00232955930364553
  0.00248914924494091  0.00268370275752469  0.00293096845662538  0.00319985287228390
  0.00356102077986508  0.00398129409349738  0.00447448707043386  0.00503576206181002
  0.00576680747059973  0.00664965755478030  0.00770704169107809  0.00951971197721846
  0.01211545254251729  0.01450613234413397  0.07536375612043275  1.00000000000000000
 -0.00158630626554919  0.00730089767145062  0.01527184765168439  0.02348568221103093
  0.03204777594944169  0.04070581123925270  0.04903192805985290  0.05768869545819040
  0.06670126352359848  0.07616592917621218  0.08549681433726350  0.09418711858275507
  0.10265643167334053  0.11119752689632929  0.12019013026646155  0.12954834940846258
  0.13877189870704404  0.14794209790041635  0.15728588538149468  0.16683579337277640
  0.17671746678780709  0.18657468936313393  0.19577413889846834  0.20448861440435187
  0.21318493246201242  0.22226010574736643  0.23179877615379413  0.24178154475553479
  0.25239929966267177  0.26388041622838387  0.27534711504819609  0.28652565884225317
  0.29726012169416821  0.30813844154092340  0.31935258315878007  0.33105503380683404
  0.34218791134834486  0.35325109342765931  0.36496599769434307  0.37651156447926615
  0.38790244723914158  0.39969772732589859  0.41219693457067891  0.42423745084615122
  0.43568947187378182  0.44713469466165884  0.45905943307264774  0.47128167977247876
  0.48353086535460016  0.49530875508688993  0.50721068667179470  0.51961542722979837
  0.53200000839461559  0.54464788138572995  0.55738626805751434  0.57028813484860852
  0.58291675019338685  0.59546908048789327  0.60806833696662266  0.62036224925871875
  0.63231606615537816  0.64421226439173829  0.65682087308789561  0.67003052376332450
  0.68334099238749380  0.69590876276138802  0.70755132748831451  0.71838726797724362
  0.72958010900603465  0.74115300632545422  0.75250416954613808  0.76365426904190092
  0.77486281050877259  0.78622472578549696  0.79766941988203899  0.80913757715203272
  0.82065539082332317  0.83229423168267513  0.84403878968801416  0.85524307212141792
  0.86484770138022626  0.87432005046599948  0.88442888265143593  0.89466912019789002
  0.90509279963141698  0.91487975346327821  0.92475742892516077  0.93345492403121144
  0.94150404985026981  0.94905764725037844  0.95756221863019308  0.96605993390886247
  0.97498481455821273  0.98354710610752238  0.99196317208731577  1.00000000000000000
 -0.00271893583908874  0.01131710540186854  0.02323795849013651  0.03486400894288347
  0.04562524289043050  0.05546063814822311  0.06507476477196315  0.07479253086930827
  0.08493619091128721  0.09579680031725760  0.10694148514193699  0.11843992483167833
  0.12973365036930609  0.14111499118044479  0.15223883853164691  0.16312136501134855
  0.17394546428564775  0.18448919886012816  0.19520626049854520  0.20618599734614521
  0.21824978298334230  0.22984057021176577  0.24084396804904182  0.25141751989740030
  0.26193021172744735  0.27251068979105242  0.28264225957166811  0.29263335363770948
  0.30283843087348022  0.31314356650086261  0.32305415604239712  0.33289932082138418
  0.34285221586178377  0.35287627641365349  0.36352490709444485  0.37366969759528451
  0.38390654028114057  0.39389988877008186  0.40368910587997625  0.41329207856225336
  0.42302351297301255  0.43334189303934095  0.44401379255121831  0.45493037813326193
  0.46607234739028364  0.47746639650085831  0.48889257928192126  0.50014573750537694
  0.51107829688427631  0.52163252070998112  0.53173004894951348  0.54168795839598149
  0.55192090051413134  0.56255835413575139  0.57356458368842889  0.58494575933456094
  0.59655776763174162  0.60795086356035855  0.61820783969830162  0.62815353699376131
  0.63828863620477461  0.64835227931871442  0.65879824157432643  0.66953154123661029
  0.68024325746490977  0.69078652162094989  0.70083882311066348  0.71105186587983760
  0.72131045065919752  0.73189209421228607  0.74226879738088525  0.75251002922522403
  0.76306691028372120  0.77432080308382567  0.78614283290329101  0.79724890215109689
  0.80716000449868430  0.81659654090370992  0.82620523578970240  0.83629345338621652
  0.84642411239645887  0.85680829006718762  0.86783645126186393  0.87918134724981933
  0.89039929584535538  0.90105491018813932  0.91109758611888680  0.92022029783099524
  0.92922825052413427  0.93907131449288683  0.94997221974601032  0.96011362246893472
  0.96951291397976735  0.97919842774189958  0.98953110036309189  1.00000000000000000
 -0.00295676870118525  0.01109243983031468  0.02190380670568949  0.03248359165440902
  0.04281360649959706  0.05245722596865304  0.06178928187358329  0.07118159448932194
  0.08052908849275800  0.09057220654425817  0.10119965221455887  0.11215710722513707
  0.12350351431205908  0.13503224295747449  0.14677871562783354  0.15885545400116893
  0.17012908610152450  0.18000835458268155  0.19046406409110431  0.20065634999513773
  0.21080676858708342  0.22081972843121331  0.23185609555383732  0.24443838623360181
  0.25713988556932771  0.26893456083808515  0.27996448936915047  0.29128560412229176
  0.30313377008607106  0.31443503815841922  0.32573264722577322  0.33779728039498708
  0.35111318647877199  0.36506304484063812  0.37904816789690265  0.39287689941901549
  0.40623786230989739  0.41923658622144439  0.43196244201328332  0.44375422846687984
  0.45504662622032627  0.46641298995902436  0.47886282668810914  0.49150589605984935
  0.50408494243170965  0.51709749905997637  0.53103521373835094  0.54533095161429002
  0.55951542091432849  0.57340914357135953  0.58626623760270868  0.59785718028460444
  0.60956882765575549  0.62175802961299298  0.63432267408844112  0.64542522319182927
  0.65512016087401959  0.66452418119376255  0.67514537610899761  0.68597179359171967
  0.69675361514828948  0.70746118909519295  0.71842937482837466  0.72900682660328231
  0.73932625039126787  0.74960411750970735  0.76003194896387039  0.76982676648222881
  0.77890968713720510  0.78766410990600810  0.79601755290613974  0.80470197997184123
  0.81357713234610007  0.82255488692787448  0.83114282439835641  0.83954359663935929
  0.84800315965181028  0.85678698935903730  0.86583990452142678  0.87487015614458108
  0.88401474280566317  0.89334984424166619  0.90238182218257190  0.91052613628393886
  0.91880560936014155  0.92645201981639069  0.93462577354622034  0.94235994365391940
  0.94989300438640945  0.95718832004632204  0.96420865815776247  0.97123728470731541
  0.97839488854586742  0.98549716255743136  0.99286031026677724  1.00000000000000000
 -0.00195704577289636  0.00981928147507413  0.01896166611051719  0.02865961147807156
  0.03852063239260906  0.04857088962980355  0.05807053988501539  0.06721879666614541
  0.07682711022580643  0.08660752345066004  0.09648881409481945  0.10617606364450902
  0.11601609073011238  0.12643353584925751  0.13786405130189511  0.14976434765053140
  0.16045838236849871  0.17080545739236055  0.18160669022215431  0.19263719929231413
  0.20356693735768289  0.21407201814164481  0.22439167100826335  0.23479919134981891
  0.24537393504778413  0.25654382454343422  0.26766927718553701  0.27889231342413090
  0.28987077240450049  0.30063475165189824  0.31140224145349049  0.32276339887833461
  0.33407386288133972  0.34478207774009556  0.35519558524399442  0.36610776721887106
  0.37703685833092920  0.38738745788429063  0.39763707780760377  0.40797478452913427
  0.41843556782659252  0.42865516512313012  0.43859311840278487  0.44854700211398313
  0.45835258455071470  0.46830380567525909  0.47893649709486058  0.49133519043478419
  0.50335184309121628  0.51407947840999302  0.52398162726335673  0.53385870879766673
  0.54427672103086500  0.55480298005683815  0.56555577551693481  0.57675760846568991
  0.58865710405068983  0.60145243598494491  0.61244636036192002  0.62309300987754324
  0.63308966549427370  0.64341334472931855  0.65332147680367814  0.66297918901939368
  0.67268916854036220  0.68254057733316698  0.69291062591098096  0.70279383291007058
  0.71280498824333138  0.72314478609581323  0.73469060304136768  0.74598411608462500
  0.75697737939412590  0.76757990348229710  0.77846406895892661  0.78932575554435491
  0.80006344366266458  0.81067597011467496  0.82053496403257098  0.82949510389794345
  0.83885497899560613  0.84921068769287333  0.86101928845847842  0.87299901011645986
  0.88500523218661609  0.89652448709517707  0.90720444005746392  0.91786542427186890
  0.92867264680899697  0.93932431819955620  0.94979873254880987  0.95995562132504852
  0.97024666395878600  0.98040646148285937  0.99022179765459306  1.00000000000000000
 -0.00178770209958643  0.00890316412222943  0.01772133811464534  0.02713575945496722
  0.03671714656667795  0.04645254470053207  0.05540085944071859  0.06373813580739517
  0.07248016337768298  0.08229257476320327  0.09310583993308597  0.10384826307087355
  0.11466301925000018  0.12564926642761487  0.13647137673545096  0.14680958414501000
  0.15700448609920842  0.16730873052880887  0.17721864032816501  0.18652728032142446
  0.19544768364120166  0.20442936807367953  0.21378776164895499  0.22351216373943128
  0.23329798473673183  0.24355800021518453  0.25391947009737736  0.26443564559515015
  0.27513546948032969  0.28597946120293016  0.29599103985853176  0.30580465773390958
  0.31588796434386868  0.32641164216533503  0.33706940828339649  0.34762837973450200
  0.35837159428992821  0.36940859363684364  0.38066767475662860  0.39252510768981075
  0.40304116726384187  0.41325547181320382  0.42343467266539236  0.43422238294801596
  0.44468149229722825  0.45503149596859710  0.46585481131081280  0.47702390288558705
  0.48778977181113831  0.49826482635729724  0.50864729073761816  0.51974208177453718
  0.53139435869416773  0.54284250699707293  0.55369682417212496  0.56480306772308775
  0.57681499006776082  0.58880940303418350  0.60048421708576505  0.61197193896343460
  0.62340763917638986  0.63435142842298697  0.64535325966785806  0.65692573295282386
  0.66905428089037977  0.68164393391586409  0.69411885036375010  0.70612018075230709
  0.71679056781871464  0.72658236797234699  0.73694984390865592  0.74771073149352951
  0.75892937140572836  0.76953560355506267  0.77995318730913565  0.79082771174791777
  0.80122691395835688  0.81184649237882189  0.82247167130478072  0.83359555455652024
  0.84457411101961655  0.85541356324253470  0.86701059292842586  0.87769863866879350
  0.88801138765808896  0.89844243420016912  0.90977623078753789  0.92130122602784426
  0.93251753646545510  0.94316418869548568  0.95371640815121872  0.96354234188331533
  0.97324040910924692  0.98256124190853156  0.99139633659269810  1.00000000000000000
  0.00468713367842034  0.06153909171136900  0.10496677792976342  0.11931344838456652
  0.12961296071633610  0.13708981187619682  0.14465098615217969  0.15246987095634998
  0.15949207244815600  0.16730266891185624  0.17611654895115836  0.18534851814861272
  0.19430192557050052  0.20370124311047524  0.21330569130196134  0.22238568920866436
  0.23132429336192040  0.23947822244642655  0.24704228447745341  0.25450011881262841
  0.26229176785449643  0.26992913563088367  0.27736105270458200  0.28414743279954885
  0.29090841307024157  0.29860943118232597  0.30790346084430559  0.31769981597201985
  0.32718568142850052  0.33627656755073937  0.34510542851803694  0.35432753062444305
  0.36387455045386652  0.37366663184767068  0.38362699545258944  0.39376980896875380
  0.40342523088349275  0.41272717833913836  0.42187013877362189  0.43130303029710310
  0.44088272452108562  0.44990462303046125  0.45821629864312680  0.46595767457409121
  0.47374877262193710  0.48203773080306639  0.49081588539954091  0.49991447635916664
  0.50927973237803636  0.51871125422670583  0.52857984974870087  0.53935832944193307
  0.54956655916946184  0.55924385717915270  0.56854850460410156  0.57783266971600944
  0.58698903260800317  0.59602629416322217  0.60492939483786945  0.61386503772685830
  0.62282522137585106  0.63148554630313758  0.64007350372077321  0.64900581041411154
  0.65797527938567668  0.66687849079725880  0.67651647041914775  0.68645963671108190
  0.69662408899965500  0.70687598137912089  0.71691549205033267  0.72648829622697719
  0.73534428437208621  0.74359664305155659  0.75205360051247028  0.76105440585953898
  0.77030616182734368  0.77975040984142174  0.78882117448907974  0.79803307844547433
  0.80774721629233071  0.81836913005209133  0.82938928349860574  0.83990824236482198
  0.85007482545271162  0.86055228547765539  0.87134757096921922  0.88238983953273420
  0.89353395536064006  0.90475158433259117  0.91657981823914725  0.92918793578840919
  0.94298394479800118  0.95799370740827650  0.97639078907848276  1.00000000000000000
 -0.00942928371975474  0.05373806408167012  0.07917051028043898  0.09614985962863906
  0.10974116579303106  0.12147772819470756  0.13119687928624513  0.13973046151352186
  0.14767963754869384  0.15514325225838912  0.16233553936316128  0.16933706769428516
  0.17588869569760349  0.18230463254568169  0.18889412025237917  0.19550193688821402
  0.20218837950080773  0.20822444469929183  0.21366788731976277  0.21888875348283435
  0.22408955612258447  0.22930354275807216  0.23447423461656472  0.23974509272839387
  0.24538242830364210  0.25090976135513343  0.25647107679565900  0.26190377316780816
  0.26725601841205149  0.27248520183617780  0.27759625996404430  0.28254848121179754
  0.28742070697027366  0.29229579991120641  0.29737726337438691  0.30241774595884974
  0.30743725784846776  0.31282359282018229  0.31859607948128016  0.32432258471942316
  0.32967811133061437  0.33502515066075983  0.34067562214690900  0.34647709860820108
  0.35231398435292732  0.35801287318180797  0.36368955818177029  0.36948193766624926
  0.37553903398289185  0.38153847786500589  0.38715127347254430  0.39283396363917417
  0.39834776808808026  0.40404204149385231  0.40932443069666757  0.41494397268447325
  0.42083097569553352  0.42730096147554003  0.43398447148904779  0.44067624958679552
  0.44748809872249007  0.45431527987553438  0.46161646719646199  0.46965280242927593
  0.47776272917367735  0.48563659388487174  0.49322561527542363  0.50093403054643471
  0.50899197226520621  0.51718327517669527  0.52529172914538691  0.53323738299512402
  0.54105754809289675  0.54917342693363169  0.55783134770632503  0.56679901918421305
  0.57636248855937844  0.58588130290729479  0.59571067110160691  0.60632351942039686
  0.61781986464830385  0.62960938788181608  0.64132928362199448  0.65320533255451785
  0.66563592790685155  0.67808439559704692  0.69099521815712650  0.70483460041783996
  0.72062446301358052  0.73716914373742093  0.75561268167959150  0.77615723978168227
  0.79993847710268262  0.82880587565209463  0.87475399412442645  1.00000000000000000
   2.4557593419292077E-003  -1.0000000000000000     
 F F F F F F F F F F F F F F F F F F F F F F F F F F F F F F F F F F F F F F F F F F F F F F F F F F F F F F F F F F F F F F F F F F F F F F F F F F F F F F F F F F F F F F F F F F F F F F F F F F F F F F F F F F F F F F F F F F F F F F F F F F F F F F F F
  <DiscreteSampler_grid>
  grouped_processes
  1 # 1 for a reference and 2 for a running grid.
  10 # Attribute 'min_bin_probing_points' of the grid.
  1 # Attribute 'grid_mode' of the grid. 1=='default',2=='initialization'
  0.0000000000000000 # Attribute 'small_contrib_threshold' of the grid.
  0.5000000000000000 # Attribute 'damping_power' of the grid.
 # binID   n_entries weight   weight_sqr   abs_weight
    19   10   1.334954762552174E+001   1.280058211721145E+003   1.334954762552174E+001
    20   10   1.334954762552175E+001   1.280058211721144E+003   1.334954762552175E+001
    25   10   2.400157728677270E+001   5.217801607879941E+003   2.400157728677270E+001
    26   10   2.400157728677268E+001   5.217801607879933E+003   2.400157728677268E+001
    34   10   1.199815985788371E+001   1.178707579824520E+003   1.199815985788371E+001
    35   10   1.199815985788371E+001   1.178707579824518E+003   1.199815985788371E+001
    40   10   2.390713047669913E+001   4.867785459905464E+003   2.390713047669913E+001
    41   10   2.390713047669913E+001   4.867785459905456E+003   2.390713047669913E+001
    49   10   1.334954762552174E+001   1.280058211721145E+003   1.334954762552174E+001
    50   10   1.334954762552175E+001   1.280058211721144E+003   1.334954762552175E+001
    52   10   1.199815985788371E+001   1.178707579824520E+003   1.199815985788371E+001
    53   10   1.199815985788371E+001   1.178707579824518E+003   1.199815985788371E+001
    58   10   2.390713047669914E+001   4.867785459905468E+003   2.390713047669914E+001
    59   10   2.390713047669913E+001   4.867785459905456E+003   2.390713047669913E+001
    64   10   1.199815985788372E+001   1.178707579824521E+003   1.199815985788372E+001
    65   10   1.199815985788371E+001   1.178707579824517E+003   1.199815985788371E+001
    67   10   1.334954762552173E+001   1.280058211721143E+003   1.334954762552173E+001
    68   10   1.334954762552174E+001   1.280058211721141E+003   1.334954762552174E+001
    73   10   2.400157728677270E+001   5.217801607879941E+003   2.400157728677270E+001
    74   10   2.400157728677268E+001   5.217801607879933E+003   2.400157728677268E+001
    82   10   1.199815985788371E+001   1.178707579824520E+003   1.199815985788371E+001
    83   10   1.199815985788371E+001   1.178707579824518E+003   1.199815985788371E+001
    97   10   1.334954762552174E+001   1.280058211721145E+003   1.334954762552174E+001
    98   10   1.334954762552175E+001   1.280058211721143E+003   1.334954762552175E+001
  </DiscreteSampler_grid>
