 -0.00245878980550060  0.00950302274974585  0.01966006882969719  0.03018055601275582
  0.04072325585271834  0.05126495261064253  0.06180648166864845  0.07234816072213243
  0.08289086140175660  0.09343159510552265  0.10397822144941388  0.11452936706498713
  0.12508263714204207  0.13563223603466892  0.14618147586811631  0.15672711012548399
  0.16726984670816297  0.17780891764923801  0.18835224786333171  0.19889533405838064
  0.20943640120927892  0.21997676956743936  0.23051750830193829  0.24106305097106207
  0.25160675122567250  0.26215308716661895  0.27269642790468279  0.28323874662733395
  0.29378555839850978  0.30432914277745937  0.31486758684414545  0.32540315277036413
  0.33594247444027447  0.34648321433186724  0.35702009061601725  0.36755979396361710
  0.37809938906902540  0.38864240256538801  0.39916999802547842  0.40970449275165038
  0.42024161089555973  0.43079481475913134  0.44134587899021788  0.45189662374977418
  0.46244616158844554  0.47299124676078236  0.48353638959938289  0.49408220652319634
  0.50462605514426484  0.51515631919313487  0.52568924778547221  0.53623043646768076
  0.54678408075588214  0.55733134654543703  0.56787681896951570  0.57842434959149791
  0.58896696605399235  0.59950063234422257  0.61003481288093475  0.62057474278610758
  0.63112296957776370  0.64166332595891806  0.65220829736183972  0.66275566407047160
  0.67330846704848135  0.68385373221039703  0.69439617408717191  0.70493945713870820
  0.71548974446712388  0.72603542288889977  0.73657723505947570  0.74711637218168392
  0.75765651740771200  0.76819106756826450  0.77873116481995486  0.78926755335469279
  0.79980774448215664  0.81034267883520927  0.82087404706401235  0.83140719649508743
  0.84194230189721087  0.85249212764664606  0.86303478713675574  0.87357078800798127
  0.88410470407972619  0.89465023165379398  0.90517471107823733  0.91569645308617142
  0.92621572990217615  0.93676401044781543  0.94731364583437982  0.95785869538246804
  0.96839852663244674  0.97893332906814823  0.98946764475996618  1.00000000000000000
 -0.00241595493404116  0.00968223914125970  0.01988754698384116  0.03041449903689520
  0.04095758472425021  0.05149752347363986  0.06203335798966055  0.07257090913176290
  0.08311328666255105  0.09365495086897396  0.10419823710014404  0.11473973035130858
  0.12528072670633947  0.13581985759348736  0.14635880343452265  0.15690205312653199
  0.16744763148246808  0.17798692498633520  0.18852520126900407  0.19905621876844812
  0.20959033564107965  0.22012832075096458  0.23066699806680213  0.24121016326198014
  0.25174284006904835  0.26228181031892034  0.27281913839025157  0.28336619164931953
  0.29390504543330898  0.30444029481451795  0.31496320725951693  0.32548805075763343
  0.33601610321123981  0.34655221071144382  0.35708609766662852  0.36762247431237854
  0.37816466588164110  0.38871501605140540  0.39926398724437828  0.40980617766466587
  0.42034312877300506  0.43087994144634861  0.44142132228612124  0.45196820861073506
  0.46251460412082962  0.47306260103337305  0.48360898144545222  0.49415633693311178
  0.50469795900772496  0.51524027705667774  0.52577647030000485  0.53631765828622757
  0.54685338457744681  0.55739153199999103  0.56792616738302559  0.57846086743479541
  0.58899484166962812  0.59953446658269871  0.61007288970168827  0.62061552999165448
  0.63115552355774107  0.64169576289820796  0.65223778855884151  0.66277961921532513
  0.67332967819096068  0.68387790277979932  0.69441941193044099  0.70495486373441518
  0.71548456256912218  0.72602027851297113  0.73655912833554660  0.74710358170930324
  0.75764273019575967  0.76818419332280985  0.77871858680556405  0.78925244541019657
  0.79976733588432769  0.81028975550807480  0.82082044907718910  0.83136536921821313
  0.84191157666741556  0.85245103985770521  0.86299554640483944  0.87353800573029949
  0.88408731647669292  0.89463663656220360  0.90518095226402950  0.91571741534626483
  0.92625410736322555  0.93679595048424602  0.94734723872382220  0.95788482034016964
  0.96842701952952437  0.97894648799104633  0.98947983557832353  1.00000000000000000
   2.5515660657415648E-008  -1.0000000000000000     
 F F F F F F F F
  <DiscreteSampler_grid>
  grouped_processes
  1 # 1 for a reference and 2 for a running grid.
  10 # Attribute 'min_bin_probing_points' of the grid.
  1 # Attribute 'grid_mode' of the grid. 1=='default',2=='initialization'
  0.0000000000000000 # Attribute 'small_contrib_threshold' of the grid.
  0.5000000000000000 # Attribute 'damping_power' of the grid.
 # binID   n_entries weight   weight_sqr   abs_weight
    10   10   1.322623097372511E+010   1.749331857703253E+020   1.322623097372511E+010
  </DiscreteSampler_grid>
