  0.00000597473239492  0.00000636677516107  0.00000664396669424  0.00000675466329723
  0.00000691373404273  0.00000711009757014  0.00000730642739198  0.00000750886977303
  0.00000771639077826  0.00000792885101064  0.00000815783189646  0.00000838588210421
  0.00000860041459670  0.00000883796575561  0.00000909353835550  0.00000932262534899
  0.00000956846525278  0.00000982446030172  0.00001008487445727  0.00001034788217554
  0.00001060355330277  0.00001087517762203  0.00001118991259776  0.00001153362980582
  0.00001190232423404  0.00001230717407154  0.00001274320190845  0.00001321504468129
  0.00001367090046721  0.00001413814205039  0.00001462573455138  0.00001513750149526
  0.00001567723909544  0.00001621039894127  0.00001673606706417  0.00001729358135019
  0.00001788152727459  0.00001848215850151  0.00001909872631380  0.00001975855466643
  0.00002045067010216  0.00002115593160138  0.00002193805001085  0.00002291848638830
  0.00002401115523611  0.00002506843343987  0.00002619593366032  0.00002740202798282
  0.00002867402541567  0.00003007211633493  0.00003160305412152  0.00003308760706330
  0.00003464060547340  0.00003628176357298  0.00003797595137969  0.00004001523445540
  0.00004234054701797  0.00004474034993655  0.00004735869745504  0.00005010507519891
  0.00005309886914252  0.00005627062317526  0.00005967434757457  0.00006340729756034
  0.00006756181623628  0.00007236426205457  0.00007777196708815  0.00008377352264163
  0.00009024833232911  0.00009713852874364  0.00010460306753949  0.00011298908069947
  0.00012213816832544  0.00013163398604528  0.00014149799719924  0.00015303005494316
  0.00016502467463059  0.00017986714816353  0.00019851911971023  0.00022040330440642
  0.00024136167814753  0.00026398571279542  0.00029102313059720  0.00033132972586482
  0.00038536745784938  0.00044947765365335  0.00053777352865393  0.00064433234742528
  0.00077059710270985  0.00092933040667668  0.00114993979634458  0.00156133415767607
  0.00214950707384014  0.00344360394169539  0.18535431952415141  1.00000000000000000
  0.00000577885780016  0.00000594427232423  0.00000606158945386  0.00000617428516128
  0.00000632047079643  0.00000647748195067  0.00000667222026687  0.00000693078096704
  0.00000722736300363  0.00000752647330355  0.00000781127314062  0.00000809461904962
  0.00000839459595419  0.00000876133970367  0.00000910190327826  0.00000946037291287
  0.00000981752585483  0.00001017470168696  0.00001048689015480  0.00001079355984941
  0.00001106609717331  0.00001134412172649  0.00001163468292167  0.00001206124213469
  0.00001257413356184  0.00001317383161244  0.00001382846962212  0.00001449002811709
  0.00001518141803261  0.00001587601695793  0.00001657663684546  0.00001734927573179
  0.00001814209168534  0.00001893375323573  0.00001984335947364  0.00002080491547468
  0.00002177953488395  0.00002281324164844  0.00002390333052794  0.00002502280622426
  0.00002617156133919  0.00002734314273326  0.00002854027495683  0.00002987019656567
  0.00003125653779839  0.00003279462590389  0.00003442087926539  0.00003622804363821
  0.00003805930636125  0.00003987519368057  0.00004176030394538  0.00004372571270254
  0.00004588766946243  0.00004840693326691  0.00005095818584578  0.00005385164874773
  0.00005651311979749  0.00005923610175960  0.00006200976800027  0.00006497311154347
  0.00006827300854199  0.00007218776441213  0.00007605347460420  0.00007994112819839
  0.00008408003352521  0.00008863432242377  0.00009366203740101  0.00009884943054494
  0.00010413922997623  0.00010969725228951  0.00011551143291335  0.00012169933154563
  0.00012867617196792  0.00013625822921857  0.00014573726700397  0.00015707533864525
  0.00017028703181793  0.00018583874466879  0.00020337180349623  0.00022312612864075
  0.00024651583597225  0.00027418945170046  0.00030663156550010  0.00034404503939041
  0.00039051998050131  0.00044757748400016  0.00050155588279668  0.00056642966041336
  0.00065216942221523  0.00082253656549741  0.00100168764806642  0.00125776901411772
  0.00175146879556745  0.00317838397402703  0.05056821190866236  1.00000000000000000
  0.00000800781747858  0.00000897308746799  0.00000983656987947  0.00001064878454982
  0.00001132027340329  0.00001194259097130  0.00001245160483597  0.00001305406394771
  0.00001369644615541  0.00001450240056849  0.00001543015992396  0.00001630094049253
  0.00001721232069531  0.00001814454403232  0.00001904735211155  0.00001988307601954
  0.00002071455864252  0.00002156981757637  0.00002248959491263  0.00002345025390647
  0.00002443804113734  0.00002538796151077  0.00002639013310216  0.00002741959446047
  0.00002842844178699  0.00002949781673798  0.00003068177122849  0.00003195103089788
  0.00003332009468932  0.00003471819275910  0.00003615148663634  0.00003757082968067
  0.00003909224250760  0.00004069441165692  0.00004231645939434  0.00004393344528569
  0.00004552649476459  0.00004721670684319  0.00004894824142113  0.00005068502150518
  0.00005245555003501  0.00005428103069876  0.00005614658558393  0.00005797555917217
  0.00005991436998877  0.00006226338157206  0.00006476055651290  0.00006726438458719
  0.00006974091059657  0.00007220342132398  0.00007468519135334  0.00007722282200974
  0.00007985843012910  0.00008291185886955  0.00008612252435729  0.00008939064292525
  0.00009275016918347  0.00009622390662748  0.00009983758440158  0.00010354470040415
  0.00010762614752331  0.00011292382827956  0.00011818378506340  0.00012343335752713
  0.00012878946754926  0.00013444090358423  0.00014007411710689  0.00014696708119335
  0.00015426496233308  0.00016236748073548  0.00017102899029620  0.00018027921642932
  0.00019041761787275  0.00020240231168973  0.00021712264526399  0.00023501348184943
  0.00025363850436940  0.00027154468709734  0.00029006663910529  0.00031066777754913
  0.00033866655670338  0.00037460910164293  0.00042034407382852  0.00048009691722119
  0.00055469214885744  0.00064419890532040  0.00074562315878160  0.00086617618461234
  0.00101785008734635  0.00123461570935921  0.00158408701115266  0.00207491039173922
  0.00291524332025955  0.00487551400663215  0.16584423969078443  1.00000000000000000
 -0.00259520677060029  0.01188185266192536  0.02226588333210371  0.03032163685425185
  0.03771140151176226  0.04568597498290105  0.05417901891408725  0.06436288896483668
  0.07383007171051591  0.08281461585092478  0.09214621159549664  0.10214337065519345
  0.11303364600286978  0.12462055547069417  0.13617900879004138  0.14764263170423245
  0.15868404216029297  0.16948840482207878  0.18037619777025535  0.19160245711454890
  0.20339384228047599  0.21513710073446685  0.22615522979132241  0.23692772518203115
  0.24773782340277353  0.25945602608631457  0.27192928687605372  0.28420249503714490
  0.29574632730625483  0.30604147598106618  0.31740199981612893  0.32981076470862086
  0.34232673590783885  0.35357958994088245  0.36463724361912131  0.37569726664356717
  0.38569477263007290  0.39563714795473504  0.40610730697355030  0.41726470613109001
  0.42920276245322486  0.44076087228369343  0.45227035946339778  0.46389856717795502
  0.47498608296986133  0.48567167618234958  0.49626050508145614  0.50719600225838390
  0.51850080673451104  0.52951022240584433  0.54038629058218612  0.55119025538417976
  0.56189050287064068  0.57255006441522160  0.58327259183593294  0.59384026415979907
  0.60442888381513871  0.61498000519806439  0.62576618578161403  0.63641238453534688
  0.64654575940382586  0.65657603771066830  0.66692676143609286  0.67742205719295756
  0.68748267831962839  0.69811136542770802  0.70894824095225328  0.71984079184840066
  0.73063861701574129  0.74134971018655316  0.75154823699732609  0.76025571659918734
  0.76862162914924792  0.77711241411987875  0.78608128360438345  0.79508757068832658
  0.80429673285365166  0.81409360601732916  0.82659369166854169  0.83783664067483010
  0.84785656689951028  0.85781711612782197  0.86878090423347931  0.87991335356749567
  0.89063249378080322  0.90101111823723390  0.91217019460637161  0.92238665569492562
  0.93242519410596680  0.94284711974835078  0.95419476654635160  0.96340687072467968
  0.97229355059753697  0.98075168054734974  0.99083969054842203  1.00000000000000000
 -0.00018093789079422  0.00001389217555519  0.00057575302355005  0.00114003118734764
  0.00146476290748355  0.00179888511684351  0.00213816165591307  0.00248842467428286
  0.00283745879315675  0.00318550313246978  0.00352366286463755  0.00385729850080725
  0.00418165494367633  0.00450691579641074  0.00483277162196778  0.00513808178245822
  0.00543991223672856  0.00573299158448780  0.00602092164567845  0.00630451492009356
  0.00664417534932588  0.00700194172184378  0.00735859629562240  0.00767730046973930
  0.00793526207391413  0.00817198770908138  0.00841197958479688  0.00865320472297328
  0.00890521998703957  0.00916471383052527  0.00944236464731601  0.00973469227159598
  0.01002763685263202  0.01029890360177049  0.01046235977935427  0.01064247460412740
  0.01084086168792660  0.01105231118557799  0.01133980303165151  0.01162961547795846
  0.01188787291730801  0.01212635262948284  0.01230882009112525  0.01247699842314249
  0.01264834687685449  0.01282103925672429  0.01299485706479183  0.01338328395031942
  0.01377060047771124  0.01415420541418871  0.01459047426688919  0.01508283245714779
  0.01567255686414968  0.01645054209809707  0.01711825981877831  0.01771152851094853
  0.01826688916302284  0.01881153796011921  0.01934798115483801  0.01979471257186269
  0.02016550836668234  0.02057400689357833  0.02099761638950621  0.02143545805698670
  0.02186263819407213  0.02231695933058907  0.02283122020836922  0.02348930128203734
  0.02419032005562144  0.02483161825766147  0.02572304862517718  0.02671414506300897
  0.02753791635250476  0.02840063770682813  0.02928165031885883  0.03047369748415158
  0.03195279706013780  0.03396887935731576  0.03523444115824759  0.03608946153990979
  0.03687893656999791  0.03778909265702684  0.03994576800320137  0.04243471628204171
  0.04492616325849091  0.04649998160416986  0.04797860860946329  0.04925689694313061
  0.05062089178753460  0.05347497102080830  0.05580034509029751  0.05999322200733977
  0.06386077199319357  0.07995346091655579  0.08811530172820270  1.00000000000000000
 -0.00156361681084301  0.00625529139744565  0.01458711106746356  0.02229289775779015
  0.03012018449218051  0.03870322456602479  0.04747769854795407  0.05654784273606529
  0.06628314581705154  0.07583739104585320  0.08540795498284995  0.09509713768910133
  0.10659245729228503  0.11918385401165492  0.13008679624119490  0.14088150838591373
  0.15049079020031178  0.16058097847170830  0.17112435993581543  0.18186480903627417
  0.19261988800502192  0.20284717037210964  0.21543402799909217  0.22906095791998904
  0.24231472277530877  0.25552100331585431  0.26913394803465684  0.28198249874502823
  0.29428121288082049  0.30558026545018629  0.31679680007932409  0.32816255033385455
  0.33970661093517135  0.35152179925557020  0.36371950826642985  0.37567980265857071
  0.38689831363392918  0.39809838149515253  0.40926931153115631  0.41967634464498049
  0.42921290602080853  0.43853219698344564  0.44782732016212712  0.45695801830347266
  0.46568466955785170  0.47513528876862077  0.48527620155228463  0.49581064401011066
  0.50575722657616773  0.51437228234154619  0.52245588900642859  0.53109289185961051
  0.53968819956581504  0.54988508449304230  0.56078579268895534  0.57213275267463615
  0.58407467387428935  0.59593518787520450  0.60748429631284728  0.61750324010695057
  0.62759146757284956  0.63755960060243511  0.64703149840647012  0.65537056721263731
  0.66256837986659234  0.67086967715780887  0.68075459051242304  0.69100560789551835
  0.70133404976587210  0.71151793845075817  0.72200511954769142  0.73295993285111827
  0.74381085522343415  0.75365655659296760  0.76292259742921797  0.77266483233793948
  0.78326124802151820  0.79397076218639739  0.80486218560642475  0.81562406840431234
  0.82598739270388666  0.83651921379025918  0.84761005546634238  0.85993792247901502
  0.87232004207277758  0.88372140004328259  0.89478966385855907  0.90491246284001670
  0.91586925770376082  0.92686136869243074  0.93833935078058406  0.94997459311507737
  0.96193804237555747  0.97414164074402354  0.98696693279403480  1.00000000000000000
 -0.00016155813324538  0.00034158837583262  0.00070925634016809  0.00090995591614744
  0.00111619245326019  0.00132567787059731  0.00153745583459939  0.00174735851481959
  0.00194480774866654  0.00214233714735970  0.00234002860006701  0.00253768147610275
  0.00273530237773625  0.00293317049646023  0.00313062994248372  0.00332279254947795
  0.00351490215090111  0.00370690421719462  0.00389726425599089  0.00408646020841907
  0.00427854231528917  0.00446889187268841  0.00464770178807552  0.00482944341351030
  0.00501634687528187  0.00520543457824168  0.00539624074830206  0.00560619297347463
  0.00582287349787461  0.00604567210148138  0.00624186258119763  0.00642986773055414
  0.00660625781115272  0.00677820963322123  0.00694747530898465  0.00706321254961855
  0.00717292824656973  0.00728347055719003  0.00739760996231425  0.00751174936743846
  0.00763013929388739  0.00775175225465339  0.00787764355332340  0.00814544194847231
  0.00845928707923317  0.00867442521540217  0.00887155429732335  0.00909410377659796
  0.00931286372750789  0.00952563589631005  0.00977518441504235  0.01007855802555032
  0.01036587240123099  0.01066081245029586  0.01098126188744408  0.01132850398839487
  0.01168818567738707  0.01205692694983226  0.01242826531586700  0.01280266851067259
  0.01320958068248507  0.01370741177797935  0.01424460953357802  0.01466691540179254
  0.01484755974067013  0.01502873500500691  0.01531581854595237  0.01557926905036154
  0.01583147596240980  0.01610022681593180  0.01637066665724907  0.01677989110736676
  0.01717866330790345  0.01743748930277941  0.01766835870951754  0.01789225406540546
  0.01812057826767830  0.01836758623221069  0.01860933401297814  0.01881016537855198
  0.01894205472150759  0.01914447155538723  0.01941965136671443  0.01975163533175796
  0.02051078844169548  0.02164147392297993  0.02187142122724251  0.02209863577673377
  0.02236131458143707  0.02664865421966629  0.02782702767888245  0.02953915949250864
  0.03187766321747762  0.03939725317932482  0.17066702478824569  1.00000000000000000
 -0.00309185065934469  0.01275432978208506  0.02730223068712747  0.04371676774906872
  0.05958994682030518  0.07312403148995328  0.08591683939826650  0.09884585646141349
  0.11311854109070553  0.12801385110798977  0.14220692971102095  0.15603167453436745
  0.16923964572110606  0.18130837652400267  0.19360040770232204  0.20555616208037841
  0.21757386068804646  0.22918946986194907  0.24199738994995312  0.25394691776127915
  0.26497427200295248  0.27560392231566699  0.28433983468560603  0.29254925204897320
  0.30134586763299748  0.31017213865911603  0.31924018255726316  0.33006171347909696
  0.34015649289481997  0.34949765325781318  0.35810004915487936  0.36665181470250269
  0.37511485822296003  0.38322874834633258  0.39125335157847396  0.39920842645381771
  0.40667234680756342  0.41392391406581580  0.42142125089424687  0.42910141535009139
  0.43642505641676166  0.44313698818237579  0.44965414617308908  0.45636643257996068
  0.46423621531013065  0.47309525310473299  0.48231104871079528  0.49201397411009984
  0.50064460201002425  0.50855276091889257  0.51608071841616954  0.52359055183134240
  0.53136552108580715  0.53927009586509944  0.54693143598617733  0.55459973282607455
  0.56285608966211798  0.57155223172178127  0.58002080691543767  0.58843905333870072
  0.59693385882759287  0.60568705973718950  0.61475029430628780  0.62427439753662461
  0.63416307389701854  0.64387153943335795  0.65298562554419493  0.66175360007386674
  0.67109112170479124  0.68108765017065875  0.69208049800875970  0.70304724941990038
  0.71315897224794511  0.72306342733455953  0.73389108727968089  0.74607493329958641
  0.75821422125794946  0.76966232921000999  0.78160476198421247  0.79378002104522594
  0.80537547493789785  0.81657144624053013  0.82755267095304019  0.83888897897453862
  0.85013955082456338  0.86340929246414888  0.87711091395289076  0.89086460613237128
  0.90414009680936702  0.91754857191459616  0.93095952119062464  0.94425800669544702
  0.95810007582199941  0.97205595679007561  0.98619111774218804  1.00000000000000000
  0.17847584232534264  0.18739003006648433  0.20274520845030117  0.21707918951648142
  0.23154433490490917  0.24706564967576497  0.26068814854598060  0.27281714651264816
  0.28512259015186442  0.29892958313824469  0.31345610743011665  0.32866867815049577
  0.34378895812182853  0.35703305104115834  0.36883508675455540  0.38063761467249491
  0.39300327160763876  0.40495173740715851  0.41642070757285587  0.42818345097908067
  0.43976421644099234  0.45111630742439163  0.46215865500935716  0.47325194587012298
  0.48386019881800540  0.49423385669202585  0.50457167029045069  0.51504848537371450
  0.52595513764559509  0.53668201611272470  0.54759589087038052  0.55871149152039257
  0.56916061826168185  0.57943322332388625  0.58979077773046329  0.60032521315602705
  0.60913102263882946  0.61774317024663428  0.62663191206172986  0.63620882397427680
  0.64513295659352288  0.65360347387463003  0.66211116054614116  0.67078003408633857
  0.67962195587424346  0.68828784553985489  0.69638999446258598  0.70383965845159868
  0.71119838650459799  0.71883984231929576  0.72643644241525807  0.73342591459171158
  0.73991121141264660  0.74609007082482215  0.75189507343019113  0.75746743637306735
  0.76306866435800280  0.76860044584019560  0.77397307801814363  0.77952507082713907
  0.78530145820240738  0.79153716612391678  0.79783308201934389  0.80393449903888226
  0.80988096058922820  0.81573017244094159  0.82166924972178179  0.82793148843199149
  0.83416161615332585  0.84038439374442131  0.84602976218554116  0.85185042725004934
  0.85760727052313446  0.86336810289718935  0.86914991066844993  0.87510419102619585
  0.88079370141915725  0.88655949275256829  0.89241770208612425  0.89800330359059810
  0.90355076919348998  0.90935339666171455  0.91552558805675543  0.92146432074439955
  0.92702741029787250  0.93229971391365796  0.93767510434013102  0.94340000033554439
  0.94917894196960451  0.95495086447129407  0.96101512263752809  0.96781848259397940
  0.97452515273556872  0.98193230532257170  0.99077860539319718  1.00000000000000000
 -0.01953567698395350  0.10819318879473730  0.14625522996310153  0.16819190984052088
  0.18569693343153529  0.20004218444926156  0.21223937141333146  0.22367461104240352
  0.23464929044756075  0.24461850391416498  0.25398202754743687  0.26318592905837918
  0.27197953652597456  0.28019331753200860  0.28825435867436761  0.29669802468606493
  0.30530222823672992  0.31330836301362069  0.32055827626245748  0.32742564439426158
  0.33452008168288455  0.34226666029645414  0.35056519428674288  0.35874970622976571
  0.36639687347424460  0.37368687152731966  0.38056585471287202  0.38688101040661932
  0.39346376553156553  0.39941710852964635  0.40515774806090221  0.41059839951467803
  0.41593375201016825  0.42107610687933561  0.42643746293976692  0.43186993647875288
  0.43729651681715426  0.44270885592628589  0.44799176985216604  0.45311958362002047
  0.45849315361232601  0.46426134467527108  0.47020538427036712  0.47624991669759026
  0.48227543097510450  0.48827419132308292  0.49421950595398578  0.50037230495815377
  0.50681369480516458  0.51280185437559167  0.51788154345960535  0.52263171022793276
  0.52719909199413428  0.53192934970826977  0.53716908847121070  0.54296143292334764
  0.54895216259015900  0.55452735447448243  0.56024977682697341  0.56598677025906496
  0.57174835962841175  0.57760589664850637  0.58358110482441883  0.58972841909017570
  0.59608688843994451  0.60180627975637957  0.60721392920501771  0.61245784498937383
  0.61788787176924098  0.62386625214347713  0.63027245329488235  0.63686581809491272
  0.64361531510800152  0.65049089702204288  0.65768689625635568  0.66526764053862153
  0.67318964535251358  0.68132241123635240  0.68928123187650081  0.69725761369934702
  0.70566214535209904  0.71378805458398764  0.72276089575895786  0.73115439705129925
  0.74057509297006241  0.74995016834039530  0.76097355892775509  0.77133728248440558
  0.78122394689273977  0.79193199872582365  0.80599039007434958  0.82026584936981328
  0.83644367462122982  0.85734903253866546  0.89187502674285535  1.00000000000000000
   6.7905451461690997E-002  -1.0000000000000000     
 F F F F F F F F F F F F F F F F F F F F F F F F F F F F F F F F F F F F F F F F F F F F F F F F F F F F F F F F F F F F F F F F F F F F F F F F F F F F F F F F F F F F F F F F F F F F F F F F F F F F F F F F F F F F F F F F F F F F F F F F F F F F F F F F
  <DiscreteSampler_grid>
  grouped_processes
  1 # 1 for a reference and 2 for a running grid.
  10 # Attribute 'min_bin_probing_points' of the grid.
  1 # Attribute 'grid_mode' of the grid. 1=='default',2=='initialization'
  0.0000000000000000 # Attribute 'small_contrib_threshold' of the grid.
  0.5000000000000000 # Attribute 'damping_power' of the grid.
 # binID   n_entries weight   weight_sqr   abs_weight
    10   10   7.154447583429481E+003   1.248184635985634E+008   7.154447583429481E+003
    16   10   7.154447583429479E+003   1.248184635985634E+008   7.154447583429479E+003
    22   10   7.154447583429479E+003   1.248184635985633E+008   7.154447583429479E+003
    28   10   7.154447583429479E+003   1.248184635985633E+008   7.154447583429479E+003
  </DiscreteSampler_grid>
