  0.00000550778408598  0.00000567200029837  0.00000598544302246  0.00000622308532997
  0.00000639016957448  0.00000654292375315  0.00000669301827600  0.00000686083357213
  0.00000703494825294  0.00000721708108171  0.00000741510150427  0.00000763363913559
  0.00000787306746055  0.00000813730509727  0.00000843305028702  0.00000870708500899
  0.00000895106373775  0.00000917656819553  0.00000940738230661  0.00000965392665173
  0.00000995994894069  0.00001026559630308  0.00001056498450530  0.00001086353361612
  0.00001114673979524  0.00001140123986006  0.00001166746549145  0.00001195360659071
  0.00001225024379073  0.00001248393619787  0.00001284322579719  0.00001322206568042
  0.00001359109949184  0.00001399074831603  0.00001442846531372  0.00001491499043007
  0.00001547936028492  0.00001603835930307  0.00001661691673779  0.00001721603273016
  0.00001780879345812  0.00001843164143549  0.00001904896380793  0.00001977913633941
  0.00002048759246989  0.00002118785532504  0.00002193242771679  0.00002271609976588
  0.00002354199436849  0.00002439742473890  0.00002519065405753  0.00002599223894946
  0.00002686315708204  0.00002777799408544  0.00002869399159011  0.00002972446594406
  0.00003080695468814  0.00003191837900085  0.00003297431636065  0.00003414832422359
  0.00003538700298857  0.00003672662341874  0.00003821541313246  0.00003987928811750
  0.00004173565222793  0.00004356911632773  0.00004537875845805  0.00004726565930624
  0.00004908352369300  0.00005097249593676  0.00005316171598113  0.00005562274592869
  0.00005827441820820  0.00006171294501954  0.00006574877177288  0.00007017195807035
  0.00007541878210336  0.00008094059373037  0.00008772974731592  0.00009541273351009
  0.00010467936904943  0.00011626491451422  0.00012945641998977  0.00014478539648098
  0.00016487374259151  0.00018979579233725  0.00022658735025937  0.00027644127844467
  0.00034412261676496  0.00045096158500819  0.00060556810854003  0.00091328951146446
  0.00153254444122996  0.00295730983754760  0.07692175667713352  1.00000000000000000
  0.00002815556986162  0.00004140743848230  0.00005148063177589  0.00006177638490759
  0.00007314596170279  0.00008379268591756  0.00009391767373197  0.00010446813773524
  0.00011689957229700  0.00013046609309079  0.00014494428527575  0.00015816001032755
  0.00017081390518188  0.00018276618406194  0.00019513214689628  0.00020695261098175
  0.00021909506726271  0.00023159801762390  0.00024348152978845  0.00025577797986559
  0.00026929017891958  0.00028402093360710  0.00030019099141620  0.00031752174634348
  0.00033528407101478  0.00035285263955472  0.00037021495511898  0.00038845139822076
  0.00040934043201318  0.00043122587794492  0.00045246900187677  0.00047366135777492
  0.00049567850910375  0.00052003750470520  0.00054579550319016  0.00057154480786912
  0.00059828301907387  0.00062652531846303  0.00065688678291239  0.00068959566073784
  0.00072524942882681  0.00076379732378305  0.00080410343001694  0.00084711507520577
  0.00088647457916838  0.00092893150312997  0.00097542573300463  0.00102280142181312
  0.00107238016695974  0.00112069249461303  0.00116827596721232  0.00121798884680832
  0.00126542870418559  0.00131329990559837  0.00136579681741013  0.00142541473781033
  0.00149825045463342  0.00157570929133312  0.00167748608003299  0.00178826846613577
  0.00189955579739093  0.00201577652704853  0.00213648516661611  0.00225748325253471
  0.00238246460978586  0.00251757037292083  0.00265069546492703  0.00277272858780010
  0.00288951064723548  0.00303263198443477  0.00318374499444414  0.00338954821198716
  0.00367011057431732  0.00396587775523248  0.00426790867172132  0.00461792729487939
  0.00503319280999609  0.00545882343972411  0.00591477521225979  0.00638693796146652
  0.00682980140272719  0.00751773772201328  0.00812511200018859  0.00858757332419214
  0.00903662435439656  0.00929943922680065  0.00955976745595196  0.00981936331801064
  0.01008716789168134  0.01040207429621615  0.01083430598015088  0.01137410274825315
  0.01430046872809440  0.02884872820924447  0.14775391832344550  1.00000000000000000
  0.00000541543527782  0.00000587331999464  0.00000613907132344  0.00000626459635343
  0.00000637166840366  0.00000655042263643  0.00000674101181516  0.00000692913134602
  0.00000710132407859  0.00000727425289428  0.00000745126130678  0.00000763783744887
  0.00000783334740632  0.00000802499571774  0.00000818421116693  0.00000836017962162
  0.00000855356304631  0.00000872483612763  0.00000890909956740  0.00000909049321614
  0.00000928321777128  0.00000967550623257  0.00001018807516517  0.00001071853554316
  0.00001123240954858  0.00001171239578845  0.00001216304250922  0.00001259992944519
  0.00001305399897870  0.00001352439058142  0.00001400320521335  0.00001446974165961
  0.00001499134740872  0.00001551517512470  0.00001608175578578  0.00001665923757921
  0.00001727270821587  0.00001793018164868  0.00001856620217497  0.00001919050231871
  0.00001986379894788  0.00002064211589466  0.00002159773185119  0.00002258189403167
  0.00002364909480858  0.00002474008096993  0.00002584343813151  0.00002692381704935
  0.00002794512143484  0.00002891996544325  0.00003002225326518  0.00003131501444413
  0.00003278670625669  0.00003434408187735  0.00003616985804649  0.00003775358873008
  0.00003953336298958  0.00004141145875359  0.00004337698584808  0.00004544303038211
  0.00004761193839977  0.00004992614366851  0.00005233525450430  0.00005519422916765
  0.00005823873277123  0.00006155092551979  0.00006501451458467  0.00006842053089948
  0.00007201711186780  0.00007592247234645  0.00007998775392130  0.00008481434368377
  0.00009048153481655  0.00009630044028028  0.00010237989519943  0.00010913056754175
  0.00011638512797393  0.00012435009682534  0.00013394615953901  0.00014558687676617
  0.00016172309642037  0.00018077066042891  0.00020250596517429  0.00023005096113623
  0.00026441146569103  0.00030767411725161  0.00035985928458237  0.00042442844212825
  0.00052257479211336  0.00066987825042538  0.00083777818904324  0.00112931908408386
  0.00194480417500257  0.00503697847951176  0.14363205775620977  1.00000000000000000
 -0.00214486198130577  0.00865724751659912  0.01788915562116584  0.02717673585117875
  0.03677148000156285  0.04712472924682057  0.05779853919280484  0.06833053729605511
  0.07882108622547482  0.08991555907850576  0.10058508725667685  0.11021722078888943
  0.11950273012855368  0.12995269236472301  0.14103246931749189  0.15264647993676245
  0.16403392379314349  0.17409166803440188  0.18343454952874949  0.19280655568366264
  0.20392680354046175  0.21536994865281447  0.22715792756025521  0.23818749080910787
  0.24839788423441028  0.25800264080805446  0.26783268857949832  0.27845162872105361
  0.28929884655114213  0.30018974455416803  0.31172308767853296  0.32382044353696615
  0.33730523662348960  0.34996757516505200  0.36210961951270265  0.37406195463032532
  0.38688986308766649  0.40071098173726200  0.41344658552867813  0.42416314723878135
  0.43395453796025202  0.44409573207887348  0.45412028827053991  0.46385665556739758
  0.47343031652683215  0.48411976861041395  0.49524343293397660  0.50513755987934728
  0.51486398265036359  0.52606782747374248  0.53867308543067705  0.55191168455158901
  0.56503814089942128  0.57823937625968114  0.59075946707850902  0.60277058637436187
  0.61429888797904364  0.62582540861530123  0.63742587005140405  0.64832316139308754
  0.65988770766936777  0.67138660021512520  0.68340003606297606  0.69569269772757547
  0.70635124959875040  0.71644340681312313  0.72650160817579545  0.73638683967874685
  0.74604141123687162  0.75509622229387241  0.76392333307389326  0.77307697167827827
  0.78208757125370654  0.79121108043450150  0.79945916951851892  0.80716312536311563
  0.81548204584852002  0.82515929343527039  0.83720702794255719  0.85094338761867883
  0.86357175255258756  0.87600483014363639  0.88658036702665244  0.89780155461585087
  0.90826552907293212  0.91785847872771431  0.92689867785598046  0.93579879260636978
  0.94480997244437015  0.95351609445437691  0.96127413814866891  0.96821747936704083
  0.97534703458069016  0.98205493620504458  0.99134260406961594  1.00000000000000000
 -0.00232243040130345  0.00906055307239593  0.01897150610772520  0.03028944765569916
  0.04207349049541996  0.05256958809925937  0.06274873085432842  0.07322108885434092
  0.08421310496061073  0.09457948888516116  0.10604361604883854  0.11751196344438182
  0.12802999145552707  0.13835474167339076  0.14882741092723345  0.15978344954253945
  0.17165886630687435  0.18380811039643224  0.19554782429716011  0.20778721884150941
  0.21832810910214445  0.22667472313149226  0.23473742507093598  0.24288211030771406
  0.25264208613447720  0.26418884481892119  0.27626672960933646  0.28901731207076520
  0.30122848495280846  0.31270016015013180  0.32449664662904532  0.33663711369862082
  0.34828256769642379  0.35947170506708020  0.37067436145359661  0.38200165191382102
  0.39549485744893537  0.40916356502868556  0.42200415860591811  0.43433497061871629
  0.44626480523545065  0.45746778597872928  0.46808409744318719  0.47884742071468916
  0.48963636178735814  0.50086047054066984  0.51261239280362381  0.52432675492044589
  0.53594774022604152  0.54725504999741104  0.55889009544855661  0.56937494487469464
  0.57931141998762570  0.58874234427778505  0.59726883419804611  0.60502892525940466
  0.61296771980146236  0.62240162411837774  0.63421270089815096  0.64722757358839766
  0.65967049601089589  0.67072753123453244  0.67975025013287105  0.68863149577026506
  0.69823240229734218  0.70738334617251963  0.71585918933002113  0.72484210641036617
  0.73488905851288100  0.74553420920425029  0.75611511388748243  0.76640528484196291
  0.77678528079386922  0.78651600684596767  0.79554712700356744  0.80427829945588780
  0.81497665098567462  0.82689809107992540  0.83908039591817063  0.85344940861452889
  0.86162286452845338  0.87037432287101868  0.87908265163310351  0.88770201097370893
  0.89682296051242194  0.90482460042502444  0.91270774617027473  0.92168681121267204
  0.93273628881150883  0.94425646948125486  0.95590271875871546  0.96601302982835136
  0.97504645940570700  0.98276669250102555  0.99120045225000419  1.00000000000000000
 -0.00304476913497859  0.00717660331662108  0.01556777832316539  0.02238964647285202
  0.02629633127356568  0.02941406346063792  0.03176562936352133  0.03453140382343257
  0.03747190620334433  0.04056518712910605  0.04382628363670828  0.04655589373299492
  0.04973849453673240  0.05351689502443490  0.05775746218862150  0.06218295652202890
  0.06763071142028378  0.07284103532205621  0.07792771678066793  0.08288048937490085
  0.08766940043044748  0.09244800270410360  0.09751371167927024  0.10206838760936421
  0.10697775305433332  0.11227235633960207  0.11789030435067711  0.12358705120182581
  0.12870028001150027  0.13408066230901614  0.13983651399443167  0.14588020432281124
  0.15219955968414028  0.15867457950039776  0.16517147553743364  0.17165025220045757
  0.17734030541466636  0.18336323889632980  0.18965441624694757  0.19870816002433928
  0.20705258501301965  0.21521309313143006  0.22299524658781747  0.23051156093090766
  0.23839508260554185  0.24604198627772653  0.25440778038985096  0.26351549318036793
  0.27266530456240995  0.28170026181016128  0.29061136635637436  0.29936987103258794
  0.30853195062074823  0.31843055122928476  0.32875355946757756  0.33961173260007421
  0.35062214566745248  0.36287928949248982  0.37544772208544586  0.38804950494723689
  0.40079232084912958  0.41429512206090952  0.42863559883290037  0.44315822202130173
  0.45689176031972356  0.47129545995190064  0.48621335039078817  0.50279038313861779
  0.52068690846174293  0.53850358222561945  0.55458041330794272  0.57047529174443723
  0.58696565227700082  0.60345106876991883  0.62020724571560026  0.63682895645756477
  0.65478709921895184  0.67244347052874676  0.68832322722707340  0.70443673383019456
  0.72128483124616616  0.74033842212614698  0.75997015258670930  0.77877137510190120
  0.79765255585916295  0.81728866840697789  0.83815589067590723  0.85898251715786456
  0.87769004906456538  0.89600483286490196  0.91346081616236874  0.93024766040747375
  0.94568265187356837  0.96213916840906266  0.98086569954034264  1.00000000000000000
 -0.00196818212248622  0.00759601267008767  0.01689543997691238  0.02750373168912037
  0.03982849129796921  0.05089738823293404  0.06088812966790214  0.07053723925477266
  0.08052493405169200  0.09035075058431964  0.10058005814633246  0.11158631188327228
  0.12357674352835321  0.13501897272110211  0.14570505466658240  0.15507988614406037
  0.16344057107502444  0.17216680722548888  0.18128146171836559  0.19012116290005079
  0.19798803854876504  0.20608045914997303  0.21562427808784657  0.22622178571873364
  0.23698696904817557  0.24774673826019403  0.25918805673213619  0.27064360708797075
  0.28177533014500139  0.29348067812877160  0.30559291529762633  0.31617361849262504
  0.32681097160464950  0.33774826363150168  0.35022019333228793  0.36401582542105837
  0.37659153380755084  0.38855693690946042  0.39989357233334283  0.41113990668474482
  0.42288425510087213  0.43561733179540535  0.44752307734679220  0.45985687433519906
  0.47179870197958274  0.48337413571169224  0.49360648477982394  0.50403202977727990
  0.51390880807992056  0.52361895542310355  0.53303891812828186  0.54355490786460292
  0.55433331497247307  0.56511246325335307  0.57628079215351613  0.58778389800520592
  0.59948812256835893  0.61113264684110102  0.62191869487340756  0.63181992169271028
  0.64178118487562086  0.65312629780070042  0.66605755819474022  0.67647599646350964
  0.68424630834606759  0.69139976981983953  0.69745263636060162  0.70636090710354371
  0.71671947012103232  0.72580027885535758  0.73365303292155404  0.74190486061922201
  0.75154517510638230  0.76307894551832056  0.77558107970201107  0.78775406447655127
  0.79895933757556248  0.80862200421764741  0.81771082925275995  0.82720258462312646
  0.83690729693698096  0.84716338970062810  0.85790613327618848  0.87008855600472457
  0.88115625097205663  0.89140090952822804  0.90142591755181900  0.91080734855459677
  0.92087926698928357  0.93150034551841732  0.94252902324718579  0.95348562495290778
  0.96470141293540301  0.97665945338383742  0.98848438575126418  1.00000000000000000
 -0.00259727873410192  0.01111617629245792  0.02182111960891490  0.03194421056806425
  0.04269067248585353  0.05332401780558917  0.06391138056087876  0.07351606313961746
  0.08258374746605021  0.09254199463809795  0.10283340452103303  0.11259716821929597
  0.12150194821139519  0.13073448260313897  0.14050822074740713  0.14999833929157830
  0.15935528885264139  0.16888662564818402  0.17954793954254389  0.18980949693512683
  0.20063057501027515  0.21146606439157878  0.22190202491115343  0.23437577252524286
  0.24878122213571441  0.26176192514065361  0.27389406023645196  0.28368087119595831
  0.29333116243937130  0.30321879523913525  0.31501919215945895  0.32653320353290033
  0.33749632047833844  0.34827672539306170  0.35851754165163469  0.36868683587270246
  0.37844746599622286  0.38610499173976265  0.39579420759614337  0.40501049481353762
  0.41526073058050611  0.42562321030406436  0.43513619516497209  0.44439371232005470
  0.45389438481853317  0.46389317508000444  0.47382586005715632  0.48359623063951629
  0.49370763646839416  0.50457070689462313  0.51584991967294469  0.52743292402758191
  0.53751409180143550  0.54778270137853513  0.55710075379023782  0.56681312926628136
  0.57822256244854442  0.58904459394493769  0.60210382083001457  0.61510828660019923
  0.62838369549061301  0.64212825377723148  0.65173281357558699  0.66087850327400721
  0.67007330251269615  0.67832776619936819  0.68773140907806907  0.69907342453594590
  0.71084951138816999  0.72255044115526568  0.73433672540423700  0.74663978398447939
  0.75868854563049792  0.76914680743803976  0.77905609034635404  0.78923450269078688
  0.79918451106959998  0.80810788453559235  0.81602092527471226  0.82409625512110718
  0.83266664884331321  0.84100013035807464  0.84881867734657601  0.85703710556786639
  0.86561534019922992  0.87489017548472414  0.88568883935726317  0.89777935499766315
  0.91011215270457924  0.92207611248896704  0.93454190736777765  0.94740111740606869
  0.96015343845888712  0.97304086370903886  0.98694444787193270  1.00000000000000000
  0.07131876255633333  0.11074733948072293  0.13868281049132719  0.16543638711096664
  0.18848995975816432  0.20356508042064306  0.21750299534321602  0.23314867843666984
  0.25095609581042766  0.26992779715341952  0.28899811585303287  0.30600280639647792
  0.32224061569516016  0.33756216532505523  0.35219770257811961  0.36742849703269570
  0.38040863562747607  0.39236458365415017  0.40389373043905658  0.41630379091078373
  0.42801977739012492  0.44077590288846646  0.45348787705148708  0.46518503125171606
  0.47582232540031377  0.48666622127066755  0.49825970545098203  0.51008884126583753
  0.52160909019299728  0.53244519612513019  0.54215890680643541  0.55130168314111228
  0.56024770858335160  0.56971494403299994  0.57948453626410579  0.58888959363426707
  0.59806871239516102  0.60749914644913050  0.61591451212408110  0.62331169049646740
  0.63018844292514309  0.63725609752832812  0.64495090954217560  0.65312561358013999
  0.66120916476737246  0.66945260281445007  0.67767472624217540  0.68544999549428398
  0.69314969403068638  0.70092896209345423  0.70937622692483915  0.71781702167895933
  0.72608130424709172  0.73393102705894930  0.74130935057116476  0.74826619911498704
  0.75504376684401286  0.76191056488173903  0.76884858983922588  0.77561670821777273
  0.78213070961057574  0.78913126744315798  0.79682297937836100  0.80461164191211920
  0.81172597960593729  0.81864066874254882  0.82588560190271498  0.83364601655090353
  0.84085521216543035  0.84782651841628165  0.85445194610205533  0.86081049909511131
  0.86706141402663528  0.87320317659871138  0.87908758628565165  0.88477191891903784
  0.89029580192031066  0.89656257529827776  0.90317253128846342  0.90965921223401258
  0.91583573112794925  0.92134372358745775  0.92683671482221741  0.93249648714528532
  0.93819941806182450  0.94407689503397907  0.94973920578107274  0.95512836836097170
  0.96037883554564751  0.96502499279056386  0.96970599716874339  0.97432144567784806
  0.97883947496163159  0.98419839070214099  0.99133428497320464  1.00000000000000000
 -0.01014544735120440  0.05535198450974876  0.08245077009694070  0.10106221388200265
  0.11477711848934447  0.12615388989043014  0.13329406871424668  0.14005467888982126
  0.14588280275580878  0.15148078754618921  0.15731619287379242  0.16355079147134141
  0.17015215491622057  0.17631986671833322  0.18230967324504371  0.18777171622990635
  0.19372403622668222  0.19980019417193529  0.20587298958506395  0.21158126326587426
  0.21729244937220366  0.22323089238815050  0.22947915477386280  0.23595726541087228
  0.24197470174649965  0.24768304331174651  0.25327557030324654  0.25877510167673518
  0.26448984313427587  0.27027652762546367  0.27547454124506515  0.28053851406744340
  0.28594317651806733  0.29044214586622613  0.29506850732092182  0.29966974409517955
  0.30427145488069973  0.30909705047151487  0.31406421987314792  0.31854076515854673
  0.32309644508607727  0.32790980160898270  0.33272672574102347  0.33788613795883049
  0.34345006340381434  0.34918475766256685  0.35505413256295337  0.36109775489546830
  0.36711561557078026  0.37302677520228877  0.37917913010084325  0.38575629546035523
  0.39251299821913782  0.39975878227148548  0.40621525153675109  0.41244100240220999
  0.41865212136088992  0.42439320768576533  0.43051572863610010  0.43662275361237585
  0.44263144637258894  0.44904353762036359  0.45571611661618522  0.46257329028528799
  0.46997367525854938  0.47768126754944490  0.48422556347151291  0.49032326547934135
  0.49648165496694707  0.50226939249104730  0.50831732593639445  0.51601388216720934
  0.52403849212604037  0.53290383467321023  0.54203076392428473  0.55084734714616856
  0.56024454904411303  0.57004880879866571  0.58001933649508752  0.59006239344944300
  0.60037376246697449  0.61174440931067275  0.62311159395816595  0.63389188904151050
  0.64464141477738079  0.65665626376285346  0.67008730882334544  0.68579484390239454
  0.70380535527981536  0.72320597904892425  0.74316124765546987  0.76424693975029323
  0.78926112824705608  0.82463455579130640  0.86803212769751481  1.00000000000000000
   5.9611398085543318E-002  -1.0000000000000000     
 F F F F F F F F F F F F F F F F F F F F F F F F F F F F F F F F F F F F F F F F F F F F F F F F F F F F F F F F F F F F F F F F F F F F F F F F F F F F F F F F F F F F F F F F F F F F F F F F F F F F F F F F F F F F F F F F F F F F F F F F F F F F F F F F
  <DiscreteSampler_grid>
  grouped_processes
  1 # 1 for a reference and 2 for a running grid.
  10 # Attribute 'min_bin_probing_points' of the grid.
  1 # Attribute 'grid_mode' of the grid. 1=='default',2=='initialization'
  0.0000000000000000 # Attribute 'small_contrib_threshold' of the grid.
  0.5000000000000000 # Attribute 'damping_power' of the grid.
 # binID   n_entries weight   weight_sqr   abs_weight
    19   10   2.034307697696520E+002   1.935387673259483E+005   2.034307697696520E+002
    20   10   2.034307697696510E+002   1.935387673259458E+005   2.034307697696510E+002
    22   10   2.123971484683790E+002   2.203953306082741E+005   2.123971484683790E+002
    23   10   2.123971484683778E+002   2.203953306082711E+005   2.123971484683778E+002
    28   10   3.926403684370785E+002   7.537501676646946E+005   3.926403684370785E+002
    29   10   3.926403684370764E+002   7.537501676646841E+005   3.926403684370764E+002
    34   10   2.034307697696520E+002   1.935387673259484E+005   2.034307697696520E+002
    35   10   2.034307697696510E+002   1.935387673259457E+005   2.034307697696510E+002
    40   10   4.002673340939508E+002   7.352682237617543E+005   4.002673340939508E+002
    41   10   4.002673340939490E+002   7.352682237617449E+005   4.002673340939490E+002
    52   10   2.123971484683789E+002   2.203953306082738E+005   2.123971484683789E+002
    53   10   2.123971484683778E+002   2.203953306082709E+005   2.123971484683778E+002
  </DiscreteSampler_grid>
