 -0.00247926429531519  0.00948039745768580  0.01963393701915459  0.03014048634943655
  0.04067870055886999  0.05121927159352666  0.06175784841154890  0.07229820380733601
  0.08283775489845906  0.09337739577338521  0.10392255220436844  0.11445708631392963
  0.12499974211449566  0.13553347203065000  0.14606475300185950  0.15659603478552231
  0.16713522396700184  0.17768211953946431  0.18822448993976101  0.19875732770352073
  0.20928310170286993  0.21981177858739717  0.23034331594872662  0.24088878329103069
  0.25143570782359592  0.26198542671284081  0.27253491629824605  0.28308295602411487
  0.29363209712812305  0.30417950324608917  0.31472800200027190  0.32526684935096728
  0.33580235414656345  0.34632964255427107  0.35685831948152746  0.36738909200918907
  0.37792696515740998  0.38847349756481614  0.39902367300457592  0.40956808816411167
  0.42011226935582480  0.43065429507056513  0.44120313311535159  0.45175091813384671
  0.46229866085350890  0.47284489972004745  0.48339252507458252  0.49394203466920072
  0.50448889966273158  0.51502884795670034  0.52556858019500363  0.53611006722738286
  0.54665995739816875  0.55720951828417875  0.56776202779909535  0.57830822038381258
  0.58884740452810935  0.59938673663868747  0.60993240060681997  0.62048382186554585
  0.63103022075064974  0.64156219438192286  0.65209253150039026  0.66262855247956720
  0.67316560260405012  0.68370496195356922  0.69424313004349969  0.70479073513995705
  0.71533712780014458  0.72588219377564878  0.73643282707378388  0.74697693830731238
  0.75751674994739804  0.76804949251965915  0.77859177366445764  0.78913254091336571
  0.79967752025379191  0.81022159495478041  0.82077194174535528  0.83130592598900521
  0.84183656673401464  0.85236804893618501  0.86291547954697934  0.87346462291986560
  0.88401025491166996  0.89455221005815444  0.90509159303349274  0.91563192642957369
  0.92617246479132631  0.93671260552528246  0.94724966906057562  0.95779259888305091
  0.96834064562932476  0.97889436313077238  0.98944755408166674  1.00000000000000000
 -0.00240240800615113  0.00952396666981696  0.01968660014442349  0.03020749476118776
  0.04074754948241132  0.05128934505123995  0.06182084236904838  0.07235864314718313
  0.08288754631752725  0.09342503883579635  0.10395922993809542  0.11449915252323888
  0.12504175390613967  0.13559171690373983  0.14614192455608380  0.15668341752388207
  0.16722382106357964  0.17776139868075175  0.18830781718981368  0.19885293511937591
  0.20940050983067715  0.21994826784856414  0.23049650152075041  0.24104010200587328
  0.25158301657391235  0.26212831917448554  0.27267305633657735  0.28321667129844186
  0.29375999733464042  0.30430294138714903  0.31484434647443016  0.32537932759706006
  0.33591632902717133  0.34645688747014836  0.35699218531149146  0.36753328412650815
  0.37807338442540561  0.38861401639580373  0.39915279924472580  0.40969096202351662
  0.42023994348660998  0.43078392893066414  0.44132714009052837  0.45186678618607595
  0.46241327555957390  0.47294839601292121  0.48347205721226610  0.49399693753621504
  0.50452931028680514  0.51507546809650606  0.52561258884809614  0.53615646825975949
  0.54668959226108083  0.55723101215006121  0.56777028475641667  0.57831583908401007
  0.58885529831503092  0.59939004689089104  0.60993063725942909  0.62047401332857954
  0.63100860719914831  0.64153455611198706  0.65206370388671442  0.66260537621827065
  0.67315545803280152  0.68370031931942088  0.69424561855971756  0.70479033175738470
  0.71534005299488101  0.72588970144682019  0.73643816347244861  0.74698421566029138
  0.75752809175113722  0.76807376073283162  0.77861667060580075  0.78915770524406170
  0.79969949280964725  0.81024649518476377  0.82079609305939105  0.83134538601672070
  0.84188800875115444  0.85243428161320223  0.86298019444847829  0.87352567064259523
  0.88407162024712038  0.89461058594535015  0.90515056914209435  0.91568330311483903
  0.92621664645560298  0.93675671179275899  0.94730095132372683  0.95784692728009779
  0.96839126255653230  0.97892867159920871  0.98946699749191747  1.00000000000000000
   2.5502934351282995E-008  -1.0000000000000000     
 F F F F F F F F
  <DiscreteSampler_grid>
  grouped_processes
  1 # 1 for a reference and 2 for a running grid.
  10 # Attribute 'min_bin_probing_points' of the grid.
  1 # Attribute 'grid_mode' of the grid. 1=='default',2=='initialization'
  0.0000000000000000 # Attribute 'small_contrib_threshold' of the grid.
  0.5000000000000000 # Attribute 'damping_power' of the grid.
 # binID   n_entries weight   weight_sqr   abs_weight
    10   10   1.322623097372511E+010   1.749331857703253E+020   1.322623097372511E+010
  </DiscreteSampler_grid>
