  0.00000565780339571  0.00000576699088510  0.00000590830104871  0.00000605861636699
  0.00000624772902791  0.00000645961441517  0.00000664544030435  0.00000680913116973
  0.00000696771903529  0.00000716333498423  0.00000735882962798  0.00000756168921273
  0.00000777483619568  0.00000794435272711  0.00000816889749659  0.00000845169320842
  0.00000870596386161  0.00000891435872451  0.00000911454503682  0.00000933111298052
  0.00000957396984420  0.00000984737972577  0.00001022766928623  0.00001065121905949
  0.00001102884801645  0.00001131390720580  0.00001164802348326  0.00001202902023494
  0.00001239941400775  0.00001280500001556  0.00001321366856185  0.00001370331979915
  0.00001457740165941  0.00001529004826153  0.00001598923770059  0.00001663327149107
  0.00001714378065166  0.00001757438844175  0.00001803395829866  0.00001850484784307
  0.00001897128493710  0.00001966716058754  0.00002046053281928  0.00002139524581626
  0.00002241326063689  0.00002340583058836  0.00002430574427233  0.00002515393636210
  0.00002633431696559  0.00002775555842901  0.00002919626156341  0.00003060301313345
  0.00003197276627874  0.00003332770971700  0.00003476247146763  0.00003652075981474
  0.00003843230355864  0.00004053808237593  0.00004251069815346  0.00004463986848761
  0.00004689403175265  0.00004925576675716  0.00005174074125604  0.00005442194904001
  0.00005747715932684  0.00006106638433930  0.00006520665576891  0.00006973690334499
  0.00007442698509028  0.00007946666203676  0.00008506481043347  0.00009128885576446
  0.00009830757597859  0.00010597563978229  0.00011414320493976  0.00012290080059900
  0.00013195657010191  0.00014158397763278  0.00015255983162297  0.00016376031912169
  0.00017587118743930  0.00019156528161608  0.00021661941693131  0.00024233228685921
  0.00027416946433187  0.00032453693280544  0.00039696309684447  0.00048384656699458
  0.00056748779458122  0.00065444830574520  0.00075165851127292  0.00088633781131267
  0.00129458216510941  0.00325224936164146  0.08009666900463824  1.00000000000000000
  0.00000613331342081  0.00000623354973052  0.00000630568179633  0.00000637911122904
  0.00000645981430423  0.00000653018127394  0.00000658715208430  0.00000662882385345
  0.00000668557012786  0.00000682730970085  0.00000703411778758  0.00000725568549099
  0.00000746945908486  0.00000767179245255  0.00000785065894039  0.00000801534144781
  0.00000816921283912  0.00000831087091898  0.00000845691314956  0.00000862732119642
  0.00000883288608752  0.00000906811520270  0.00000932507332526  0.00000955023868464
  0.00000974277283191  0.00000993147022783  0.00001012122638993  0.00001031020478066
  0.00001051042690221  0.00001071511218754  0.00001094076970806  0.00001121360209226
  0.00001154299616235  0.00001193472490771  0.00001230320458698  0.00001260898618306
  0.00001295496027552  0.00001331005045247  0.00001365211965333  0.00001400886735823
  0.00001439116583561  0.00001479440682381  0.00001521262777479  0.00001565921231805
  0.00001618404693245  0.00001677732911295  0.00001743201912271  0.00001818575186439
  0.00001907758717651  0.00002002106673716  0.00002084198812182  0.00002152751707503
  0.00002225178316007  0.00002312759268203  0.00002416049237626  0.00002519429746914
  0.00002619932642450  0.00002731716257873  0.00002850807302437  0.00002982586876352
  0.00003139962216028  0.00003312558953761  0.00003500334313086  0.00003717924860685
  0.00003948138297991  0.00004191366617054  0.00004411566328129  0.00004619165693375
  0.00004870884308293  0.00005129471391398  0.00005437496835449  0.00005794548442018
  0.00006181079444395  0.00006606706938865  0.00007067615128612  0.00007609497503070
  0.00008276587345133  0.00009055917288990  0.00009817267231448  0.00010538544090558
  0.00011327860034270  0.00012191809212722  0.00013246744854656  0.00014592446232738
  0.00016678773116785  0.00019619771108055  0.00023251417319950  0.00027341450545878
  0.00032553900917167  0.00041415194469209  0.00056321644037332  0.00084863746341370
  0.00152364010862961  0.00436810357716864  0.05122721499712406  1.00000000000000000
  0.00000416257524668  0.00000727211292122  0.00000806783287228  0.00000903392253768
  0.00001007678828287  0.00001137609850512  0.00001248102502878  0.00001330885206282
  0.00001413033579161  0.00001502054638086  0.00001611341936736  0.00001712879026340
  0.00001825979852986  0.00001950716918303  0.00002107727034511  0.00002265332758515
  0.00002410618413625  0.00002563205674553  0.00002743700284951  0.00002930584336388
  0.00003116226024744  0.00003292882854748  0.00003466820720117  0.00003645704588645
  0.00003825206196837  0.00003991097325202  0.00004150071213519  0.00004308507995739
  0.00004480914206642  0.00004689302286831  0.00004921236046241  0.00005142479153296
  0.00005361989248292  0.00005586759676450  0.00005829359440377  0.00006114424527005
  0.00006433811670653  0.00006734472358580  0.00007048277575693  0.00007368646315133
  0.00007731085757643  0.00008153026257025  0.00008647497669532  0.00009200876454857
  0.00009790696662833  0.00010374341183261  0.00010985532319936  0.00011673308279696
  0.00012400081440642  0.00013176640566726  0.00014022702211706  0.00014890643895634
  0.00015758083895782  0.00016761310716881  0.00017920953778046  0.00019122060421182
  0.00020369665181917  0.00021589594533288  0.00022951982545391  0.00024602880734275
  0.00026658791770965  0.00028923450013587  0.00031717077035779  0.00034586618642721
  0.00037139966823658  0.00039721265440089  0.00042666331502254  0.00045753035625805
  0.00049423865864533  0.00054623687781581  0.00060643502024745  0.00065684508153448
  0.00070884901066024  0.00075222792434480  0.00079476408125354  0.00083618227158956
  0.00088061534908463  0.00093125823513851  0.00098653752825541  0.00102542626615030
  0.00106866469238543  0.00117857336309169  0.00129599103574433  0.00142534699520212
  0.00154008373657555  0.00174269159488993  0.00197231337019808  0.00226788850206427
  0.00265891076662331  0.00312740962833717  0.00371188499467372  0.00513260790038671
  0.00727945474410309  0.02499985890853437  0.04860690936755799  1.00000000000000000
 -0.00292621261088403  0.01127632313566573  0.02430302244136200  0.03735103209391590
  0.05058290741774145  0.06047175590404333  0.07006871878248405  0.07924350861379043
  0.08959021070640620  0.09988008290559652  0.11106336790249262  0.12098651873838998
  0.12902852665733316  0.13571988098096943  0.14341053800829986  0.15239059853086204
  0.16161256786112368  0.17119822000513674  0.18011641841326759  0.18954515378866024
  0.20133168295497339  0.21376528953100418  0.22503867613268660  0.23634869517596685
  0.24941369704966429  0.26599999064838231  0.27874341562112520  0.28826830940240211
  0.29660288737200841  0.30478392282825573  0.31326809529981769  0.32502295435958650
  0.33930357257811061  0.35370137787174405  0.37058076386163141  0.38648130936420633
  0.40034171501301685  0.41030148543665401  0.42061808645133592  0.43093254516154356
  0.44177260958432124  0.45272631411408920  0.46352835088522243  0.47500596962298852
  0.48813027567318662  0.50227608429203530  0.51530596349754765  0.52830658985510914
  0.54062254021376532  0.55453600671935011  0.56573538336496698  0.57528809007481707
  0.58434672033505997  0.59291956320874550  0.60098346446059681  0.60908297268511313
  0.61815591448358809  0.62720887897951738  0.63627898724277632  0.64463539896713717
  0.65355856580546889  0.66227847685065877  0.67269332800846193  0.68332563603379581
  0.69469081741697958  0.70547388271181921  0.71524154855873612  0.72437908688222785
  0.73427103216468681  0.74488857136104913  0.75583520048401742  0.76632815439364077
  0.77915935518696777  0.79444060279948092  0.80697756900995088  0.81824008865139675
  0.82931519883540872  0.84011691268082578  0.85035158962279789  0.86047754736447368
  0.87034291168824585  0.87742681327895033  0.88535485642008649  0.89310204191942122
  0.90166850993923853  0.91051978183296178  0.92023595019184723  0.92936742204777678
  0.93818497799220513  0.94704363979169304  0.95597556716725318  0.96511548780568046
  0.97465228731630871  0.98336276431564207  0.99159247325149003  1.00000000000000000
 -0.00013607575347472  0.00029857603084032  0.00108104157547892  0.00201836872870999
  0.00299896209430695  0.00356549347953318  0.00415259114392493  0.00478287551100808
  0.00542434086259675  0.00600522569809312  0.00657939218281744  0.00711598257378964
  0.00760740896521500  0.00804593942543442  0.00843825191205219  0.00873433966224298
  0.00902402968018217  0.00932680619937265  0.00962052963389548  0.00990724219270953
  0.01019704468322516  0.01049625899884951  0.01084749843672935  0.01121343951719837
  0.01164627174224495  0.01231391923542972  0.01296138546420044  0.01357035785155048
  0.01421510721386619  0.01494226117412564  0.01578540628732795  0.01657496999410480
  0.01740570517323455  0.01849400091019055  0.01942665422876368  0.02028588039945201
  0.02094166107679077  0.02148137871750253  0.02199051744099941  0.02266591080004722
  0.02343225152388866  0.02418684118355408  0.02489899436450959  0.02542448909280051
  0.02596761076916991  0.02646167966429428  0.02690533196372913  0.02742478533013061
  0.02796198872863418  0.02846450751987464  0.02901332143187608  0.02949048074882752
  0.02993593970989224  0.03039607702872519  0.03083482981352895  0.03129985002041477
  0.03196107900062758  0.03260917647390969  0.03325382142567775  0.03396609772051971
  0.03482177138701094  0.03578523415738396  0.03734352155879787  0.03812390448921969
  0.03874281937568502  0.03921950000441357  0.03960802295029045  0.04012958753606507
  0.04058120719320624  0.04141312445236775  0.04230687822467175  0.04342387491802142
  0.04503702965902015  0.04675101717028497  0.04783153299218873  0.04891126269300372
  0.05022742026462922  0.05258292935965501  0.05338180396385212  0.05403204597051189
  0.05507031839695491  0.05787821815042619  0.06057787867016275  0.06267737673629180
  0.06433770314337810  0.06580851997288539  0.06716224855922739  0.06773314113252901
  0.06849041003585882  0.07022541470095738  0.07248561316333507  0.07696471589354430
  0.08415149834654757  0.10279016438562043  0.17641817495034617  1.00000000000000000
 -0.00312852111208246  0.01056148436810683  0.02213054831959073  0.03273876286607583
  0.04264725807180397  0.05198612559932822  0.06032948052166408  0.06916165222999945
  0.07886438250647676  0.08902661237379175  0.09798331525081730  0.10798008478816572
  0.11949205802180930  0.13052544746133127  0.14089527055256809  0.15143712907824319
  0.16324153592742663  0.17409087442595847  0.18259509324893419  0.19019296088042317
  0.19702619736430568  0.20139114631609872  0.20573569805945630  0.21043702537717021
  0.21756937615874042  0.22739657751837863  0.24361900832604744  0.25657690652638132
  0.26692018502079551  0.27710885103713656  0.28694804821270326  0.29826377592281100
  0.30946130204842659  0.32041876879782122  0.33176158613545209  0.34297421148073587
  0.35411057138878166  0.36592841844285479  0.37846416868212357  0.39424498696283422
  0.40965166711256518  0.42238598539799643  0.43369402178655814  0.44456936446040263
  0.45445136440579414  0.46329740620436982  0.47111734066805422  0.48004226139672290
  0.48945536448178401  0.49963065504424814  0.50918939869337043  0.51752331676788388
  0.52760323016876209  0.54054901689347135  0.55278374463802782  0.56289191583806186
  0.57232820936863316  0.58180172214692449  0.59099285788307443  0.59974884921581773
  0.60897811121934931  0.61882197502535019  0.63139865841209908  0.64525147806499628
  0.65811484756056970  0.66986350404577710  0.68136841186362551  0.69323350425087193
  0.70448426623225158  0.71509305933424328  0.72621641958217009  0.73793996686438157
  0.74935253571049365  0.76013629935759208  0.77024175668511785  0.78009763117561470
  0.79042779807260843  0.80125662078301563  0.81264710938108298  0.82452391694545657
  0.83643949835283926  0.84740086041239626  0.85764877691179953  0.86661542787793366
  0.87677928647003622  0.88695359259362594  0.89774677864491736  0.90879148664387666
  0.91929573203551096  0.93119278899383962  0.94331063514819935  0.95494291039085755
  0.96672391723115125  0.97796466258649162  0.98862904891879377  1.00000000000000000
 -0.00001428570511556  0.00001464276504480  0.00005998934639259  0.00012196436545606
  0.00019529377925536  0.00027324054200554  0.00036470162055508  0.00045667831822758
  0.00054926746612630  0.00061202472076994  0.00067059053295002  0.00073159713596677
  0.00079401565435921  0.00085359947786766  0.00090885693415679  0.00095418826335538
  0.00100550375715034  0.00105894770723776  0.00111148094671336  0.00116503687648707
  0.00122126105254945  0.00128120735066647  0.00134402095746780  0.00141858257174765
  0.00150617369139857  0.00159850324391774  0.00169168600083347  0.00179058039359430
  0.00189286660447560  0.00198973342192344  0.00207918415902375  0.00217378181879673
  0.00227326809151576  0.00238794231786899  0.00251439955847073  0.00265318059785058
  0.00280132183582712  0.00295361179227838  0.00310436128531848  0.00324078366812349
  0.00336539356667658  0.00349338698703253  0.00362142878911443  0.00375197135461808
  0.00397434273393722  0.00417930314409317  0.00436730306190463  0.00451897174380372
  0.00465766033410429  0.00482374360643537  0.00502727353851491  0.00526714408271699
  0.00550483225889939  0.00575151917281987  0.00603752268021047  0.00628968637451352
  0.00651107805342642  0.00671598377895978  0.00690032086379747  0.00713249163510478
  0.00737250275296422  0.00764685992719643  0.00798511237213008  0.00830249699704040
  0.00866083181289547  0.00902792678587230  0.00937792944626002  0.00974920750003052
  0.01032954579099461  0.01101224690154224  0.01166629084337515  0.01215217131178314
  0.01243776562816012  0.01278389009101338  0.01309735804667342  0.01335921685350329
  0.01370296509921606  0.01404999816622558  0.01442476398531642  0.01483733630044439
  0.01525083103936700  0.01569003105518131  0.01637969799963938  0.01741700404961810
  0.01838383003628000  0.01976374819184795  0.02073530415513259  0.02186642245217444
  0.02320913590690090  0.02513150372831138  0.02755314525337463  0.02986807921798783
  0.03297528052566374  0.03659838912026694  0.16273593652136537  1.00000000000000000
 -0.00191257094575591  0.00645358360036578  0.01518247405488040  0.02267734542178805
  0.03052659447072862  0.03956697281894064  0.04948061420005430  0.05840701860373363
  0.06595974105042107  0.07335147914252511  0.08155722948279387  0.09133593270128591
  0.10290671261865965  0.11468643147901994  0.12537543756959274  0.13649304495205314
  0.14695087681941701  0.15654947279728168  0.16792659374187285  0.18119793630829609
  0.19364124996380647  0.20464382300535949  0.21392970921295804  0.22361262899255729
  0.23427282644706973  0.24545184932604558  0.25682310253114710  0.26752068458007794
  0.27882736320349910  0.29011966995141059  0.30361655388439363  0.31871438232762828
  0.33547397498495501  0.35219188687073394  0.36780584619772727  0.38230170507399008
  0.39755307397880763  0.41252240568666565  0.42822303231683922  0.44435635478045088
  0.45856437024378138  0.47270808803662923  0.48616802957615035  0.49882652286142726
  0.51236813464292663  0.52677961141896823  0.54010431710657492  0.55332151193046764
  0.56681875619212396  0.58039230121074026  0.59295286197814179  0.60417983295629618
  0.61401140221134665  0.62218821293968674  0.63069412936463320  0.63802323998951915
  0.64636556272131873  0.65647858388589109  0.66708166434209004  0.67696545987852552
  0.68721963231921945  0.69717989152856519  0.70870127204861755  0.71866830140500204
  0.72741459167794575  0.73542322114702374  0.74478276341856198  0.75501878660099764
  0.76396073233608586  0.76977342560299422  0.77633763083833784  0.78313971712810426
  0.78999872942746041  0.79669393313600878  0.80444183683622972  0.81317469926060659
  0.82223585752010098  0.83062413556157055  0.83781716438240916  0.84425199525698169
  0.85170652063198438  0.85972079459752471  0.86784931078481087  0.87649587573512366
  0.88724894966450929  0.89922171563599740  0.91026716723011647  0.92073274655891935
  0.93053488163932074  0.94043431462950910  0.95020433186752129  0.96037077515380476
  0.97035379024522939  0.97993336563590883  0.98937694089050565  1.00000000000000000
  0.10911844171363419  0.20965343419668747  0.23887101850486572  0.26082658681693044
  0.28002359878460026  0.29783454067023274  0.31575615154626330  0.33385479204916785
  0.35239366099524405  0.36953482537552368  0.38523672988533142  0.40046275494898076
  0.41557729348179545  0.43111042372916419  0.44665836895971811  0.46107465730173663
  0.47442979175610372  0.48820788910441204  0.50268115631280208  0.51642153580220118
  0.53028033834584642  0.54332505936509556  0.55639602433848334  0.57012548793007833
  0.58302669251303918  0.59508224643918339  0.60665583985989968  0.61774659073928473
  0.62885641526351965  0.64034737185642909  0.65210537553550874  0.66244435000412016
  0.67142895794836943  0.67963714925586072  0.68792161437547739  0.69601502589367659
  0.70451412184119833  0.71428010403693309  0.72412570400306475  0.73291253005638002
  0.74057958500278254  0.74752824616560454  0.75450727928126593  0.76138894359316700
  0.76861684395960783  0.77598777923880180  0.78330765418138093  0.79035867782862135
  0.79691783218561196  0.80320286444506150  0.80927628826269138  0.81509207658560756
  0.82079348588347623  0.82642854232815344  0.83230065296466071  0.83819081736492607
  0.84356958327845855  0.84848794225234592  0.85359510275071038  0.85886586258126874
  0.86431800367280653  0.87118221675137386  0.87709367935004001  0.88233769421107311
  0.88713170780593520  0.89206001327230100  0.89678219876436105  0.90104121863735287
  0.90502906711718278  0.90918691424983389  0.91321421332939900  0.91710946333025833
  0.92107580054860994  0.92479700700677592  0.92859492422122247  0.93245695067487311
  0.93629100353409223  0.94020608362096558  0.94406185114796914  0.94808358696412987
  0.95179315295053735  0.95535451384826886  0.95891272252826287  0.96230654558923112
  0.96558216449330414  0.96883771491428328  0.97221159091693554  0.97580320584106539
  0.97939105578951458  0.98270650427198303  0.98565615241709259  0.98838163270560830
  0.99110061565201868  0.99451036701608153  0.99690967723028545  1.00000000000000000
 -0.01346875386621085  0.06659529534097595  0.09295068239848812  0.11151163516522351
  0.12743324276435464  0.14003527261001453  0.15113534127376996  0.16114282455104839
  0.17150104154111312  0.17975477424712866  0.18685892406447360  0.19311732931505199
  0.19890859668855865  0.20469822259066531  0.21115379616047344  0.21722077913233262
  0.22351928855192169  0.22952552586265049  0.23476106173863293  0.24018678149968523
  0.24563567740650519  0.25144534238213878  0.25851492706894419  0.26545507918909544
  0.27144057498536134  0.27687092795418916  0.28190274298806511  0.28682594573081388
  0.29162685263923477  0.29648419606328780  0.30124572102663477  0.30662652360713577
  0.31184247755368794  0.31692558439600260  0.32215901770269695  0.32718762312525501
  0.33192460384119343  0.33658936323315980  0.34160743021912116  0.34694054024430165
  0.35283117167165284  0.35929008152461450  0.36643660043395943  0.37386225101489701
  0.38125695603540122  0.38841668453867412  0.39511995929900018  0.40090350069968994
  0.40627906908867156  0.41162755134704732  0.41700969964969709  0.42273549275771583
  0.42843540989242607  0.43374418810321186  0.43832539341875193  0.44281113218047891
  0.44768222160584997  0.45119495236148072  0.45414550684995691  0.45770217275852537
  0.46135527824893674  0.46521247458095061  0.47000127391780849  0.47582071841170309
  0.48227797127835337  0.48938703658401261  0.49710890032200333  0.50507831575724982
  0.51263736657642400  0.52053163481959830  0.52816663911901351  0.53717049740506440
  0.54595294166039565  0.55396275380410742  0.56108694800837244  0.56839928602291956
  0.57750744671864307  0.58781284904566522  0.59777935844605956  0.60659108304370279
  0.61518299695076661  0.62377755582168926  0.63187149061347925  0.63991855134417186
  0.64930672496852393  0.66105427211674772  0.67226958599617614  0.68294668274840975
  0.69456224287528623  0.70752620554865631  0.72722962422858684  0.74871935628932140
  0.76984480874947092  0.79718342184354785  0.84456676532497343  1.00000000000000000
  0.75046530624250007       -1.0000000000000000     
 F F F F F F F F F F F F F F F F F F F F F F F F F F F F F F F F F F F F F F F F F F F F F F F F F F F F F F F F F F F F F F F F F F F F F F F F F F F F F F F F F F F F F F F F F F F F F F F F F F F F F F F F F F F F F F F F F F F F F F F F F F F F F F F F
  <DiscreteSampler_grid>
  grouped_processes
  1 # 1 for a reference and 2 for a running grid.
  10 # Attribute 'min_bin_probing_points' of the grid.
  1 # Attribute 'grid_mode' of the grid. 1=='default',2=='initialization'
  0.0000000000000000 # Attribute 'small_contrib_threshold' of the grid.
  0.5000000000000000 # Attribute 'damping_power' of the grid.
 # binID   n_entries weight   weight_sqr   abs_weight
    13   10   2.639309062948067E+004   3.120849363387180E+009   2.639309062948067E+004
    14   10   2.639309062948073E+004   3.120849363387198E+009   2.639309062948073E+004
    16   10   2.639309062948067E+004   3.120849363387180E+009   2.639309062948067E+004
    17   10   2.639309062948072E+004   3.120849363387196E+009   2.639309062948072E+004
    22   10   2.639309062948067E+004   3.120849363387181E+009   2.639309062948067E+004
    23   10   2.639309062948073E+004   3.120849363387198E+009   2.639309062948073E+004
    25   10   2.639309062948067E+004   3.120849363387179E+009   2.639309062948067E+004
    26   10   2.639309062948072E+004   3.120849363387197E+009   2.639309062948072E+004
    31   10   2.639309062948066E+004   3.120849363387179E+009   2.639309062948066E+004
    32   10   2.639309062948073E+004   3.120849363387199E+009   2.639309062948073E+004
    34   10   2.639309062948067E+004   3.120849363387179E+009   2.639309062948067E+004
    35   10   2.639309062948072E+004   3.120849363387196E+009   2.639309062948072E+004
    40   10   2.639309062948067E+004   3.120849363387183E+009   2.639309062948067E+004
    41   10   2.639309062948073E+004   3.120849363387199E+009   2.639309062948073E+004
    43   10   2.639309062948067E+004   3.120849363387179E+009   2.639309062948067E+004
    44   10   2.639309062948073E+004   3.120849363387199E+009   2.639309062948073E+004
    49   10   2.639309062948067E+004   3.120849363387180E+009   2.639309062948067E+004
    50   10   2.639309062948073E+004   3.120849363387198E+009   2.639309062948073E+004
    52   10   2.639309062948067E+004   3.120849363387180E+009   2.639309062948067E+004
    53   10   2.639309062948072E+004   3.120849363387197E+009   2.639309062948072E+004
    58   10   2.639309062948067E+004   3.120849363387181E+009   2.639309062948067E+004
    59   10   2.639309062948073E+004   3.120849363387200E+009   2.639309062948073E+004
    61   10   2.639309062948067E+004   3.120849363387180E+009   2.639309062948067E+004
    62   10   2.639309062948073E+004   3.120849363387198E+009   2.639309062948073E+004
  </DiscreteSampler_grid>
