  0.00000527331517314  0.00000557193042229  0.00000582686415605  0.00000608850469089
  0.00000635812407809  0.00000663183450652  0.00000692023268301  0.00000722427308551
  0.00000752693369461  0.00000781596171745  0.00000810013664327  0.00000845907213600
  0.00000881189736117  0.00000916173222090  0.00000949365484353  0.00000981373925965
  0.00001014389879690  0.00001049751698605  0.00001090830461902  0.00001135422163495
  0.00001181127344127  0.00001229336897199  0.00001278023962748  0.00001328788382993
  0.00001376915317889  0.00001425482850803  0.00001476351414098  0.00001530039600671
  0.00001586617645728  0.00001647786237752  0.00001715266449905  0.00001785169252316
  0.00001855432480218  0.00001927105360554  0.00002001238998414  0.00002077423358786
  0.00002154250466411  0.00002241743176403  0.00002338855471669  0.00002440389739500
  0.00002545956182710  0.00002659801186331  0.00002779353670307  0.00002886687365591
  0.00003007373385111  0.00003135498928188  0.00003274809222396  0.00003429405795414
  0.00003588776675895  0.00003752492633558  0.00003921105488424  0.00004095005397834
  0.00004279361665654  0.00004457365734102  0.00004642264362195  0.00004832501522096
  0.00005027710314568  0.00005233238359628  0.00005461063140434  0.00005709785413865
  0.00005975445110589  0.00006275375809975  0.00006586699051508  0.00006893229264250
  0.00007201753285819  0.00007522037856345  0.00007891818086173  0.00008330068647609
  0.00008835111680198  0.00009344963804639  0.00009900527820687  0.00010499481239967
  0.00011335324148262  0.00012266741528752  0.00013196891972101  0.00014262058058138
  0.00015483858258992  0.00016963563739426  0.00018814442259273  0.00020963603400868
  0.00023516205259025  0.00026402428741211  0.00029737873066535  0.00033703122600079
  0.00038564664185655  0.00044980905844189  0.00054430336346407  0.00068864144748594
  0.00088119822387594  0.00115919109523869  0.00154916904841674  0.00211301906742684
  0.00343907876457127  0.00658387701821511  0.44870215112071887  1.00000000000000000
  0.00003956062831077  0.00004398121709285  0.00004778088782537  0.00005180599022075
  0.00005628538629221  0.00006127465721726  0.00006679573185748  0.00007293270863243
  0.00007972580601607  0.00008672997480636  0.00009429936118703  0.00010294787898890
  0.00011191171809176  0.00012073029894477  0.00013027581100285  0.00014084871227160
  0.00015274529433986  0.00016586364862281  0.00017988640781894  0.00019451620888347
  0.00020951128640223  0.00022535307667320  0.00024144625700409  0.00025833898343213
  0.00027607342865843  0.00029496454014579  0.00031502604568249  0.00033537385022716
  0.00035650836790699  0.00037816592801155  0.00040121397343043  0.00042619378311834
  0.00045128369976499  0.00047999023565403  0.00050791583359498  0.00053925264288468
  0.00057135114755515  0.00060426352785317  0.00063925670460231  0.00067677087673339
  0.00071610203067333  0.00076040291523538  0.00080352207080121  0.00084940247792270
  0.00089633564471038  0.00094513777973505  0.00099622020014073  0.00104725903446121
  0.00109652444368913  0.00114485224966176  0.00119338941501393  0.00124683830965696
  0.00130446449993022  0.00136465018562187  0.00142859959975548  0.00149333735069598
  0.00155882664234806  0.00163316318731405  0.00171515953555211  0.00180333452879169
  0.00189880297879934  0.00200366831046215  0.00212441475079588  0.00225985451449480
  0.00241984307124312  0.00260143116342924  0.00278909873821307  0.00297395918080951
  0.00317479487577616  0.00338397911736499  0.00360211930392692  0.00385493231878346
  0.00414350566351741  0.00445973694428945  0.00479991196451785  0.00519360611160464
  0.00567598182994181  0.00624797856809719  0.00694055318604588  0.00772792109206985
  0.00838150880494114  0.00901529416330190  0.00967496654968094  0.01043251875358797
  0.01123833758073133  0.01198720531984223  0.01259937222403194  0.01331410570357491
  0.01402261801294669  0.01477887418322974  0.01625103936578302  0.01821626558158288
  0.01887067198876349  0.01963250559601555  0.02071842545956527  1.00000000000000000
  0.00000555618203968  0.00000636494322132  0.00000679165476662  0.00000731006924984
  0.00000779190015275  0.00000826400055283  0.00000881365109894  0.00000936501685144
  0.00001005146931803  0.00001070673973783  0.00001133979203012  0.00001191462884246
  0.00001249135329577  0.00001310738403450  0.00001376945743110  0.00001449867963760
  0.00001526067365995  0.00001602019400350  0.00001683385509078  0.00001786172246836
  0.00001889773610910  0.00001999411314526  0.00002111872928124  0.00002230842753069
  0.00002357666099612  0.00002486912699627  0.00002615559928278  0.00002741702635064
  0.00002870153944219  0.00003003659962701  0.00003142725659110  0.00003274907976262
  0.00003418829491120  0.00003573868718901  0.00003742678527776  0.00003930157775501
  0.00004154276302223  0.00004401636752664  0.00004664794616282  0.00004938736576461
  0.00005221946732686  0.00005535996304641  0.00005880675018405  0.00006257927851228
  0.00006654479004378  0.00007055516243026  0.00007474808302697  0.00007921770464971
  0.00008425148122100  0.00008984124512500  0.00009595165478998  0.00010287459508638
  0.00011072507595123  0.00011905813052177  0.00012821244763445  0.00013736738497849
  0.00014613976097965  0.00015489282887968  0.00016434943348343  0.00017551895097881
  0.00018814266190293  0.00020337587889649  0.00022146852154225  0.00024376325580805
  0.00026968224383383  0.00029487673128259  0.00032380504198783  0.00035756026213577
  0.00039843592477075  0.00044411921861747  0.00049121904353268  0.00054571671860300
  0.00060900201732150  0.00068530380135939  0.00076913529765326  0.00086729550609269
  0.00099084648988313  0.00113835120942824  0.00129170358495200  0.00145585020722659
  0.00164168085987717  0.00186660913610474  0.00212777112053503  0.00239905684995788
  0.00272425683449476  0.00308669756127767  0.00350844209847866  0.00402660771691073
  0.00497096631174497  0.00624533353135290  0.00773764016614285  0.01029177799483791
  0.01533775124805585  0.02272371074572560  0.08100233823073960  1.00000000000000000
 -0.00234734359227839  0.00991549242069357  0.02017734756858678  0.03017234605969356
  0.04042968963749215  0.05188825012093945  0.06338565760869207  0.07437491719112239
  0.08505464159015970  0.09636872075375949  0.10778565929117771  0.11928857612386982
  0.13077036644281417  0.14228490887405285  0.15317832651211799  0.16361550583566303
  0.17342287782062052  0.18321754862367703  0.19361947986192804  0.20469830786315513
  0.21533523609656979  0.22646890181467913  0.23854429541591560  0.25114476179519674
  0.26193538398439076  0.27225771567351109  0.28308075972988778  0.29418996844255046
  0.30503168698028982  0.31538935696493980  0.32563641131595633  0.33587220780879146
  0.34655499010873175  0.35778065166345752  0.36928040345089436  0.38094888706851160
  0.39296501159815767  0.40476620346436099  0.41639185044234323  0.42791745321418351
  0.44022672560834047  0.45317551581565374  0.46552699576204304  0.47703484809399610
  0.48838020766202395  0.49937541037562616  0.50923738179892630  0.51854364072491232
  0.52766044625086306  0.53661752303246457  0.54550330125314483  0.55462126537293455
  0.56465581466253489  0.57674418328338362  0.58824622107524871  0.59885315161472075
  0.60936433918781485  0.62002505185591861  0.63089038901550110  0.64140049989087200
  0.65021856838916281  0.65879097322198366  0.66714751702699970  0.67555789004808897
  0.68386790140168374  0.69304020141300215  0.70273672107634366  0.71341778893601648
  0.72452059328265361  0.73524696392618583  0.74639737708225662  0.75768805951866325
  0.76881412177360031  0.77948579415871710  0.78936440685083986  0.79886712305251517
  0.80816103698136410  0.81721019739745449  0.82630269599890349  0.83557493542163330
  0.84551144988813487  0.85641197667326230  0.86725958799387259  0.87741053606493380
  0.88729577409692928  0.89702194015898296  0.90739841165703983  0.91901536456120858
  0.93119076715122218  0.94343530892890615  0.95430591595267522  0.96456346496094358
  0.97365954307518621  0.98253421499254356  0.99119272671237324  1.00000000000000000
 -0.00304345067027836  0.01230715076248823  0.02389472567295485  0.03493153929664641
  0.04482082257001296  0.05527086678695271  0.06629390263636582  0.07858668753241613
  0.09137646165463721  0.10350748196430185  0.11517345377752425  0.12653373245892088
  0.13738325531911796  0.14825918969574170  0.15864730035746563  0.16814111540060284
  0.17754486394458138  0.18642088682803837  0.19636965334137366  0.20706659558417753
  0.21846503633255179  0.22973921845401624  0.23977077950283759  0.24941215523456944
  0.25932955944020536  0.26907113769494123  0.27789780966534278  0.28605877169812211
  0.29451478584522384  0.30435548606706470  0.31504391620788430  0.32567790519294004
  0.33517245195450857  0.34330374973342187  0.35180175803617153  0.36100817376382682
  0.37022885824087554  0.37920318191569052  0.38688639780915968  0.39421052966335662
  0.40273456177362232  0.41284547626388124  0.42329272911763111  0.43379549436550774
  0.44439553464985532  0.45482924065149388  0.46501412314446844  0.47537761498198872
  0.48636132123113435  0.49778353798661740  0.50904528503153035  0.52052233689387206
  0.53257716829500257  0.54451777519267131  0.55620678276973901  0.56851230853439083
  0.58059650380781891  0.59192934146423848  0.60268041727980026  0.61348571656739548
  0.62447257551119750  0.63459213940864079  0.64419660020557223  0.65416741198021044
  0.66488949161080768  0.67595235324200498  0.68692923223437685  0.69813958138635268
  0.70932701118633046  0.71991043245222430  0.73010738344127035  0.74090991184519417
  0.75203534977672659  0.76277352300497991  0.77336610652861304  0.78433419524040460
  0.79648530750220359  0.80918483592272894  0.82185406720321263  0.83375333343902014
  0.84460794383641280  0.85488094218787747  0.86509224532571594  0.87563810593218194
  0.88701809919254992  0.89820659358887311  0.90899096699820181  0.91914662764434807
  0.92854284550138189  0.93761738461932620  0.94689719904737646  0.95661447371125585
  0.96733144129117743  0.97797446672688559  0.98946613072084477  1.00000000000000000
 -0.00100384737048199  0.00354815596146002  0.00748602130945190  0.01175115830157275
  0.01674817517211901  0.02228582495078068  0.02827219835088355  0.03392085036280985
  0.04016981658544258  0.04671986249634312  0.05287783288337874  0.05879318486181496
  0.06443203761742913  0.07263451908839827  0.08183252368649634  0.09127253641727746
  0.10116257865131655  0.11155576699134349  0.12266389454623801  0.13433443754222851
  0.14529605345206653  0.15601952964243659  0.16657866611181482  0.17705530892893098
  0.18782588666015212  0.19809897083669201  0.20895162761720851  0.22012659943534948
  0.23141113782855580  0.24209134279884162  0.25245741372684455  0.26370467226116662
  0.27512844282704363  0.28708674313908411  0.29929623406433886  0.31217654076275009
  0.32460681438638117  0.33719200499435287  0.34974008745027985  0.36239354534977408
  0.37490511288543960  0.38754381407560190  0.40060697320001665  0.41389930056117480
  0.42708941528390110  0.44044623941017486  0.45408326552824474  0.46651416880182128
  0.47802095898440383  0.48929126140447943  0.50165172075579367  0.51450182108231124
  0.52808282848182586  0.54108042468401507  0.55403515500184142  0.56654704975623194
  0.57898133979716526  0.59124147695704377  0.60358720429085733  0.61637642354095801
  0.62914359307907586  0.64115850359146198  0.65250304151892080  0.66334889934739227
  0.67387224070339369  0.68449254786277192  0.69599241885950014  0.70786641992924204
  0.72020701989536606  0.73231953701365804  0.74454995618447095  0.75710384263121722
  0.77007972487033360  0.78282936613024479  0.79496260112824024  0.80610167218806683
  0.81613761650440297  0.82535687326096030  0.83468693191823029  0.84460260288753564
  0.85584013150931570  0.86673813254520671  0.87754814884181698  0.88840042092292792
  0.89918099626720693  0.91078736669107097  0.92240570432394053  0.93269539181847039
  0.94222946874514335  0.95117889603427563  0.95953765900382226  0.96775454525228954
  0.97742655779322729  0.98712256689560296  0.99393399226623758  1.00000000000000000
 -0.00219620604356472  0.01032614240976360  0.01952963814350119  0.02956796251447211
  0.03915990280524072  0.05013220792404743  0.06056097723893794  0.07106926754924808
  0.08095107434532769  0.09168127974777757  0.10302651121782806  0.11435706674680549
  0.12477975179286104  0.13477701647431578  0.14504837455414632  0.15590817503475143
  0.16759960413251287  0.17991978096535924  0.19220389085882475  0.20374294957208311
  0.21379472704043245  0.22297554638079203  0.23178764678643096  0.24146175051986229
  0.25160643165767033  0.26175595396373336  0.27214218974551735  0.28280077374029133
  0.29314949342009033  0.30379969676706525  0.31462170222299157  0.32638886540780210
  0.33962482292900570  0.35186789120200435  0.36399759730182979  0.37512696100898801
  0.38592258216699127  0.39702150652832657  0.40873297719533558  0.42131058328338938
  0.43303040215667299  0.44279099240107245  0.45152109765454074  0.46027437086255596
  0.46920520441627012  0.47812809413211022  0.48834863815015533  0.49885938854252604
  0.51104756813838836  0.52393171534782934  0.53507983679385329  0.54616768348098887
  0.55686457535456690  0.56741196992378407  0.57790576137938254  0.58842398207877156
  0.59978468159869813  0.61161298282021526  0.62283869759529920  0.63301445336799678
  0.64271786231475891  0.65343660479073962  0.66512647539535230  0.67715380227164923
  0.68882636228433525  0.70046576975771979  0.71271122501556816  0.72468391402851340
  0.73548273958031740  0.74567258174313533  0.75616383452185765  0.76744184162119600
  0.77818250498193897  0.78829545234497245  0.79830858112442782  0.80858284683136894
  0.81917687909567305  0.83023003400346529  0.84118106204500009  0.85105851077213990
  0.86030395514007396  0.86936603314733318  0.87875377275238531  0.88841073989175978
  0.89780557346499623  0.90763961866064946  0.91820809151319960  0.92961236889078813
  0.94031524302885483  0.94947007639164149  0.95867031539579894  0.96726769175381933
  0.97542453522449302  0.98341648203352727  0.99180392910701087  1.00000000000000000
 -0.00236001439052186  0.00973589755495548  0.02077714712153717  0.03127868422248604
  0.04252255542349131  0.05362502858037649  0.06512664717220662  0.07634440792191934
  0.08767217549737312  0.09926444042531819  0.11111952836240735  0.12278302868568802
  0.13379275298601670  0.14440188031823975  0.15544881840177424  0.16731301338170693
  0.17945022552958495  0.19061038895109189  0.20147624900624955  0.21243862515086523
  0.22356346665828325  0.23467280511905239  0.24600724317496778  0.25791711953311197
  0.26974185110750820  0.28121528266514323  0.29304836316475297  0.30551222430464103
  0.31847615930446427  0.33094427604423671  0.34061827958948232  0.34837926795666191
  0.35527238430517655  0.36209855355814291  0.36995016381740342  0.37841656606720436
  0.38739056565694752  0.39649649597880088  0.40632012309898125  0.41621451639472412
  0.42607258233340467  0.43553737547573074  0.44486283528614567  0.45400451868379976
  0.46313960771906215  0.47203147813560620  0.48104265619479725  0.49058759221548692
  0.50113488052222532  0.51200322345407734  0.52393576869098379  0.53642776084760080
  0.54849637714643129  0.55980838497256558  0.57088357220971586  0.58206937830650696
  0.59311517856029528  0.60361863716438713  0.61432772979472505  0.62544661710166516
  0.63709063927352383  0.64831184887181637  0.65921392060771100  0.66990863654578103
  0.68085833113651872  0.69287005570301508  0.70543561255798781  0.71505780107484940
  0.72376540732152039  0.73283268482670727  0.74328828987087381  0.75347751986514766
  0.76267514707785244  0.77185709961067117  0.78267625838549493  0.79388551096200377
  0.80456618335940910  0.81531054676262871  0.82655082796874901  0.83800575748065564
  0.84825209013056468  0.85808431532091012  0.86848725333361132  0.87919000880506226
  0.88954756509798194  0.89972538287572712  0.91026581674277296  0.92070708367138565
  0.93033615661051305  0.93938816220921817  0.94816301829884519  0.95716607291785039
  0.96660579045562123  0.97687126188370899  0.98806700475704623  1.00000000000000000
  0.05117165067099990  0.08708983400509304  0.10645899905879873  0.12091971153217815
  0.13403973015066861  0.14487112210082670  0.15329865764565256  0.16110883022276531
  0.16917066994482666  0.17652487594938915  0.18372545514083116  0.19093418078415750
  0.19787143309271349  0.20492636796458108  0.21251010281857247  0.22019104776267492
  0.22810833822967996  0.23831280349790543  0.24941014566421418  0.25881678339299435
  0.26716206942650583  0.27575316946414902  0.28422658056623840  0.29239581695618616
  0.30086820901935907  0.30878245196245735  0.31748653052997972  0.32727779126236645
  0.33644042330963175  0.34516066843910298  0.35415927339224168  0.36372458452992773
  0.37360662002166561  0.38394865781828663  0.39423465859101625  0.40478550607994690
  0.41580114841896215  0.42696863594459328  0.43765415352710463  0.44804588018833769
  0.45817006308091801  0.46839119188377198  0.47782894686402838  0.48676222005181019
  0.49566925408452467  0.50487329418869109  0.51372784465548471  0.52237072923400696
  0.53163985999450114  0.54169372102066082  0.55225422641118105  0.56259553965823850
  0.57255111996599106  0.58256638432256336  0.59231865989211041  0.60256506047159142
  0.61248553532523653  0.62275022942233182  0.63269552129469409  0.64278010163023869
  0.65213479345032943  0.66132091685139505  0.67063139202728694  0.68021838355302500
  0.68996758690063831  0.69960738705845715  0.70904085150627616  0.71818402746185817
  0.72716797435137714  0.73598350192961448  0.74472954893977683  0.75342327108223628
  0.76185489539571649  0.77004726496778142  0.77833506967923238  0.78697448724341401
  0.79563560478449169  0.80437242240072648  0.81321222366135426  0.82214721987570805
  0.83090086843018041  0.83932224955051471  0.84799002196255846  0.85690200888236956
  0.86701327205882384  0.87670293021006440  0.88691164120458676  0.89813016261865530
  0.90971802898017118  0.92141768341162988  0.93316658983699108  0.94498154870834150
  0.95695234259337791  0.96890789763007268  0.98294779629185414  1.00000000000000000
 -0.01978759572614866  0.13060503710005497  0.18202933727180437  0.21461102338433838
  0.24006483213943974  0.26201404578064125  0.28172914723054487  0.29947447910998032
  0.31451017837527989  0.32839096460641232  0.34171394992644544  0.35431024059038713
  0.36706912732820629  0.37996582455677103  0.39226141448002050  0.40393339497771669
  0.41528479958057452  0.42581830221398348  0.43542179208044535  0.44463553914271181
  0.45373461915577573  0.46268806315948469  0.47136372682806177  0.47980097983169312
  0.48805593327468938  0.49659703020742685  0.50373861017163557  0.51003376614758011
  0.51632589296301634  0.52310493771230560  0.52970993763663454  0.53580412967814406
  0.54158245592134546  0.54730950429052760  0.55336596958052131  0.55952019176517287
  0.56620599755096956  0.57364014613162950  0.58033071608947828  0.58656649554592033
  0.59255954460491189  0.59812344019262453  0.60366839023791008  0.60912926376835264
  0.61496457131938442  0.62125481991871667  0.62751952961229973  0.63332633204851563
  0.63896982507504718  0.64440898292881643  0.64923535664424681  0.65428785576103288
  0.65955787242381991  0.66515223007957203  0.67088437980881788  0.67599279353060759
  0.68062924854902640  0.68510485746592276  0.68986508345172737  0.69523597653313185
  0.70123733154696788  0.70653156817079388  0.71180552867397040  0.71718777589354421
  0.72258472837885024  0.72816225229266862  0.73392664890827686  0.73938859226249887
  0.74463188347425635  0.75006496769481656  0.75581126977723656  0.76156651686615773
  0.76713879363431103  0.77251734803319350  0.77757476980362816  0.78257497065423276
  0.78781205227737050  0.79317177653839743  0.79829649670625957  0.80376544550144879
  0.80907439894845146  0.81448979789948828  0.82014201336357573  0.82580415324324341
  0.83166348750599584  0.83792220670720641  0.84474110314810880  0.85153225577873537
  0.85992387388067626  0.87021055402942082  0.88111036894198091  0.89332313741713454
  0.90735656655223973  0.92493370864791002  0.94815314678055107  1.00000000000000000
   1.2468633636572693E-004  -1.0000000000000000     
 F F F F F F F F F F F F F F F F F F F F F F F F F F F F F F F F F F F F F F F F F F F F F F F F F F F F F F F F F F F F F F F F F F F F F F F F F F F F F F F F F F F F F F F F F F F F F F F F F F F F F F F F F F F F F F F F F F F F F F F F F F F F F F F F
  <DiscreteSampler_grid>
  grouped_processes
  1 # 1 for a reference and 2 for a running grid.
  10 # Attribute 'min_bin_probing_points' of the grid.
  1 # Attribute 'grid_mode' of the grid. 1=='default',2=='initialization'
  0.0000000000000000 # Attribute 'small_contrib_threshold' of the grid.
  0.5000000000000000 # Attribute 'damping_power' of the grid.
 # binID   n_entries weight   weight_sqr   abs_weight
    31   10   2.396957589402103E+002   3.176493449035273E+005   2.396957589402103E+002
    32   10   2.396957589402103E+002   3.176493449035274E+005   2.396957589402103E+002
    40   10   6.751456256857828E+001   3.019649734743165E+004   6.751456256857828E+001
    41   10   6.751456256857848E+001   3.019649734743186E+004   6.751456256857848E+001
  </DiscreteSampler_grid>
