  0.00000044027401174  0.00000047932471725  0.00000052194302826  0.00000055735386910
  0.00000059660767476  0.00000063705387284  0.00000067839202371  0.00000072045483570
  0.00000076213638425  0.00000080423309123  0.00000084396582245  0.00000088539796547
  0.00000092570513302  0.00000096929520048  0.00000101303681749  0.00000106335445074
  0.00000112203422542  0.00000118282457956  0.00000124651922760  0.00000131968117523
  0.00000139955445820  0.00000148537339699  0.00000158824133910  0.00000169590153763
  0.00000180695170141  0.00000191685676139  0.00000203118386711  0.00000214859426569
  0.00000227607657715  0.00000242057736091  0.00000257570282794  0.00000273395518444
  0.00000289833059546  0.00000307007216947  0.00000325653981377  0.00000346446336295
  0.00000369855372961  0.00000397526040140  0.00000427132318315  0.00000460587160973
  0.00000494883131146  0.00000530264017948  0.00000565452955418  0.00000607293810673
  0.00000651218907488  0.00000697959121285  0.00000748961606591  0.00000804525772491
  0.00000866800479404  0.00000937735907025  0.00001013904788496  0.00001092713399800
  0.00001178555271342  0.00001278745027901  0.00001404294245544  0.00001544734483558
  0.00001694240242586  0.00001843921246446  0.00002001160259888  0.00002175098175415
  0.00002374766876297  0.00002582013927756  0.00002820719736585  0.00003075155343265
  0.00003409064839786  0.00003751544227910  0.00004174497362990  0.00004628144303351
  0.00005170791566302  0.00005754892835103  0.00006367344581240  0.00006934946982917
  0.00007579535209902  0.00008303991726472  0.00009176376542873  0.00010248049769589
  0.00011626621053343  0.00013297104296719  0.00015353313097236  0.00017566628781199
  0.00020160650435537  0.00023148340220834  0.00026709626594883  0.00030468033356394
  0.00034753164005185  0.00040078003094817  0.00046615395760589  0.00057037962617108
  0.00068426458995456  0.00084886714756974  0.00113314829117352  0.00158394336164181
  0.00240939553286501  0.00423845436367873  0.27717861260036486  1.00000000000000000
  0.00000777555122981  0.00000840909912585  0.00000894617883514  0.00000947416167344
  0.00001005654330363  0.00001067132550387  0.00001127669430349  0.00001184776741064
  0.00001241243808478  0.00001303797564741  0.00001367808050494  0.00001438091694206
  0.00001514643033945  0.00001589836616679  0.00001671158496962  0.00001764079913839
  0.00001854720145512  0.00001940424518176  0.00002030159301646  0.00002122132745552
  0.00002238107100510  0.00002371234716000  0.00002501052768083  0.00002632276095090
  0.00002782618838430  0.00002957071637171  0.00003135684374194  0.00003291720590668
  0.00003437228112703  0.00003596395217221  0.00003775453640302  0.00003974656851131
  0.00004187066257660  0.00004394708019617  0.00004598374522351  0.00004816176556752
  0.00005041743449807  0.00005287400649364  0.00005650725775085  0.00005967583778752
  0.00006274968763264  0.00006599078715216  0.00006922856369884  0.00007262825935556
  0.00007693461501855  0.00008143677913190  0.00008614181425134  0.00009068882845493
  0.00009518710832707  0.00009987579188016  0.00010477584661994  0.00011027716612542
  0.00011688726443873  0.00012462781379153  0.00013351718833912  0.00014323748781907
  0.00015383633418147  0.00016531732754939  0.00017790472335001  0.00019005397892080
  0.00019997215728829  0.00020933115652945  0.00021905178996742  0.00023058575746488
  0.00024511788317096  0.00026048555555074  0.00027663571494325  0.00029490320526604
  0.00031856495458419  0.00034422520550244  0.00037078064158096  0.00039994912444492
  0.00043186779164041  0.00046713882667457  0.00050659741103479  0.00054953349171055
  0.00059667225049258  0.00065004185756318  0.00071162447155554  0.00078817370501749
  0.00087653954258194  0.00098565457590265  0.00111473536137111  0.00126757342259264
  0.00145439442354183  0.00170642994540892  0.00204475679729275  0.00243071695301221
  0.00290810516330194  0.00354622596362511  0.00457370020462870  0.00598732246754721
  0.00777015634282470  0.01250707698221144  0.27388315179463113  1.00000000000000000
  0.00000027312192105  0.00000032246911792  0.00000038479701630  0.00000044863415700
  0.00000051321610452  0.00000057959028416  0.00000066073242014  0.00000076895053554
  0.00000087266884047  0.00000097316732728  0.00000108307697808  0.00000119730035009
  0.00000130597883918  0.00000141476239906  0.00000152136316458  0.00000163261147578
  0.00000175275219446  0.00000189146801956  0.00000203883505101  0.00000219172332519
  0.00000234594960388  0.00000251131963184  0.00000268820937364  0.00000287019196170
  0.00000306124533794  0.00000328546189368  0.00000355714554497  0.00000383789023822
  0.00000412794018414  0.00000443582043600  0.00000477093886839  0.00000515615251372
  0.00000558203415902  0.00000602480636632  0.00000647627851115  0.00000694075358203
  0.00000742786500633  0.00000796308146454  0.00000851420818868  0.00000907891893093
  0.00000963671480980  0.00001024334268870  0.00001088733725384  0.00001161450520375
  0.00001237428149711  0.00001324659897059  0.00001430929429614  0.00001548037757140
  0.00001680805015278  0.00001812101315364  0.00001971300745556  0.00002167239300079
  0.00002392837997884  0.00002658053415691  0.00002967890337815  0.00003336779206357
  0.00003772579833977  0.00004302280466753  0.00004954547815922  0.00005689152849044
  0.00006495304453489  0.00007438216123163  0.00008680636756856  0.00010474251823878
  0.00012930675835310  0.00015710111386773  0.00018523774907128  0.00021749758132778
  0.00025866060299026  0.00031059612724576  0.00036721526539079  0.00042545533950295
  0.00048991341306729  0.00056761090044997  0.00065861163841805  0.00076313519411368
  0.00088249859556814  0.00101881539481308  0.00116932774372339  0.00133969584868151
  0.00152706197227458  0.00175383267667072  0.00202529622631820  0.00234430517701475
  0.00270002878606205  0.00315494895870587  0.00367192217261828  0.00421289751936533
  0.00487663143872882  0.00562190994956614  0.00693484986230150  0.00857955040673633
  0.01030435324854796  0.01281806015141716  0.49385300276431920  1.00000000000000000
 -0.00187307594291930  0.00558179773847173  0.01248157644918198  0.01988414133698523
  0.02777805664305524  0.03618902303053615  0.04502920318108480  0.05420324667245319
  0.06360885365048913  0.07339797236930055  0.08328795659374395  0.09317222138117791
  0.10343994293843763  0.11450127885846151  0.12606989842451299  0.13735053974218142
  0.14830671236936013  0.15989573717993075  0.17118071068964069  0.18269244828582704
  0.19408945687219531  0.20531110404457073  0.21592359970189895  0.22554356854967658
  0.23631904342882157  0.24524198725001078  0.25375913127571620  0.26189030416444886
  0.27140799775048846  0.28391334983880101  0.29598807769243751  0.30657083132010116
  0.31570764213591318  0.32309203601663561  0.33010321496542117  0.33718761017876220
  0.34511773308396404  0.35403734019574085  0.36269366921649360  0.37064016983066850
  0.37996733675224387  0.39075768605591199  0.40135071782624632  0.41241130743075061
  0.42501884014134317  0.43858576723602510  0.45275505586830267  0.46668552410157899
  0.48002077288972395  0.49269765672254479  0.50451770505494242  0.51504745984716516
  0.52521337421218428  0.53575925841291450  0.54699910566038812  0.55838447479805065
  0.56966030405404888  0.58106478778006065  0.59372700595981276  0.60597851041698580
  0.61870557587660957  0.63092865375804430  0.64296827141884472  0.65473313069882011
  0.66562400120133836  0.67666242744704919  0.68804244889022215  0.69923410923778628
  0.71034643119167074  0.72140598971117320  0.73286176416190041  0.74419716709958172
  0.75591921588587063  0.76827232691181624  0.78072329092991688  0.79248692026471246
  0.80419104168741085  0.81549001068732418  0.82696757403744503  0.83841624259087033
  0.85002359053186383  0.86087832245636786  0.87109592187434226  0.88192497828177530
  0.89187473430025410  0.90190148836272788  0.91137910558618462  0.92136063326975182
  0.93145732819191829  0.94140324181507540  0.95118539040475425  0.96119193285423443
  0.97111146856239994  0.98092518154132757  0.99083979918987086  1.00000000000000000
 -0.00218829150804253  0.00943594581741390  0.02067098779636216  0.03262995951855634
  0.04483844324554215  0.05721435884391515  0.06900435987466270  0.08046690091654662
  0.09058709867953607  0.10065781286082279  0.11080007519478173  0.12007277857113149
  0.12928057314693220  0.13848719905053358  0.14868360911202788  0.16061084184022001
  0.17256481780556393  0.18409353312822441  0.19519933856323290  0.20608055416934604
  0.21711938773854295  0.22764468311788127  0.23785080353550653  0.24797260492363421
  0.25831476836077977  0.26887291353556081  0.27995459115629301  0.29177674837429129
  0.30393167649986191  0.31527953167116129  0.32674423614743370  0.33747083281127482
  0.34743297780954147  0.35687566235449247  0.36653046378715670  0.37685306844935867
  0.38762468042676229  0.39923522007998885  0.41100690118527167  0.42264597762596262
  0.43420939078142784  0.44556711579577574  0.45631736352226537  0.46617995233717835
  0.47558378407784679  0.48483438147076136  0.49563732283217737  0.50443175453904288
  0.51284855453567724  0.52156575001576944  0.53060878752146434  0.54189200538788374
  0.55359087555146946  0.56435365055026521  0.57483159011066276  0.58530736075520950
  0.59583030642742707  0.60677203805295898  0.61738838604567881  0.62858434581830247
  0.63998771855206216  0.65091335578178655  0.66160321859774351  0.67231890455656307
  0.68318918146823071  0.69349820135061058  0.70375165640605364  0.71308807893505366
  0.72277971934662022  0.73275748710870692  0.74345982954461654  0.75368582442368870
  0.76325200579062658  0.77269468420153831  0.78293528089445419  0.79246895124807037
  0.80214624663942147  0.81206035323484749  0.82252433972823868  0.83326839669371933
  0.84442463565379666  0.85691685436227227  0.87005014594326846  0.88242385773403287
  0.89332106221485152  0.90241050573123482  0.91083924703915908  0.91981002267831702
  0.92868085458952521  0.93743606246974231  0.94643934825299658  0.95628523970885915
  0.96699654066704910  0.97810688475044694  0.98885531263725890  1.00000000000000000
 -0.00151780300582075  0.00717211995948818  0.01552345074656929  0.02496647766440740
  0.03509963332025537  0.04463793424816833  0.05420407763690878  0.06377474413531356
  0.07337308035471379  0.08214084570915174  0.09091547864120432  0.09995835997580214
  0.11004909805227063  0.12152558390952027  0.13356697626347128  0.14552615122804807
  0.15603106551536811  0.16586470394698796  0.17586030170404518  0.18592741514725417
  0.19379257790253013  0.20077775861072095  0.20795818365699389  0.21564282612762850
  0.22378742615725450  0.23189130421789564  0.24023586029077279  0.24940658994164300
  0.25947013679651260  0.26996991045480423  0.28045790312827906  0.29174927293238345
  0.30409506735112057  0.31688203003813947  0.32932162382310143  0.34172149536999291
  0.35488222885572351  0.36857780634589243  0.38267409337961195  0.39669293042270620
  0.41023369450726727  0.42294152164474624  0.43495785258688840  0.44735907883952314
  0.46020909841896424  0.47329941950969284  0.48559753643961695  0.49715661556454355
  0.50872501958711802  0.52047764726529200  0.53202813629100787  0.54302109112884667
  0.55400343871186986  0.56547250559024198  0.57761970709488486  0.59028397367046948
  0.60243333289105849  0.61430083682099690  0.62553695015920241  0.63788952098895257
  0.65071623497832276  0.66362162639365452  0.67605249602954254  0.68797280131077421
  0.69921486241069342  0.71054754543041254  0.72165736118702595  0.73297871859393671
  0.74339254062186377  0.75354076854868246  0.76398716234851094  0.77442917352053064
  0.78425492493833948  0.79377504619141759  0.80369977466657616  0.81432339545711507
  0.82551306416044101  0.83644207550958671  0.84675508056125803  0.85693021482127740
  0.86683982608271992  0.87556772871687349  0.88321447233842443  0.89122838606533683
  0.89760709063293420  0.90499309886732560  0.91336386183597584  0.92262959765868990
  0.93294774339268882  0.94335068308033099  0.95410857382446201  0.96486834148117628
  0.97428378961003692  0.98295672732730976  0.99148191723938683  1.00000000000000000
 -0.00292665977667242  0.01203308337510779  0.02505914813906605  0.03672798258772080
  0.04784991593927206  0.05858627489662337  0.06972179481347926  0.08113861415349845
  0.09131812557980912  0.10236940513938747  0.11453943101979570  0.12590919337119066
  0.13633699750170494  0.14673082265953280  0.15827093726050495  0.17034801125079030
  0.18145091156694956  0.19139775055551669  0.20012182038223469  0.20852600512156655
  0.21728935526159721  0.22713670500335639  0.23828618771050469  0.24951112787102800
  0.26061512717543506  0.27136631746272238  0.28234449555090119  0.29349002765051446
  0.30612213525935861  0.31845855023633102  0.32975883953663587  0.34051093316689807
  0.35061362586492484  0.36127016563158409  0.37118076922593413  0.38095540163883923
  0.39017575729212367  0.39923901916625132  0.40876453963296600  0.41915075273288793
  0.43068452267603580  0.44237555093815523  0.45443899835784274  0.46561148178036860
  0.47648010012076353  0.48718424466588545  0.49909802444130191  0.51128744279342175
  0.52386464336803662  0.53529438416342878  0.54534551467030401  0.55475206224035667
  0.56390364835990792  0.57412983529884787  0.58414734913218691  0.59441814754187838
  0.60464835863961608  0.61465809653276782  0.62441645119802225  0.63407008312309310
  0.64339708154816921  0.65202575088023462  0.66021631202396747  0.66885449194098767
  0.67855486368189522  0.68936961043256728  0.70049426038649809  0.71127325772767913
  0.72246866062362192  0.73382311822299318  0.74628501733784136  0.75884088546875561
  0.77114171670467924  0.78322880345432255  0.79414860679963872  0.80390353963035066
  0.81375863585878705  0.82406192761224795  0.83366912678052552  0.84265352108842895
  0.85141055638852781  0.86013170812307194  0.86930674745076919  0.87887315883122308
  0.88812458474439571  0.89710210975273541  0.90604474251957545  0.91512326287111745
  0.92514554530309212  0.93620324839402436  0.94658145660588366  0.95764478148643606
  0.96795769910940510  0.97831902063071152  0.98894001874680182  1.00000000000000000
 -0.00242939098922153  0.01090393625297541  0.02088199315574733  0.03127341877142972
  0.04147632854921898  0.05234690382874411  0.06386962310835330  0.07569656446977967
  0.08662270531615415  0.09701272800371930  0.10774527568253951  0.11883344974037718
  0.12954123838537765  0.14008328417727506  0.15090665561971200  0.16227609317955996
  0.17364758449953166  0.18451275344321952  0.19491476913411410  0.20475646969094694
  0.21456270186052834  0.22500646973909555  0.23641749881807644  0.24821226542638206
  0.25934491492303668  0.27032500960140637  0.28167361590907625  0.29290302076880059
  0.30395169123691218  0.31447798428231327  0.32428462719871204  0.33448330424770456
  0.34515950474249940  0.35683629231607528  0.36849714907269088  0.37966969870315220
  0.39146226073661011  0.40253861879651326  0.41223516070272204  0.42152205592902686
  0.42994110888883824  0.43926491210448193  0.44941346395565529  0.46017523611193711
  0.47127394276089307  0.48217193760682264  0.49313642425839477  0.50365167809083056
  0.51366035276963984  0.52368699760197124  0.53388486804771462  0.54491165904193972
  0.55552709956910151  0.56503623184611662  0.57425208447450993  0.58340834141302178
  0.59248271353916748  0.60317264326900710  0.61369239025886513  0.62421388038801151
  0.63400584668662952  0.64285618468297545  0.65163220943551414  0.66089635703185634
  0.67089804467932135  0.68150163465878966  0.69305467699272094  0.70514958698002239
  0.71662311831217762  0.72735797905854338  0.73785278992609671  0.74871711951768594
  0.76039104108237487  0.77291669029169685  0.78536703995015356  0.79638701606905449
  0.80635791392557687  0.81639752145644839  0.82653187270065587  0.83683021962396942
  0.84682787022007933  0.85629377542349594  0.86531989821291799  0.87411332366619043
  0.88324486425329740  0.89257768087926770  0.90238242863818963  0.91216712373055309
  0.92346092494204324  0.93582222265556581  0.94666554743148801  0.95670051058061523
  0.96760227812724287  0.97921984180134980  0.98981073383267992  1.00000000000000000
  0.19101318559901945  0.21308105001420455  0.22518576424395012  0.23460956206183323
  0.24502769613894801  0.25606028852749929  0.26661642172802580  0.27593652039659411
  0.28227476941296559  0.28773005364287502  0.29694439693033214  0.31312054635053660
  0.32087157380655157  0.32873419984578450  0.33528142132764610  0.34149723288991246
  0.34914592569440728  0.35886354137626730  0.36743654185450658  0.37545246607914090
  0.38388941262403409  0.39249367499164811  0.40028372113626942  0.40794599706897006
  0.41664613880432555  0.42776930309229977  0.43782941710210604  0.44637206145068314
  0.45411222122921069  0.46198967468410634  0.47049962218219737  0.47908707505949061
  0.48749228969812941  0.49590692209624693  0.50441346056144876  0.51299558535007217
  0.52197825160281552  0.53167361992443651  0.54131393356610069  0.55030684182201861
  0.55895533060775082  0.56740027556510242  0.57547797915907850  0.58377231075132674
  0.59217084028603040  0.60050688290092735  0.60877566126056526  0.61764945205227839
  0.62675392754794590  0.63646189211002957  0.64638188744399672  0.65609343100781392
  0.66546934655028067  0.67481676595456197  0.68419439380022040  0.69386908685351856
  0.70328621405921132  0.71304557401199842  0.72292709007687350  0.73273869700240402
  0.74185942016367334  0.75038097865411324  0.75856970744320384  0.76644188556564319
  0.77409835177362629  0.78137464183479699  0.78855462953840871  0.79564068703337709
  0.80243222382182844  0.80903966464508725  0.81558064242049133  0.82204784619381221
  0.82846254536494057  0.83492151118980940  0.84151634958156496  0.84811938026342759
  0.85470822249825917  0.86116345697997065  0.86750246139369913  0.87362671589482022
  0.88022239292223603  0.88725727045312774  0.89443764170262141  0.90156764026049319
  0.90826301609444560  0.91499657146829227  0.92193514874662852  0.92940514590081091
  0.93741957285439381  0.94545108374569176  0.95325746273181244  0.96111431931866076
  0.96927109122807897  0.97797169610901424  0.98796245425869744  1.00000000000000000
 -0.01999793838365172  0.11753131783175409  0.15224267037733216  0.17416925344977144
  0.19133353248440746  0.20495374420165233  0.21640331856599801  0.22763892566632180
  0.23873194330602870  0.24904739451742619  0.25808184547647300  0.26680692773136805
  0.27563461434581299  0.28445200508487190  0.29267123486212682  0.30016597781837784
  0.30718763040271591  0.31440618959870342  0.32190772294238790  0.32917989756900867
  0.33594521608248490  0.34228037115692272  0.34867480622692454  0.35545296643060348
  0.36205620849865766  0.36900596367289429  0.37572150221680500  0.38188990905286069
  0.38787815876653908  0.39384229891115580  0.40080041241207887  0.40790334833695135
  0.41471039923915870  0.42113100789251151  0.42753267307560910  0.43396839632880269
  0.43996237976641722  0.44645866908252629  0.45302384701799486  0.45947757991199800
  0.46593051949300923  0.47238176140849830  0.47860453765222438  0.48454948026820954
  0.49087865077256232  0.49713475576404281  0.50333116140819634  0.50956867337604328
  0.51548109912729156  0.52115899834482171  0.52661622355506099  0.53182136774966071
  0.53681356740107788  0.54170141881144296  0.54656494238704878  0.55206306012389295
  0.55752802765024390  0.56303997058881472  0.56859609861879246  0.57414368572081476
  0.57975362965469446  0.58547618905642085  0.59134882987882076  0.59798324273110603
  0.60460601266761771  0.61121136696860878  0.61777363802091689  0.62418825609311857
  0.63038782747274646  0.63663834243163731  0.64292822395312388  0.64925030901003411
  0.65618514194015409  0.66298190927382028  0.67071829036755426  0.67799624889867904
  0.68522122885796055  0.69276847269972475  0.70027692316020007  0.70795781925682633
  0.71610392946244972  0.72440866118654568  0.73338228571936603  0.74214601749574527
  0.75065169485036476  0.75926495682913187  0.76764907459821785  0.77694286868657270
  0.78711347192737580  0.79844185438592541  0.81099728783389813  0.82549319715850422
  0.84331623615178042  0.86729184745450605  0.90342826104327889  1.00000000000000000
   9.0626214865847793E-003  -1.0000000000000000     
 F F F F F F F F F F F F F F F F F F F F F F F F F F F F F F F F F F F F F F F F F F F F F F F F F F F F F F F F F F F F F F F F F F F F F F F F F F F F F F F F F F F F F F F F F F F F F F F F F F F F F F F F F F F F F F F F F F F F F F F F F F F F F F F F
  <DiscreteSampler_grid>
  grouped_processes
  1 # 1 for a reference and 2 for a running grid.
  10 # Attribute 'min_bin_probing_points' of the grid.
  1 # Attribute 'grid_mode' of the grid. 1=='default',2=='initialization'
  0.0000000000000000 # Attribute 'small_contrib_threshold' of the grid.
  0.5000000000000000 # Attribute 'damping_power' of the grid.
 # binID   n_entries weight   weight_sqr   abs_weight
    10   10   1.147479389658585E+005   1.135813617583143E+011   1.147479389658585E+005
  </DiscreteSampler_grid>
