  0.00000473009304162  0.00000491840464792  0.00000517341161910  0.00000541586050766
  0.00000566492256415  0.00000590528401794  0.00000615994606688  0.00000642926879512
  0.00000671883544499  0.00000703401395119  0.00000736457855909  0.00000769631743620
  0.00000802831345111  0.00000837827921389  0.00000874251161089  0.00000912615539486
  0.00000953484279235  0.00000995160442944  0.00001037513928738  0.00001082170200179
  0.00001129699117545  0.00001179883444206  0.00001232142508365  0.00001286072022063
  0.00001343379797467  0.00001399339262633  0.00001458034921790  0.00001518545173544
  0.00001580967025188  0.00001646936603891  0.00001715982172205  0.00001788210715871
  0.00001862543821887  0.00001944268051550  0.00002029733494804  0.00002117910002922
  0.00002209145180811  0.00002306187629093  0.00002407350247727  0.00002512731511379
  0.00002624697017116  0.00002742179180780  0.00002862658103954  0.00002989991372334
  0.00003124967027351  0.00003267869491245  0.00003422050446968  0.00003589555453121
  0.00003767900634000  0.00003955691919383  0.00004152265245417  0.00004354881947364
  0.00004568053253101  0.00004800268346253  0.00005051323787257  0.00005319287510558
  0.00005601386032860  0.00005899441410965  0.00006217169257768  0.00006568853547164
  0.00006942501438029  0.00007342762939465  0.00007782307585343  0.00008255303341513
  0.00008770360373823  0.00009330840318195  0.00009954464087178  0.00010625620193814
  0.00011345107452487  0.00012120794151353  0.00012954740261652  0.00013875132779598
  0.00014905449567075  0.00016099515227219  0.00017519201207859  0.00019188476117883
  0.00021152471321602  0.00023291673582765  0.00025752111585384  0.00028656890478533
  0.00032201991817673  0.00036487743661063  0.00041778412645790  0.00048493994781743
  0.00057173258309787  0.00067807987769350  0.00081703159699177  0.00101637401962247
  0.00131146815346928  0.00177480163382711  0.00253899108993598  0.00394233329234183
  0.00779480432705216  0.06058370038034916  0.32983149567007930  1.00000000000000000
  0.00000548109180972  0.00000562434375286  0.00000572249049441  0.00000582143058426
  0.00000591270198962  0.00000601224440280  0.00000610370928454  0.00000621987400695
  0.00000636051589861  0.00000652020912702  0.00000668078075621  0.00000686200414017
  0.00000705792936843  0.00000726499087858  0.00000747668161960  0.00000769183052535
  0.00000791306016049  0.00000815393335416  0.00000841885256190  0.00000869764042764
  0.00000896254274015  0.00000923774223108  0.00000955264036377  0.00000991613740786
  0.00001031189308246  0.00001071231334015  0.00001113043209092  0.00001157566294438
  0.00001206680937183  0.00001261531953360  0.00001322186970361  0.00001384983926873
  0.00001454128766299  0.00001525843397777  0.00001602835143433  0.00001685446844712
  0.00001775826596962  0.00001873338909010  0.00001977085413949  0.00002087014633167
  0.00002203476197950  0.00002327704979395  0.00002460349235381  0.00002603518453591
  0.00002762761917266  0.00002929087125119  0.00003102643124452  0.00003281558239726
  0.00003472528126059  0.00003685703657570  0.00003918161333827  0.00004164014606966
  0.00004420840597711  0.00004687829331198  0.00004956385938596  0.00005247547822899
  0.00005558614441148  0.00005892006988267  0.00006264072393619  0.00006656977980530
  0.00007060589700428  0.00007491666454790  0.00007949477075852  0.00008448281925708
  0.00008990783864064  0.00009583974078325  0.00010243827094485  0.00010965981825239
  0.00011744568670950  0.00012588656807805  0.00013542053809135  0.00014615283921071
  0.00015807892866141  0.00017140269585113  0.00018645483814695  0.00020291751063674
  0.00022157328605742  0.00024219538071414  0.00026615085612578  0.00029414807510289
  0.00032791418373827  0.00036933672609856  0.00041787549649222  0.00047489174143945
  0.00054370925351565  0.00063043590636318  0.00074085356326399  0.00088277537143435
  0.00107651751227136  0.00135821881777688  0.00179515278593085  0.00248397937815233
  0.00359012091761988  0.00598772064654131  0.06278648374240839  1.00000000000000000
  0.00000469721414030  0.00000504774272439  0.00000531978874233  0.00000556482262546
  0.00000581637126351  0.00000607634961755  0.00000634682228408  0.00000663241341350
  0.00000692830672094  0.00000724099356646  0.00000756033823585  0.00000788278202371
  0.00000822594753246  0.00000859970631204  0.00000899657165167  0.00000941647542714
  0.00000986592762740  0.00001033573939221  0.00001081002677136  0.00001132786106603
  0.00001186790188730  0.00001243264749605  0.00001304809653689  0.00001369176811573
  0.00001436436257274  0.00001509183080542  0.00001585663552972  0.00001666491940481
  0.00001752797283917  0.00001841281675499  0.00001931910199617  0.00002027051505612
  0.00002125383141989  0.00002230695609148  0.00002342092875247  0.00002461045649971
  0.00002587936984200  0.00002721823870116  0.00002862455794906  0.00003013457334429
  0.00003176217598312  0.00003344046213661  0.00003516162789633  0.00003691471406123
  0.00003874427261759  0.00004069463782456  0.00004276801673891  0.00004497053809154
  0.00004728367794708  0.00004967418693294  0.00005217235064188  0.00005488841673660
  0.00005779133967269  0.00006084760502514  0.00006407039304882  0.00006739816329548
  0.00007102090668597  0.00007503461647899  0.00007921448622953  0.00008366830281361
  0.00008849758953014  0.00009357621018190  0.00009891740514204  0.00010443906403545
  0.00011035473878124  0.00011699589324011  0.00012436941529469  0.00013260925648563
  0.00014184371450576  0.00015246319553255  0.00016433464979677  0.00017754203275117
  0.00019244207824139  0.00020966108873018  0.00022922563272326  0.00025114715626457
  0.00027590350955778  0.00030471016329449  0.00033736850995336  0.00037271564068152
  0.00041319733458022  0.00046419897015280  0.00052966431410220  0.00060931261302570
  0.00070525288423373  0.00082248289139196  0.00096688647569282  0.00114658997369682
  0.00141574185686029  0.00182902624077807  0.00243164606565082  0.00337383037955429
  0.00530132852176906  0.01117842985283836  0.20534940984337474  1.00000000000000000
 -0.00207450275482559  0.00804610826785225  0.01710048309768650  0.02640261918917325
  0.03605006735296310  0.04513736910463980  0.05412086900297575  0.06240021942821043
  0.07070202792151341  0.07880948011733022  0.08724412120599567  0.09588717285822863
  0.10433508984855780  0.11295079123295386  0.12167938581370172  0.12986668056907080
  0.13819230207422500  0.14676917013186677  0.15665835719610194  0.16634753469003291
  0.17603726630615016  0.18531650137397507  0.19617022085233152  0.20588207463130240
  0.21593005461320527  0.22548027866253528  0.23594978838495495  0.24659394069945423
  0.25752989092648387  0.26881519926064917  0.28040366332251987  0.29243197379107300
  0.30393152224119940  0.31504357031987101  0.32609806858605084  0.33773884109581281
  0.34973143844497973  0.36216139151515914  0.37468857294698443  0.38738263090201214
  0.40017128613953218  0.41322091375601189  0.42642358842449124  0.43969999868532927
  0.45300130559165569  0.46636614274377214  0.47996901870892372  0.49341799182853296
  0.50662302454887642  0.51966816223417867  0.53250111488243423  0.54513317511597181
  0.55756578504939702  0.57013163158247004  0.58235094659562925  0.59439306524611824
  0.60640709833267414  0.61906566960212328  0.63171780312914849  0.64399505035776650
  0.65631944037644740  0.66852437896945927  0.68030411753751763  0.69193873662030780
  0.70364969777863662  0.71526592945036138  0.72698606887332795  0.73869786320301523
  0.75056436403249760  0.76223248937588017  0.77297587542838142  0.78295997050970945
  0.79285704758678333  0.80289052947467510  0.81320915799023163  0.82252828791519039
  0.83168314563600454  0.84088406374808178  0.85013474635516795  0.85941699134570859
  0.86855746167860826  0.87740668807689526  0.88601782907596782  0.89458287095643141
  0.90336828669537084  0.91238648763347052  0.92117825227358385  0.92974011754657204
  0.93838177791611022  0.94686758569326601  0.95543543851166701  0.96311581061562468
  0.97120767802198904  0.97971395285393437  0.98971721055504225  1.00000000000000000
 -0.00259652873510391  0.00984388786929071  0.02011287484128706  0.03080797870347715
  0.04113087998493951  0.05135548810242500  0.06177336392577880  0.07262201155606371
  0.08303674428326688  0.09350178148886847  0.10316247408644258  0.11291512547421008
  0.12300004972086065  0.13342747692857640  0.14413012333342207  0.15482614482143575
  0.16546817003891781  0.17619476194529046  0.18703590745329390  0.19794402151697760
  0.20896212282921761  0.21977589082536145  0.23051056276534751  0.24128650511764924
  0.25234614687238233  0.26341121202566220  0.27436756830555620  0.28501525543116424
  0.29577222975265194  0.30659249760334595  0.31753008791802062  0.32828542652480130
  0.33914441488206298  0.34982304359059802  0.36054367143179827  0.37134407839860273
  0.38179983883587776  0.39207697612057846  0.40197785199776614  0.41215781218469977
  0.42264641718409662  0.43270754652498084  0.44254730842593643  0.45256352614882367
  0.46312497708194977  0.47411906178590141  0.48468968278364022  0.49442936289147815
  0.50416069927988982  0.51346269568400582  0.52325123338289881  0.53288894099152884
  0.54286132316550839  0.55331830798365766  0.56411739653808546  0.57561721490617979
  0.58690166033793867  0.59817173533496115  0.60893526026096134  0.61958312623483058
  0.62975882997535748  0.63982486513997472  0.65012831057771581  0.66043923968658824
  0.67081862315385721  0.68115161787125278  0.69172029005355118  0.70247087057182978
  0.71312288576633998  0.72443676162238646  0.73516265425404703  0.74516066469337672
  0.75530555083553719  0.76533288233892904  0.77573341382542249  0.78591372307211937
  0.79649574591823591  0.80682317133734271  0.81731332801430634  0.82742407956201758
  0.83804833632194309  0.84862676290181571  0.85943039913048325  0.87016988674243079
  0.88120280578966748  0.89231520389302887  0.90307767302281761  0.91329269440310745
  0.92371612484448329  0.93411355850884215  0.94515651915324850  0.95606075642148258
  0.96698936635571264  0.97840732171628786  0.98919659919735781  1.00000000000000000
 -0.00243588060638392  0.00910611442808197  0.01980719974820980  0.03039367039288761
  0.04161660052587212  0.05300037236534597  0.06396616498151279  0.07489322517958023
  0.08563357220501604  0.09669125190455047  0.10777528772606015  0.11857111868912762
  0.12925531422645054  0.13953332871141672  0.14994540910244591  0.16046944622879378
  0.17128482326945774  0.18191715832677938  0.19207998764354542  0.20122535529418109
  0.21100415997895391  0.22081747957993875  0.23115187094741116  0.24168269128071657
  0.25205700148619292  0.26208833502116585  0.27124002980608630  0.28066255819820729
  0.29045486640455714  0.30087356828693135  0.31168597588504382  0.32271903520935641
  0.33370004792732577  0.34465733400773618  0.35553630675052345  0.36603455052956957
  0.37589823892513230  0.38593279591918767  0.39622457750255874  0.40665284686167397
  0.41697448463334191  0.42749544419573415  0.43848891203440094  0.44926844564402535
  0.46018476631343647  0.47113044963499262  0.48211597913569082  0.49250408793834688
  0.50278668971819573  0.51305832888662994  0.52359265380148312  0.53404698005241835
  0.54434456788421071  0.55496101452340174  0.56602721633750452  0.57734425390183908
  0.58829528850899171  0.59888895590393176  0.60979345614474312  0.62084135974911525
  0.63145303356812077  0.64104769010778784  0.65060170339652734  0.66052214951202870
  0.67120612941652436  0.68192687351803549  0.69255979990282268  0.70303046580630268
  0.71357159709401008  0.72448971281906083  0.73582883454461689  0.74717753899024997
  0.75828773225221346  0.76928175459848258  0.78049328787388605  0.79179757642375814
  0.80295822966203456  0.81404922621604092  0.82489690868148902  0.83552852882978512
  0.84605991457235474  0.85688017523018667  0.86789763150369614  0.87847327397320052
  0.88861466412873547  0.89865874324679884  0.90897793117213677  0.91964672705167483
  0.93004137042498669  0.93968242024638926  0.94915864568898511  0.95920547932867251
  0.96946846752818505  0.97986981991979594  0.99018155702776600  1.00000000000000000
 -0.00006234948791337  0.00026195612343872  0.00059036910738721  0.00092444519404275
  0.00125761579941672  0.00159153201071227  0.00193503863842790  0.00228195213721843
  0.00261842145700947  0.00294394409063137  0.00326822590803009  0.00358949679909352
  0.00391153290106096  0.00423007609339823  0.00454408097232434  0.00485951678217692
  0.00517390403484426  0.00548971440638351  0.00580474727473569  0.00611144342323741
  0.00640373136344065  0.00669493618579389  0.00699991638396600  0.00730391830682169
  0.00760972661842685  0.00791304979930080  0.00822438144346767  0.00854749240979535
  0.00886625781471193  0.00916757604785213  0.00947042832537504  0.00978853499683666
  0.01011388061451901  0.01043347239079346  0.01074633949361955  0.01107075060625876
  0.01141496397237717  0.01178520921469059  0.01214295126213096  0.01246244075923048
  0.01280692254081194  0.01314807726053912  0.01350218372743494  0.01383159403634971
  0.01414854499402686  0.01445612434458274  0.01474749890958719  0.01504201719232140
  0.01536477588564814  0.01570915059879566  0.01606614312872761  0.01644798073856437
  0.01689175910699457  0.01741427866070692  0.01791852503811388  0.01838860927319166
  0.01879795350597506  0.01919011073136462  0.01959025706104726  0.02007094002299175
  0.02062785920822636  0.02112921695085138  0.02163896839856210  0.02209771073600404
  0.02259066527491586  0.02311061527770912  0.02362694282541866  0.02415172641517720
  0.02469366361276397  0.02531221197617705  0.02600547064701877  0.02679416688017884
  0.02767987784047997  0.02860377564564095  0.02980851303281960  0.03120263812237720
  0.03230303673866031  0.03338132622757355  0.03443480967405277  0.03557382567004581
  0.03675275374414155  0.03802776948947830  0.03944508902909858  0.04040161952238536
  0.04123194159213654  0.04203624499068843  0.04295879246726020  0.04452335519383873
  0.04613224750739020  0.04949638826561276  0.05384185939064588  0.05887653455567195
  0.06566053162778422  0.07627016431371442  0.10405032560604952  1.00000000000000000
 -0.00302522453433766  0.01246584571633434  0.02571283551608489  0.03993625270172811
  0.05339034685105248  0.06713967549111294  0.08147512840973219  0.09540220913697792
  0.10904789163938119  0.12186981197204105  0.13426324109692164  0.14647440463372613
  0.15878414647568490  0.17099777335471042  0.18290095559819858  0.19453257584441908
  0.20592997830855739  0.21720741266955751  0.22857659751804860  0.24008600965344506
  0.25153970421668442  0.26279397341199517  0.27369931218701782  0.28406348300542400
  0.29390884184560517  0.30350075237633933  0.31303919049626022  0.32274062897637962
  0.33243985639177454  0.34208865766168861  0.35150458021108794  0.36052670812424820
  0.36924637357331797  0.37800890787312885  0.38689246972325742  0.39585873787230635
  0.40468324472437434  0.41321579380070617  0.42169657470403282  0.43013720191385163
  0.43814827080338820  0.44586767266894251  0.45331939067201782  0.46080802136087878
  0.46849504093427141  0.47619925130124319  0.48407867801255600  0.49208338405878932
  0.50036327842523798  0.50893567024310093  0.51747649488044711  0.52598830106055561
  0.53476307750994845  0.54355379710706608  0.55190758350587399  0.56014263752092186
  0.56862325838587569  0.57741701651215205  0.58622352995995985  0.59490174892621606
  0.60345631304778335  0.61204237293160413  0.62071278575367461  0.62949249736888624
  0.63835780793258479  0.64727496841487309  0.65656361433388366  0.66641512295790040
  0.67681991960867416  0.68746780121872975  0.69780710336541463  0.70767558913588202
  0.71729481003659756  0.72738100812324502  0.73818748710767856  0.74858977750338418
  0.75901553141924261  0.76958361687188459  0.78064778396459744  0.79188121235006736
  0.80293132367461184  0.81396879061903615  0.82491726958776956  0.83661986729051552
  0.84875232719563365  0.86095703698090797  0.87364272733352522  0.88655272346245961
  0.89966218199831782  0.91274184442177630  0.92610098622171799  0.93994200737776212
  0.95522577692224775  0.96998149777834786  0.98495161314677848  1.00000000000000000
  0.03657051139377498  0.05629307725524525  0.07400655596385908  0.08846256419093214
  0.10144065576449683  0.11532239950726897  0.12891197839064442  0.14155801216123859
  0.15433381587791126  0.16702958823481290  0.17951768373758550  0.19234299921521367
  0.20561045167643480  0.21888735963286196  0.23174758861458583  0.24415996938653831
  0.25616709040037788  0.26793687148014372  0.27994233452773593  0.29237169475804031
  0.30487598564030560  0.31716476170639774  0.32939521965318708  0.34154361280986156
  0.35362292115022159  0.36581766535350280  0.37779194834377050  0.38941473737011195
  0.40090566336988503  0.41246881065647628  0.42400635329405600  0.43537829689354868
  0.44643850851239497  0.45727127721049377  0.46813776375305682  0.47904892248695258
  0.49011178808194017  0.50134626350219536  0.51223428727419673  0.52312192673265756
  0.53402885218370233  0.54495590674758609  0.55580413963119357  0.56618258930724696
  0.57640749701897609  0.58662373623509856  0.59697699506611279  0.60740467571051959
  0.61735374319671388  0.62706645639374869  0.63664385195540107  0.64607012735458380
  0.65540453543507038  0.66455848848440324  0.67359889110067228  0.68271252676293737
  0.69160301021967663  0.70031541873694658  0.70876495640653037  0.71718640417350510
  0.72550159979059159  0.73383152023838816  0.74212967101035565  0.75040371732926714
  0.75855594814028982  0.76672471378048124  0.77495431820828242  0.78330954343086612
  0.79171980488300508  0.80010680439599013  0.80850896449083542  0.81690200290543136
  0.82503113189315269  0.83299121478374294  0.84078673485848843  0.84862908653793379
  0.85646816077761079  0.86426955685584372  0.87179863531873236  0.87905584581220730
  0.88617651632569450  0.89326524720793887  0.90050767100842632  0.90764535044165040
  0.91466979249825886  0.92163425276233357  0.92855017058942391  0.93544051636755765
  0.94234110640091373  0.94929735626505818  0.95623747796191005  0.96330878330735992
  0.97046246154151272  0.97800606047036387  0.98770606802142125  1.00000000000000000
 -0.02913966840988355  0.12825100121879995  0.16561098072630021  0.18706741333995261
  0.20395503333820150  0.21778972980415762  0.22996073089825142  0.24143545638916428
  0.25235898706293108  0.26260058806426123  0.27208938599169508  0.28112421734342197
  0.28977356344775868  0.29815324294447987  0.30604503324602333  0.31311601438663944
  0.31995059879630622  0.32669210415766903  0.33382758896531312  0.34077571511510929
  0.34764943077767463  0.35438561952189562  0.36102968472173463  0.36748717537620190
  0.37358737875814041  0.37946754544818034  0.38528882117709728  0.39109790101343422
  0.39702198497974783  0.40291218274535484  0.40873407255603122  0.41438672876629806
  0.41995426658875085  0.42552821352527492  0.43091492864603242  0.43597616339297268
  0.44089366753525278  0.44593640726708234  0.45125858707014693  0.45684545450067071
  0.46234852239193835  0.46762555717614696  0.47286158385746291  0.47805163704473547
  0.48319810128455537  0.48841899787594895  0.49328720345156901  0.49839679080897759
  0.50351261176316542  0.50858322088728047  0.51381044408118359  0.51872829027258782
  0.52344393179904880  0.52813425114710388  0.53301801770464530  0.53793201316495809
  0.54306199386330289  0.54844896143667987  0.55396484755759456  0.55955408350347557
  0.56514455472049829  0.57082596645265526  0.57647836427387211  0.58207679243002974
  0.58776482219236714  0.59345082225853063  0.59926347519410261  0.60517800126243582
  0.61120911689966140  0.61735385208497506  0.62349169722386755  0.62946374378480852
  0.63552596986524890  0.64159587415876596  0.64788619854109508  0.65427426155939783
  0.66061858860460509  0.66712455319644415  0.67391443289196384  0.68100067604691061
  0.68837769569142171  0.69602676609695091  0.70389256170483361  0.71194231801822416
  0.72005118259166112  0.72856330734362351  0.73765446284612168  0.74737335816255435
  0.75770880978453070  0.76919526756525647  0.78225812279715623  0.79680864904216531
  0.81357831799921088  0.83506563170749282  0.87054148403017839  1.00000000000000000
   6.8199125982577824E-002  -1.0000000000000000     
 F F F F F F F F F F F F F F F F F F F F F F F F F F F F F F F F F F F F F F F F F F F F F F F F F F F F F F F F F F F F F F F F F F F F F F F F F F F F F F F F F F F F F F F F F F F F F F F F F F F F F F F F F F F F F F F F F F F F F F F F F F F F F F F F
  <DiscreteSampler_grid>
  grouped_processes
  1 # 1 for a reference and 2 for a running grid.
  10 # Attribute 'min_bin_probing_points' of the grid.
  1 # Attribute 'grid_mode' of the grid. 1=='default',2=='initialization'
  0.0000000000000000 # Attribute 'small_contrib_threshold' of the grid.
  0.5000000000000000 # Attribute 'damping_power' of the grid.
 # binID   n_entries weight   weight_sqr   abs_weight
    10   10   2.732869058068009E+005   3.154998207121398E+011   2.732869058068009E+005
    16   10   2.732869058068009E+005   3.154998207121396E+011   2.732869058068009E+005
    22   10   2.732869058068009E+005   3.154998207121396E+011   2.732869058068009E+005
    28   10   2.732869058068009E+005   3.154998207121400E+011   2.732869058068009E+005
    34   10   2.732869058068008E+005   3.154998207121396E+011   2.732869058068008E+005
    40   10   2.732869058068008E+005   3.154998207121396E+011   2.732869058068008E+005
    46   10   2.732869058068008E+005   3.154998207121396E+011   2.732869058068008E+005
    52   10   2.732869058068009E+005   3.154998207121398E+011   2.732869058068009E+005
    58   10   2.732869058068009E+005   3.154998207121398E+011   2.732869058068009E+005
    64   10   2.732869058068008E+005   3.154998207121396E+011   2.732869058068008E+005
    70   10   2.732869058068009E+005   3.154998207121398E+011   2.732869058068009E+005
    76   10   2.732869058068009E+005   3.154998207121398E+011   2.732869058068009E+005
  </DiscreteSampler_grid>
