  0.00000468111060726  0.00000485486960134  0.00000504565047238  0.00000526412320329
  0.00000548564277110  0.00000572075750827  0.00000596166907872  0.00000621957819579
  0.00000648272208037  0.00000675254843681  0.00000702742735736  0.00000731130873116
  0.00000762320265878  0.00000791105201223  0.00000822488351374  0.00000856310996942
  0.00000891003338053  0.00000927496785069  0.00000966705365356  0.00001008316745193
  0.00001051083142118  0.00001094403027792  0.00001138569038710  0.00001182970225295
  0.00001228035066110  0.00001275814706783  0.00001325952417895  0.00001377551150194
  0.00001430538413632  0.00001486844720701  0.00001546992523302  0.00001607328319646
  0.00001671344527981  0.00001739889130537  0.00001813303502278  0.00001891568324721
  0.00001973977354348  0.00002059190323294  0.00002147523568511  0.00002239795973180
  0.00002338169301507  0.00002443391324402  0.00002553573581888  0.00002668361746779
  0.00002787575941321  0.00002910378459138  0.00003041519714387  0.00003178699643496
  0.00003324522201908  0.00003480754969914  0.00003646255508953  0.00003818575626085
  0.00004005979966161  0.00004204509264229  0.00004413262879900  0.00004634883957179
  0.00004871328274990  0.00005112859942208  0.00005382803443378  0.00005678805336267
  0.00005993854825553  0.00006327868696025  0.00006682251830788  0.00007060185046341
  0.00007454541359982  0.00007867848612296  0.00008312653142449  0.00008787008514625
  0.00009306815969397  0.00009885371844442  0.00010519565882167  0.00011200360228760
  0.00011933484595998  0.00012751704488068  0.00013694700110456  0.00014785992121213
  0.00016028978999523  0.00017412785955534  0.00018939352247966  0.00020656230747390
  0.00022626798711441  0.00024868110857988  0.00027366421132854  0.00030219152596860
  0.00033634660431663  0.00037709544573347  0.00042460635420999  0.00048306180921060
  0.00056148501858249  0.00068077543421944  0.00086822845051092  0.00119869598169474
  0.00185453830280935  0.00346597753084044  0.04540354901190125  1.00000000000000000
  0.00000503838140202  0.00000511542077395  0.00000517267871438  0.00000522712903315
  0.00000529308574626  0.00000537837271828  0.00000548495797766  0.00000560153503691
  0.00000571320054135  0.00000583596106616  0.00000596729396133  0.00000610558222837
  0.00000625618772305  0.00000644343088646  0.00000662821986638  0.00000682529074822
  0.00000703228811198  0.00000725761615820  0.00000751592016730  0.00000779020639586
  0.00000807573595888  0.00000838193772743  0.00000871210213184  0.00000904482974100
  0.00000939667463584  0.00000979362027072  0.00001020365132730  0.00001062223675213
  0.00001106807991360  0.00001153760961564  0.00001201414686540  0.00001250264040858
  0.00001303372287995  0.00001358107147249  0.00001415496563821  0.00001479531908339
  0.00001548548278264  0.00001620611635708  0.00001697008849170  0.00001778574439596
  0.00001864296504984  0.00001953156764799  0.00002044515241101  0.00002136752301975
  0.00002231300607869  0.00002331821270715  0.00002436243754581  0.00002546276605709
  0.00002665884431049  0.00002792758052889  0.00002925487689727  0.00003069303959917
  0.00003226545354044  0.00003389342323078  0.00003560891649253  0.00003742678604153
  0.00003934564433517  0.00004134054500941  0.00004339547598689  0.00004557532164627
  0.00004791843422536  0.00005040175232974  0.00005306961860601  0.00005595794882571
  0.00005901464389100  0.00006227686934172  0.00006571552407624  0.00006938808378857
  0.00007355263621467  0.00007798165211107  0.00008278771100683  0.00008801606136150
  0.00009382548997880  0.00010038154114415  0.00010754472883548  0.00011546047792121
  0.00012457936539992  0.00013517296176400  0.00014755591567910  0.00016213610146319
  0.00017818494223285  0.00019797281441335  0.00022181526449222  0.00025099038832559
  0.00028605894245445  0.00032723105678527  0.00037855041119981  0.00045083776250357
  0.00055195210196763  0.00068771978609058  0.00090879040525535  0.00138548975377774
  0.00242410729209841  0.06273999857999023  0.81901073628025456  1.00000000000000000
  0.00000461674410971  0.00000554693209903  0.00000597430308297  0.00000646621982434
  0.00000691261394166  0.00000734048577543  0.00000781506778670  0.00000832816070413
  0.00000885243315823  0.00000932643014652  0.00000977912451925  0.00001016649449165
  0.00001055398146499  0.00001097525602396  0.00001151989654194  0.00001207281622885
  0.00001252752678636  0.00001293507865097  0.00001331487171963  0.00001369834093129
  0.00001414216217661  0.00001465628359359  0.00001519762952131  0.00001573366484952
  0.00001626041815216  0.00001680180551906  0.00001733297619085  0.00001784994731926
  0.00001839229009902  0.00001901291422780  0.00001974413990652  0.00002050519538319
  0.00002126616747630  0.00002205269085109  0.00002286204139065  0.00002368965816481
  0.00002454051171925  0.00002543045216350  0.00002642400604211  0.00002745804790456
  0.00002850440906147  0.00002957737501948  0.00003066734885328  0.00003177225143849
  0.00003291009364865  0.00003408432122090  0.00003528074260112  0.00003649977961570
  0.00003775298924985  0.00003903707607098  0.00004034940893644  0.00004170423514930
  0.00004309468623083  0.00004457765158436  0.00004617433011805  0.00004790431041510
  0.00004975082909078  0.00005168646663413  0.00005370273963517  0.00005576917359239
  0.00005785921226290  0.00006001599148660  0.00006225479837021  0.00006456799716496
  0.00006696656244862  0.00006953389622532  0.00007231156979974  0.00007528646728687
  0.00007851781051911  0.00008193257524915  0.00008558273237604  0.00008951223159123
  0.00009381361177737  0.00009853260925481  0.00010379326284270  0.00010972117736621
  0.00011629973231800  0.00012367631342788  0.00013225102666567  0.00014233788522188
  0.00015431053268143  0.00016862678860410  0.00018613976790994  0.00020788938601834
  0.00023548623208993  0.00027130724305635  0.00031767782941597  0.00038279384120152
  0.00048013187689902  0.00063791940342770  0.00093225269678057  0.00157437482501672
  0.00352821283083529  0.03869537551626850  0.28068748427927159  1.00000000000000000
 -0.00112453481158175  0.00383563817371762  0.00815647423185812  0.01203419408405196
  0.01567794618063194  0.01918981609931330  0.02252843533903862  0.02574153957546553
  0.02895575887846605  0.03207685333650381  0.03522629563618956  0.03833020919595636
  0.04151718778555388  0.04460851286839743  0.04770600506648914  0.05073222497049793
  0.05374165012941644  0.05669088876487354  0.05958026786373898  0.06259594014967339
  0.06576838875614831  0.06903449347996690  0.07231887861617765  0.07563794946750003
  0.07905438210432406  0.08261537982582226  0.08636574753469176  0.09033113080558634
  0.09449547926560900  0.09877690385836554  0.10299046416763455  0.10715383371143235
  0.11134880399469055  0.11574164379663529  0.12013177198147006  0.12459178507306365
  0.12924077253897151  0.13401768114928003  0.13894569134671042  0.14393822302017592
  0.14904116522551566  0.15433775162652810  0.15974096739804530  0.16517539527158981
  0.17069965622358022  0.17626227472451841  0.18201886132136058  0.18797380906084904
  0.19406367067168900  0.20028573185149670  0.20659735215465391  0.21306116796799657
  0.21975335723325873  0.22664480251772326  0.23371574978339762  0.24093947015033793
  0.24842840721308770  0.25627101505754507  0.26455126543584540  0.27323234154729159
  0.28214384932420306  0.29123414181208357  0.30055130868102581  0.31009500849462446
  0.31975789839474567  0.32957689921495292  0.33970096442939762  0.35047695699322745
  0.36183765501444676  0.37349653436828906  0.38541852294927753  0.39785046004895691
  0.41100701198228173  0.42485565549462595  0.43990278859551601  0.45592088395162178
  0.47231341386825032  0.48886762618453311  0.50584351963360941  0.52360784128766513
  0.54269204617131817  0.56386927025144251  0.58552198286876267  0.60810941041970024
  0.63169097619850578  0.65637032642363236  0.68265804460178292  0.71079596944858658
  0.73992825101118387  0.77085069438973475  0.80440434488132928  0.83908396376627370
  0.87595212159587454  0.91596574986472856  0.95691245049971529  1.00000000000000000
 -0.00213359205280791  0.00783493890908069  0.01747531578217629  0.02697397155963195
  0.03739718821952810  0.04751768938563152  0.05808417374133422  0.06890597183910883
  0.07994119649681210  0.09061137693111440  0.10108866624195614  0.11142207440544268
  0.12122717979577469  0.13128571584960708  0.14167501449768222  0.15285457118105097
  0.16384538622881903  0.17409178562129354  0.18397906974812991  0.19393581715403899
  0.20412618879300168  0.21445287494570761  0.22445017838563575  0.23450023281252325
  0.24471477051033705  0.25484318684136453  0.26520104276391399  0.27572678255616589
  0.28691195226838451  0.29745099231486039  0.30747712286340351  0.31781670383744093
  0.32814747721989723  0.33814300641274758  0.34804598985537666  0.35810228130072752
  0.36842241230737161  0.37853771286072141  0.38881167776648634  0.39942490993903190
  0.41006151425981308  0.42060639505733927  0.43117292716444339  0.44153305384857605
  0.45202301709227577  0.46301457103983146  0.47433658749568613  0.48561867760458849
  0.49661733146837234  0.50756719665015004  0.51840719491953657  0.52941504199241263
  0.54051059473596952  0.55117699203380754  0.56161740482864475  0.57196089879105982
  0.58267313111422492  0.59340412301681345  0.60394870218084729  0.61491769505135219
  0.62612129978403630  0.63686463900449486  0.64721901930617476  0.65736250605351243
  0.66772476119625845  0.67844527865334514  0.68943888748172222  0.70053707537335419
  0.71088721424668910  0.72047784187048780  0.72993695882132559  0.73981188452705726
  0.75051194454618075  0.76140280187049003  0.77211936306583062  0.78292731665927007
  0.79361783411454134  0.80434685301774955  0.81544755641438582  0.82659968538215411
  0.83771224191350890  0.84824006077282554  0.85863285475406648  0.86946322962536982
  0.88038364913990119  0.89167764960950757  0.90302986640524607  0.91454702769814145
  0.92580171172340398  0.93706215025308270  0.94755835904874508  0.95811283504332967
  0.96845283654130909  0.97878990937971500  0.98903898008026569  1.00000000000000000
 -0.00264364346180795  0.00954284014518687  0.02001665067074991  0.03032706677146797
  0.04042378462105206  0.05102028622373967  0.06171166327988693  0.07225881493285641
  0.08261563957604635  0.09336523962205763  0.10455819579679003  0.11576177613606366
  0.12661884080736113  0.13733194000570439  0.14793181297654603  0.15840860125447090
  0.16842640705146561  0.17801867180983186  0.18782031747147473  0.19821827830677352
  0.20873741198609724  0.21955783504575330  0.23037926500678610  0.24161853090583094
  0.25284774938997873  0.26386237847262856  0.27431400294586256  0.28448043484651420
  0.29431034272373491  0.30400382035341816  0.31359286590016605  0.32326514822791330
  0.33306985833134600  0.34341471358931280  0.35300180784410662  0.36258907842773158
  0.37241597168079021  0.38330329900227150  0.39443533492727317  0.40544343713551628
  0.41631308377897386  0.42759396923106802  0.43848368965787499  0.44917886126366624
  0.45969835189884495  0.47033553976728515  0.48059292934262066  0.49056150337128346
  0.50065542988956380  0.51094293872181562  0.52109247149945459  0.53168906736899935
  0.54250123853208887  0.55304630688261069  0.56336493176091618  0.57390388166404305
  0.58504329680472045  0.59665260063323977  0.60765776030814700  0.61851752446016772
  0.62907154746939409  0.63979380606562219  0.65023248488779439  0.66029690855259393
  0.67037101889604744  0.68055447740879926  0.69106058285085248  0.70177799133360819
  0.71258649572611188  0.72340225452420670  0.73418217443761624  0.74464344001860516
  0.75497720167154669  0.76529956793518272  0.77585766533474643  0.78664513203393405
  0.79723855365595675  0.80789200088969415  0.81857603650719668  0.82960388329330204
  0.84026537721496442  0.84973667643697381  0.85957587615485920  0.86943981279750382
  0.87984545325746055  0.89060656869644539  0.90141097000696269  0.91253413552089513
  0.92356843324299520  0.93449336740531153  0.94527105258157340  0.95623576581807856
  0.96719990415955381  0.97828772040202727  0.98906954975720651  1.00000000000000000
 -0.00010048341391292  0.00059076982438739  0.00156983607499828  0.00231951828430529
  0.00301128294512929  0.00366930170524126  0.00429725178596711  0.00489664324267149
  0.00547253972384074  0.00603740378869265  0.00659830863515912  0.00715324587721585
  0.00770347227697930  0.00824809738637043  0.00878414747924242  0.00932073349019334
  0.00986136185649833  0.01038866073692734  0.01092084382675831  0.01147034474716787
  0.01204238845040781  0.01261618198219888  0.01319253133646489  0.01378793070823281
  0.01438300852738756  0.01493929746000720  0.01548246257907718  0.01602629042978079
  0.01658754513681334  0.01720225087855640  0.01781219643601551  0.01846312720660947
  0.01910344969206016  0.01975626068164130  0.02040094511960039  0.02103036369131327
  0.02163908368310782  0.02220762409049353  0.02272410977297533  0.02324256874843486
  0.02376894366883845  0.02443523505498089  0.02507390613064072  0.02559191419843771
  0.02613838551974600  0.02679285108362523  0.02756361588975054  0.02843037767294772
  0.02938205858246801  0.03024221978255449  0.03102692368570899  0.03151250504232334
  0.03199998411924240  0.03247198830061034  0.03316826104345410  0.03391426735127506
  0.03467260025235013  0.03534089144149961  0.03602020684497535  0.03665616174252884
  0.03737840930268972  0.03825556721081196  0.03904201785166328  0.03981935889628602
  0.04058973767154209  0.04117073274270892  0.04175172781387575  0.04247567153768966
  0.04321972434105491  0.04404645001758967  0.04488916334194285  0.04637217233762510
  0.04778706174637176  0.04897362569248853  0.05028484372358290  0.05207006893850690
  0.05431030021207127  0.05644822743772562  0.05830775104276038  0.06010536328397750
  0.06251520820423265  0.06784842573292037  0.07327101146038525  0.07806595317326999
  0.08244383306458611  0.08542505576717807  0.08851358013199234  0.09198223881871311
  0.09629563691692179  0.09929593173170900  0.10349281634295529  0.11163804684855436
  0.12093955574608620  0.13765183409089254  0.29554648583738991  1.00000000000000000
 -0.00305003022954732  0.01251435064506577  0.02536925630062712  0.03838725519250055
  0.05194215448128382  0.06603157981839461  0.07994794038255734  0.09259859318128452
  0.10471522162449654  0.11664721508109858  0.12915757299206865  0.14121653689921970
  0.15370819548478759  0.16565569820613843  0.17752607446856189  0.18927260748800456
  0.20113836695016046  0.21292243189254420  0.22488991885606727  0.23651899364189705
  0.24785830205701395  0.25895989921809270  0.26972492810991872  0.28023458445750471
  0.29060497631475424  0.30084120157579575  0.31117486353939477  0.32131954225596565
  0.33147381444308421  0.34126241963358406  0.35065729747984353  0.35972924213991780
  0.36854746410763661  0.37758825247841510  0.38633448611105120  0.39491250015258511
  0.40329571903638262  0.41147073053776284  0.41951866699367368  0.42770261430875017
  0.43586647019758379  0.44417584314822006  0.45277815620942519  0.46158435436532147
  0.47051921997523954  0.47975969031143151  0.48941581940416473  0.49976554886888358
  0.50995663273285352  0.51967880788308207  0.52887910985925535  0.53775154977392770
  0.54629550081326428  0.55460295135495841  0.56288350480841587  0.57084079153902745
  0.57838222289888341  0.58581099616106103  0.59331950716605075  0.60097303994562656
  0.60916087737933378  0.61768573603621479  0.62651505790334228  0.63538142396228470
  0.64443494543995328  0.65358123465240969  0.66293262813916864  0.67227607139925727
  0.68161774124283137  0.69118612650606459  0.70094508638648556  0.71098200242305554
  0.72158649412978215  0.73245126741707223  0.74323468249835478  0.75399893870109858
  0.76487985313962814  0.77571617798164105  0.78643585546377426  0.79763957081178627
  0.80968427556513056  0.82206595231317381  0.83439606058062454  0.84649989978379458
  0.85822953154469184  0.87004748378126462  0.88272537641793081  0.89614593160727218
  0.90960925957323902  0.92290656083703770  0.93604856923521129  0.94931516897023771
  0.96157247442158933  0.97389805083124170  0.98624265942645939  1.00000000000000000
  0.00535446893549058  0.07263006959120143  0.10830155875312476  0.13779413137923063
  0.16274322145222780  0.18794244675267341  0.21334393747324373  0.23717454511540542
  0.26056531307244291  0.28448343137540100  0.30791656136407602  0.32927076632901442
  0.34933691804115025  0.36800852843822701  0.38544300197900644  0.40240278196712914
  0.41936631625814497  0.43621879359058302  0.45302855693416538  0.46913467705360229
  0.48500246911376621  0.50093729174267454  0.51580100275493901  0.52987573622558126
  0.54376174333726746  0.55752714397288339  0.57101137125236312  0.58420671827420878
  0.59716930973792914  0.60991999593722923  0.62231119780868349  0.63420599396636756
  0.64571435818803369  0.65690231024662349  0.66781488149177870  0.67829051957780129
  0.68838484841561831  0.69818828526859256  0.70766964292606849  0.71682811543794844
  0.72559071028701638  0.73422721371011457  0.74239361305265550  0.75040656341046141
  0.75816149134977540  0.76583947516672612  0.77338954342701338  0.78091005886745590
  0.78836393716992859  0.79573456452591251  0.80296026911441321  0.81003443096948902
  0.81690253269507862  0.82350012066293843  0.82978079843198338  0.83580366734499301
  0.84169789448874743  0.84761400950018195  0.85340097100910806  0.85896433511653003
  0.86445990576109721  0.86986917719782564  0.87519293671523346  0.88041903524882192
  0.88551351031798098  0.89046700026203418  0.89528304960756899  0.89996612138085241
  0.90463513293929154  0.90933066633874238  0.91385358156866658  0.91813554341468273
  0.92223457687488275  0.92619171600042038  0.93005917292342399  0.93388495057963672
  0.93768096696397685  0.94124251484633858  0.94480109630347398  0.94827630250766315
  0.95164499472195740  0.95494491229023248  0.95819982156626216  0.96141780975457369
  0.96458928717013759  0.96764363109283413  0.97069491745591363  0.97371273948111525
  0.97669677287904122  0.97965587715889746  0.98258111678420379  0.98549919145012510
  0.98846135391212009  0.99157675012990854  0.99546097478590601  1.00000000000000000
 -0.01547247943124449  0.06954290650231537  0.09708236881014112  0.11344504910060896
  0.12576513351543173  0.13636942459159074  0.14603672674198745  0.15490100100048826
  0.16309574436963375  0.17076080540438901  0.17799525531725818  0.18480125756177085
  0.19118071151937688  0.19727632701577158  0.20326728550115852  0.20926732898086370
  0.21526614805516797  0.22114927225452918  0.22686582243931305  0.23233555008029252
  0.23759251548395402  0.24280183150837778  0.24806873923923789  0.25334344372857254
  0.25858079229221415  0.26374352542668306  0.26884120884159490  0.27394466578239152
  0.27903984945424803  0.28411292799692761  0.28915735730090303  0.29416796951094909
  0.29913939447141480  0.30404210449055619  0.30899291176627497  0.31401878982614734
  0.31900171025496848  0.32403641942097300  0.32922056924434223  0.33446405609125868
  0.33972704637232148  0.34500618940477412  0.35030637541333243  0.35547647824714240
  0.36061779786030590  0.36575412288690545  0.37087769469058868  0.37600628362114025
  0.38108749314420010  0.38643288042840163  0.39185682811770139  0.39735440169571218
  0.40282256572064340  0.40829798118066557  0.41385523196199298  0.41963773623858208
  0.42542288004541329  0.43137825924237350  0.43741091326786136  0.44331150750039627
  0.44925567480000822  0.45506885600838470  0.46064770248586839  0.46629485431584283
  0.47206025593830270  0.47819498857273457  0.48470869864835564  0.49108397742293397
  0.49745489995472286  0.50407221311293793  0.51109743982328226  0.51826038009089714
  0.52572096665397272  0.53335160711058160  0.54107741679214783  0.54901615462250086
  0.55709891631334074  0.56542668230362969  0.57390829935637389  0.58291229912695586
  0.59230365806713026  0.60193460391324138  0.61153283548536597  0.62145344473156394
  0.63219528102353717  0.64407055790051126  0.65671907265982898  0.66998430896255923
  0.68435855562478942  0.70040448018455159  0.71834042731722647  0.73789421546626399
  0.75949849689074489  0.78697690354218319  0.83355474512554473  1.00000000000000000
   3.3730906273048547E-002  -1.0000000000000000     
 F F F F F F F F F F F F F F F F F F F F F F F F F F F F F F F F F F F F F F F F F F F F F F F F F F F F F F F F F F F F F F F F F F F F F F F F F F F F F F F F F F F F F F F F F F F F F F F F F F F F F F F F F F F F F F F F F F F F F F F F F F F F F F F F
  <DiscreteSampler_grid>
  grouped_processes
  1 # 1 for a reference and 2 for a running grid.
  10 # Attribute 'min_bin_probing_points' of the grid.
  1 # Attribute 'grid_mode' of the grid. 1=='default',2=='initialization'
  0.0000000000000000 # Attribute 'small_contrib_threshold' of the grid.
  0.5000000000000000 # Attribute 'damping_power' of the grid.
 # binID   n_entries weight   weight_sqr   abs_weight
    13   10   2.920910367986499E+005   4.448214579841407E+011   2.920910367986499E+005
    14   10   2.920910367986483E+005   4.448214579841364E+011   2.920910367986483E+005
    16   10   2.920910367986501E+005   4.448214579841413E+011   2.920910367986501E+005
    17   10   2.920910367986484E+005   4.448214579841365E+011   2.920910367986484E+005
    22   10   2.920910367986499E+005   4.448214579841405E+011   2.920910367986499E+005
    23   10   2.920910367986484E+005   4.448214579841365E+011   2.920910367986484E+005
    25   10   2.920910367986500E+005   4.448214579841408E+011   2.920910367986500E+005
    26   10   2.920910367986482E+005   4.448214579841361E+011   2.920910367986482E+005
    31   10   2.920910367986501E+005   4.448214579841411E+011   2.920910367986501E+005
    32   10   2.920910367986482E+005   4.448214579841364E+011   2.920910367986482E+005
    34   10   2.920910367986501E+005   4.448214579841413E+011   2.920910367986501E+005
    35   10   2.920910367986484E+005   4.448214579841366E+011   2.920910367986484E+005
    40   10   2.920910367986499E+005   4.448214579841407E+011   2.920910367986499E+005
    41   10   2.920910367986482E+005   4.448214579841364E+011   2.920910367986482E+005
    43   10   2.920910367986500E+005   4.448214579841409E+011   2.920910367986500E+005
    44   10   2.920910367986484E+005   4.448214579841365E+011   2.920910367986484E+005
    49   10   2.920910367986500E+005   4.448214579841409E+011   2.920910367986500E+005
    50   10   2.920910367986484E+005   4.448214579841366E+011   2.920910367986484E+005
    52   10   2.920910367986501E+005   4.448214579841411E+011   2.920910367986501E+005
    53   10   2.920910367986484E+005   4.448214579841365E+011   2.920910367986484E+005
    58   10   2.920910367986500E+005   4.448214579841409E+011   2.920910367986500E+005
    59   10   2.920910367986482E+005   4.448214579841364E+011   2.920910367986482E+005
    61   10   2.920910367986500E+005   4.448214579841408E+011   2.920910367986500E+005
    62   10   2.920910367986482E+005   4.448214579841362E+011   2.920910367986482E+005
  </DiscreteSampler_grid>
