  0.00000449518270300  0.00000577454570381  0.00000618114211248  0.00000658303229060
  0.00000696153030056  0.00000744921766885  0.00000800026610045  0.00000857029740565
  0.00000912720787398  0.00000957998435449  0.00001010344485726  0.00001063004051335
  0.00001118003251605  0.00001173231682735  0.00001227947113235  0.00001283226345657
  0.00001337211917587  0.00001389355668069  0.00001440986089750  0.00001494470800000
  0.00001555981537357  0.00001617567809369  0.00001684469472161  0.00001766525740454
  0.00001851373854855  0.00001954570478816  0.00002065422892602  0.00002175327611332
  0.00002285114832558  0.00002389641060462  0.00002493708287672  0.00002616038040070
  0.00002762415764736  0.00002927553799805  0.00003101996420792  0.00003260991476454
  0.00003429502895828  0.00003604236494766  0.00003788977602655  0.00003988874310702
  0.00004212711968668  0.00004457877124363  0.00004724806127723  0.00005029500431194
  0.00005334900860326  0.00005654728262654  0.00005985239921945  0.00006324005165782
  0.00006679652582029  0.00007069314254074  0.00007490413750042  0.00007961234687406
  0.00008501813129862  0.00009072811722852  0.00009604007003348  0.00010101111042018
  0.00010618895634730  0.00011173731053096  0.00011795376193660  0.00012427930015458
  0.00013072769464865  0.00013729657803743  0.00014437274523610  0.00015213984967107
  0.00016039630865017  0.00016941422418464  0.00017977493347980  0.00019132265009713
  0.00020464240632229  0.00021797082742549  0.00023314539954366  0.00025064662884928
  0.00027049831040136  0.00029360902734560  0.00032182078845472  0.00035600846118609
  0.00039434102862593  0.00043295137511680  0.00048081593215302  0.00053888394179279
  0.00060522160106574  0.00067701344450829  0.00076017236433304  0.00086009557358209
  0.00099389958998385  0.00115050846191261  0.00131087618047744  0.00148235601267112
  0.00170989124964960  0.00198800513593144  0.00234728796047333  0.00297364896448394
  0.00409441310558919  0.00860922558211272  0.14486881858510375  1.00000000000000000
  0.00000463082007488  0.00000515047192592  0.00000538607113725  0.00000562035456960
  0.00000587478921542  0.00000622637420560  0.00000669861626876  0.00000719305318236
  0.00000768269271491  0.00000818126461004  0.00000866546111783  0.00000914521525461
  0.00000964550767449  0.00001014762057083  0.00001068382086005  0.00001126483437292
  0.00001187688198539  0.00001251400014851  0.00001319674921642  0.00001386796162403
  0.00001454766959824  0.00001524026471203  0.00001596996487944  0.00001678423537320
  0.00001777427153052  0.00001882952105963  0.00001994955048396  0.00002110802016314
  0.00002229268549915  0.00002358553642037  0.00002505310094722  0.00002665622813101
  0.00002828022985493  0.00002994551499295  0.00003166374477248  0.00003346834330110
  0.00003529901127576  0.00003725783776567  0.00003934332858306  0.00004151839360083
  0.00004383978497110  0.00004616716198469  0.00004860645838476  0.00005119829562704
  0.00005412400021820  0.00005727878415860  0.00006090232033882  0.00006483043778729
  0.00006900975045532  0.00007335035878681  0.00007777463726720  0.00008240267928515
  0.00008711766440489  0.00009228817202244  0.00009815140495692  0.00010446833550757
  0.00011145353335095  0.00011922525024987  0.00012791745683336  0.00013750599805468
  0.00014763061105457  0.00015851865556360  0.00016901805454783  0.00017859276499397
  0.00018884360370921  0.00020009110381504  0.00021259122815054  0.00022711589989806
  0.00024240369675197  0.00025860381631683  0.00027910413975608  0.00030279250244486
  0.00033291706154525  0.00036294517487694  0.00039750151519341  0.00043910979988716
  0.00048653821568288  0.00053548516927479  0.00058854687996056  0.00064985532161199
  0.00072107286177316  0.00080396190262685  0.00089956415404161  0.00105323138676099
  0.00121935725586068  0.00143531161320777  0.00168157608040774  0.00196781143599639
  0.00227719612997779  0.00271881747152970  0.00346848817371057  0.00465594608295765
  0.00629767272610947  0.00997659883003380  0.06934758351501887  1.00000000000000000
 -0.00000622901999379  0.00016984986202909  0.00070309882135729  0.00166423143171499
  0.00299080616051834  0.00480390140766184  0.00713142144749881  0.00969039342157979
  0.01253887308681583  0.01601457342938589  0.01992459458591666  0.02412938398571969
  0.02845260899369173  0.03286774306925823  0.03784282449104349  0.04362319711731633
  0.04988983224174510  0.05605189092680411  0.06191303272452439  0.06764082701935002
  0.07380635187965161  0.08075619365866150  0.08785611396971829  0.09490828494303512
  0.10158111595590796  0.10945986629829216  0.11774625801106141  0.12688293115731472
  0.13629385274006295  0.14512937153524591  0.15318153094160583  0.16099123945029883
  0.16937185636257890  0.17848775200898709  0.18773948578482952  0.19596111167427743
  0.20418183437775941  0.21279327904406933  0.22111808688933049  0.23156865522780670
  0.24155380587920694  0.25209877708080941  0.26315108143774829  0.27472584198636113
  0.28665139037869525  0.29853428074254124  0.31040471767957362  0.32242586594499917
  0.33449193775593150  0.34668907559268364  0.35981876889734821  0.37424976350651268
  0.38855058108710588  0.40255209861847951  0.41596501150570264  0.42913055258957949
  0.44177177989052374  0.45377499979306091  0.46559096362687641  0.47802989622160580
  0.49159743653573473  0.50544040889295405  0.51886072119293780  0.53372194674169071
  0.54881235420195151  0.56396815169409475  0.57895795463969213  0.59327623632731996
  0.60661467444210415  0.61933953946822484  0.63140505031269079  0.64356756610467547
  0.65604347789173589  0.66854372506194126  0.68166983731431918  0.69491737339578274
  0.70818568099802393  0.72139940113663281  0.73450177436492325  0.74829972898376562
  0.76219330978162658  0.77662257752062092  0.79175899241920467  0.80699469230109955
  0.82215449230795390  0.83672267920214383  0.85082733175795044  0.86482334100599012
  0.87857751109538695  0.89633364672720350  0.91451340684415339  0.93200134186729067
  0.94883173218278216  0.96571615692821644  0.98275355855711588  1.00000000000000000
 -0.00243248008702684  0.01138229538722840  0.02377662520789721  0.03625561077798233
  0.04728568410021280  0.05704489490678772  0.06616254455078378  0.07568534061711495
  0.08627482936390374  0.09704181680341814  0.10769602192415735  0.11902761590082389
  0.13099200002764863  0.14299816603093288  0.15479429301540398  0.16717182419127638
  0.17956414421979733  0.19269222352175935  0.20474162042578078  0.21616178239482708
  0.22730949552321045  0.23866409018724172  0.24963097185792929  0.26057600212408827
  0.27064654307671987  0.28081022335890138  0.29036656573702108  0.29953984461843969
  0.30979749245698057  0.32040732113603632  0.33220828097183180  0.34429458631360410
  0.35496332130245406  0.36433971739345666  0.37281477279736158  0.38119380149004239
  0.38988173012839628  0.39910972070775164  0.40900713586282644  0.41966624166047700
  0.43141375595432746  0.44224253085636728  0.45267932855069609  0.46231305678711671
  0.47207988184058114  0.48190799105367987  0.49212861166630584  0.50219107795563755
  0.51223731317731036  0.52210593137708239  0.53231398544931952  0.54270487078071583
  0.55332807979562482  0.56437468831987847  0.57505088217970179  0.58534867381301592
  0.59542335330741203  0.60545739508182062  0.61561751992233560  0.62591618156128970
  0.63586504206055450  0.64505598617557103  0.65265407787976026  0.65976098845822972
  0.66737655533852591  0.67587778801795606  0.68406878634464607  0.69123857313533199
  0.69883881135863690  0.70737660499601684  0.71742417096963773  0.72832017966196871
  0.73980881882942318  0.75228182273958411  0.76498120317423546  0.77714008863505590
  0.78842741495024837  0.79895826793751190  0.80902825026511871  0.81965307276593280
  0.83175156095539571  0.84550162061009648  0.85911142629296366  0.87105687280880395
  0.88259231198966615  0.89351689968454928  0.90309636594781173  0.91193482207739174
  0.92079950799975552  0.93040682592753787  0.94237470660378608  0.95395328284953984
  0.96534158075397181  0.97611375585138760  0.98773573460040476  1.00000000000000000
 -0.00208298981987732  0.00786358357720741  0.01661818914587317  0.02740138778825112
  0.03697151097215137  0.04672274880816946  0.05649637918682393  0.06574662197848348
  0.07473734767698299  0.08374349745648940  0.09287192429702749  0.10234116262385275
  0.11143835655633680  0.12024358163907292  0.12926900711560957  0.13951766699526932
  0.15112391725806937  0.16350888033315467  0.17555813109198470  0.18782942062704586
  0.20071264458128479  0.21373405909181420  0.22639610578406003  0.23851161471129270
  0.25042510613238683  0.26249923259119434  0.27418818040734350  0.28480741054604214
  0.29496746985754158  0.30491577739183595  0.31495610019573589  0.32553926203981581
  0.33648111267298303  0.34770632468955559  0.35833669173245863  0.36916074096773543
  0.37947452449159447  0.39045735637102269  0.40251079547196505  0.41538275648764250
  0.42773977798911739  0.43965841360219743  0.45202292583808001  0.46420561929822801
  0.47581069524299657  0.48613028165168287  0.49571396630300107  0.50550622180885729
  0.51519696781075286  0.52536335725443306  0.53533019311485985  0.54531148342236291
  0.55538218653051885  0.56532558014815582  0.57488019968394943  0.58440083244827468
  0.59397557048173555  0.60408724546241865  0.61542167915500368  0.62701123421441363
  0.63716489846357516  0.64685936724949944  0.65572511277542211  0.66406820328340321
  0.67174165027750876  0.67937525256391829  0.68764387737735622  0.69632823677881295
  0.70553657641595957  0.71581603034074714  0.72629080405099966  0.73635397655541646
  0.74659838955149249  0.75711636883262357  0.76846179536692205  0.77958963255151115
  0.79064929390086758  0.79995898557377065  0.80968182212668016  0.81970530255065233
  0.83057080119749704  0.84131297715863562  0.85233513235910108  0.86333303996856980
  0.87457644263524037  0.88649059064953772  0.89924734491755087  0.91216987972782848
  0.92328924455697847  0.93371255133834852  0.94463359849498507  0.95613069790621308
  0.96780303909453791  0.97850227135432744  0.98918022532868155  1.00000000000000000
 -0.00183837752305489  0.00796851787059831  0.01790964823427244  0.02937257099937539
  0.04254440117032007  0.05348202113396779  0.06412670289215999  0.07424197505520810
  0.08408532337122061  0.09315083013433847  0.10247605344809982  0.11222867081770189
  0.12262797385742701  0.13311135714578079  0.14425365275909685  0.15591900975426096
  0.16842085783839469  0.18107226434979085  0.19206633037030110  0.20186791279724992
  0.21173406521166699  0.22111209609823132  0.22969632645440749  0.23779584590045263
  0.24566005023793550  0.25440084316429579  0.26341884014897021  0.27217418603589350
  0.28141296994637505  0.29129002622801059  0.30287253345020643  0.31563653804740599
  0.32809080221528147  0.33870938613232104  0.34851593596833286  0.35794763586619982
  0.36723594191891662  0.37628444335306810  0.38471612373169661  0.39279720538809559
  0.40264224484819705  0.41349658947050744  0.42328421953223966  0.43349959309461267
  0.44535490408403278  0.45943430295864324  0.47073788852348553  0.48137518472181862
  0.49128807600934638  0.50202027385216808  0.51219388203655258  0.52244794147060447
  0.53207341652908213  0.54233820574013669  0.55341196551691996  0.56542442102509571
  0.57740524942903060  0.58767199921906810  0.59662916702871538  0.60639676030232348
  0.61684403043988179  0.62648883937309996  0.63510252312367876  0.64350132408441307
  0.65304156638495303  0.66341407313026779  0.67382121338074452  0.68465394503694366
  0.69530888456680484  0.70599254643022102  0.71690408156247709  0.72732148435231969
  0.73856963491486505  0.75143304768733088  0.76294819097557054  0.77343024247122494
  0.78278480624326729  0.79293260886248673  0.80317828121192569  0.81348841989462317
  0.82393622557875923  0.83496976119315536  0.84697506322691030  0.85931227709127156
  0.87148280959872237  0.88365377679238977  0.89548782382136960  0.90670555169726574
  0.91816344117886084  0.93009784512732074  0.94227896307895065  0.95431101096331217
  0.96643118910208559  0.97888653075324095  0.98953535787366054  1.00000000000000000
  0.00693824334092820  0.01270538803895945  0.01826696351556931  0.02379254162720923
  0.02921287405495822  0.03507320371556902  0.04113962187585814  0.04749839056733351
  0.05423820602022559  0.06123745942684172  0.06819135880016199  0.07511034570883274
  0.08208364379133370  0.08850043169294784  0.09420086491309113  0.09994190819282078
  0.10570548754614101  0.11222008748885136  0.11975094078583651  0.12818096917306582
  0.13656891512886507  0.14523238575374348  0.15491520455201607  0.16606642417119075
  0.17753688052075536  0.19056085683995783  0.20449582463918731  0.21852357755462781
  0.23187085892626624  0.24533461632724318  0.25914211981634150  0.27206644091814253
  0.28412108004590658  0.29671921754015324  0.30993353601027279  0.32324600008811688
  0.33601136857941472  0.34910594512393839  0.36342557036221557  0.37999983402640863
  0.39843831120030249  0.41602012141053252  0.43135236953526290  0.44685915271488530
  0.46273955301013131  0.47857235961304551  0.49517091721659429  0.51102422332758279
  0.52636607178682715  0.54245249205179014  0.56080969840131034  0.57927723433506884
  0.59536975301271977  0.61061309484624815  0.62634970695234837  0.64280326037825475
  0.66046273399242916  0.67582127378694623  0.68856044506905467  0.70061343703111911
  0.71288183555955575  0.72493632200274005  0.73816993143960730  0.75088257844157591
  0.76293628000415370  0.77502730142999110  0.78741345951409358  0.79767505530480154
  0.80764617476868228  0.81806952090894047  0.83036369612538541  0.84054207276922721
  0.85077115444547613  0.85986815923007442  0.86951601652389821  0.87818694396188279
  0.88684595132528510  0.89510190039382276  0.90319936965322523  0.91158272442625354
  0.91942205684806932  0.92755350080195009  0.93565286334814102  0.94190095807365259
  0.94705763101969276  0.95191775064901751  0.95644899259144567  0.96138114311401202
  0.96662516011288513  0.97188910411116314  0.97697993631483016  0.98233419465070504
  0.98684335682663582  0.99147728941875313  0.99574823923478273  1.00000000000000000
 -0.00335215439765295  0.01201797562243429  0.02430821951333533  0.03580726861895039
  0.04793999331168750  0.06059512875349667  0.07313676718907250  0.08599546203247570
  0.09846626967690573  0.11023975043332458  0.12009640680287591  0.12995335499211771
  0.13901773276639792  0.14819133864127060  0.15630485286367721  0.16541230865779960
  0.17456958699408195  0.18441778308648057  0.19392478637050664  0.20370604666883552
  0.21337440646093753  0.22306199368598553  0.23244595156545955  0.24227668059958193
  0.25175660292304769  0.26135316848378548  0.27054391279538798  0.28011940199230251
  0.28954582810634799  0.29833091667724393  0.30687441962513362  0.31667924160703564
  0.32838886034420250  0.34038630761521116  0.35122967916974102  0.36233506133939192
  0.37347430315238855  0.38565376784092203  0.39748779194804745  0.40957480914517186
  0.42146127890628937  0.43295790184430832  0.44418774714757608  0.45514169355754114
  0.46611019943265247  0.47746397738591895  0.48878133944852037  0.49965654501898221
  0.51009180824334588  0.52073287806890423  0.53166689353845376  0.54236429214306148
  0.55291299310362951  0.56355583041073987  0.57433231013000852  0.58536826900632821
  0.59644171224389020  0.60647265439246334  0.61600450143809304  0.62557605787523196
  0.63542979189804727  0.64669229627823022  0.65639147767901884  0.66598539143971380
  0.67546694158013920  0.68604072163233831  0.69584828497802942  0.70602374901877463
  0.71704801696279064  0.72927724731118060  0.74223643135805162  0.75517781031446463
  0.76715703812290248  0.77823478361057596  0.78864391180144910  0.79908257509371472
  0.81034957919039396  0.82257200727476265  0.83418164149934704  0.84315428198351883
  0.85208103369626964  0.86180984262395965  0.87088846726375213  0.87917242696923847
  0.88747199532809273  0.89634453154738003  0.90623405010939595  0.91681159818007085
  0.92837392175017430  0.94067718856517812  0.95295064794999118  0.96377545256034569
  0.97308710253789232  0.98196404531952763  0.99091963598404609  1.00000000000000000
  0.05938297268825924  0.09378712322415031  0.10918887655091628  0.12040848839116808
  0.13045484615199701  0.13999192261311233  0.14785798305259953  0.15401845937092831
  0.15944684164458284  0.16482697447868677  0.17247453857296385  0.18203349951964243
  0.19138917518505599  0.20008348285396818  0.20866198044119338  0.21835799638112191
  0.22845058439558780  0.23759565635011601  0.24608756514541452  0.25574115992503438
  0.26585648633929426  0.27542721395956782  0.28534826712739358  0.29665446529319800
  0.31049971013708844  0.32089701835471152  0.32865515016362673  0.33590047443272703
  0.34260838141943573  0.35001242431658369  0.35783206167665055  0.36618938801950179
  0.37466783820455291  0.38347589144627520  0.39285563503511206  0.40228342564165986
  0.41096767491606612  0.41906314779262532  0.42710551063307578  0.43576452642639113
  0.44551295304558208  0.45564024499307992  0.46461695785362173  0.47274055075829036
  0.48107176083458797  0.48908177996115082  0.49641013431319031  0.50345911904647955
  0.51045314116498386  0.51702851150591467  0.52517753312581572  0.53487349854727839
  0.54421817542928952  0.55262864865776007  0.56141084837245736  0.57026449038475702
  0.57956517542325414  0.58948329749110528  0.59917422893912597  0.60836361750635437
  0.61738329905074574  0.62662968632141225  0.63624347999038977  0.64562841058273823
  0.65392482646667471  0.66146679240305806  0.66937636694787794  0.67832235843127453
  0.68824016171773084  0.69891251397459075  0.70964030630126007  0.71982243269083668
  0.72970436182397225  0.73882981229211364  0.74839994421356959  0.75811919728919241
  0.76699313027092442  0.77576732871461562  0.78497963668962500  0.79465840442436964
  0.80446892644392076  0.81439101166263139  0.82441609690725370  0.83429761006578418
  0.84466484303506384  0.85529971085744738  0.86711063157503143  0.87946990361452393
  0.89180471792864868  0.90424613079423821  0.91713235087156220  0.93041768834344352
  0.94433717861171707  0.95903340264841241  0.97628386913851206  1.00000000000000000
 -0.01750143053139073  0.13068048236197394  0.17140476417627923  0.19938217322249871
  0.22315240813278250  0.24471621610768637  0.26504925405097940  0.28225105342312351
  0.29655565383002391  0.30804309944334307  0.31862239323898955  0.32888683714200928
  0.33934956075603884  0.34935895815277540  0.35995431958379032  0.37070471879995937
  0.38049783549072980  0.38994046259468323  0.39949036919719288  0.40880548511968745
  0.41826655253707390  0.42697240423393046  0.43600502177290335  0.44441235073507535
  0.45291644001831399  0.46086385557580201  0.46900955152371726  0.47733672164364349
  0.48593707318632662  0.49474594524443916  0.50329850547821176  0.51114541355182774
  0.51874489211522690  0.52574824691305500  0.53269905261108985  0.54000349866381947
  0.54708156898012905  0.55386043376112337  0.56063029227604311  0.56744291549639614
  0.57400216391329517  0.58025428291342263  0.58641927824740436  0.59290746303678910
  0.59962830289159119  0.60624066261969400  0.61260659613167912  0.61820509651658029
  0.62410737960508333  0.63018041113836720  0.63618340025788589  0.64162422611065473
  0.64691978476426915  0.65231745975125088  0.65782210221730153  0.66407614619922217
  0.67017978556072944  0.67608838997097243  0.68189473602062911  0.68762845922403182
  0.69319481058659183  0.69850362419212619  0.70359574176935946  0.70868644807512904
  0.71460522737402987  0.72048755370576079  0.72601946705015052  0.73164061390622592
  0.73746086033246327  0.74334551322176934  0.74958317542474295  0.75616556400522705
  0.76279568838503420  0.76921802213904256  0.77576769362811171  0.78241478359689831
  0.78886662540865804  0.79489684768158453  0.80004900531495315  0.80516538148297812
  0.81064984122953965  0.81658955159280933  0.82256522388068176  0.82860252147404390
  0.83497993193704678  0.84133939355887966  0.84829640257174999  0.85566084152315280
  0.86523054394812104  0.87535755640755142  0.88437878149180693  0.89542700136175091
  0.90815278627503193  0.92371148335868614  0.94495021870662255  1.00000000000000000
   6.3495754419110666E-005  -1.0000000000000000     
 F F F F F F F F F F F F F F F F F F F F F F F F F F F F F F F F F F F F F F F F F F F F F F F F F F F F F F F F F F F F F F F F F F F F F F F F F F F F F F F F F F F F F F F F F F F F F F F F F F F F F F F F F F F F F F F F F F F F F F F F F F F F F F F F
  <DiscreteSampler_grid>
  grouped_processes
  1 # 1 for a reference and 2 for a running grid.
  10 # Attribute 'min_bin_probing_points' of the grid.
  1 # Attribute 'grid_mode' of the grid. 1=='default',2=='initialization'
  0.0000000000000000 # Attribute 'small_contrib_threshold' of the grid.
  0.5000000000000000 # Attribute 'damping_power' of the grid.
 # binID   n_entries weight   weight_sqr   abs_weight
    67   10   1.848246170646791E+001   2.892131411100040E+003   1.848246170646791E+001
    68   10   1.848246170646791E+001   2.892131411100039E+003   1.848246170646791E+001
    82   11   2.878586480327227E+001   4.995234875209365E+003   2.878586480327227E+001
    83   11   2.878586480327229E+001   4.995234875209363E+003   2.878586480327229E+001
    85   11   2.026222273388667E+000   1.891676394963929E+001   2.026222273388667E+000
    86   11   2.026222273388670E+000   1.891676394963932E+001   2.026222273388670E+000
    94   11   2.705100787657494E+001   3.030386592148707E+003   2.705100787657494E+001
    95   11   2.705100787657496E+001   3.030386592148707E+003   2.705100787657496E+001
    109   11   4.843791052486139E+000   1.076753308929213E+002   4.843791052486139E+000
    110   11   4.843791052486147E+000   1.076753308929216E+002   4.843791052486147E+000
    115   11   4.843791052486133E+000   1.076753308929212E+002   4.843791052486133E+000
    116   11   4.843791052486150E+000   1.076753308929217E+002   4.843791052486150E+000
    127   11   1.965021692335025E+001   2.718431202481178E+003   1.965021692335025E+001
    128   11   1.965021692335026E+001   2.718431202481177E+003   1.965021692335026E+001
    145   11   2.026222273388668E+000   1.891676394963929E+001   2.026222273388668E+000
    146   11   2.026222273388670E+000   1.891676394963931E+001   2.026222273388670E+000
  </DiscreteSampler_grid>
