  0.00000015534858160  0.00000016896453129  0.00000018295684087  0.00000019842866989
  0.00000021673055667  0.00000023527706670  0.00000025808738628  0.00000028338220206
  0.00000032950638703  0.00000037324105187  0.00000041916235007  0.00000047027120539
  0.00000053031826421  0.00000060472102576  0.00000069293032382  0.00000078481964214
  0.00000087838568022  0.00000097916401726  0.00000108861910296  0.00000120742199929
  0.00000134780683374  0.00000149266127436  0.00000164218037716  0.00000179633452841
  0.00000196433530028  0.00000214379975589  0.00000233497971009  0.00000255262570939
  0.00000280443329177  0.00000307098528198  0.00000332597667988  0.00000357912393462
  0.00000386106151661  0.00000413396357723  0.00000444368710028  0.00000475569793711
  0.00000507550047726  0.00000542971564894  0.00000584228801575  0.00000627577842965
  0.00000670296793525  0.00000709849815356  0.00000747272457975  0.00000790098002695
  0.00000837338714346  0.00000891989336325  0.00000949773910323  0.00001006198561584
  0.00001062230020017  0.00001122364484724  0.00001185338845578  0.00001253156036570
  0.00001335819247071  0.00001440271455481  0.00001567129349092  0.00001702526387699
  0.00001838327598538  0.00001980563928561  0.00002133141941513  0.00002294065341811
  0.00002462293197405  0.00002642265690592  0.00002844866386434  0.00003073685447323
  0.00003325477061881  0.00003594664620022  0.00003893419265781  0.00004257729168749
  0.00004643898007105  0.00005039030057593  0.00005459899804280  0.00005931409523439
  0.00006484325597190  0.00007077138622491  0.00007706567149705  0.00008473186333627
  0.00009393649970806  0.00010437284470404  0.00011547001986053  0.00012761139934351
  0.00014220425670958  0.00015816808619371  0.00017804423048994  0.00020221506231799
  0.00022962947239982  0.00025986965417382  0.00029681256374659  0.00035990106614745
  0.00045205072968950  0.00057814567121855  0.00074961993846739  0.00102777016419317
  0.00165632857430322  0.00301174257846546  0.41707637799069996  1.00000000000000000
  0.00000607408213981  0.00000778105753873  0.00000938884786897  0.00001068332718831
  0.00001122137814809  0.00001176909517711  0.00001284345873198  0.00001401336580189
  0.00001501657724066  0.00001596841943627  0.00001700461307172  0.00001824441530435
  0.00001981255224744  0.00002158911905141  0.00002315563983767  0.00002474587532020
  0.00002633054659619  0.00002805485371089  0.00003000804266885  0.00003180856947636
  0.00003375261647261  0.00003545862872406  0.00003701275473144  0.00003867074925927
  0.00004043559287033  0.00004218076371610  0.00004404785268127  0.00004596104428370
  0.00004793813967697  0.00004994554995618  0.00005226957023549  0.00005483460573053
  0.00005748254133759  0.00006013569114716  0.00006280935538911  0.00006578541767901
  0.00006868240510224  0.00007165311358760  0.00007480423505016  0.00007832770529807
  0.00008287893416386  0.00008763501544380  0.00009206275374984  0.00009643430488615
  0.00010086922448132  0.00010580889691735  0.00011150919416966  0.00011726626964346
  0.00012277160544138  0.00012794501563676  0.00013323973380607  0.00013913872221370
  0.00014548550216745  0.00015199975399919  0.00015909297214941  0.00016691772826750
  0.00017564355063712  0.00018454651160120  0.00019415130419321  0.00020428918568446
  0.00021515520867943  0.00022654198562480  0.00023898203885356  0.00025161388757396
  0.00026366054788399  0.00027480171607939  0.00028680864694370  0.00030012625865623
  0.00031348151788089  0.00032662744293407  0.00034096257538954  0.00035886123060605
  0.00037907929284445  0.00040021046444894  0.00042367141322093  0.00044720554929054
  0.00047220967726507  0.00049779090889293  0.00052988840966522  0.00056403693945632
  0.00060432296135244  0.00065037299207125  0.00070774077570547  0.00077910451652605
  0.00085197563537320  0.00094173226767360  0.00104586507329838  0.00117498603587634
  0.00135489949374964  0.00161281564616144  0.00198831380132999  0.00264543334670169
  0.00402545411434099  0.00848080990578565  0.13050414432928786  1.00000000000000000
  0.00000263152856591  0.00000570904481797  0.00000754648242777  0.00000919106966108
  0.00000963535315420  0.00001004155905545  0.00001080999281519  0.00001265009795192
  0.00001363978552439  0.00001456777162949  0.00001558666690383  0.00001684019607006
  0.00001816532130175  0.00001959530123440  0.00002101893786151  0.00002292919636948
  0.00002586890665774  0.00002920111796207  0.00003257325120830  0.00003581570397623
  0.00003892329484593  0.00004124776449667  0.00004386623590092  0.00004637095209563
  0.00004914876553380  0.00005225598277697  0.00005568862967595  0.00005957226973237
  0.00006418506534793  0.00006873787014485  0.00007331287193059  0.00007789936957392
  0.00008298073287938  0.00008847003515467  0.00009419974397301  0.00009997898723145
  0.00010618371722966  0.00011242414008768  0.00011923863611097  0.00012627220502554
  0.00013310353454184  0.00014049024585292  0.00014797795593936  0.00015575796597580
  0.00016393976623563  0.00017269755378753  0.00018249339341000  0.00019340718815703
  0.00020465852485063  0.00021616880024521  0.00022801080202125  0.00024030024461641
  0.00025281996024851  0.00026555971775488  0.00027960381271302  0.00029521982395431
  0.00031206568942529  0.00032999599344788  0.00034944736821575  0.00037035447961014
  0.00039389833336807  0.00042131413818682  0.00045274010013090  0.00049186564794646
  0.00053841213351577  0.00059213048427899  0.00064693135045582  0.00070234682780658
  0.00075912884761124  0.00082115853434342  0.00088988927026101  0.00096508297078999
  0.00105189680657203  0.00114990454028719  0.00126256540877465  0.00138636591654355
  0.00152613227201780  0.00166949293027111  0.00180859911498806  0.00194654924967590
  0.00208810872251077  0.00225423055751037  0.00244881644964133  0.00268436920419322
  0.00295716501748605  0.00323870739942605  0.00354242994466240  0.00384837670194931
  0.00419463090045615  0.00459855230367761  0.00511473991544655  0.00581853608913312
  0.00682184877052961  0.00825237250285774  0.13505508652291734  1.00000000000000000
 -0.00197855429801926  0.00711654033426671  0.01557893051469851  0.02307295489622931
  0.03103598215624073  0.03963100387893220  0.04803573795604244  0.05704561285166876
  0.06571453024530617  0.07448739836379942  0.08419760339902051  0.09457661531863548
  0.10474476690293207  0.11494445294865539  0.12622782060019144  0.13697459623002148
  0.14657906677464810  0.15520756297402938  0.16351433803576457  0.17041566990074866
  0.17770312193161053  0.18603877935152474  0.19547900055264511  0.20550291003977350
  0.21429789584545839  0.22230826524110398  0.23051827413217452  0.23948380835311533
  0.24896389878665257  0.25989412288113678  0.27078994551393987  0.28067049072021544
  0.29045679377680356  0.30101551541232230  0.31321139859539721  0.32619503863236726
  0.33782006088702454  0.34803471949600234  0.35803450135481529  0.36833878985999347
  0.37954210864079574  0.39087024318170338  0.40231609136359742  0.41374012492514650
  0.42514325699366523  0.43660991748950956  0.44729847402983985  0.45769335372202746
  0.46780666446580144  0.47970217734224407  0.49068023109428860  0.50252033462340884
  0.51406095139478325  0.52524067737581115  0.53502556630586506  0.54417448076278674
  0.55361585015321679  0.56267934536382425  0.57279143314549696  0.58368356044808678
  0.59626472533644637  0.60858430655631046  0.61980579898455879  0.63071590853974335
  0.64055055400352845  0.65120076081288136  0.66117508047977125  0.67100063587038417
  0.68098687489688492  0.69196166100152490  0.70416022895619823  0.71732223289811792
  0.73094495692506478  0.74489847313708735  0.75792962142230913  0.76837487434135465
  0.77755075113833294  0.78700773768841426  0.79779994123359654  0.81000215068337589
  0.82253652312806669  0.83524179774461116  0.84761326111869184  0.85925927660971546
  0.87107378267282443  0.88281333251675786  0.89509152961113503  0.90746054189149017
  0.92007002067631460  0.93230921650373944  0.94366451321497546  0.95330674957505335
  0.96386426719750418  0.97528151939274221  0.98812294320826155  1.00000000000000000
 -0.00211685827531956  0.01002365787506612  0.02174981161252896  0.03395161364718588
  0.04666084212936430  0.05931035532109839  0.07154420472959627  0.08250150697323562
  0.09373942676014603  0.10478640032053226  0.11624878821845465  0.12755534786756265
  0.13860974729224532  0.14983935885266070  0.16012305673414201  0.16960414599223719
  0.17923225568700885  0.18988719874263696  0.20086652004164254  0.21162765444881299
  0.22216742945641407  0.23042224108645337  0.23931282796865147  0.24796840033217193
  0.25927058108042539  0.27068729680965514  0.28303462821958780  0.29526993724312756
  0.30720828225854357  0.31773848565096974  0.32691084526177039  0.33495564402216144
  0.34377722802183808  0.35408515744262437  0.36482252492934575  0.37441344915745400
  0.38385026867315186  0.39329921210104918  0.40323071148644801  0.41334455490205108
  0.42349516632401923  0.43408907971110927  0.44529220021581872  0.45706888715058752
  0.46833637804259826  0.47876076458212308  0.48966393048156120  0.50026985653196299
  0.51113870679410689  0.52168074591816160  0.53224765892916703  0.54221388149161365
  0.55212270325966095  0.56212546816413855  0.57236647018808162  0.58324671526323857
  0.59339615636532561  0.60369279749986227  0.61296934331212416  0.62227415153571797
  0.63334775299310409  0.64466935348643317  0.65640202091368105  0.66859879907783826
  0.67803671814028421  0.68840642015057474  0.69701732147323681  0.70644164220312144
  0.71638147971361488  0.72649975184124715  0.73623908126640847  0.74599578836576474
  0.75682444162554130  0.76942557863430172  0.78001619097357067  0.79007294296772723
  0.79863046488421252  0.80697940883941277  0.81595769862234802  0.82538635305577579
  0.83714712778792588  0.84987444648481048  0.86268456801555271  0.87535142136690602
  0.88824187338343674  0.90046626875510793  0.91249870158875823  0.92394302157832497
  0.93422654946651751  0.94336797077826429  0.95178766698250983  0.96083074395031898
  0.97028989528204024  0.98001709293028294  0.98987316427977312  1.00000000000000000
 -0.00212190598014249  0.01066968702981883  0.01952861830907849  0.02883692911012792
  0.03805465463733559  0.04631619569932172  0.05447598781413998  0.06256157321227288
  0.07160140814665218  0.08107753000293022  0.09146065530526008  0.10215781367830135
  0.11363431033309533  0.12303088773918794  0.13258416823724170  0.14228684377095852
  0.15209291040264633  0.16367581547502461  0.17283890967905771  0.18203351940501999
  0.19058783663903908  0.20009456909136999  0.21124134722020241  0.22239552940218663
  0.23352222867118441  0.24490378052996997  0.25692783972582234  0.26988504258270229
  0.28181499360975459  0.29332108262424350  0.30472745979730598  0.31472696227969771
  0.32350113080945070  0.33255110496307555  0.34290556982971876  0.35347919121113158
  0.36421061749446659  0.37525922715953630  0.38553510520194295  0.39445405472653061
  0.40314726547684376  0.41282715334440323  0.42302380126378397  0.43290421185445044
  0.44439620196480922  0.45612102724980386  0.46820793696217439  0.48006803700661993
  0.49168276240306774  0.50281698025077626  0.51326038805599172  0.52368500195259204
  0.53459346137915953  0.54567713009978203  0.55742793257572176  0.56938693232739124
  0.58152993935088848  0.59361827052817684  0.60549952800445050  0.61674228213408955
  0.62791317557561965  0.63896690475798146  0.64932396197228115  0.65974812980670194
  0.67067195492329335  0.68215918593633684  0.69513977170207197  0.70641925909228664
  0.71748797581702184  0.72827076066631913  0.73917241889574348  0.75009370053779023
  0.76053507693293521  0.77027972786298093  0.78030581723697079  0.79068909716017721
  0.80259832894507621  0.81350852648399041  0.82455520955519601  0.83524879918581685
  0.84512666901055145  0.85523054489300065  0.86510520637508870  0.87625690985579474
  0.88893511349097332  0.89951240211587247  0.90754917421710046  0.91561427803432383
  0.92402800191812384  0.93433469724152396  0.94657834554958242  0.95845332635257319
  0.96994488820007385  0.98074779538132151  0.99053197887065680  1.00000000000000000
 -0.00002353621183672  0.00002410594640825  0.00008593670937512  0.00016525603129211
  0.00025491586405624  0.00034953710930017  0.00045697256270434  0.00056537986890667
  0.00067371764849045  0.00075707388849981  0.00084629944073027  0.00094021805620804
  0.00103682151223164  0.00113812065608495  0.00124235860555630  0.00134252485148980
  0.00144197658822706  0.00154532062247854  0.00165625540540206  0.00176785441988947
  0.00187943118587185  0.00198983957027251  0.00210592930406912  0.00222155346190857
  0.00233705380572760  0.00245358708516765  0.00257318893659276  0.00269982645705129
  0.00283426410394272  0.00297425445024476  0.00311834893861824  0.00326724284432798
  0.00342230327150100  0.00358396941758222  0.00375514415934338  0.00391022404539055
  0.00406386051541682  0.00422312456669169  0.00438243519856446  0.00456390115110601
  0.00476203791573385  0.00495878746994629  0.00515948310815969  0.00534612642899232
  0.00552865377724533  0.00571907093112098  0.00591855383819310  0.00612419018054781
  0.00635174211146559  0.00660274775198839  0.00686690732899913  0.00715267973553811
  0.00745865419705239  0.00775707030036854  0.00804969302732473  0.00832889785047594
  0.00863010244084115  0.00894539642285897  0.00927361527708564  0.00960334536556142
  0.00991822596808657  0.01027938046314976  0.01072544713566119  0.01112526529601954
  0.01148411808436169  0.01183509588041788  0.01213947532836604  0.01242390512161601
  0.01272596458148645  0.01309288720569521  0.01344985244708451  0.01383777420766328
  0.01433022772251734  0.01503981523420731  0.01586526126392032  0.01668659456178634
  0.01743375532152730  0.01834597050792426  0.01947546642078658  0.02094750101941634
  0.02221379209720255  0.02314810108676749  0.02396524805537419  0.02484225628211472
  0.02576508526434210  0.02669276769196250  0.02775416979651905  0.02882058110563412
  0.03020972315492779  0.03220716268776386  0.03479458232851660  0.03942473060682832
  0.04807416633347383  0.05695582492925454  0.59541436608689469  1.00000000000000000
 -0.00312673182178976  0.01121885955345380  0.02263753783802898  0.03180556172901535
  0.04161931295481600  0.05056558877277478  0.05890130233932963  0.06692091247221035
  0.07441837385715672  0.08220045223384675  0.08986186537298574  0.09777216654439007
  0.10717574645672830  0.11756378479162263  0.12868552443304015  0.13995976966871260
  0.15038039400995742  0.16015976576778557  0.17092104550864362  0.18357516856985676
  0.19756983109037216  0.21183633574880076  0.22483690649621857  0.23519414913576131
  0.24423474426306330  0.25275829789160131  0.26068083315078017  0.26978466820932073
  0.27890374137120733  0.28806473803407873  0.29792301772350371  0.30854222224387734
  0.31963935319752862  0.33089309464854305  0.34272407519011422  0.35470465861871564
  0.36592306209499487  0.37706411424997183  0.38854685387229881  0.40161974772033315
  0.41484093572732711  0.42741764368242485  0.43877889773854561  0.44938105993453797
  0.45800610326194391  0.46758559525673221  0.47705438527857141  0.48704696017567772
  0.49779974066255389  0.50886948835907064  0.52138298518559556  0.53454287195515116
  0.54660608282725343  0.55948466744009140  0.57130379451343927  0.58430525205731865
  0.59697516954126673  0.60973941826904954  0.62088006693562048  0.63158215126942463
  0.64256157582731477  0.65466196628568729  0.66695200066499649  0.67765171898961618
  0.68700468035675644  0.69650967028953426  0.70737075553833639  0.71773819355353008
  0.72671699539431955  0.73599629553897961  0.74614886705538330  0.75756882350803612
  0.76789206245827557  0.77923919691128107  0.78925073947192415  0.79870643711165723
  0.80878292851201017  0.81842326398548260  0.82853453037778568  0.83924254893690686
  0.85133393367694599  0.86455430092741059  0.87677710273369069  0.88719379198792803
  0.89641300676665980  0.90486972703669888  0.91296065913832425  0.92054004949979995
  0.92820681448228015  0.93646399715481543  0.94564479838142435  0.95478128309504917
  0.96504650658825530  0.97697334957234616  0.98905277257423263  1.00000000000000000
  0.27186153023666682  0.39230366525316401  0.40348823966410263  0.41473798650760380
  0.42839179512173048  0.44267499153648721  0.45533789277142217  0.46839511941488321
  0.48038542397226275  0.49422005126079738  0.50528300090837852  0.51398258033671829
  0.52163469529764661  0.53025753787488106  0.54004990696283550  0.55051497275374317
  0.56208515672502901  0.57405172015482830  0.58432617633005102  0.59320754197438430
  0.60114508730558469  0.61043784129960621  0.61915313037376785  0.62788545093261350
  0.63628883683056325  0.64452654550150423  0.65116819627170786  0.65657288551041626
  0.66175289152339456  0.66760863373513657  0.67521583330731572  0.68189321462041774
  0.68857438540173910  0.69461245827957718  0.70100827584270586  0.70729752742763929
  0.71319837996861768  0.71963454624786372  0.72515941725167143  0.72960612086730614
  0.73339173347789177  0.73727049975793546  0.74122760675704669  0.74550759048097892
  0.75027727448016113  0.75482073151323081  0.75904691061303020  0.76306209274347558
  0.76766870837571133  0.77170792227705309  0.77551253364800965  0.77932497382409804
  0.78333659681026391  0.78736517929321026  0.79095204652421436  0.79463514626183029
  0.79847469587465658  0.80278648831637356  0.80778725906835835  0.81236142433723657
  0.81692048090181635  0.82124332747003059  0.82552945099560848  0.83025972531480075
  0.83467530334303963  0.83925501656989598  0.84415541962510454  0.84903276215722401
  0.85363867796207471  0.85816372633878013  0.86262015900341715  0.86690507308535714
  0.87134711764611117  0.87612625863315352  0.88110923473595693  0.88619692513012971
  0.89140735447677011  0.89689781229094812  0.90291725820375868  0.90903312284485394
  0.91520001228648318  0.92085914263650581  0.92585314736275293  0.93037397376352970
  0.93474448645894448  0.93900349369845726  0.94312393558882057  0.94785878910336641
  0.95257822328622732  0.95733397635392548  0.96217416255486010  0.96726238744285631
  0.97283533763602481  0.97921582908242477  0.98851753160310518  1.00000000000000000
 -0.02667140484719511  0.12370866267769579  0.15540831971362232  0.17654483045090180
  0.19318676605648891  0.20688989316052359  0.21780826577096440  0.22783692680813561
  0.23758743823554920  0.24853165704658142  0.25898286356714517  0.26945264848048217
  0.27919063807611738  0.28855039478203293  0.29762494440374987  0.30548538369119338
  0.31302054462774842  0.32052054338562691  0.32844971104974929  0.33610247802992071
  0.34324636477167553  0.35048908528693556  0.35781182124283750  0.36504409219054773
  0.37187559916165813  0.37809237696813497  0.38398191000363308  0.38992330728597485
  0.39620755920071915  0.40296549776462715  0.40895195505184190  0.41426832284296622
  0.41904895302007839  0.42401386137087715  0.42982875218892980  0.43557780504193366
  0.44079233069843471  0.44598170552651928  0.45084219364517492  0.45584732046492615
  0.46062851285531475  0.46617151205751384  0.47218038719569472  0.47822313301732977
  0.48414100302504026  0.48976651799907089  0.49527031347469108  0.50062891482788041
  0.50571509261856873  0.51105602997940425  0.51641208475608069  0.52149199392579282
  0.52627014412116302  0.53093798522738134  0.53600650628903512  0.54064462514189537
  0.54567992258129794  0.55101303175740790  0.55648607498469238  0.56218632829697091
  0.56838813211167905  0.57471518062853588  0.58079378648612712  0.58634049564762114
  0.59138387494672817  0.59634631188315224  0.60155621948501281  0.60710614556305997
  0.61256324915710803  0.61827162036745420  0.62410645677709298  0.62924344782148489
  0.63476835643275087  0.64105556462985880  0.64722616162107471  0.65332296037675519
  0.65908765002819036  0.66427993736218272  0.67009488894380420  0.67665824746324588
  0.68295066648423153  0.68936860032380110  0.69624138923686218  0.70428459483702199
  0.71297681140695512  0.72362506903739443  0.73447495127314377  0.74635963750386891
  0.75905270068242880  0.77129025975698418  0.78456301819764018  0.79842596121716802
  0.81440805757650614  0.83613356181445186  0.87438063171452551  1.00000000000000000
   4.5848816177685716E-004  -1.0000000000000000     
 F F F F F F F F F F F F F F F F F F F F F F F F F F F F F F F F F F F F F F F F F F F F F F F F F F F F F F F F F F F F F F F F F F F F F F F F F F F F F F F F F F F F F F F F F F F F F F F F F F F F F F F F F F F F F F F F F F F F F F F F F F F F F F F F
  <DiscreteSampler_grid>
  grouped_processes
  1 # 1 for a reference and 2 for a running grid.
  10 # Attribute 'min_bin_probing_points' of the grid.
  1 # Attribute 'grid_mode' of the grid. 1=='default',2=='initialization'
  0.0000000000000000 # Attribute 'small_contrib_threshold' of the grid.
  0.5000000000000000 # Attribute 'damping_power' of the grid.
 # binID   n_entries weight   weight_sqr   abs_weight
    10   10   2.286652225918396E+002   3.258578227644733E+005   2.286652225918396E+002
    16   10   2.286652225918396E+002   3.258578227644733E+005   2.286652225918396E+002
    22   10   2.286652225918396E+002   3.258578227644733E+005   2.286652225918396E+002
    28   10   2.286652225918396E+002   3.258578227644732E+005   2.286652225918396E+002
  </DiscreteSampler_grid>
