 -0.00249544617271706  0.00948969782060365  0.01964660140304030  0.03016479769467357
  0.04070810995595427  0.05125296008805998  0.06179910060157440  0.07234606683729219
  0.08288916519744595  0.09342752605032037  0.10396733916832600  0.11451032914387388
  0.12505910136703433  0.13560631572580667  0.14614103002038226  0.15667116963382535
  0.16718768602313233  0.17771777707881453  0.18824866342218785  0.19879096090570372
  0.20932075564875335  0.21985021680528494  0.23038396670575792  0.24093003445670783
  0.25146166103276490  0.26199291351041420  0.27252390498266310  0.28307055897974798
  0.29361552917963596  0.30416200798152238  0.31471144644976612  0.32525716171868729
  0.33579710696142290  0.34633397560999857  0.35687467936273948  0.36742096032603810
  0.37797094467667314  0.38852295586396279  0.39906987693694235  0.40961500118429878
  0.42015465200756225  0.43069863710406542  0.44124516044453116  0.45179634194404883
  0.46234858501852305  0.47289871853258303  0.48344219590403370  0.49398484393478809
  0.50452458028552560  0.51507144979054020  0.52561718990451844  0.53616538224173049
  0.54670476005516311  0.55723661321906570  0.56776589032880198  0.57829294817117094
  0.58882382402360645  0.59936043072237721  0.60989998219270425  0.62044007885910502
  0.63097608853432097  0.64151840529836324  0.65206377596417930  0.66261036150123742
  0.67316094399746851  0.68371232523246150  0.69425457326329265  0.70479674108608059
  0.71534030137249771  0.72589313278073653  0.73644571285738469  0.74699670258551321
  0.75754478029895667  0.76808092803781147  0.77861880052768262  0.78914933184902658
  0.79969261823538251  0.81023441667320528  0.82078216101485491  0.83132406906126322
  0.84186713099540766  0.85241192829008661  0.86296170165097386  0.87350593863499260
  0.88405088445191404  0.89458965039566340  0.90513160380068181  0.91567792960833361
  0.92622026130943147  0.93676489188158962  0.94730080371391445  0.95784572490355946
  0.96838985396242327  0.97892914340310411  0.98946775892887506  1.00000000000000000
 -0.00253423583387628  0.00946490183970219  0.01962276224372276  0.03014178128465218
  0.04069495245057342  0.05124470784508765  0.06179600979342953  0.07234732746577083
  0.08289791025693635  0.09344484899757979  0.10398247159973653  0.11451899398909678
  0.12506135293731932  0.13561262881832248  0.14615585799299416  0.15669422705435535
  0.16723158788495457  0.17777469459031561  0.18832008371572634  0.19886529968084934
  0.20941264348609531  0.21996014268841702  0.23051007165480922  0.24105546526608954
  0.25160178607945460  0.26214124012252127  0.27268176818813494  0.28322330508669313
  0.29376715402708925  0.30431620062037068  0.31486239904009500  0.32539965150456401
  0.33593398773683653  0.34646950534936044  0.35701272795620337  0.36755398015432256
  0.37809079372503235  0.38862613334238161  0.39916415673372235  0.40970501699766315
  0.42025256063182775  0.43080232708611060  0.44135238240594266  0.45190078678293416
  0.46244867293658815  0.47299171832768749  0.48353338279931551  0.49407405156389150
  0.50461980826409825  0.51515837609015702  0.52569725854323457  0.53623900489533083
  0.54678597187558708  0.55732271616894258  0.56785815886800817  0.57839644604174401
  0.58894587026988976  0.59949328047790251  0.61004244476346003  0.62059268230091669
  0.63114166507668512  0.64168385729095923  0.65222384825459956  0.66276818708797036
  0.67331617556874401  0.68385940764749520  0.69439749555669750  0.70493811420593799
  0.71547272720039334  0.72601493437657250  0.73654332037327497  0.74708429011323096
  0.75761443472016021  0.76815171648079628  0.77868368763398743  0.78922337343842786
  0.79976369818222159  0.81029788899162625  0.82083177257767004  0.83136614917191032
  0.84190478521136392  0.85244166872650173  0.86298581216881043  0.87352957506930529
  0.88407522239740322  0.89462003361600262  0.90516601821389264  0.91570585153689310
  0.92623774030270289  0.93676527224487893  0.94729887032986126  0.95783469153614509
  0.96838022402670909  0.97892229356824478  0.98946359377595539  1.00000000000000000
   2.5656135172477109E-008  -1.0000000000000000     
 F F F F F F F F
  <DiscreteSampler_grid>
  grouped_processes
  1 # 1 for a reference and 2 for a running grid.
  10 # Attribute 'min_bin_probing_points' of the grid.
  1 # Attribute 'grid_mode' of the grid. 1=='default',2=='initialization'
  0.0000000000000000 # Attribute 'small_contrib_threshold' of the grid.
  0.5000000000000000 # Attribute 'damping_power' of the grid.
 # binID   n_entries weight   weight_sqr   abs_weight
    10   10   1.322623097372511E+010   1.749331857703254E+020   1.322623097372511E+010
  </DiscreteSampler_grid>
