  0.00000483651701841  0.00000514413586055  0.00000538214510261  0.00000556406164089
  0.00000573878511326  0.00000587058349484  0.00000602725191510  0.00000625941275271
  0.00000649310189120  0.00000671642933607  0.00000693775786292  0.00000717156858017
  0.00000741331919011  0.00000766566907241  0.00000793034694343  0.00000819575545565
  0.00000847090507949  0.00000875045769750  0.00000903547148497  0.00000932098562606
  0.00000963120324718  0.00000996487642546  0.00001029824996067  0.00001065549822996
  0.00001102068951102  0.00001139004698574  0.00001176274553297  0.00001214071767556
  0.00001256195185909  0.00001304613053470  0.00001353825068348  0.00001403076776589
  0.00001453621934330  0.00001505378680374  0.00001562161627655  0.00001619976442253
  0.00001683342119918  0.00001749284526906  0.00001814862735110  0.00001879605748606
  0.00001948304340163  0.00002023794480723  0.00002101693192029  0.00002186674887517
  0.00002279069039089  0.00002384462871934  0.00002489060671852  0.00002598240385319
  0.00002717749921892  0.00002837595484235  0.00002964832812062  0.00003101285686489
  0.00003243533330436  0.00003395505295663  0.00003559140660798  0.00003733420070021
  0.00003926312798176  0.00004143531738384  0.00004377949300993  0.00004632091657736
  0.00004897839986633  0.00005178132860257  0.00005482589708368  0.00005829939645319
  0.00006232187639086  0.00006681237325408  0.00007163318973005  0.00007672620078564
  0.00008225864350983  0.00008860525957379  0.00009565901161205  0.00010422332921996
  0.00011410466605200  0.00012544503192895  0.00013921984012303  0.00015444587265062
  0.00017259310836735  0.00019401084769949  0.00021794444524376  0.00024460064216873
  0.00027557772917268  0.00031477750050505  0.00036543062367219  0.00043073416502611
  0.00051514169588257  0.00062323926962261  0.00076475621207934  0.00095412931888885
  0.00120872681580143  0.00157007078066559  0.00213884347110860  0.00317511983527038
  0.00475434852933440  0.00863116076435502  0.11973792536243869  1.00000000000000000
  0.00000504907200356  0.00000597833496274  0.00000649056448778  0.00000680227576689
  0.00000718781348094  0.00000757450528826  0.00000795087665617  0.00000839872326150
  0.00000878486256640  0.00000918626734541  0.00000960732654620  0.00001004880863042
  0.00001054231027364  0.00001102580582431  0.00001151128242963  0.00001199639745630
  0.00001254360048141  0.00001316418690865  0.00001379889359610  0.00001447087394445
  0.00001517172678837  0.00001589482377104  0.00001664717868786  0.00001752662820959
  0.00001842260789767  0.00001935873704836  0.00002032485471917  0.00002131478414303
  0.00002235464277969  0.00002348901693797  0.00002472136795656  0.00002605693081439
  0.00002754258524392  0.00002916380081154  0.00003096145205851  0.00003284528112791
  0.00003473514613803  0.00003662807239003  0.00003859936638040  0.00004072989049622
  0.00004295999701818  0.00004523926185579  0.00004760619640869  0.00004998350397867
  0.00005259592533732  0.00005542165000343  0.00005843668236306  0.00006157900091202
  0.00006480889592023  0.00006828207957969  0.00007204407688912  0.00007602455550114
  0.00008042337570989  0.00008522628090865  0.00009046040605532  0.00009612789595156
  0.00010191377386295  0.00010802556831811  0.00011484886375505  0.00012225298771859
  0.00013067059844903  0.00013982960820352  0.00014984234680731  0.00016070278256911
  0.00017053677273718  0.00018058644714012  0.00019158268214010  0.00020495763116571
  0.00022112321353160  0.00023964970585128  0.00026097343650407  0.00028430043226701
  0.00030987242941108  0.00033985109260598  0.00037609613385436  0.00041662176959046
  0.00046173335744458  0.00051203238571828  0.00056852155602724  0.00063085514289552
  0.00069670696759978  0.00077702959472701  0.00087441824342612  0.00099145060942179
  0.00114882270055322  0.00131856711126897  0.00150954646948301  0.00172678375006390
  0.00204409408698806  0.00267488357143634  0.00373453065824423  0.00549960054367061
  0.00829408671232972  0.01751101849818897  0.28287692767646727  1.00000000000000000
  0.00000636754397583  0.00000947672740008  0.00001300265165943  0.00001602228480763
  0.00001824524882805  0.00002031388823670  0.00002247747589650  0.00002501145390615
  0.00002770935510564  0.00003048902027412  0.00003345186722975  0.00003653031951914
  0.00003970415054533  0.00004295415758213  0.00004626015959223  0.00004962100894529
  0.00005310606394491  0.00005672231086458  0.00006044250527785  0.00006424837314967
  0.00006822728591675  0.00007237729118761  0.00007671635964479  0.00008129532555240
  0.00008596777250017  0.00009071426374690  0.00009575099368035  0.00010074952578720
  0.00010605744353897  0.00011162934318222  0.00011755678798655  0.00012420474150628
  0.00013167587555356  0.00013961030599301  0.00014771968235522  0.00015604382565569
  0.00016458545656056  0.00017379926652801  0.00018330429729760  0.00019302341523637
  0.00020285173201575  0.00021313861572184  0.00022468054425532  0.00023775928859598
  0.00025130012682156  0.00026542850742825  0.00028053628567857  0.00029632169214563
  0.00031462452662474  0.00033354988698270  0.00035383416369060  0.00037663749952453
  0.00039976640225858  0.00042801102489013  0.00045643871938895  0.00048660709445102
  0.00051957200405527  0.00055472484632277  0.00059250379947007  0.00063443812636165
  0.00068018712312903  0.00072636819792540  0.00077199065181782  0.00082007032363468
  0.00087224944976779  0.00093117755545941  0.00099588992028850  0.00106679267462145
  0.00114997375863139  0.00124013167186290  0.00133219082682371  0.00143129953655446
  0.00154323822917753  0.00167863008556268  0.00183886297970648  0.00200346649810957
  0.00217064953464869  0.00233252608147386  0.00251102232787022  0.00272342654121033
  0.00298050960160282  0.00329032062055255  0.00367151712694674  0.00401487646235740
  0.00426658550887117  0.00450741212957714  0.00477735160916467  0.00508199164371795
  0.00580610516784410  0.00730779608783809  0.00911781488756012  0.01045531357037913
  0.01193435397639829  0.01324139952975469  0.21702613171009461  1.00000000000000000
 -0.00257063469297068  0.00843873179309815  0.01838197148875515  0.02835217727663524
  0.03847206650692017  0.04840507514319631  0.05788599130316457  0.06685878011164756
  0.07554174112345566  0.08449234414498828  0.09382374855385447  0.10310459983402714
  0.11204992791855763  0.12075536164201550  0.12966565323138352  0.13863733417791230
  0.14730473876194236  0.15559785846044583  0.16399982954329809  0.17271387129428661
  0.18182558350960998  0.19095265904029987  0.20095101057257941  0.21089892638078073
  0.22097051279724145  0.23062553014586037  0.24057335757417231  0.25080497192458567
  0.26168148770168337  0.27244199056321861  0.28358062515318594  0.29416939661904856
  0.30472482369779724  0.31496108815729551  0.32569845549991294  0.33722290953402118
  0.34877745631869583  0.36021907579605855  0.37184320730172887  0.38368928437991817
  0.39564093198605971  0.40765561551229496  0.42007192859609471  0.43274147250072093
  0.44563856980690636  0.45811155817235027  0.47018496551636202  0.48216699482317388
  0.49455190152932116  0.50724339869487034  0.51979024441034416  0.53240766885058344
  0.54474896863128686  0.55663213924886845  0.56820799176363201  0.57948504764578612
  0.59047815598179942  0.60228692186930832  0.61335223518556592  0.62435668160287194
  0.63515902144533365  0.64646577756529555  0.65680737373967724  0.66713446052061387
  0.67853599564592870  0.69062237566038176  0.70160197799993229  0.71241688740622633
  0.72364991632453668  0.73471432568947426  0.74552561740356293  0.75656292500740141
  0.76758861881884410  0.77831680959974825  0.78892193631108110  0.79939349882455979
  0.81005790619967233  0.82114813668509712  0.83276024550395777  0.84412445415420068
  0.85493533104476471  0.86565290420433327  0.87667444204897782  0.88731691581266037
  0.89749658079725958  0.90723094550402439  0.91656751067418463  0.92582863474625832
  0.93493866392563840  0.94419301565258940  0.95360739735800348  0.96314828598048063
  0.97242045617331951  0.98150384084853326  0.99061593072392340  1.00000000000000000
 -0.00218404852621618  0.00877454513435539  0.01867020634788227  0.02842929591681414
  0.03837852653440801  0.04798451896155653  0.05773364831799679  0.06713286550757397
  0.07787048973925415  0.08813646083461678  0.09807287672204727  0.10734663962954717
  0.11678044959349033  0.12640726673670344  0.13562441311638276  0.14517559656993934
  0.15504466236798575  0.16432318576118990  0.17374155853244638  0.18283282720658572
  0.19404387725107761  0.20651759760136343  0.21924641821230112  0.23197576790076943
  0.24423144688105383  0.25515494404509997  0.26483337369212478  0.27404134845920686
  0.28359086442181658  0.29379678213654004  0.30377954376108895  0.31344589322194966
  0.32322119345822015  0.33308936918165122  0.34306538747838977  0.35285455079912964
  0.36369410017533199  0.37486847678662932  0.38614969701657625  0.39748707741776496
  0.40880278277054510  0.42010022199132119  0.43159112134689787  0.44294478994290537
  0.45350958986303364  0.46357394275068992  0.47310956350440997  0.48239980257252357
  0.49160021237961377  0.50090843151943820  0.51108957735631577  0.52173290713298448
  0.53228934484075463  0.54289004093312021  0.55376651029429547  0.56535544846866004
  0.57747024296041505  0.58894274337939456  0.60079595978610523  0.61342718166106713
  0.62644878978606411  0.63895938269290098  0.65050574239294012  0.66168279579746303
  0.67191312162850458  0.68182675176694552  0.69198533694518227  0.70258907354163735
  0.71333210708428407  0.72381579360574322  0.73487263912311551  0.74530368790735047
  0.75549713299628618  0.76558912401740997  0.77584888315446798  0.78691529735736299
  0.79784344237054439  0.80882802991133684  0.81986596335683637  0.83039035011978490
  0.84088462458401314  0.85083707685476428  0.86061791594748238  0.87074613233977105
  0.88147293963354967  0.89215223615046191  0.90214063341677775  0.91207121334047558
  0.92226885629891298  0.93357570971360349  0.94526332882342468  0.95660550229860020
  0.96698089917946350  0.97746665069981453  0.98838838504896775  1.00000000000000000
 -0.00284131441107645  0.01073544322476609  0.02223023551064317  0.03359885871309714
  0.04550632124809525  0.05822484205547972  0.07004413256931812  0.08130476617888259
  0.09155254177173182  0.10188475495783256  0.11253600134858960  0.12370732286835462
  0.13508747671147306  0.14585041917496014  0.15681277714909925  0.16691849579082671
  0.17771779578786284  0.18790713096496384  0.19845654073664554  0.20835812870438614
  0.21844297731641110  0.22853654548924915  0.23872180103198745  0.24957190222360690
  0.26069165785337411  0.27184437128110528  0.28259970106965815  0.29407317640992781
  0.30628817278567572  0.31820240704315095  0.32951219070915749  0.34013773320485791
  0.35047467406414540  0.36099022909659306  0.37173628225077360  0.38190760975559673
  0.39098546986139227  0.40008998509744842  0.40984836652426704  0.42030010223337971
  0.43072948230189240  0.44201963801384514  0.45339580956063641  0.46553604330261211
  0.47770870561458906  0.48725362085028101  0.49667919803736404  0.50625953199310991
  0.51498114700077091  0.52327344993356495  0.53164368725069222  0.54102636910791968
  0.55255091721495186  0.56439044550438933  0.57560460257574020  0.58671879749981504
  0.59849328872151986  0.61035282471257790  0.62151700042376246  0.63269469381681831
  0.64386443826948048  0.65467173336491435  0.66557379730023336  0.67675258365657864
  0.68790524025951916  0.69813808941170730  0.70792323043721117  0.71728727614997378
  0.72680251417974706  0.73687804863792195  0.74708288376633336  0.75760365165837373
  0.76829733938745792  0.77901105049936181  0.79004921187560306  0.80132603482371201
  0.81237699930325902  0.82234105555662085  0.83211849422373185  0.84241396728756024
  0.85296798435705989  0.86284863028762859  0.87196552979595998  0.88085215952871720
  0.88879681238746111  0.89780140898680427  0.90675071521941486  0.91656362398676505
  0.92688229830017377  0.93744692396744200  0.94840193354012281  0.95832829971573996
  0.96828939964483463  0.97895709014465804  0.98951190937764555  1.00000000000000000
 -0.00013140155938670  0.00043989186395761  0.00086740908763889  0.00119847212944851
  0.00147771634425199  0.00176031417744221  0.00204579105597997  0.00232730620226785
  0.00260197201888179  0.00286293394760857  0.00311854688189775  0.00336566195398958
  0.00359117956160235  0.00382132981946771  0.00405360219459903  0.00428690503219836
  0.00451003052145594  0.00473620691788703  0.00496321682184829  0.00518609337382265
  0.00541746784450069  0.00565567548098373  0.00590179869199325  0.00616913696624617
  0.00643101038413148  0.00668201226167447  0.00692053796178694  0.00715561726623042
  0.00739010091069813  0.00762410925187149  0.00785801674564000  0.00809580966178955
  0.00834271827903551  0.00859876601096392  0.00886254198394357  0.00912960273601321
  0.00941945374675570  0.00968795613872594  0.00996437124245207  0.01029189961295723
  0.01057219988982823  0.01087535847272190  0.01119989447735568  0.01151408868115105
  0.01183292611801042  0.01217378805256303  0.01250535559709686  0.01284638822063959
  0.01327735187944772  0.01373459497199716  0.01419869310939384  0.01463191673794570
  0.01502397052102141  0.01542871035580585  0.01569899157324590  0.01592322785509710
  0.01614065253032842  0.01636409293429582  0.01665797871378578  0.01708197271163209
  0.01759587838942491  0.01818373247551107  0.01880166193839243  0.01928171290254226
  0.01975360546401560  0.02014233940046583  0.02068634265325859  0.02140497424621529
  0.02229851819715566  0.02315387057454397  0.02384413339541130  0.02441153371757820
  0.02493255090564785  0.02573690465317610  0.02665304447676727  0.02922914865243361
  0.03050845002556192  0.03155526557258166  0.03243704177559016  0.03343784977034201
  0.03469049620132294  0.03546811814676505  0.03629389797906889  0.03706678584082169
  0.03805023093618080  0.03934129047442816  0.04053188848027024  0.04225443130447174
  0.04358095086285912  0.04620468253411052  0.05054899312776004  0.05538080029897407
  0.06197666926701594  0.07081685101532029  0.35029141056318314  1.00000000000000000
 -0.00205175868912131  0.01094770399989629  0.02300497175328831  0.03516085320220664
  0.04790304302177521  0.06063252004750239  0.07478974865052269  0.08942178094119548
  0.10348683092507083  0.11603132274517354  0.12809389269391427  0.14057708966655125
  0.15335512786516795  0.16562635244984381  0.17747873845437354  0.18951258586714279
  0.20105651874397698  0.21259252447744462  0.22413258036364223  0.23641473011337677
  0.24908385448039652  0.26132066610700661  0.27236166827745334  0.28271726621274745
  0.29376350122313938  0.30529878726571419  0.31595078843389202  0.32619392169062034
  0.33712231559787997  0.34923857959037186  0.36021230557508460  0.37009128684464937
  0.38040323645884810  0.39107089658659888  0.40111927404464526  0.41049486828130144
  0.41975700211239386  0.42921232712192148  0.43809350215928644  0.44632929836872481
  0.45457061880861810  0.46283176390542280  0.47111258707870551  0.47910597884352257
  0.48677309855142614  0.49451267720509745  0.50226753223245568  0.50955132709557316
  0.51660676517388504  0.52386971945048433  0.53157763964472027  0.53960010131713498
  0.54753615062786465  0.55543727069009941  0.56355463526882321  0.57282138635038016
  0.58198576025462001  0.59122060635865337  0.60067763896123982  0.60990208898001352
  0.61847854352572562  0.62740319043245441  0.63647552961437215  0.64633716826356657
  0.65550462481136962  0.66462476283999616  0.67393195461404543  0.68425793112363920
  0.69547226428689246  0.70654646103260899  0.71834656921650697  0.73040529366062612
  0.74171424379228168  0.75314755300129210  0.76461042117018718  0.77565065945713685
  0.78744671761447915  0.79952879157838797  0.81338072059744548  0.82518190738915864
  0.83600857476075852  0.84500929412364134  0.85368345623392217  0.86211591716372005
  0.87191786075594646  0.88291345281125222  0.89480143581583560  0.90645717036343643
  0.91807976922826251  0.92968918215016982  0.94167576871227754  0.95350910137023492
  0.96547394875745363  0.97745444287778482  0.98904398541560778  1.00000000000000000
  0.08254238093543506  0.13425581662995356  0.15777805309555815  0.17730915353957954
  0.19434608749032031  0.21028222478589273  0.22446631240807738  0.23511794866317215
  0.24360938400854779  0.25305411360688568  0.26252870922349936  0.27239352170340947
  0.28021357521537194  0.28867586979394916  0.30034084487305018  0.31590950837768389
  0.32881528294317269  0.34088343079185018  0.35189286882869275  0.36262575388242035
  0.37349483122768229  0.38507727260704178  0.39704446983721348  0.40848815791274773
  0.41941882992874652  0.42923372581874131  0.43813845241831356  0.44754478942972598
  0.45801540819895176  0.46890420089057500  0.47885938773016756  0.48839404684882637
  0.49786235098545051  0.50727049036099814  0.51659383466337749  0.52610663875754138
  0.53597580920387888  0.54511990910377994  0.55339001905968643  0.56155652289959967
  0.56967011213100827  0.57738697546539719  0.58483319610259510  0.59231181592393156
  0.59998256617100909  0.60829986931659485  0.61717661777901378  0.62590231994631174
  0.63432693522745032  0.64245432655847456  0.65006147461381925  0.65729922713724731
  0.66445031888564476  0.67169072975290944  0.67915624370212002  0.68657401396062201
  0.69371250359908398  0.70087829933069357  0.70812059487271306  0.71559761108821474
  0.72292237541391713  0.73016732408543061  0.73733391923600622  0.74496445854738214
  0.75289114057478224  0.76076728445350017  0.76840063454450191  0.77576627556001876
  0.78322945087233231  0.79062220700690489  0.79793984834413267  0.80529187197104912
  0.81279986272053129  0.82040398942979709  0.82809413309340996  0.83566637893810203
  0.84308032626890950  0.85048217121569503  0.85801120092937766  0.86562768784135680
  0.87325216618935420  0.88088821244221682  0.88825254283226518  0.89539949893999227
  0.90259090939385245  0.90974004760873517  0.91735664448173604  0.92539822211021461
  0.93343033181754409  0.94108201234863453  0.94888348863456506  0.95724795260021267
  0.96579228950297147  0.97508954700258688  0.98580729745191498  1.00000000000000000
 -0.01987700204230249  0.13111891875696177  0.17852801821246037  0.20976617243821655
  0.23414189222809800  0.25510263910329056  0.27471057491049589  0.29207748132608358
  0.30720496192259139  0.32101831571207090  0.33488253614501229  0.34727128241967420
  0.35897375240029572  0.36930740994595740  0.37917667968497742  0.38870999291182107
  0.39804360183724785  0.40732157420288967  0.41668308532435450  0.42609898323326695
  0.43513020593011709  0.44376397902984416  0.45225874205724420  0.46085108086097903
  0.46968039895872205  0.47862325515785187  0.48733710239279437  0.49558271432459750
  0.50344677060684861  0.51124692746072875  0.51911884991365542  0.52674038742422391
  0.53392497512590764  0.54095659761451453  0.54726396333426497  0.55369635689663366
  0.55953526672300513  0.56533701812807513  0.57105601628527070  0.57685159728853630
  0.58278377860756370  0.58853675644122017  0.59423453514711666  0.59985211443657305
  0.60531933314998876  0.61069922018369260  0.61622782871554660  0.62188853066630889
  0.62739932139364585  0.63269572296288878  0.63788947924989314  0.64319471032475728
  0.64872537483945814  0.65438218967700146  0.65994763693131187  0.66545460987225469
  0.67110819929687493  0.67681109550931351  0.68240583531705634  0.68817777331498375
  0.69442892818001389  0.70048881117102924  0.70630038632296377  0.71199139185028604
  0.71762181805570890  0.72327986569793956  0.72916600309378077  0.73391144344649595
  0.73812637791016178  0.74230633855964068  0.74652396840694735  0.75097285675430758
  0.75674323000146448  0.76302579831230022  0.76890249065187344  0.77477470680475602
  0.78035676597306902  0.78619035913944224  0.79200705762208690  0.79765397931078197
  0.80335447633376678  0.80919375118313241  0.81532381135569743  0.82172740472298755
  0.82812153909123232  0.83488721252287001  0.84256526231302231  0.85052240582793581
  0.85892352310899855  0.86793822746431670  0.87822854659817284  0.89024133403842964
  0.90358883123319000  0.91939441982067382  0.94314167182372066  1.00000000000000000
   3.2369801015000045E-004  -1.0000000000000000     
 F F F F F F F F F F F F F F F F F F F F F F F F F F F F F F F F F F F F F F F F F F F F F F F F F F F F F F F F F F F F F F F F F F F F F F F F F F F F F F F F F F F F F F F F F F F F F F F F F F F F F F F F F F F F F F F F F F F F F F F F F F F F F F F F
  <DiscreteSampler_grid>
  grouped_processes
  1 # 1 for a reference and 2 for a running grid.
  10 # Attribute 'min_bin_probing_points' of the grid.
  1 # Attribute 'grid_mode' of the grid. 1=='default',2=='initialization'
  0.0000000000000000 # Attribute 'small_contrib_threshold' of the grid.
  0.5000000000000000 # Attribute 'damping_power' of the grid.
 # binID   n_entries weight   weight_sqr   abs_weight
    10   10   1.566806904805661E+002   9.677590543733048E+004   1.566806904805661E+002
    11   10   1.566806904805661E+002   9.677590543733048E+004   1.566806904805661E+002
    16   10   1.566806904805660E+002   9.677590543733042E+004   1.566806904805660E+002
    17   10   1.566806904805660E+002   9.677590543733042E+004   1.566806904805660E+002
    22   10   1.566806904805661E+002   9.677590543733044E+004   1.566806904805661E+002
    23   10   1.566806904805661E+002   9.677590543733044E+004   1.566806904805661E+002
    28   10   1.566806904805661E+002   9.677590543733056E+004   1.566806904805661E+002
    29   10   1.566806904805661E+002   9.677590543733056E+004   1.566806904805661E+002
    34   10   1.566806904805661E+002   9.677590543733053E+004   1.566806904805661E+002
    35   10   1.566806904805661E+002   9.677590543733053E+004   1.566806904805661E+002
    40   10   1.566806904805661E+002   9.677590543733044E+004   1.566806904805661E+002
    41   10   1.566806904805661E+002   9.677590543733044E+004   1.566806904805661E+002
  </DiscreteSampler_grid>
