  0.00000011946268871  0.00000016923045924  0.00000021361266716  0.00000025764199455
  0.00000030260312833  0.00000034846402088  0.00000040355918552  0.00000046263733165
  0.00000052556969481  0.00000059066040496  0.00000067242208757  0.00000076179142741
  0.00000085702444435  0.00000096200409314  0.00000107415196424  0.00000119569602193
  0.00000133297669238  0.00000147904180959  0.00000163326843509  0.00000179413468303
  0.00000196181825201  0.00000213870880519  0.00000232631065299  0.00000252516421061
  0.00000273347249441  0.00000295160435842  0.00000318608867004  0.00000343131895437
  0.00000367428369679  0.00000391607731988  0.00000416160380414  0.00000442076023389
  0.00000469068788508  0.00000496297202920  0.00000524495250534  0.00000555380537361
  0.00000588486645016  0.00000624088175397  0.00000661901374256  0.00000700142440577
  0.00000742882670894  0.00000789775959256  0.00000841182137331  0.00000900221962810
  0.00000967749810861  0.00001041005791538  0.00001122702591592  0.00001208810351845
  0.00001296373848233  0.00001380360608214  0.00001468256487724  0.00001560615246586
  0.00001656772869576  0.00001755929872422  0.00001856521947771  0.00001970428413597
  0.00002097440098704  0.00002236680665524  0.00002391031999657  0.00002563419488896
  0.00002760919565896  0.00002964740085240  0.00003195674803971  0.00003419876842646
  0.00003648652404293  0.00003889586346518  0.00004144627942455  0.00004415479282382
  0.00004716971554249  0.00005049098821676  0.00005441893441758  0.00005863008213047
  0.00006330848045041  0.00006839575024140  0.00007444610692974  0.00008076770106795
  0.00008804529682265  0.00009583443173749  0.00010441280222403  0.00011544761214246
  0.00012788475246236  0.00014104347377263  0.00015621925103987  0.00017453834250571
  0.00019764548323782  0.00022664439104237  0.00026522721938829  0.00031897435356785
  0.00038700428110241  0.00048201589961824  0.00062374038082014  0.00087878091378731
  0.00143214887581989  0.00308776805890987  0.38626210227901536  1.00000000000000000
  0.00001436993579273  0.00002987867120731  0.00003919361601493  0.00004470475020540
  0.00004750215488353  0.00005096287983929  0.00005523255318533  0.00005999085522622
  0.00006432416620734  0.00006884954270500  0.00007339080866370  0.00007893695051229
  0.00008464498612456  0.00009081890527121  0.00009720211077447  0.00010367581529029
  0.00011047275036196  0.00011769490330002  0.00012530789087975  0.00013316974743574
  0.00014313278865663  0.00015159820359381  0.00015898360025489  0.00016624606208065
  0.00017390702767040  0.00018271130354480  0.00019495620619870  0.00020694867181146
  0.00021876150434196  0.00023158494987793  0.00024398224054042  0.00025704589845593
  0.00027098559660718  0.00028534668781097  0.00029866413457373  0.00031250815864994
  0.00032660547186521  0.00034222238540921  0.00035845679072212  0.00037562351647948
  0.00039284678543590  0.00041018877740230  0.00042748337391381  0.00044560082930885
  0.00046500584114409  0.00048527525931005  0.00050638198760412  0.00052934887669161
  0.00055402135785330  0.00057841046617461  0.00060553526591476  0.00063457417276001
  0.00066376659486900  0.00069433127880822  0.00072792647149279  0.00076202625728056
  0.00079886948569103  0.00083665813633141  0.00087449780651071  0.00091131874639461
  0.00094994885277690  0.00098994979681624  0.00103304448491270  0.00108161230430708
  0.00113228083501251  0.00118262058245540  0.00123486742797644  0.00129197354220220
  0.00135343800031849  0.00141947881880512  0.00149359535173142  0.00157607534638273
  0.00166370159409625  0.00175827418016096  0.00185659834604307  0.00196097506939723
  0.00207551322839926  0.00220364448431098  0.00235495066572685  0.00252402284463165
  0.00270218990870190  0.00290680624293219  0.00315126582295817  0.00345176248236203
  0.00379515386409079  0.00419402116128244  0.00459606441709211  0.00507819062488131
  0.00567970337932194  0.00633897496834305  0.00711719444607390  0.00842742110897222
  0.01108534733657900  0.01783427270979802  0.49763640042498203  1.00000000000000000
  0.00000002986189588  0.00000003743720064  0.00000004362789616  0.00000005114348499
  0.00000006333332722  0.00000007768143555  0.00000009098524803  0.00000010384141387
  0.00000011681299130  0.00000013056346635  0.00000014624294504  0.00000016397017227
  0.00000018045490937  0.00000019932208362  0.00000021897242077  0.00000023867762337
  0.00000026147830292  0.00000029086339241  0.00000032351689851  0.00000036093789838
  0.00000040306911881  0.00000044983921442  0.00000049074341545  0.00000053152631192
  0.00000057768078798  0.00000062482187644  0.00000066825797089  0.00000072344710554
  0.00000079596029184  0.00000088189031638  0.00000097612236705  0.00000108304114282
  0.00000120807882033  0.00000135340798718  0.00000152176150632  0.00000171851150408
  0.00000193444014000  0.00000215856367976  0.00000240583467559  0.00000266848423839
  0.00000295196949603  0.00000328125884431  0.00000366347613437  0.00000409013142257
  0.00000456632155182  0.00000510967660177  0.00000572002931590  0.00000639339931914
  0.00000713236262262  0.00000793712877733  0.00000882527144779  0.00000976074512733
  0.00001085775740825  0.00001215898122725  0.00001354494424806  0.00001509649765178
  0.00001684854237610  0.00001882777247852  0.00002101898412605  0.00002344708903102
  0.00002598587461312  0.00002890304816680  0.00003225213988471  0.00003605468061267
  0.00004120189708098  0.00004678126893727  0.00005327096311790  0.00005990471321536
  0.00006758480301273  0.00007606482461206  0.00008639674201949  0.00009830622567733
  0.00011158203631536  0.00012730464188604  0.00014640285132542  0.00016949612836169
  0.00019662522874622  0.00022860722290611  0.00026600357975381  0.00031355870313577
  0.00037357638473962  0.00044703713327504  0.00052892135618117  0.00061481204593345
  0.00071463746178907  0.00083353698813561  0.00099388248761441  0.00120780343294013
  0.00148615840096968  0.00189637265919819  0.00254729860852639  0.00346729245618854
  0.00490784522434343  0.00746623421391592  0.06831473704421852  1.00000000000000000
 -0.00235931768890393  0.00775044092373793  0.01720755663470937  0.02872415286447118
  0.04069965563101566  0.05199288927634668  0.06212349687091737  0.07129919045693317
  0.07975979168326350  0.08811946764826489  0.09665410194228183  0.10575764769174681
  0.11585536530943072  0.12718914334313314  0.14000493749964979  0.15119630639118012
  0.16048638675408108  0.16938108845606123  0.17875233617695332  0.18926180924821701
  0.19855013755742884  0.20782325914196090  0.21733345601944229  0.22701057547625542
  0.23700332895714546  0.24746240602340253  0.25987260511849042  0.27250202849650773
  0.28388769048944157  0.29425924452955859  0.30381131179027998  0.31260712154267872
  0.32045072880200060  0.32792703855890831  0.33598406081022386  0.34413040108595039
  0.35374294694709402  0.36395160462616222  0.37453533570219438  0.38600922597541731
  0.39725075582446984  0.40885001672127741  0.41959987092460832  0.43046726856076428
  0.44135374261502208  0.45099512908342460  0.46030186974353876  0.47020217118322688
  0.48173750447578217  0.49301427060903230  0.50389651515520539  0.51445148562607479
  0.52635921142550468  0.53867085128659087  0.55072606185078710  0.56262334205481535
  0.57404700926516350  0.58521821811345209  0.59558379023209507  0.60550098453660217
  0.61525960301141602  0.62533490532363889  0.63641003661802953  0.64817317234757621
  0.66020869181692210  0.67220968392843772  0.68448134899337798  0.69620293060321292
  0.70764686612268157  0.71908443351748608  0.73048591001907526  0.74224307049065708
  0.75453871795887817  0.76804367611470747  0.78152209116924409  0.79472180388145419
  0.80745827622090305  0.81967554175937452  0.83129633136409331  0.84168113942383271
  0.85188521115491000  0.86093509106074895  0.86981942782990829  0.88078834725084487
  0.89192832861161742  0.90293095504422216  0.91331732452587777  0.92371679102409221
  0.93508984332769018  0.94648133424666503  0.95644123403417980  0.96472260076583305
  0.97243145006535014  0.98053724327466973  0.99020024619502445  1.00000000000000000
 -0.00277426597076186  0.01061732077511025  0.02227645035214274  0.03537837866176652
  0.04722956200025713  0.05919123889259648  0.07095485448664994  0.08296891511777899
  0.09469247340363642  0.10595939227695825  0.11870036353855089  0.13154468031310060
  0.14466921761280913  0.15651767148647272  0.16728256509817652  0.17696705432061524
  0.18655788871379975  0.19641855947649597  0.20681024090886291  0.21740369472565005
  0.22732437491574570  0.23678647197980324  0.24594305079347803  0.25510542984762191
  0.26516266439002262  0.27567311405238981  0.28653667937369093  0.29788610174547203
  0.30953872951026112  0.32030964721936028  0.33051468408874329  0.34009696248267518
  0.34986168342822449  0.36031068454937404  0.37075112173728075  0.38076754667773088
  0.39065549006550360  0.40161774520051680  0.41363182007925070  0.42518117291537771
  0.43577175421497238  0.44561276458804000  0.45482523730681340  0.46329048205069090
  0.47129610693402535  0.48004690365052488  0.48877948416270484  0.49780218709586371
  0.50748845583402269  0.51741028086138618  0.52742200991345889  0.53722573805404894
  0.54647851047185059  0.55629862615561232  0.56705676859880072  0.57867878914092108
  0.59096622394111409  0.60252457317191710  0.61273186929724044  0.62272438938019636
  0.63300757039924616  0.64404540441184133  0.65476635272913775  0.66506708322299080
  0.67530273895149617  0.68552713112863206  0.69548472617113744  0.70571300988648378
  0.71675001287438711  0.72776058255407849  0.73774134091043275  0.74618517334201750
  0.75372649686323845  0.76173966188037612  0.77025895551145451  0.77913183373217909
  0.79069153587641527  0.80218214162244916  0.81378937193620116  0.82535458374452264
  0.83636616596573687  0.84809539976344528  0.86050458358538628  0.87319754584064291
  0.88561123481602466  0.89680136147587775  0.90689094539443615  0.91649698696514459
  0.92565685911318840  0.93507904675307940  0.94517886097255344  0.95532106619892254
  0.96579858358495740  0.97688897621429871  0.98841720514715437  1.00000000000000000
 -0.00465367105610927  0.02145377807320084  0.04216004121078481  0.06704728540465707
  0.09695505031475143  0.12583469981164569  0.14837340990812645  0.16616439513777953
  0.18199857742459047  0.19499621144954646  0.20574750897575456  0.21552942229667421
  0.22484801349707201  0.23587052533480132  0.24569534783112773  0.25508039841078001
  0.26436262386029918  0.27515867560007029  0.28845026924656392  0.30070507338289693
  0.31352669478879047  0.32298122577664989  0.33260384364033097  0.34158285130675742
  0.35096960769719099  0.36038572171042826  0.36880543098656626  0.37759052770471468
  0.38721624618405759  0.39762719010529540  0.40799003568767717  0.41822730060587843
  0.42826265049869650  0.43782697154354455  0.44647421200277204  0.45500694668787561
  0.46375846304666662  0.47165127604145418  0.47830769163578024  0.48496691363237099
  0.49151987563998972  0.49939664090489005  0.50782012890506212  0.51622994388934551
  0.52478295242884965  0.53315029941463421  0.54186588621738208  0.55072250679459744
  0.55969873449229213  0.56871439222356091  0.57711566120081803  0.58496684278647804
  0.59273265398220443  0.60106497914028578  0.60992369920045619  0.61850914272571333
  0.62629285998538964  0.63373137411135372  0.64147503154571173  0.64970230483081770
  0.65881519457563165  0.66808234425957114  0.67736523103612933  0.68661712473789882
  0.69526961327472558  0.70420324478914986  0.71296003853374657  0.72135104649340065
  0.72931168463714058  0.73663046833666146  0.74348572856919426  0.75052462768805916
  0.75838527938663514  0.76746338758563826  0.77719589270960032  0.78648380466424828
  0.79511425065789743  0.80375570433936050  0.81208669495694752  0.81930459764157948
  0.82651056989152705  0.83412073837615774  0.84194934886696804  0.84967017181325577
  0.85749545443072794  0.86566023118397351  0.87526628871228462  0.88691179437588374
  0.89961666642496219  0.91164617081764476  0.92241201809997930  0.93214870471242328
  0.94210128113393554  0.95412081836324769  0.97213548519466975  1.00000000000000000
 -0.00256779104257560  0.01050394198956116  0.02079565206228186  0.03072592008087523
  0.04074260343765852  0.05092940603031641  0.06151897645385809  0.07290397198856666
  0.08532633879275341  0.09678644639665321  0.10766349795105531  0.11828342775809851
  0.12975541750534736  0.14110439041206865  0.15260777392552990  0.16395429617457172
  0.17523906330672850  0.18579988637560507  0.19485205919718429  0.20337725348607330
  0.21130734706489945  0.22051618010802326  0.23038545423493970  0.24086357268080258
  0.25151207163603795  0.26261100161329343  0.27305439777560753  0.28333127655234486
  0.29393371949176200  0.30487919131410901  0.31516416775641309  0.32566863205774549
  0.33653418239014604  0.34760389092152716  0.35789847191024354  0.37052012799956729
  0.38165121784779626  0.39432104911591281  0.40681734104067191  0.41854618890670514
  0.42879876110763782  0.43869964247255555  0.44953479848374955  0.46059336303517073
  0.47144829977934544  0.48217241823771428  0.49360044745572451  0.50486279968420067
  0.51626388526068667  0.52727596965999501  0.53824388033860460  0.54836796739979576
  0.55796315164917398  0.56802614073464675  0.57791993666808616  0.58755620291149990
  0.59711861164037616  0.60718790300284331  0.61781273916672319  0.62805365610623787
  0.63723904259798358  0.64593425614658129  0.65473062106940960  0.66362199330482885
  0.67336981584592992  0.68455804146989008  0.69663388907992485  0.70826507089589053
  0.71915426303408869  0.73011083429227219  0.74074789171429134  0.75183654361672836
  0.76300031548413783  0.77501450582134157  0.78690093150638829  0.79890008903711662
  0.80840304115234685  0.81688641948346952  0.82521851272901048  0.83294848279456013
  0.84195085277705561  0.85074219372112814  0.85978397627618697  0.86896555750684235
  0.87804850661170308  0.88828658146934580  0.89909948764381542  0.90994552731851597
  0.92111692415378399  0.93225118305950305  0.94354769032027697  0.95495488570203635
  0.96687761014473539  0.97848812857081990  0.98955439715803506  1.00000000000000000
 -0.00190106251458405  0.00696461914322520  0.01616562327304362  0.02573520634265390
  0.03627430529088758  0.04559392071387779  0.05532933436158886  0.06463433266650633
  0.07497876176484182  0.08549918101328265  0.09707961415520484  0.10867408080821175
  0.11970806071245416  0.13049780210480377  0.14184455013051683  0.15324871951243507
  0.16443831540691389  0.17568361167631247  0.18741548950516082  0.19930150549560419
  0.21095031234491346  0.22218372485066365  0.23287726314384069  0.24354769742672125
  0.25443595632355498  0.26578025653841092  0.27702507643854679  0.28861825930991875
  0.30025916166921685  0.31133108643371687  0.32174783821017899  0.33171869189344200
  0.34216404352900004  0.35348158073267211  0.36638793528427299  0.37665282474739387
  0.38556261430885741  0.39377930071804157  0.40286202634752327  0.41333802206996861
  0.42527126559756473  0.43588629793007522  0.44707144928512321  0.45784871286446588
  0.46854413714349519  0.47926068466178140  0.48992064789222445  0.50053941846008565
  0.51023156948772563  0.51898008220148628  0.52754858711083918  0.53623134193421029
  0.54655346719754994  0.55869174756835271  0.57137113832808262  0.58307410570900642
  0.59299247226513863  0.60214557066355934  0.61131388436215472  0.62081043401603409
  0.63077072525658240  0.64126900706222867  0.65323213036620409  0.66588051206294518
  0.67823831311173832  0.69034528332347189  0.70248870897502835  0.71404133277079407
  0.72537049615376636  0.73548672184494357  0.74593377503101954  0.75619557773797241
  0.76630551882601106  0.77668585995519834  0.78601813305799173  0.79502827921869756
  0.80440814413611428  0.81383237061868641  0.82459636551267756  0.83545227935297761
  0.84604934051892799  0.85609702022654321  0.86541747095950794  0.87453260336504235
  0.88392755696515446  0.89340771667812857  0.90340191613834453  0.91401480427879267
  0.92538856772483347  0.93550701048818308  0.94509561824257426  0.95448601938456679
  0.96522467574879378  0.97676954275997407  0.98861674722910808  1.00000000000000000
  0.33244267815716999  0.33839137693466620  0.34281128161409469  0.34679744075471991
  0.35066178658608482  0.35506410173028052  0.36024334568081168  0.36611285692189605
  0.37187315513307523  0.37692193067378943  0.38125184691965319  0.38542221501301482
  0.39040623517603695  0.39598266780636987  0.40214451844193244  0.40874610788314980
  0.41496117603172389  0.42073681153277526  0.42707895346482710  0.43512105657614919
  0.44186551830187742  0.44748368027589502  0.45263112181463183  0.45804550016971990
  0.46341889350264598  0.46901473024031781  0.47448984023036805  0.48027562104245292
  0.48665801834460903  0.49357191963057451  0.50025027155642199  0.50651631621181126
  0.51275492594658834  0.51838212459568067  0.52475604962106703  0.53129344454329663
  0.53891451582235883  0.54680210508373139  0.55444639624179892  0.56145558810003826
  0.56793182108741624  0.57470618621469483  0.58177391129434219  0.58975860547847092
  0.59792385420054217  0.60579357777674625  0.61354540985570138  0.62151637658108927
  0.62948093802664273  0.63718656500990933  0.64433435953433760  0.65094045352470675
  0.65729505294062629  0.66388906881064891  0.67055510348192437  0.67750812783862668
  0.68430394564191155  0.69093606414802566  0.69740934692712164  0.70412355250596692
  0.71093854988585092  0.71780933448445072  0.72469720212510402  0.73166805922264122
  0.73902274698872328  0.74629143797616482  0.75353316461872721  0.76076400622250651
  0.76827614192196225  0.77539498903119897  0.78280157302787556  0.78965774905851527
  0.79634407603925428  0.80273117823967166  0.80916650260583090  0.81595584848344449
  0.82310555479759950  0.83051470949005812  0.83791279025767251  0.84492743441231632
  0.85171361397787226  0.85863933774702417  0.86584015865858788  0.87322660099350868
  0.88096258840341712  0.88897566201353295  0.89764534447463706  0.90582955381149810
  0.91388092480914518  0.92204682037066232  0.93078985164731587  0.94106687918721166
  0.95234054931562817  0.96469266027250111  0.97942991382385614  1.00000000000000000
 -0.01558935784649545  0.09398052132666734  0.12547425774911336  0.14673020029444181
  0.16433343321280228  0.17719471136951526  0.18903194836448076  0.20073927753742696
  0.21128425786258040  0.22037892408578474  0.22918062081851007  0.23813426632281537
  0.24723245748264328  0.25474286450162725  0.26211125598669460  0.26914722457119727
  0.27625134964266279  0.28399649703187202  0.29073759381789688  0.29707582411696104
  0.30344269349330250  0.30988349165788143  0.31621559673945066  0.32226470842744737
  0.32853845101828028  0.33515330935148230  0.34220960807008632  0.34882371187637845
  0.35552612567641195  0.36220984401627565  0.36867979086282299  0.37485707869585688
  0.38109668954940085  0.38773483283901355  0.39476902045360485  0.40194456066644729
  0.40898054238944670  0.41568800442509363  0.42227908203893555  0.42883619342447887
  0.43400094738360362  0.43898645925916463  0.44416922211406551  0.44914668089754084
  0.45427818803977482  0.46000231773566141  0.46590162652346279  0.47176568487143283
  0.47761864248604580  0.48328161601031683  0.48915198100173274  0.49477957985913495
  0.50035778247197205  0.50542309920354545  0.51039816446838315  0.51529865673960762
  0.52025888049042612  0.52601739891513333  0.53248436486401407  0.53883435028251536
  0.54490848341758491  0.55080902145596178  0.55663645352479985  0.56253952365242343
  0.56889783194427113  0.57576734936695173  0.58277484345691932  0.58953761165850715
  0.59642330144950473  0.60284352583213496  0.60896545000009294  0.61509438160569463
  0.62163796664502424  0.62853955993971311  0.63558622287980115  0.64298044831728873
  0.65139624374510963  0.66045515143437883  0.66977328401450886  0.67988562902894489
  0.69024704007834414  0.70026901721675139  0.70993144920657414  0.71952354689616771
  0.72923927229382191  0.73962927337980888  0.75105856005154925  0.76195968372988221
  0.77317283801153469  0.78544800879936627  0.79853224764678077  0.81316594569959377
  0.83185902684227142  0.85563088375167995  0.89123787648415587  1.00000000000000000
   8.4268234769097430E-004  -1.0000000000000000     
 F F F F F F F F F F F F F F F F F F F F F F F F F F F F F F F F F F F F F F F F F F F F F F F F F F F F F F F F F F F F F F F F F F F F F F F F F F F F F F F F F F F F F F F F F F F F F F F F F F F F F F F F F F F F F F F F F F F F F F F F F F F F F F F F
  <DiscreteSampler_grid>
  grouped_processes
  1 # 1 for a reference and 2 for a running grid.
  10 # Attribute 'min_bin_probing_points' of the grid.
  1 # Attribute 'grid_mode' of the grid. 1=='default',2=='initialization'
  0.0000000000000000 # Attribute 'small_contrib_threshold' of the grid.
  0.5000000000000000 # Attribute 'damping_power' of the grid.
 # binID   n_entries weight   weight_sqr   abs_weight
    10   10   3.893464908260454E+003   6.808833274690010E+007   3.893464908260454E+003
    16   10   3.893464908260455E+003   6.808833274690014E+007   3.893464908260455E+003
    22   10   3.893464908260454E+003   6.808833274690011E+007   3.893464908260454E+003
    28   10   3.893464908260455E+003   6.808833274690011E+007   3.893464908260455E+003
  </DiscreteSampler_grid>
