  0.00000003526871267  0.00000005900635320  0.00000007178923385  0.00000008498802455
  0.00000009785525847  0.00000011144138764  0.00000012641854927  0.00000014463290716
  0.00000016745392161  0.00000019060800720  0.00000021970987180  0.00000025131230495
  0.00000029088050406  0.00000033004425540  0.00000037056845317  0.00000041497653189
  0.00000046326407346  0.00000052504012406  0.00000058370375347  0.00000064992337991
  0.00000072111181057  0.00000081531237082  0.00000092336164941  0.00000104644084280
  0.00000118351881573  0.00000133607715481  0.00000150091961908  0.00000167730338678
  0.00000186971104990  0.00000207575293754  0.00000230290702893  0.00000254243966970
  0.00000281007028407  0.00000312909218881  0.00000347524978193  0.00000391003723130
  0.00000438312299053  0.00000490670160499  0.00000547045844236  0.00000611717672783
  0.00000686348756345  0.00000766524760613  0.00000858896905090  0.00000960561325138
  0.00001073629902862  0.00001196655144332  0.00001331791105148  0.00001491126583873
  0.00001672585093460  0.00001859809796115  0.00002071284284221  0.00002295067604277
  0.00002529448174290  0.00002808632379987  0.00003122800084454  0.00003483968818685
  0.00003939402406979  0.00004429935860284  0.00005006824722412  0.00005605611742384
  0.00006281499599553  0.00007068635587245  0.00007908942531174  0.00008854531330914
  0.00009996027442124  0.00011453053691304  0.00013188152289786  0.00015087482653864
  0.00017185445073129  0.00019441736195440  0.00021645419022303  0.00023979127413605
  0.00026615612554276  0.00029622939026710  0.00032999405947787  0.00036123090343677
  0.00038791273291441  0.00041953216111844  0.00045515301935551  0.00049214966574865
  0.00053879480118483  0.00059755758230788  0.00067258611392557  0.00076751913041811
  0.00091179973805819  0.00112288062247332  0.00137067281680269  0.00167776292957489
  0.00203135424122972  0.00242847001954405  0.00290889843909644  0.00352398093726157
  0.00425990302329942  0.00594298350753651  0.00784550577270262  1.00000000000000000
  0.00000003911484654  0.00000006512253510  0.00000008316689015  0.00000009853125001
  0.00000011204172495  0.00000012447798575  0.00000013793079519  0.00000015543664679
  0.00000017661319217  0.00000019908939178  0.00000022422603153  0.00000025489606200
  0.00000029181650388  0.00000033371908116  0.00000037888696847  0.00000043165961404
  0.00000049541906592  0.00000056971868446  0.00000065808877416  0.00000075658184793
  0.00000085192288370  0.00000095189451460  0.00000105971660095  0.00000118907051867
  0.00000133587483107  0.00000150695442088  0.00000169242179802  0.00000189212419272
  0.00000211337326131  0.00000235432005967  0.00000264577298558  0.00000299396553639
  0.00000338745617127  0.00000382181635967  0.00000434875854855  0.00000493254236835
  0.00000545528183665  0.00000603479434501  0.00000663869099604  0.00000733314951607
  0.00000830270672140  0.00000935947842585  0.00001059127826452  0.00001202324633302
  0.00001366651939523  0.00001554076725383  0.00001768909621417  0.00002009889171540
  0.00002276768243152  0.00002560538699305  0.00002855752057366  0.00003182096899058
  0.00003554221080003  0.00003984129305272  0.00004487022676920  0.00005061570689979
  0.00005726776970089  0.00006506942497195  0.00007393977225681  0.00008358355652492
  0.00009430346048806  0.00010654479623957  0.00012116959302903  0.00013942792086333
  0.00015918390502192  0.00017975839904945  0.00020089513035445  0.00022321690856374
  0.00024642922164862  0.00027067966350451  0.00030146651411138  0.00033803561951718
  0.00037634614479964  0.00041856676669431  0.00046969628925663  0.00051761331726130
  0.00056582113013789  0.00062120183501121  0.00068477285684129  0.00075632602155889
  0.00082703708225496  0.00089497043782208  0.00096336862314909  0.00103439051146292
  0.00112373547777780  0.00123209872508687  0.00136591721517180  0.00152820122823095
  0.00171780952559592  0.00197066240252065  0.00232560683937871  0.00279547905513796
  0.00334686676947758  0.00476203208323591  0.22283935674431685  1.00000000000000000
  0.00000567806581945  0.00001169472699442  0.00001470716885989  0.00001598895793848
  0.00001727606036328  0.00001876273493592  0.00002031291025798  0.00002189784824040
  0.00002308772747979  0.00002408544300253  0.00002505948881114  0.00002607193518930
  0.00002721702571480  0.00002858644747181  0.00003031625444546  0.00003245859615381
  0.00003523410789289  0.00003765357796106  0.00003986205519307  0.00004181063772323
  0.00004412451735766  0.00004591515088478  0.00004780267503330  0.00004950522912676
  0.00005113848974390  0.00005243336351689  0.00005349702187728  0.00005474680107384
  0.00005580524509357  0.00005677330867729  0.00005770753295818  0.00005888996763834
  0.00006066002739830  0.00006298123729521  0.00006549176322160  0.00006784478481245
  0.00007061802529399  0.00007373357785861  0.00007704092125744  0.00008061516697974
  0.00008438606360115  0.00008868073129859  0.00009342215337109  0.00009802415524220
  0.00010283583172015  0.00010781816068072  0.00011315035126206  0.00011858277683904
  0.00012414869599695  0.00013012427408306  0.00013636134095913  0.00014307962174325
  0.00015059242892973  0.00015823554800055  0.00016562783254990  0.00017323870474785
  0.00018107387600968  0.00018918656030340  0.00019777597915225  0.00020733727422614
  0.00021743283821808  0.00022854266213647  0.00024135194438236  0.00025492334364084
  0.00027083941744779  0.00028713248107281  0.00030500938498261  0.00032318966948608
  0.00034270477479382  0.00036471702429285  0.00038866516164923  0.00041674806041441
  0.00044571417458551  0.00047893736962161  0.00051663065919506  0.00056002201446361
  0.00060677552483591  0.00065461026720426  0.00070570171068665  0.00076204094700475
  0.00082859061927996  0.00091066429648361  0.00100681054516624  0.00111687615580377
  0.00125219755380046  0.00141812428258096  0.00162785097453720  0.00188219474739378
  0.00220617325441797  0.00263283672278564  0.00319574189487658  0.00407023612812537
  0.00610318690128113  0.00965758827970452  0.28079641951491208  1.00000000000000000
 -0.00246080070116292  0.01029497578485824  0.01896694607898256  0.02830018543525215
  0.03749270073445853  0.04772237932573003  0.05754470225626072  0.06742381353209903
  0.07772050157800209  0.08911648991652137  0.10068067174444255  0.11213875635520115
  0.12309133696615328  0.13357648226079422  0.14359914656736480  0.15417923050666266
  0.16431532571161955  0.17653484345927001  0.18899192825098410  0.20141758730992335
  0.21280864972198818  0.22383538757022561  0.23532105966416061  0.24798196459115671
  0.25921053589970333  0.26955108039029008  0.28015640609575332  0.29148845163959225
  0.30142834164896137  0.30985532017172296  0.31895075235296394  0.32832595843393486
  0.33862284897178152  0.34916100181441234  0.35996006508727124  0.37093778723129789
  0.38083943371672818  0.39059069730569113  0.40111330216154673  0.41186837919054420
  0.42200469506073274  0.43235258337873878  0.44316583725992070  0.45492077572106115
  0.46596304917521209  0.47733632856923203  0.48821271544567385  0.49874004997180815
  0.50989655420921243  0.52166347834651139  0.53379240432227226  0.54552368156308917
  0.55691024040147596  0.56770293360157964  0.57815775411515391  0.58896021327957626
  0.60032356134207421  0.61238587760721952  0.62423269561461847  0.63517002459923111
  0.64526763478595206  0.65456138124934604  0.66394769131605946  0.67425515489488252
  0.68475414535315371  0.69505058665212727  0.70474211240593188  0.71411162596713063
  0.72338023186068512  0.73267917641901925  0.74215325281377031  0.75220028595284449
  0.76288585486790539  0.77407846701028959  0.78555004781111959  0.79686176452985680
  0.80767923972288558  0.81847193466175017  0.82948759390468185  0.83966885224457766
  0.84828267476876362  0.85676243090610094  0.86521911938312801  0.87558859625226038
  0.88697190521107705  0.89791453213473127  0.90849271203742565  0.91877800377731111
  0.92884545359851411  0.93752899343420970  0.94673805759686636  0.95555861338461501
  0.96585396920132105  0.97671296032560073  0.98790721856492769  1.00000000000000000
 -0.00005142656842849  0.00012870974752557  0.00031415602690221  0.00053274726780942
  0.00071058124466241  0.00083539556789332  0.00097583751110568  0.00111511674438606
  0.00126287538675025  0.00143346203896475  0.00161221775690983  0.00178946601179739
  0.00196491433809983  0.00214207481514534  0.00231996830477566  0.00250076956556229
  0.00268679683112424  0.00285004222211843  0.00301260451038960  0.00317452337462667
  0.00334755756791579  0.00352718914290684  0.00371798796161909  0.00390222902956441
  0.00408502465915300  0.00426653388985225  0.00445937651745483  0.00466084567640604
  0.00488094904773990  0.00511500600709985  0.00534770532808465  0.00557549070550504
  0.00581641734079584  0.00607045701360079  0.00633674049916651  0.00661560097692302
  0.00688934237159831  0.00709311908097216  0.00720958863644094  0.00732567499659911
  0.00744148636942281  0.00755833624635221  0.00769851617249981  0.00790091617784917
  0.00807792934077319  0.00825093517136760  0.00842400258480766  0.00860496877528238
  0.00878631202417222  0.00904505926862009  0.00935242685256968  0.00967803116430801
  0.01001507308779538  0.01033056065310708  0.01062442077378406  0.01094579939747757
  0.01129245948453255  0.01166861619649008  0.01204897877562036  0.01243876199177256
  0.01284101398338514  0.01324170850763970  0.01363372454368900  0.01397007737338557
  0.01430546471516048  0.01464610575629473  0.01500414311052290  0.01549351700720978
  0.01606076240000707  0.01703005878698019  0.01773697420216607  0.01831757710968084
  0.01881154032807686  0.01925560056554966  0.01977105989727442  0.02022996839092522
  0.02080277674307750  0.02188237691524112  0.02355837835962512  0.02487380743316317
  0.02598974306240044  0.02710153016736654  0.02834961332877874  0.02951953020915598
  0.03056690755891710  0.03205965899151325  0.03370392601232029  0.03559132755203505
  0.03970879108494247  0.04344629980670500  0.04735845413671259  0.05215557466088376
  0.07868876752648339  0.11949926267566188  0.69480029085583817  1.00000000000000000
 -0.00193034433516710  0.01039688309695064  0.02176623174878127  0.03397476357994228
  0.04561319440432615  0.05780650706128034  0.07027340140888173  0.08258585046307504
  0.09291418153428710  0.10275878933077581  0.11242030118793886  0.12234025595604475
  0.13260570933119614  0.14281189888382126  0.15458843328077998  0.16731058968675508
  0.18018177094011473  0.19208466182356981  0.20303945688830397  0.21326967195446825
  0.22296933934591304  0.23285882904746519  0.24350940424897843  0.25448166927671745
  0.26509611270576022  0.27536630253402877  0.28580072629643971  0.29677970305519141
  0.30817017009326558  0.31934115768685850  0.32956363498210833  0.33836464917660519
  0.34659462510757150  0.35474672200361890  0.36355466398840930  0.37361013665008030
  0.38479611535466679  0.39621300517347924  0.40750508861110868  0.41850009451405012
  0.42913155684974130  0.43996777275619070  0.45069599501036667  0.46033922471787780
  0.46985893597908412  0.47925379841714327  0.48921574449589794  0.49889405429524436
  0.50799231063190597  0.51679284794664770  0.52488852738096159  0.53318713877586266
  0.54178763093343851  0.55100974940250613  0.56007194377727598  0.56922855831298780
  0.57831730813430615  0.58675757016261920  0.59436880431555772  0.60218381665838083
  0.61034731230938166  0.61922297035764240  0.62952954959263141  0.64002513519812665
  0.64918149076898246  0.65897734333223879  0.66859123072671511  0.67914291366503388
  0.69048148058711378  0.70174582487803694  0.71296361711304723  0.72409342702166501
  0.73532506941425313  0.74675558057218216  0.75774225436157538  0.76773351052131689
  0.77741282166522252  0.78760535186405300  0.79830692716646234  0.81022149102363583
  0.82181872369140097  0.83261161510540682  0.84272413152532877  0.85283303837981750
  0.86361964472906583  0.87535787222126971  0.88733996869043674  0.89891928878851390
  0.91089645755729232  0.92327822192978848  0.93707885828179693  0.95013338137461345
  0.96252774377548589  0.97450636714356642  0.98695696381739717  1.00000000000000000
 -0.00003821718498217 -0.00000785734967749  0.00002250248562718  0.00009272845466945
  0.00019492017829647  0.00029759360431842  0.00040220212342862  0.00050681064253882
  0.00057585299442503  0.00064137314491618  0.00071031295651206  0.00078067855301967
  0.00085187900862669  0.00092286074956603  0.00098941217793992  0.00105691477154881
  0.00116073527659346  0.00126848593676431  0.00138256983651694  0.00150101343037547
  0.00162171111176020  0.00174274589135459  0.00186359936859907  0.00198424327509422
  0.00210679309115111  0.00222862090453549  0.00234858060599924  0.00247063679703768
  0.00259419795173708  0.00272093354364045  0.00285730927932581  0.00300097205520220
  0.00315184416256356  0.00331626844298221  0.00347962391554229  0.00363951682285297
  0.00379928121514504  0.00396869072397917  0.00413742015477828  0.00431647582646098
  0.00450895541826911  0.00471127919122635  0.00493088821453128  0.00509670595153455
  0.00524980602158973  0.00539731686818845  0.00554013842788330  0.00569780090668510
  0.00587269641862678  0.00603781249829165  0.00620689764804786  0.00636520454394971
  0.00654400745030291  0.00674057984894536  0.00694222311379240  0.00716707508741889
  0.00738762432231530  0.00761314758110223  0.00784324535878963  0.00808215067556226
  0.00828411609709708  0.00848119656987562  0.00868814799065695  0.00890266381375477
  0.00918735791176719  0.00948403555133213  0.00975253588227246  0.01005998897879753
  0.01036787335526154  0.01064929150525083  0.01097966210635750  0.01127825121539417
  0.01179747646896812  0.01221537450346278  0.01245312802111322  0.01267838455248557
  0.01294269925047772  0.01340470283245752  0.01374298161059719  0.01409505099198502
  0.01445263899998623  0.01466929106415449  0.01531170344500856  0.01572532400447315
  0.01615305529487794  0.01672817692844369  0.01766874870872064  0.01879361600225631
  0.02009511163407334  0.02088848943850565  0.02284679215962649  0.03133675690736226
  0.03283797979777072  0.03441394474511503  0.44789657410655598  1.00000000000000000
 -0.00303083842233574  0.01047572558881166  0.02175946615866532  0.03234482612707800
  0.04291326650466932  0.05285830250821336  0.06285373902284362  0.07265353574170975
  0.08243725684320848  0.09203695131353067  0.10198666011030899  0.11292125613259053
  0.12419876827169181  0.13524214681131741  0.14603801069704114  0.15731764349639574
  0.16838281152726522  0.17927522555271064  0.18939403056449305  0.19950998409715504
  0.21044693833320083  0.22224875783474585  0.23377646431704974  0.24466963598592287
  0.25586226896781794  0.26733555861834868  0.27910393389003807  0.29113907950392592
  0.30344961283493410  0.31588973426210076  0.32847894077119910  0.34054846276626688
  0.35034889972049804  0.35894496894632588  0.36737049223605472  0.37611974648925994
  0.38475210783077041  0.39309608978993732  0.40403815170469243  0.41594580004842335
  0.42794673065534250  0.43842586971289166  0.44906048886950967  0.45988064132297346
  0.47133032195594959  0.48353747804296160  0.49449687529633601  0.50472013412890182
  0.51409931535733766  0.52491435820721211  0.53616551757035880  0.54900931550025944
  0.56143663166830982  0.57332241603998668  0.58360509382263159  0.59369567937235079
  0.60406478389773499  0.61568343001216397  0.62662266798421073  0.63843820398856366
  0.65097911150686227  0.66466473706133167  0.67716871827669567  0.68928515874438678
  0.70103460858254818  0.71226584537307858  0.72231329995799265  0.73152392790979903
  0.74036418118573200  0.74938303383251248  0.75817234818590951  0.76681789918529675
  0.77596096963819283  0.78370161414849604  0.79120765768457491  0.79925229098625594
  0.80678946235477544  0.81691598104844798  0.82740075864984919  0.83787814262316207
  0.84859096282109425  0.85927369708851653  0.86965021196236636  0.87995361915829895
  0.89038929743527306  0.90022390481571568  0.90903729468585937  0.91740466440236501
  0.92565762997120649  0.93369602010607944  0.94547881424744418  0.95673342407064199
  0.96687533397294723  0.97725494395947221  0.98795843025165953  1.00000000000000000
  0.14075817710590563  0.32756719822203118  0.33174032070078824  0.33554790874264701
  0.33912313356123919  0.34230319239707585  0.34644920478700253  0.35197303763273591
  0.35785669744103482  0.36382036150050884  0.36906076380009611  0.37290197331054808
  0.37657158189974604  0.38062315269872005  0.38510614347692224  0.39027880714446356
  0.39571346486735948  0.40091921268854236  0.40598621626784814  0.41104306853128642
  0.41605090360977021  0.42138124511335784  0.42741889857294985  0.43329048619364874
  0.43855424306153756  0.44373739944580237  0.44888806973955075  0.45378869098605346
  0.45859502534716379  0.46338391859118183  0.46797936215063524  0.47268655612710242
  0.47791762134303917  0.48278764715549072  0.48734886833263236  0.49217004793716218
  0.49749541400452457  0.50293452462313426  0.50884265179687993  0.51479853632171058
  0.52129207987886705  0.52746593398842223  0.53397199021818886  0.54068658920397961
  0.54771489872003443  0.55464011172322358  0.56191192607134810  0.56995207767373857
  0.57800059945766158  0.58615857319405751  0.59483952314667110  0.60368630933994860
  0.61197096922401695  0.61975934685853196  0.62750287577788566  0.63544635568546270
  0.64362731351917579  0.65231254567098718  0.66101916883285106  0.66954914078465344
  0.67832479925435840  0.68748378256244669  0.69685131584441029  0.70589260567360257
  0.71475868596859660  0.72376342692090800  0.73300966992105154  0.74204829602806677
  0.75074301359234130  0.75995270798346659  0.76877275718654381  0.77730655702143259
  0.78564623624696972  0.79393996631820773  0.80216952249697038  0.81055651805335771
  0.81896883447530067  0.82784751783902188  0.83672527832363253  0.84597875040900838
  0.85475118673482831  0.86274921548668904  0.87012811268538004  0.87747956546201622
  0.88492174055554362  0.89161307223298292  0.89852048993433442  0.90577312157156076
  0.91359392020515429  0.92341017740630860  0.93336363286342783  0.94358159442241363
  0.95433717178636590  0.96599120865961252  0.98016403074612346  1.00000000000000000
 -0.01807511813366108  0.09862263440561896  0.13301403897317701  0.15450301675241693
  0.17206076966149011  0.18703937177169347  0.20029272734007664  0.21175656013400676
  0.22295451913852760  0.23366642250580960  0.24341303962441879  0.25221000459865450
  0.26090480034855928  0.26958719841682499  0.27831799265417329  0.28714613632446712
  0.29609925696895140  0.30487496139384401  0.31325745134746058  0.32145250245377749
  0.32951370948303493  0.33723269950520152  0.34444108555812009  0.35140926288552926
  0.35845843668047445  0.36558610584810453  0.37293114849542131  0.38026281921384814
  0.38771959527262700  0.39548757748336777  0.40360930830276714  0.41076363823571427
  0.41736006117581870  0.42351653929604088  0.42966598058441019  0.43558696793249929
  0.44024523907410407  0.44471008590880517  0.44927962669504318  0.45381668010803616
  0.45861803640989551  0.46389054202887986  0.46931184056690917  0.47476254144498686
  0.48073897622079159  0.48723217230578242  0.49335473410201919  0.49931507486933108
  0.50526320505776656  0.51128447961726797  0.51764945669530738  0.52440788718625631
  0.53119604323993586  0.53753490891520328  0.54328610774611397  0.54891958516061656
  0.55453873923981034  0.56058790734083741  0.56652219107890778  0.57222771859996080
  0.57782651400569018  0.58361341863156180  0.58968447249711975  0.59583447137372825
  0.60175506835470960  0.60705313451494014  0.61270650059359444  0.61877025674908603
  0.62521361940718778  0.63197761960930365  0.63863818793352745  0.64525753094931304
  0.65234885840220558  0.66020673023150278  0.66857043572339236  0.67681403571251897
  0.68445017518225815  0.69182035057759816  0.69913563258174649  0.70640438231674374
  0.71403878025783041  0.72186423128323385  0.73059559864935519  0.74078025338718179
  0.75213163772300751  0.76398081715111121  0.77489365687862821  0.78544204966832820
  0.79628708060361464  0.80805669313943762  0.82213279262334527  0.83764824528953397
  0.85547586783447160  0.87552690832970548  0.90541636625313193  1.00000000000000000
   5.6916095765976646E-004  -1.0000000000000000     
 F F F F F F F F F F F F F F F F F F F F F F F F F F F F F F F F F F F F F F F F F F F F F F F F F F F F F F F F F F F F F F F F F F F F F F F F F F F F F F F F F F F F F F F F F F F F F F F F F F F F F F F F F F F F F F F F F F F F F F F F F F F F F F F F
  <DiscreteSampler_grid>
  grouped_processes
  1 # 1 for a reference and 2 for a running grid.
  10 # Attribute 'min_bin_probing_points' of the grid.
  1 # Attribute 'grid_mode' of the grid. 1=='default',2=='initialization'
  0.0000000000000000 # Attribute 'small_contrib_threshold' of the grid.
  0.5000000000000000 # Attribute 'damping_power' of the grid.
 # binID   n_entries weight   weight_sqr   abs_weight
    10   10   1.184113486298095E+005   1.326332209854292E+011   1.184113486298095E+005
    16   10   1.184113486298095E+005   1.326332209854292E+011   1.184113486298095E+005
    22   10   1.184113486298095E+005   1.326332209854291E+011   1.184113486298095E+005
    28   10   1.184113486298095E+005   1.326332209854291E+011   1.184113486298095E+005
  </DiscreteSampler_grid>
