  0.00000455117994466  0.00000496459356531  0.00000528038723293  0.00000555161463020
  0.00000582048102354  0.00000611635861591  0.00000643700365867  0.00000676044471328
  0.00000707640385682  0.00000738813847975  0.00000769817426988  0.00000801353197803
  0.00000833296155849  0.00000867650516192  0.00000904774534279  0.00000943124759608
  0.00000981688577604  0.00001021620295879  0.00001062855872108  0.00001107443542686
  0.00001156872136828  0.00001207737057672  0.00001261386027456  0.00001316836226776
  0.00001371971354240  0.00001428413232149  0.00001491064923919  0.00001556027514763
  0.00001613547782309  0.00001670892587935  0.00001735507089822  0.00001801924993485
  0.00001870734872282  0.00001943158636498  0.00002036180516040  0.00002137442368456
  0.00002235560685439  0.00002336128441907  0.00002442179660649  0.00002559043251821
  0.00002677809752530  0.00002798691849194  0.00002936335928518  0.00003080608144468
  0.00003228935402083  0.00003394551079198  0.00003572541731431  0.00003756983833626
  0.00003950637613257  0.00004156079058198  0.00004370356703619  0.00004589669741026
  0.00004816507680229  0.00005053195008106  0.00005297015189056  0.00005561757755591
  0.00005875397960203  0.00006236225501087  0.00006620273078150  0.00007016739595573
  0.00007418731692092  0.00007830418440304  0.00008246843640116  0.00008681396791016
  0.00009171711734973  0.00009736839457561  0.00010357910368377  0.00011034275113139
  0.00011771042122066  0.00012597649562399  0.00013541510720777  0.00014570568013238
  0.00015735245411086  0.00017076229298656  0.00018600116346801  0.00020379240295371
  0.00022414943500457  0.00024784580857425  0.00027553842365380  0.00030969676646983
  0.00035096884312195  0.00039971767967765  0.00045701216315936  0.00053470075624923
  0.00064043709473166  0.00078460633762129  0.00095555662524050  0.00115584445600007
  0.00142274163363533  0.00182048745378367  0.00266728812126671  0.00452105261529007
  0.00980219988893053  0.12829866344052387  0.75103442620000804  1.00000000000000000
  0.00000507803830734  0.00000513493154720  0.00000518457392818  0.00000523199758203
  0.00000529296858700  0.00000535925589059  0.00000542822726302  0.00000550379585728
  0.00000559134579529  0.00000569210614535  0.00000579931221537  0.00000590293224536
  0.00000600452167886  0.00000611413942866  0.00000624349570757  0.00000638302561506
  0.00000653121080894  0.00000668402736376  0.00000683773253237  0.00000700255338865
  0.00000718443507445  0.00000738053059030  0.00000759021391495  0.00000780940992940
  0.00000803209038339  0.00000826050897122  0.00000850981738102  0.00000877505527564
  0.00000903815870856  0.00000933704114859  0.00000967568369535  0.00001003281223165
  0.00001042313805142  0.00001084161035544  0.00001128900994073  0.00001176235687789
  0.00001226608366058  0.00001281966410000  0.00001343286112466  0.00001408846589105
  0.00001474910542181  0.00001541934209274  0.00001614167710320  0.00001692038205747
  0.00001779933575846  0.00001878035619395  0.00001982945845218  0.00002099800756190
  0.00002221826377640  0.00002351846961949  0.00002489808733534  0.00002635225949828
  0.00002794346049282  0.00002964211931325  0.00003137806677819  0.00003325923650767
  0.00003532442561127  0.00003741596460035  0.00003964974420330  0.00004202824949131
  0.00004439533244402  0.00004675772447509  0.00004919467577160  0.00005180928912122
  0.00005461387622532  0.00005755080745473  0.00006062749568232  0.00006387818869758
  0.00006732520182345  0.00007102953179905  0.00007514885356021  0.00007949601780437
  0.00008372138878193  0.00008806554328489  0.00009284140333301  0.00009842557227212
  0.00010569953581173  0.00011484785778234  0.00012556623070350  0.00013741734113448
  0.00015079563861450  0.00016670217664661  0.00018608578208807  0.00020917202967280
  0.00023749284310183  0.00027492746562733  0.00032511692811671  0.00039420566109827
  0.00049196585362892  0.00061353525760119  0.00080083208446200  0.00121153778923763
  0.00227488208048872  0.00811002846500950  0.39505997739113935  1.00000000000000000
  0.00000458885536145  0.00000500720804737  0.00000538049162530  0.00000572124165548
  0.00000606914655417  0.00000642805694600  0.00000679774229504  0.00000719041892680
  0.00000759742052848  0.00000803535251699  0.00000852124453209  0.00000902127869449
  0.00000953226567822  0.00001005888275139  0.00001062326524124  0.00001120583978825
  0.00001178991188255  0.00001238371428333  0.00001301177804454  0.00001365555804841
  0.00001430026021689  0.00001497081425455  0.00001568871012660  0.00001649840827191
  0.00001744491699117  0.00001846499584938  0.00001952151657654  0.00002059600019279
  0.00002166319910001  0.00002273903076129  0.00002387723770457  0.00002508402815753
  0.00002634097563304  0.00002767860979770  0.00002913334835952  0.00003071400577992
  0.00003237912953181  0.00003412992168298  0.00003592361443317  0.00003761706028851
  0.00003928524321700  0.00004101950542931  0.00004281101023037  0.00004481065415915
  0.00004718730727243  0.00004988014631213  0.00005276554677552  0.00005587487934309
  0.00005908515850208  0.00006224322092680  0.00006557396302305  0.00006899415886602
  0.00007265295633301  0.00007648585066280  0.00008060055044103  0.00008498101468681
  0.00008963986696396  0.00009457089272994  0.00009983539470003  0.00010536978279491
  0.00011178204956236  0.00011865221571663  0.00012597804693231  0.00013358275711443
  0.00014132864860934  0.00014974765237248  0.00015919665221823  0.00016989118183697
  0.00018206069334069  0.00019595027484005  0.00021149214618560  0.00022897398275643
  0.00024756377077519  0.00026866223663283  0.00029247166987174  0.00031851671098892
  0.00034769940995334  0.00038030269791140  0.00041735081151273  0.00045494619338166
  0.00049572927873392  0.00054585730513714  0.00061704783999411  0.00070088134468905
  0.00080744685970370  0.00092790584429077  0.00106122226805848  0.00121480495098753
  0.00140919925038819  0.00166974830234110  0.00204613868690372  0.00259926967678479
  0.00372924239760141  0.00583195603559919  0.35392070953837129  1.00000000000000000
 -0.00162074238711895  0.00726366695866916  0.01579938226766609  0.02439447748302222
  0.03317203087462175  0.04169298004932740  0.04944466122836279  0.05690547415774539
  0.06451055458523355  0.07236012260586498  0.08072880078096875  0.08919012915269944
  0.09809545842205254  0.10694224239687650  0.11517026811275695  0.12353835334244813
  0.13151779382301182  0.14067725638127712  0.14990884714936184  0.15972990395443773
  0.17022966844385573  0.18089820968485221  0.19129018889533270  0.20149654652823476
  0.21170581877195743  0.22233242785920357  0.23327330412998895  0.24439440534636056
  0.25474145228471035  0.26348635267756598  0.27237023407838695  0.28248727072019947
  0.29409833768371729  0.30483640741143059  0.31531507703559708  0.32649502251798912
  0.33749753341752731  0.34855638629799063  0.36080660020795891  0.37434634082013069
  0.38824676401803326  0.40159521651281171  0.41429717643760833  0.42656626466774972
  0.43882890826255333  0.45149524242122435  0.46424802206829402  0.47720843140149188
  0.48965819740609934  0.50057623144413832  0.51101500746818040  0.52195787228039547
  0.53416839291177409  0.54938783569670824  0.56293458874316971  0.57568287235231663
  0.58836034644486312  0.60069556456641038  0.61352637461985993  0.62610632095453200
  0.63854522169448347  0.65129078868464174  0.66407641671617601  0.67587952600734780
  0.68717527067320683  0.69852199997944719  0.71082297223351076  0.72264789242373306
  0.73444963042712130  0.74444460335178753  0.75478010471778756  0.76461118153561614
  0.77534821930082398  0.78577152620837343  0.79664021098728399  0.80710829051984279
  0.81760175057170836  0.82858803567235051  0.83902656104017026  0.84965199239774036
  0.85972887247518648  0.86951072966738219  0.87915551334131303  0.88855170692007723
  0.89782840943649056  0.90688143908258401  0.91574991975573905  0.92478333296926263
  0.93415319237496741  0.94346998374938185  0.95236090365061321  0.96122500708579950
  0.96977745528736847  0.97938718084127574  0.98979603777397474  1.00000000000000000
 -0.00275076915973934  0.00988364117739640  0.02103402528105384  0.03265595133273457
  0.04317193127674837  0.05346981814387370  0.06335091757563520  0.07325792382575758
  0.08432264801629394  0.09519238442347047  0.10640482610868632  0.11681044913831433
  0.12662321802068596  0.13603752885125783  0.14504169107397499  0.15406469236778531
  0.16316558357442026  0.17249323557160171  0.18117121310381346  0.18971496802232754
  0.19856748293323709  0.20855456844805864  0.21951558633763812  0.23036186310177714
  0.24120202502409172  0.25251135995732082  0.26393831085563368  0.27483999084405797
  0.28537287893131602  0.29573430921120725  0.30616395782183070  0.31675003855445805
  0.32748032913534442  0.33856825199911877  0.35010013108116672  0.36183845785992691
  0.37329392897372093  0.38455209949080427  0.39535679064992074  0.40583396750051448
  0.41610940826927989  0.42629369789866439  0.43698254153715366  0.44818139922018496
  0.46020311728239383  0.47246329339695226  0.48441791405070345  0.49611779821382851
  0.50762822306686239  0.51909537543289241  0.53013261290483016  0.54056550475139931
  0.55048724374458413  0.56064806597973782  0.57082496177961439  0.58023703327701914
  0.58921544940099702  0.59877863829322608  0.60870662447167345  0.61884623322344345
  0.63001353463430620  0.64178877144723212  0.65268777882067741  0.66246954416629100
  0.67152315669192875  0.68144998690194780  0.69146392968534098  0.70114057530917417
  0.71134055084658065  0.72202671382455175  0.73269368737461549  0.74380586678733340
  0.75543432579247360  0.76714800191394295  0.77803245628855877  0.78838661392705034
  0.79849667453322926  0.80834042180412113  0.81839648686480237  0.82879731664089440
  0.83934389079915939  0.84974841824920833  0.86009821191917291  0.87050406766821065
  0.88096005066960592  0.89144333221468330  0.90208253406229566  0.91286094334099044
  0.92348229592240016  0.93398015612637086  0.94450110254511144  0.95558573822120629
  0.96651502852890636  0.97754184577230752  0.98875322943176847  1.00000000000000000
 -0.00172412054364695  0.00770164631370669  0.01771004136396243  0.02647206038820804
  0.03514347917266841  0.04511975646423786  0.05626048907033315  0.06711757286458456
  0.07802932083389653  0.08927693395834072  0.10030499262228307  0.11134224808214480
  0.12213727481495518  0.13249654752912143  0.14291041462059537  0.15364816415917354
  0.16490528482419228  0.17647863497535407  0.18793045995681101  0.19869939662005837
  0.20908333530902651  0.21949086031668266  0.22897223362046532  0.23866096547521903
  0.24813322190360282  0.25821738306324982  0.26879323856596177  0.27947085066693922
  0.29005200444628138  0.30104134014148343  0.31230844889308768  0.32307541401603035
  0.33289291428623485  0.34250013893999565  0.35229250840691961  0.36285681942455644
  0.37357906260237911  0.38472357366859733  0.39615255498391311  0.40865663792528201
  0.42074671469783176  0.43242430151573680  0.44366287810227040  0.45476795501378503
  0.46561980634109851  0.47611588691725482  0.48627418091916336  0.49676623860138669
  0.50724344340694849  0.51681429678148316  0.52618107590972951  0.53532289402999678
  0.54557667417894817  0.55697590854945334  0.56848881521109140  0.57977176724603152
  0.59116365971114559  0.60282233221907044  0.61484374009228338  0.62684183228582624
  0.63845157673579089  0.64956758809170367  0.66006185086326974  0.66998575503921176
  0.67980669409572425  0.69011741870453247  0.70083835924130944  0.71143831882218433
  0.72179186058373446  0.73232257839829817  0.74333230238763615  0.75454963437567735
  0.76545544514572361  0.77582033067836198  0.78616751988281630  0.79701084795975075
  0.80791951319328914  0.81832657449623281  0.82836364914225380  0.83796449660465111
  0.84712249331961764  0.85636772849973719  0.86617985365165606  0.87663328027788878
  0.88738419523266843  0.89795251742598869  0.90835653213712331  0.91895425454643431
  0.92937478154133235  0.93933051173281268  0.94946465707081296  0.95874984974693300
  0.96812272930359478  0.97750079057548500  0.98792211788751638  1.00000000000000000
  0.00001074727993438  0.00002783218765866  0.00004491709538295  0.00006743613285502
  0.00009699803465311  0.00012669428532675  0.00016070923793141  0.00019472419053607
  0.00023557962354052  0.00027769764894815  0.00032438812528193  0.00038221524164785
  0.00045078802764850  0.00052591101244886  0.00060953367872009  0.00070072744944848
  0.00079877462251260  0.00089905724674013  0.00099731306608335  0.00110096470040412
  0.00121438674320699  0.00133706596939732  0.00146686853365133  0.00160569464859753
  0.00176203482844009  0.00194889648344351  0.00213441583615841  0.00233148721720596
  0.00254384928863757  0.00277105485939547  0.00301150940291889  0.00326707072400960
  0.00354590340846703  0.00384111967997422  0.00414782985460718  0.00446566758336706
  0.00479375262513718  0.00513492149952642  0.00549125115949729  0.00586291746010780
  0.00625291373617695  0.00665471909604821  0.00706158316380029  0.00747320887786745
  0.00790409329074346  0.00835542859271175  0.00883287532034409  0.00933656813625400
  0.00986653454108068  0.01038572552547321  0.01088355874062936  0.01139837510403481
  0.01195512236344809  0.01252414598375948  0.01308094728521178  0.01363040431672346
  0.01417635734955565  0.01480203845950441  0.01543364188054428  0.01613396106984787
  0.01677705332996201  0.01731539772701982  0.01786614617315055  0.01848513026841743
  0.01925851235100388  0.02012227555125742  0.02096837174487223  0.02186455223754824
  0.02273372642201949  0.02367009267163534  0.02470803522762656  0.02587633779289788
  0.02705477745780020  0.02816974278337973  0.02927988194754365  0.03046437037875954
  0.03162745195307118  0.03271508439220116  0.03379091546948138  0.03521137263476919
  0.03678984058942011  0.03847773443648021  0.04004152068127370  0.04164512501763098
  0.04367624500880152  0.04618207019039015  0.04885947053915517  0.05287538668549512
  0.05768822716293914  0.06324009053163505  0.06724995670787659  0.07420673566422881
  0.08336665313195904  0.09457033849023312  0.11010705890818345  1.00000000000000000
 -0.00275648241180794  0.01194077409078769  0.02421059167258437  0.03721753892052965
  0.05162200166017095  0.06628808260983052  0.08008505519008235  0.09263917999037642
  0.10516977858997936  0.11789872204861028  0.13058155629892174  0.14312534010520905
  0.15583556943129173  0.16881829620941213  0.18188374605608154  0.19483472920822567
  0.20740073167830786  0.21970672860788296  0.23187403779544810  0.24393934397112263
  0.25542563025405501  0.26541584022091935  0.27561592130948703  0.28536486367614544
  0.29512231130812783  0.30473096022926766  0.31447984297716786  0.32438919673090932
  0.33408481680171270  0.34397011156916574  0.35397554012966914  0.36386493551726112
  0.37318142336833465  0.38149410407544226  0.38974893478401662  0.39795807804095468
  0.40728377933508292  0.41659272807368408  0.42601113382452899  0.43536709965027437
  0.44298296251040120  0.44922388253418416  0.45522660234061058  0.46146800783783903
  0.46791568469231798  0.47487805321801141  0.48248076151274327  0.49013508545057938
  0.49814492112515296  0.50635427133506683  0.51470735036496040  0.52326948044290145
  0.53143321323840909  0.53885010672796385  0.54622879645297939  0.55380883544943427
  0.56215173551310860  0.57065524267731549  0.57888902776556561  0.58731372521971403
  0.59594812707806799  0.60428399188285375  0.61245515088720759  0.62061456262468040
  0.62881579094369400  0.63753781409068877  0.64647950630721995  0.65613339257835679
  0.66570707723354383  0.67511662710993048  0.68476520557680443  0.69474967102008045
  0.70511056626535662  0.71511179820971438  0.72569575710213374  0.73666391719424085
  0.74837716898748174  0.76020573754952825  0.77217584170820941  0.78414493422787845
  0.79646997616890625  0.80901129362867708  0.82069434832566390  0.83171804031925156
  0.84358474069176725  0.85396283777161341  0.86541544767976220  0.87680820213259458
  0.89040105995537255  0.90528659649189291  0.92000949360808570  0.93484139681824785
  0.95064500742908431  0.96773398520199660  0.98425423806133538  1.00000000000000000
 -0.00252212401715842  0.04090022191253395  0.07208734284863497  0.09767717123911508
  0.12855187767452231  0.16537985991965792  0.19449777194325640  0.22010835332735079
  0.24471968697454599  0.26756201156738996  0.28804150284884755  0.30766198853208099
  0.32746752759166253  0.34725370541915390  0.36535489468270799  0.38300469849057495
  0.40061378062541053  0.41768997991723933  0.43418988928934005  0.45007635971247062
  0.46497532297717531  0.47879121520426193  0.49235224928092336  0.50643000600635180
  0.52061473259845159  0.53450885484975941  0.54796231831624753  0.56090583957618856
  0.57318571598577872  0.58514978326033429  0.59694531720657640  0.60846843883630652
  0.62001014796156551  0.63115802017352707  0.64205266569061159  0.65262317530936564
  0.66288312788150605  0.67240834336273358  0.68139806316195550  0.69034747351481807
  0.69922131249870922  0.70778990678869536  0.71618084194175391  0.72459356226254346
  0.73305749678097387  0.74155786279452895  0.74998216578035293  0.75807325114596580
  0.76579418389662401  0.77346906790070213  0.78117081254984544  0.78848659101663598
  0.79539803891869854  0.80220015006356393  0.80892543313305432  0.81559675507728036
  0.82204603127644682  0.82835547867568837  0.83463675679368809  0.84075506761214991
  0.84674506938529859  0.85260857259113842  0.85840971228607221  0.86419406886999361
  0.86983730356617806  0.87535700477102829  0.88081817079661207  0.88616373102183166
  0.89124961282094706  0.89621022192040090  0.90152062952606216  0.90666493378239277
  0.91184578660523841  0.91686827156263995  0.92156002356917743  0.92592783691636360
  0.93015585922445110  0.93434780918166738  0.93844971147979883  0.94246633115835887
  0.94651985230221802  0.95067769634210819  0.95441931546418879  0.95765179072883300
  0.96085024528803886  0.96404203975873826  0.96702624401770243  0.96989749731999786
  0.97284986718784605  0.97592530643890341  0.97904959237529587  0.98224614493663687
  0.98554152417175367  0.98929328080519519  0.99388330373991718  1.00000000000000000
 -0.01651361137260383  0.07143546073182731  0.09938479078393776  0.11651194523185938
  0.12950356704728511  0.14004395379620146  0.14940599028593582  0.15807064722701486
  0.16591064014505050  0.17314162587541621  0.17915431812953009  0.18452794854964105
  0.19013649226069795  0.19541442433634643  0.20043558445633305  0.20579996027147524
  0.21123818022763444  0.21650991867016378  0.22180577278429545  0.22716846660432752
  0.23263216422841598  0.23811250474777063  0.24339211291614524  0.24862799223912183
  0.25414232652797764  0.25969118450685913  0.26510356531381984  0.27035485979008772
  0.27564798274521790  0.28097433179292053  0.28628407672137962  0.29133658790874484
  0.29602259249897300  0.30028234981054730  0.30456912589092439  0.30898485394564107
  0.31358381579248074  0.31837417652334532  0.32305049599932162  0.32780877172320816
  0.33267807487773404  0.33757446885928954  0.34180729563707812  0.34594401108524725
  0.35015224593596711  0.35466616082211311  0.35992141127925376  0.36564176959176314
  0.37160963913343698  0.37660875331737625  0.38143983180822311  0.38620088607005998
  0.39121323863095919  0.39695131467612482  0.40302666957252747  0.40899755760022444
  0.41476862350813387  0.42061296538717813  0.42658866764063263  0.43268521286700357
  0.43882592034952794  0.44463080405463984  0.45020197487916186  0.45608712988184646
  0.46231542825893840  0.46914480641335526  0.47630293603187535  0.48328982635313483
  0.48960710712815775  0.49589635383438746  0.50238196737848728  0.50933649262217584
  0.51660058268209219  0.52394063629541854  0.53169772901721013  0.53939187772797559
  0.54732429844611830  0.55547908077415475  0.56409045553642556  0.57317308705814163
  0.58284250843564567  0.59241296447749681  0.60259415937247263  0.61322756657160815
  0.62518851827269184  0.63810854509018644  0.65095639918438586  0.66415002206354501
  0.67894351019867538  0.69535722545567624  0.71236950766635720  0.73118256746148014
  0.75279089382785624  0.78097333281276382  0.82936488118869212  1.00000000000000000
   4.6286833709876254E-002  -1.0000000000000000     
 F F F F F F F F F F F F F F F F F F F F F F F F F F F F F F F F F F F F F F F F F F F F F F F F F F F F F F F F F F F F F F F F F F F F F F F F F F F F F F F F F F F F F F F F F F F F F F F F F F F F F F F F F F F F F F F F F F F F F F F F F F F F F F F F
  <DiscreteSampler_grid>
  grouped_processes
  1 # 1 for a reference and 2 for a running grid.
  10 # Attribute 'min_bin_probing_points' of the grid.
  1 # Attribute 'grid_mode' of the grid. 1=='default',2=='initialization'
  0.0000000000000000 # Attribute 'small_contrib_threshold' of the grid.
  0.5000000000000000 # Attribute 'damping_power' of the grid.
 # binID   n_entries weight   weight_sqr   abs_weight
    13   10   5.278582561129611E+005   1.764531896222533E+012   5.278582561129611E+005
    14   10   5.278582561129602E+005   1.764531896222525E+012   5.278582561129602E+005
    16   10   5.278582561129611E+005   1.764531896222533E+012   5.278582561129611E+005
    17   10   5.278582561129603E+005   1.764531896222526E+012   5.278582561129603E+005
    22   10   5.278582561129612E+005   1.764531896222533E+012   5.278582561129612E+005
    23   10   5.278582561129604E+005   1.764531896222527E+012   5.278582561129604E+005
    25   10   5.278582561129611E+005   1.764531896222533E+012   5.278582561129611E+005
    26   10   5.278582561129603E+005   1.764531896222526E+012   5.278582561129603E+005
    31   10   5.278582561129611E+005   1.764531896222533E+012   5.278582561129611E+005
    32   10   5.278582561129602E+005   1.764531896222525E+012   5.278582561129602E+005
    34   10   5.278582561129610E+005   1.764531896222532E+012   5.278582561129610E+005
    35   10   5.278582561129604E+005   1.764531896222527E+012   5.278582561129604E+005
  </DiscreteSampler_grid>
