  0.00000020511707717  0.00000024344486282  0.00000027428868391  0.00000030801656582
  0.00000034820555881  0.00000039375370635  0.00000043972760798  0.00000048572959860
  0.00000053407917013  0.00000058366584441  0.00000063824141212  0.00000069631710247
  0.00000075818879606  0.00000082544510607  0.00000089585164687  0.00000097013988803
  0.00000105072239664  0.00000113412210641  0.00000122134409366  0.00000131037089668
  0.00000139776268247  0.00000148274491508  0.00000156906955436  0.00000165936001862
  0.00000176155132455  0.00000186597670037  0.00000197228170902  0.00000208253865054
  0.00000220422810508  0.00000234335458516  0.00000249647883041  0.00000265294164128
  0.00000280235594181  0.00000296110501372  0.00000313539296050  0.00000333176516648
  0.00000354416495634  0.00000375313628079  0.00000396163152262  0.00000418063409124
  0.00000440657716521  0.00000464179060742  0.00000488508331201  0.00000514561209243
  0.00000544523936387  0.00000576177463397  0.00000609858338569  0.00000646499926928
  0.00000687070306175  0.00000735252037844  0.00000787549864947  0.00000844177036902
  0.00000899734141895  0.00000966750778076  0.00001043522815881  0.00001128837623051
  0.00001212118111575  0.00001306591970857  0.00001411372583404  0.00001522172953345
  0.00001631785190535  0.00001756587491203  0.00001889766574181  0.00002040136274708
  0.00002208717054893  0.00002398186454190  0.00002607828111547  0.00002830246697077
  0.00003068967016683  0.00003337419052410  0.00003634251012159  0.00003958393786568
  0.00004304973542922  0.00004705089941295  0.00005234167299951  0.00005840788310923
  0.00006556362694167  0.00007419609772485  0.00008487149023769  0.00009811637745445
  0.00011390128203553  0.00013266519017007  0.00015337360612155  0.00017721585472993
  0.00020562468597434  0.00024401666785791  0.00029201142760688  0.00035574748005823
  0.00044764675834106  0.00055826942273407  0.00070136885360686  0.00096551242981053
  0.00160945528180980  0.00355864839522606  0.14364409825499941  1.00000000000000000
  0.00000176449538556  0.00000220296740006  0.00000253903818116  0.00000272021035550
  0.00000297737998624  0.00000325278310538  0.00000352189141505  0.00000382808645342
  0.00000419125142679  0.00000459328732553  0.00000501586726899  0.00000544502290216
  0.00000587300945987  0.00000630382499359  0.00000674415098642  0.00000720504816834
  0.00000765825953164  0.00000817175780641  0.00000874470878010  0.00000940897875050
  0.00001015451424527  0.00001099692766709  0.00001199344392169  0.00001313003995960
  0.00001444987699704  0.00001580898718819  0.00001760517480762  0.00001959543634365
  0.00002145153446824  0.00002338765876294  0.00002538522147967  0.00002772081599993
  0.00003085487723685  0.00003455941107858  0.00003854165232205  0.00004297005519688
  0.00004752576081373  0.00005258516356801  0.00005886108627415  0.00006708667221236
  0.00007683134233694  0.00008769005593177  0.00009909597242715  0.00011049751644834
  0.00012207042323093  0.00013466081745203  0.00015075000373387  0.00016805693655113
  0.00018787854280451  0.00021286276537170  0.00024571771554619  0.00028508628468420
  0.00032837372836569  0.00037524752790056  0.00042476697573001  0.00047943213345286
  0.00053802115917872  0.00061159800067407  0.00069340809771512  0.00077345624240428
  0.00085715360009804  0.00095973053120110  0.00104712023744058  0.00114738317142761
  0.00125515980969215  0.00138850577420015  0.00154396488872519  0.00173305841126744
  0.00195829366915588  0.00222180001629014  0.00249932849383618  0.00283530027907901
  0.00303718063940491  0.00324496415276198  0.00347166117793464  0.00369091198539448
  0.00394899642779817  0.00420838825821186  0.00466256382629386  0.00512663531722880
  0.00568225945019342  0.00630713816627558  0.00715452099824309  0.00819763849863691
  0.00930852715173158  0.01069839672928077  0.01205089082991429  0.01354813325902250
  0.01531599759716838  0.01706128762882828  0.01965022788091954  0.02420227313131694
  0.03174913062490006  0.05143496071586135  0.21932424677262055  1.00000000000000000
  0.00000814250761848  0.00001171335965545  0.00001445886746943  0.00001622260959713
  0.00001747438159673  0.00001865425118980  0.00001995430055344  0.00002153538373829
  0.00002336084062016  0.00002544048829248  0.00002648362172646  0.00002746620605014
  0.00002847636788112  0.00002961399594953  0.00003106926615830  0.00003259637714160
  0.00003426140376121  0.00003589583283508  0.00003738476285143  0.00003924009025037
  0.00004297031978744  0.00004676618184595  0.00005054113870903  0.00005484674815776
  0.00006074996801428  0.00006766120229173  0.00007352141050268  0.00007862258818581
  0.00008406088094566  0.00009005447783819  0.00009721238802746  0.00010443312432040
  0.00011324032613436  0.00012210904461197  0.00013287312277158  0.00014520450589533
  0.00015828543603340  0.00017116997564967  0.00018459502998119  0.00019856598285015
  0.00021264039089030  0.00022786017275061  0.00024383286051579  0.00026120188179741
  0.00028019717583551  0.00030063789226028  0.00032294113291723  0.00034731637456797
  0.00037206436596854  0.00039741547137801  0.00042487988778238  0.00045470472779213
  0.00048636038035495  0.00052119320294196  0.00055884964460902  0.00059810292142016
  0.00063966699451853  0.00068315294561868  0.00072960525556574  0.00077893560694822
  0.00082954207560443  0.00087821799765273  0.00093157723920565  0.00099126479376891
  0.00105250096789657  0.00111365870973400  0.00117567239940022  0.00125052657408486
  0.00133384627971382  0.00141384633243845  0.00149735393603658  0.00158084131221157
  0.00166989701338756  0.00176041086390228  0.00185840034120454  0.00195382892792357
  0.00204410843795768  0.00213709970306987  0.00224846382432351  0.00237377134394214
  0.00252309105481849  0.00273010825591450  0.00295002065223300  0.00316184744656601
  0.00342547962375887  0.00378689175088790  0.00419388758370156  0.00463787517878855
  0.00523690627115170  0.00584456530000570  0.00661160436565599  0.00796871019064946
  0.01041800783276057  0.01361558122641217  0.21543073090863529  1.00000000000000000
 -0.00288106469917480  0.01046273601267420  0.02092161107972867  0.03030715646405836
  0.03974129086672772  0.04971769017585733  0.05960030884519676  0.06931466792418578
  0.07896090272797660  0.08854304466137385  0.09856833317741291  0.10780790837296801
  0.11726110799579639  0.12718027803472473  0.13753620819555962  0.14736268537060729
  0.15731540058584623  0.16734084859904474  0.17494889292209620  0.18300027802723332
  0.19035501602230565  0.19775992551115024  0.20543354257969557  0.21312587916727221
  0.22098251579197861  0.22827203852934538  0.23719686527341366  0.24735313600357847
  0.25628132092655986  0.26485463082117822  0.27284977201277938  0.28032389404006203
  0.28698665586836353  0.29389177431097391  0.30130696343930452  0.30916449239238730
  0.31858374196366807  0.33066072907025829  0.34359761467845779  0.35638336410231508
  0.36758114029831057  0.37850202409846373  0.38981143032552606  0.40095009100847423
  0.41180842418388580  0.42298730126372908  0.43486521502795417  0.44669980348781818
  0.45854974598216602  0.47063042573454950  0.48264010356525211  0.49533408750243324
  0.50718014980705706  0.51793827619669985  0.52829346516095788  0.53783601253682478
  0.54729215899504324  0.55703459393253940  0.56796482393767078  0.57877823265257522
  0.58924159871988058  0.59946288267576975  0.61056865126656912  0.62269616431656272
  0.63545991955669667  0.64833720760822844  0.66137990738440799  0.67428276831088496
  0.68676385770680148  0.69835165296818680  0.70897092358861502  0.72058640282298458
  0.73342659125924392  0.74770492451893344  0.76090658605167727  0.77376193129201054
  0.78755858987369620  0.79994001866085662  0.81105705549200291  0.82157617243037728
  0.83130174415692781  0.84157194544129932  0.85215347863090507  0.86510908035162670
  0.87793795997354929  0.88988209662794571  0.90128040447059732  0.91257907626733314
  0.92561061972470127  0.93809076220648457  0.94880796421557845  0.95853429299836523
  0.96818352098539184  0.97852879321884356  0.98882016115080551  1.00000000000000000
 -0.00330120469170874  0.01161723718933114  0.02342664926357809  0.03497818989960209
  0.04551850912662884  0.05500456402994908  0.06488291815299264  0.07519185026129827
  0.08593119018365508  0.09845827059078273  0.10810939452155399  0.11587273770961827
  0.12403117082425953  0.13213606328318378  0.13985381709315126  0.14721441928174225
  0.15413550340110233  0.16113783546681162  0.17048477797636638  0.18259489909681104
  0.19354834036326030  0.20382820202326185  0.21400203344429472  0.22519783735427015
  0.23531630982564355  0.24439827997204822  0.25339625521304571  0.26222900585640291
  0.27191855815547167  0.28247360261638471  0.29323769930475163  0.30339485276051531
  0.31333707726242993  0.32408121285524216  0.33711542304922959  0.34969405314754726
  0.36477714752096962  0.37952687755578507  0.39197371636736572  0.40320149386468068
  0.41441646234579149  0.42589566595138445  0.43818198286207538  0.45081407614461272
  0.46386229612746882  0.47668001818152245  0.48833936306256681  0.49894947923197713
  0.50957334784710651  0.52052880306786919  0.53139522453490895  0.54222667037078975
  0.55348944895646623  0.56475131122543021  0.57443969449571186  0.58378725244190688
  0.59374301189493561  0.60465984268470108  0.61693225230768878  0.62837996784951933
  0.63828789266520281  0.64705818241752056  0.65615786521068020  0.66583221955786054
  0.67673083288422775  0.68775786293752283  0.69749083896999597  0.70682756936548186
  0.71703160673442035  0.72832937321995028  0.74032538798937342  0.75235626401931688
  0.76437459416768294  0.77610693057678881  0.78711255129224844  0.79758405934094112
  0.80736837075113488  0.81769271357289386  0.82813811232897216  0.83997430929223671
  0.85184571140591336  0.86397104688297321  0.87545126298185239  0.88743679229368466
  0.89755560178467508  0.90583436309735987  0.91361270893132396  0.92188614905879462
  0.93040977033970274  0.93911253779987935  0.94779951002916396  0.95669845963670030
  0.96727933482771744  0.97902793997725812  0.98934100973065997  1.00000000000000000
 -0.00298079430648709  0.01440540132380847  0.02744120990383118  0.04101234335332778
  0.05581870834655811  0.06998828807445455  0.08317008239361118  0.09592174963938314
  0.10861715023761084  0.12113398050245622  0.13399844891228177  0.14642512960216875
  0.15975963645610233  0.17333976309143942  0.18551068321275402  0.19648628099172027
  0.20696221986546967  0.21780962643798960  0.22907973957623601  0.24066184264480814
  0.25318983854674870  0.26554922863556185  0.27714687239392644  0.28790805650948936
  0.29810577124600429  0.30668507452393179  0.31475457840874238  0.32249621870980183
  0.33076238715732714  0.34024747214273621  0.35118601403939376  0.36278229183914257
  0.37479245096859187  0.38743686336772509  0.40037715612714714  0.41181005320696246
  0.42230852320146794  0.43197464760865950  0.44188855368657426  0.45259939368390867
  0.46416251128567293  0.47655137482644599  0.48829682755003895  0.49966215152817195
  0.51116004547203875  0.52338609115475299  0.53605000149545212  0.54789489150847426
  0.55863851318367830  0.56882857610143966  0.57957895536892734  0.59120520769919860
  0.60320058721801384  0.61423067395248176  0.62386220466659204  0.63281033548185295
  0.64175827630109450  0.65124762750814102  0.66131199627485271  0.67346479469152198
  0.68488701958689502  0.69462033878113372  0.70333650122560509  0.71257186439839293
  0.72150343902666336  0.73095570447103853  0.74057647519358250  0.74932859684888697
  0.75830399900665946  0.76760152544918536  0.77745108789936190  0.78533313172785746
  0.79310037554541779  0.80051050194761497  0.80855236391905261  0.81657577464046682
  0.82515168415959239  0.83452852034436120  0.84554468900747992  0.85580384950334254
  0.86289096895756312  0.87062859605296194  0.87809957819222062  0.88598835220257044
  0.89435785803231826  0.90198772476438671  0.90950869276168567  0.91792670298476797
  0.92877024557314436  0.94061410359971531  0.95344711020006601  0.96470334536979507
  0.97438619117596936  0.98339137580280656  0.99122687925226671  1.00000000000000000
 -0.00267019407844939  0.01472049630507934  0.02964934976250560  0.04310270982945161
  0.05632466812003472  0.06672138845850593  0.07766406237315608  0.08877494439136961
  0.10021540028892419  0.11295327386005966  0.12733947258347708  0.13872174602057682
  0.15091211320824921  0.16208333492571544  0.17448673981340654  0.18760272320231730
  0.19565550175673591  0.20320689895470026  0.20995599794111577  0.21853647945213203
  0.22776162575977221  0.23703970379310038  0.24516707006036234  0.25277132626646198
  0.26456569970711868  0.27457028393327149  0.28462724625464264  0.29472180005401444
  0.30500609317301786  0.31582459642907529  0.32730385358447422  0.33917837487261643
  0.35083993769569582  0.36194465025482958  0.37254738351558087  0.38335490541609141
  0.39450703934830300  0.40498077258304876  0.41425667426987317  0.42323403261664211
  0.43240606247666702  0.44319724373439995  0.45543400213500163  0.46734830357379392
  0.47904062724909519  0.48885959532049050  0.49747404175347154  0.50630239903991670
  0.51491079633512660  0.52424769353645273  0.53447253747781742  0.54574784637524199
  0.55849560958861366  0.57116179193730987  0.58323158450205503  0.59367417463231009
  0.60415505470155417  0.61516874037182701  0.62593061087573865  0.63608683942541921
  0.64630331038653299  0.65808039859523559  0.67211523356680203  0.68624313208289700
  0.69724399300461859  0.70642088844535544  0.71478559106868955  0.72323055152105442
  0.73297107915128346  0.74314059869869298  0.75295819576663858  0.76063825568746557
  0.76838264054496741  0.77652481204315071  0.78509879169236219  0.79312518094702122
  0.80106934483764869  0.80966216885609132  0.81902359117625045  0.82955513947304194
  0.83953919133376942  0.84914333914765450  0.85867085827819956  0.86861746351799229
  0.87918598002693860  0.88919626334567770  0.89937472219090431  0.90915471100203238
  0.92001470883757175  0.93106141944755239  0.94206930444715287  0.95398196994018092
  0.96582986116146452  0.97739549410298743  0.98825418001465548  1.00000000000000000
 -0.00184670880943349  0.00828748297423222  0.01809867954477022  0.02783148777682188
  0.03787551130369050  0.04704884785462871  0.05524943652066272  0.06372310737625361
  0.07270752631530988  0.08249143366374893  0.09276088983428891  0.10330878140073330
  0.11429635135674561  0.12604016601166679  0.13696512014722229  0.14838789964856933
  0.15997382611294089  0.17184338495079751  0.18377933199538785  0.19694882414946507
  0.21070297945626024  0.22554528665780671  0.24052077546629513  0.25277538735442390
  0.26310257026603989  0.27200769854869788  0.28110722061555760  0.29033715304063151
  0.29950980555529688  0.30740605316580799  0.31684570210486696  0.32858365752941832
  0.33947823156583556  0.34983778580596553  0.35990617128178398  0.37007452834721200
  0.38015897008408323  0.38937407784200134  0.39809862119147660  0.40764320225029943
  0.41794157307392493  0.43070630093653384  0.44249455151702960  0.45472230106297212
  0.46716178568988648  0.47855173739646745  0.48889680355169751  0.49836977420029360
  0.50738624712427005  0.51645069535070720  0.52625322216687476  0.53546736547309626
  0.54512298609517840  0.55499030438955521  0.56574743316910325  0.57895475746486058
  0.58931549922213666  0.59928785483629243  0.61002700636899054  0.62119751155226144
  0.63153303378947701  0.64089081009999449  0.65144268227832036  0.66285146809043438
  0.67291883352597470  0.68180863837700267  0.69144092257688183  0.70248895636236319
  0.71516995725105470  0.72789084016596239  0.73960996715174232  0.75085395948085343
  0.76279063334615882  0.77455632264112051  0.78620817357975847  0.79596272785166378
  0.80402026801094240  0.81239237544800091  0.81994132351336557  0.82714736518673937
  0.83493838459977343  0.84340253996338155  0.85193625638553649  0.86425166030195366
  0.87742831402394394  0.88987100942546982  0.90078479355433894  0.91121098516993837
  0.92177929116801771  0.93238506087401296  0.94356344991019969  0.95419903026954866
  0.96449258660447024  0.97594033456357676  0.98705028840438624  1.00000000000000000
  0.31919530619187048  0.33419565240195070  0.33845268324418071  0.36806833634841846
  0.38101107943936169  0.39450457631216790  0.40797627269083997  0.41989793117347107
  0.43101408480929065  0.44215345975895237  0.45170800175856368  0.45948638507790934
  0.46561049956048284  0.47228006790100052  0.47943670226420892  0.48585116083221386
  0.49225019463515085  0.49855498897428674  0.50635484900319350  0.51319885606578453
  0.52118463991693131  0.52891803750922273  0.53447938594530631  0.53985640497196530
  0.54530302892942717  0.55158176669214465  0.56033979844756288  0.56880265378819028
  0.57586354570291332  0.58252482445645526  0.58918662522951559  0.59612761101811806
  0.60297383585426745  0.60989621299916930  0.61712174246650831  0.62463949824182030
  0.63257372341475615  0.64060571333819494  0.64744796607010502  0.65459300576451429
  0.66148723563134437  0.66886723820980021  0.67571667400510327  0.68241754335116778
  0.68920219100641389  0.69539123663596980  0.70113425833179810  0.70652067147276876
  0.71166887492313391  0.71668001445986429  0.72201090163896198  0.72749435272947860
  0.73353467878286394  0.73975935041679963  0.74615248854473404  0.75251130093772289
  0.75829444790839506  0.76434606144699901  0.77019413442060891  0.77636069718801715
  0.78243975140758304  0.78831009400078944  0.79428376432844616  0.80048862689050482
  0.80653367273149223  0.81228875254096988  0.81795090931777326  0.82370768565971630
  0.82998511253161700  0.83652064093564305  0.84286149977071512  0.84893685425934085
  0.85513341137006960  0.86121317240832962  0.86739759912183390  0.87361815528541065
  0.87997339522931572  0.88653660581058946  0.89300022601542040  0.89896430837529140
  0.90435798484848717  0.90969183814056009  0.91512271575645521  0.92059863230935701
  0.92594333521368832  0.93118182664333027  0.93642124983138508  0.94174292157238693
  0.94698202979752744  0.95247736745899225  0.95863976708770637  0.96518519832611094
  0.97188268078333839  0.97891551160759849  0.98738431297090501  1.00000000000000000
 -0.01999140973864576  0.13787707115540773  0.18702376561764708  0.22044503723195175
  0.24495414539982246  0.26403871187290590  0.28108143207759967  0.29788810037567587
  0.31419178581804613  0.32976195535594727  0.34306034139711822  0.35519607634009343
  0.36666145839930880  0.37790122726770958  0.38972152646210023  0.40152751100168077
  0.41214379593676331  0.42151623106975072  0.42984103084055608  0.43765772734666220
  0.44530697265928759  0.45250987099621626  0.46076040447256539  0.46901561923061230
  0.47725652779920980  0.48481085492846304  0.49192242046518936  0.49893972819034593
  0.50598411435908452  0.51327018316221862  0.52084331984125853  0.52811342707751197
  0.53518001568696283  0.54193619962256223  0.54870574386299376  0.55568823820398594
  0.56227970920565251  0.56850841234683958  0.57454037404011160  0.58045089624026258
  0.58650753418207824  0.59357872534896594  0.60053121038478019  0.60680211864805000
  0.61290165613191216  0.61909673156774359  0.62559750160790473  0.63234511032501795
  0.63842347051778670  0.64452671004699658  0.64952140892296595  0.65423793470070035
  0.65897796087512817  0.66367308544515191  0.66855700651505812  0.67303454018691200
  0.67701411698535052  0.68062993180384579  0.68425144753952438  0.68803196485817797
  0.69204713057725598  0.69636336341069782  0.70065605315867585  0.70487516460590982
  0.70884930750700792  0.71285886647992569  0.71692176776108951  0.72089715763197382
  0.72478482557871837  0.72894898598389501  0.73333472517691234  0.73961657111850942
  0.74614233311799305  0.75179242429156778  0.75691905650198643  0.76184684095031929
  0.76676488401532095  0.77197753957375459  0.77787013812274830  0.78455253328368724
  0.79179445807350701  0.79892523177309660  0.80546500471361360  0.81158904384930264
  0.81789240807802688  0.82461909493588958  0.83146545838680452  0.83990759251223757
  0.84908813695783381  0.86030759388521594  0.87173555730742502  0.88389705743757241
  0.89729696779165002  0.91391943503201634  0.94082532661853646  1.00000000000000000
   3.9679229271981070E-005  -1.0000000000000000     
 F F F F F F F F F F F F F F F F F F F F F F F F F F F F F F F F F F F F F F F F F F F F F F F F F F F F F F F F F F F F F F F F F F F F F F F F F F F F F F F F F F F F F F F F F F F F F F F F F F F F F F F F F F F F F F F F F F F F F F F F F F F F F F F F
  <DiscreteSampler_grid>
  grouped_processes
  1 # 1 for a reference and 2 for a running grid.
  10 # Attribute 'min_bin_probing_points' of the grid.
  1 # Attribute 'grid_mode' of the grid. 1=='default',2=='initialization'
  0.0000000000000000 # Attribute 'small_contrib_threshold' of the grid.
  0.5000000000000000 # Attribute 'damping_power' of the grid.
 # binID   n_entries weight   weight_sqr   abs_weight
    10   10   6.267244775453174E+002   1.257433826887673E+006   6.267244775453174E+002
    11   10   6.267244775453182E+002   1.257433826887676E+006   6.267244775453182E+002
    16   10   5.232117625093550E+002   1.071229130601314E+006   5.232117625093550E+002
    17   10   5.232117625093549E+002   1.071229130601312E+006   5.232117625093549E+002
  </DiscreteSampler_grid>
